931
18 28
32 14
47 45
25 12
43 48
12 1
26 47
13 41
20 48
45 39
10 26
46 6
18 10
32 11
33 37
1 31
29 18
48 1
39 47
39 3
12 26
21 11
32 6
50 17
2 42
7 22
45 2
32 27
50 49
18 23
18 12
44 31
13 22
17 49
13 23
48 38
6 9
18 48
28 11
29 40
47 21
31 15
19 44
31 46
47 32
16 18
4 6
13 35
24 16
38 2
8 27
24 2
23 45
8 5
38 3
42 32
29 21
29 24
37 12
11 28
9 5
4 12
15 14
32 49
5 25
19 32
38 11
47 5
4 46
33 14
5 7
44 48
43 32
17 33
49 19
43 19
46 7
26 21
43 1
8 41
31 12
16 16
6 26
23 21
31 33
8 37
50 39
13 37
22 18
27 38
28 38
48 29
21 38
43 18
16 28
11 36
15 29
29 8
40 15
47 13
12 28
43 22
10 29
21 7
39 49
37 1
40 2
17 49
12 37
37 32
13 21
41 16
20 7
40 47
39 34
15 19
40 2
1 19
16 1
49 34
32 47
7 8
19 27
39 15
13 18
22 47
16 37
22 26
45 16
11 17
35 49
43 19
40 19
36 17
41 6
20 38
6 30
17 9
42 13
6 29
46 23
41 19
20 49
45 46
32 19
34 47
17 41
26 31
22 20
6 3
32 41
13 48
47 6
9 19
10 37
27 30
6 16
26 28
16 2
5 26
15 20
7 28
34 16
44 40
2 14
39 5
6 28
47 4
29 16
12 50
18 25
32 1
41 31
31 3
38 24
44 5
3 40
40 5
16 11
35 25
7 50
24 39
33 19
45 1
41 18
43 10
31 15
50 11
8 26
45 8
26 50
47 28
42 4
15 9
4 29
23 35
18 17
5 32
25 26
28 29
16 50
7 39
46 25
13 24
7 37
9 16
42 19
10 6
10 35
9 25
17 45
19 42
13 13
3 29
42 12
31 28
36 9
1 10
37 49
33 11
24 6
48 42
39 19
43 7
45 18
48 25
26 49
31 40
44 1
2 29
41 48
25 26
30 40
39 1
26 15
12 42
3 49
11 9
17 28
27 35
3 43
38 15
19 16
24 42
15 39
50 45
42 26
27 13
50 32
4 34
3 27
37 12
15 14
47 28
42 43
30 47
1 18
18 8
16 26
26 46
11 23
42 44
7 7
6 50
20 31
47 33
33 43
44 17
28 45
8 20
42 1
6 8
43 16
7 23
43 44
33 43
21 41
33 15
44 34
44 36
41 4
44 32
19 9
33 25
45 9
14 5
46 36
30 19
46 11
4 36
19 26
29 31
38 14
50 42
40 16
3 30
32 3
12 40
40 31
46 36
37 9
10 2
16 44
38 15
29 38
41 17
41 47
31 8
40 15
45 36
14 30
6 29
36 25
37 22
12 25
39 5
15 28
29 13
49 14
8 16
50 18
6 45
23 8
33 27
1 25
44 43
27 12
32 41
9 35
39 38
39 30
43 11
34 27
18 3
15 33
49 14
9 43
32 50
28 2
22 47
15 38
16 24
36 37
11 36
33 28
24 15
38 48
14 40
8 14
21 8
4 15
43 39
39 19
21 45
26 39
6 24
22 39
24 21
21 34
26 13
4 48
46 17
27 47
28 29
14 39
40 20
24 24
16 15
48 28
34 36
21 25
21 43
11 50
42 47
2 22
45 39
32 27
35 13
33 32
42 20
21 43
23 26
22 40
48 49
10 34
25 37
39 48
4 30
9 38
24 23
3 4
33 10
30 41
44 25
12 18
34 13
37 17
48 1
35 30
42 25
25 40
6 20
16 6
29 20
9 15
26 9
30 14
36 12
45 3
17 33
47 41
45 34
16 37
25 35
8 30
27 29
37 9
16 44
7 38
4 13
38 47
23 44
50 43
38 8
27 46
2 35
12 9
3 30
6 15
38 45
33 30
35 19
25 14
40 30
49 17
42 47
42 6
34 43
10 21
31 35
39 43
45 23
16 4
46 47
25 12
41 41
7 22
4 14
9 14
12 17
8 37
5 10
11 30
3 20
5 34
1 6
17 5
21 47
15 12
16 41
12 40
8 3
6 40
46 11
29 7
40 21
34 5
18 14
32 6
44 49
33 29
38 42
32 12
6 19
42 37
18 22
31 45
36 15
11 12
48 31
18 17
48 5
6 14
11 42
22 13
24 1
9 45
25 47
33 12
22 14
37 3
33 42
17 20
14 16
41 48
2 2
44 30
22 40
50 19
22 43
21 50
27 43
44 11
12 47
47 49
46 27
9 14
7 19
48 47
34 50
21 26
14 5
34 2
26 11
1 14
40 39
1 3
3 47
38 1
11 34
44 28
36 11
11 38
44 1
6 1
35 31
43 9
7 7
33 26
10 6
39 6
22 17
5 34
6 47
17 25
36 7
23 10
8 46
9 16
28 41
16 1
40 49
42 45
9 32
22 27
8 37
3 3
4 30
20 44
12 42
28 39
40 8
42 8
26 5
19 12
19 31
48 40
8 11
12 18
39 41
14 43
40 43
22 35
16 7
31 9
50 15
15 40
14 26
27 2
37 41
10 19
31 31
1 13
41 18
6 9
33 42
21 5
9 46
10 11
48 17
25 11
24 40
44 24
20 15
5 28
6 27
35 6
7 33
42 49
21 46
34 46
19 48
48 39
37 4
15 49
15 6
43 39
35 21
5 24
16 46
25 8
20 9
3 19
26 9
41 45
17 48
23 35
34 32
7 3
13 8
35 35
10 13
31 47
20 17
50 2
36 49
5 4
41 34
3 35
20 34
19 27
50 44
2 7
19 17
21 18
20 30
6 24
39 36
1 36
33 41
13 38
28 50
24 41
11 9
49 41
15 21
25 32
50 15
7 48
24 41
4 38
28 49
40 5
43 9
32 32
27 33
25 28
39 46
4 4
49 18
10 3
21 27
50 17
23 10
38 24
22 9
9 14
6 29
29 28
26 19
46 42
7 46
42 8
44 15
38 23
6 21
37 40
34 34
19 30
20 28
13 40
8 5
20 30
8 41
26 44
36 11
32 24
29 34
12 29
35 15
18 2
42 20
44 22
19 45
5 47
11 30
22 43
10 6
11 16
37 30
8 39
32 9
40 21
16 36
50 5
3 50
8 9
14 9
49 36
33 11
29 31
50 45
50 21
31 25
47 8
8 25
36 49
38 10
30 2
33 14
37 3
41 11
49 24
3 20
16 30
4 11
29 26
9 22
39 24
20 4
37 27
9 43
10 1
13 10
3 17
4 21
40 32
37 17
41 8
20 17
13 9
28 38
48 3
1 10
6 21
47 12
23 37
14 12
19 10
33 13
14 15
11 26
17 36
43 48
49 11
7 8
50 18
11 13
43 21
19 24
23 50
48 25
48 29
17 12
33 23
22 1
48 9
25 20
24 15
41 48
42 6
26 18
10 6
46 45
7 8
47 40
45 23
5 9
18 29
50 46
34 39
21 17
27 3
17 33
31 38
5 13
23 49
5 35
42 35
31 32
28 21
38 30
31 16
5 18
18 45
15 30
7 3
42 47
9 26
29 22
49 26
45 44
46 15
24 14
10 4
20 26
20 4
1 16
7 34
14 43
39 42
3 22
29 4
47 28
45 26
35 9
46 34
17 42
28 41
24 5
35 42
18 6
43 39
6 36
2 28
48 5
16 47
9 1
36 35
29 13
44 35
23 35
26 19
39 15
37 10
13 31
3 9
44 29
21 4
16 4
28 34
3 29
33 34
31 33
21 45
21 7
1 29
35 37
48 47
21 11
31 46
43 46
48 24
33 6
29 39
3 35
7 43
16 36
16 42
9 39
10 46
40 23
34 12
49 36
46 4
43 3
14 28
2 13
7 43
30 46
24 7
48 28
16 8
3 43
50 4
10 35
33 30
11 16
13 27
1 43
8 41
29 30
49 12
3 39
7 11
37 32
14 48
33 47
21 35
40 46
50 43
7 8
9 20
1 4
32 22
22 2
46 37
14 28
37 50
34 38
33 35
8 19
45 3
6 31
22 26
24 16
32 20
40 36
31 17
43 28
7 45
26 32
48 34
20 38
46 50
33 36
17 42
28 2
28 13
25 50
14 1
41 3
22 18
8 6
26 5
13 9
36 33
3 22
35 15
44 28
16 46
13 26
6 14
49 18
4 41
24 19
45 15
40 20
41 47
21 13
2 20
