978 994
1642
69647
64161
12412
59657
86758
26491
32840
2790
51336
40960
36379
61207
10353
18776
35551
71081
58145
41437
12372
68790
92333
70868
33203
85223
38401
65881
97835
69321
59119
94854
82299
38739
40607
90732
33291
62005
95510
7391
48903
91302
73608
4293
12582
54075
70996
96615
96345
49912
34426
34364
21637
58896
33954
20785
61628
92384
39325
59296
34
43067
59971
58653
94285
27921
56191
26319
15060
35269
27834
20892
38677
8704
8042
30389
49048
56963
90271
52357
4212
92851
59205
97114
19672
11166
39665
42250
22684
91626
15161
34278
97418
22686
83337
68126
44842
74772
566
26811
8749
47079
88116
64909
99477
4764
27070
94516
44057
95521
91402
6297
30601
23828
64836
92634
31718
64560
71022
94925
27378
61633
1237
31838
99922
97465
94643
29463
45681
42215
32201
69827
34911
96780
15580
43735
87783
79674
84126
28848
66516
22378
80304
71516
90795
68317
34864
34839
87422
99337
71003
90866
12182
94274
68770
97220
5704
61923
14107
73584
15518
23160
37531
42516
46887
59501
28596
30111
27456
74316
29131
91461
74138
31924
97686
72739
18832
75076
85755
1707
772
89238
84637
57092
50314
95010
78672
72323
11663
6316
21436
96197
25481
60045
62737
5448
64245
28501
30291
41785
3624
1504
7490
35966
59564
31921
2115
26066
52363
20193
62903
7657
1309
3577
79816
26378
81873
24324
26186
75796
55603
61798
51956
11632
75905
23747
75183
84875
28168
36529
48598
93247
8274
503
7283
6709
20959
54788
30424
79692
65149
10631
85495
83288
86384
56154
52212
35982
29909
62160
54744
65083
50142
89678
71504
91594
15904
59623
73753
99694
37244
36734
89603
29471
145
73543
45502
70766
46076
43707
48566
37374
94515
60570
69739
45231
65199
87011
99520
95136
90153
6519
82443
573
56481
75912
20530
7333
47214
89957
53145
18906
69639
1296
31377
74202
6672
98521
60917
19471
4616
68945
88712
90783
1191
49151
29030
88652
93178
19799
29613
38521
77484
84355
33352
14024
12942
77435
41155
13374
78847
15514
18665
76706
52467
97247
13645
94504
58430
74148
86868
60418
5517
67734
64978
60179
18918
57552
11360
96434
32254
58640
92815
86696
96671
58091
10832
68127
32947
72053
61155
91120
53712
51812
39714
49888
91226
18098
88347
55902
51084
9746
83450
41064
254
47531
54911
39400
28413
96575
42568
37796
44196
14334
43452
14227
45374
10311
70634
6573
43909
94199
8047
82417
66497
713
12038
44370
53239
11340
31199
93046
26931
62968
79049
69530
11144
67664
41062
45811
35095
20023
47815
87656
72130
16589
32075
18771
84514
19489
21481
17648
13179
97159
91672
96824
21698
72848
99172
4028
54230
57256
69923
28590
58513
57218
65597
24466
23743
3971
34855
9831
72922
11643
54054
23613
53581
34838
66296
61387
22160
79853
15342
5743
44807
86005
90681
47881
71830
36706
34370
56022
98223
65440
77350
60626
84462
28873
17833
54356
95076
77139
35437
81501
8655
85862
28584
76387
31007
23065
86053
86773
20458
87167
87052
77610
20892
26012
9786
23761
2327
31609
74500
28861
43074
44196
5969
18038
51134
47524
65770
95807
11953
54290
81721
99312
3440
1453
51423
76121
72790
7604
50812
88357
71022
92370
68638
47303
42317
74984
686
11724
32866
38480
1532
75261
68816
25994
17372
7142
28708
10248
31783
28039
16232
40014
30175
62561
57067
42753
48751
64223
14728
35118
18903
86740
75119
26669
79447
45774
74710
83724
14944
41224
86507
90287
818
93688
4983
15351
37086
17572
9992
45884
96312
26331
86097
76309
5117
56663
37556
6294
89038
13964
28068
95461
74281
9564
18808
86494
99986
17656
24381
45598
37370
44942
81923
73467
66452
39836
23810
77423
67856
16098
76778
49003
14543
76094
71548
80224
20667
53801
48610
43148
76658
80212
84240
33163
22551
92236
90439
91663
79689
64008
60591
39352
55871
38331
598
77256
42008
59009
99041
66314
69632
90425
45393
36104
70061
34378
32843
40443
12824
19484
54775
59773
80190
87517
74698
15571
26202
3142
16170
33327
51996
36923
96166
85921
37543
75471
58509
78441
16149
31408
92987
41380
98304
34968
22707
53484
80426
27285
82678
80887
18334
36762
34002
77975
68667
99131
51683
68350
32493
11616
17692
65470
85444
49148
54052
8717
5512
68521
91916
92064
58118
6599
80559
59954
88584
36690
36923
65011
90238
14193
30154
91117
35343
14895
53422
96306
95378
20698
34700
27832
38633
8813
84881
38
2168
76343
3071
33497
45879
30906
71719
72480
99369
50756
94107
39293
63808
97702
28777
45002
50809
17810
1009
84856
82377
82565
13709
25308
2808
6397
16400
3057
414
98630
11158
52553
91083
96282
84710
71236
99113
57910
82176
3047
67196
75249
38534
91107
37648
8809
27973
48846
25030
58655
49611
81437
9733
49708
69155
31010
65710
11305
85288
83273
39656
14989
94604
99163
2160
19312
78802
78239
11513
26459
18157
71341
1225
34865
10048
21721
60066
71370
87003
35035
86600
86434
77490
49523
60337
18321
797
81681
23395
74649
33620
89290
45082
49439
1004
7757
39347
65021
27744
56613
45201
42171
44670
49214
29577
60152
66289
21580
39820
66699
1372
77077
7585
92614
85778
21972
21860
17933
90449
54
23980
65186
11969
7957
24608
91937
29624
86291
34046
40060
74654
75207
37330
4127
6929
34210
17277
37734
7765
87994
18647
25953
59618
21612
42123
8821
56376
5434
90681
84499
14450
81677
17871
64789
6924
43624
70157
45298
69135
48878
70719
6918
68900
8871
53613
47424
68820
13479
12916
78443
51404
41072
24108
83249
47436
86936
42654
70465
21478
67130
7594
25478
58994
14697
57696
1761
45280
17829
32641
68314
6645
72149
9401
86468
60236
48510
45651
54810
13865
16801
72514
63870
6328
42213
23636
96009
75357
33346
83979
59858
51047
6194
69286
63146
42033
37769
61386
10731
1223
52815
85423
71646
96344
35526
98244
98666
232
27900
96403
74121
27007
5490
3398
3534
47751
4241
72300
99588
43395
96172
98602
7268
57709
6452
65748
1389
3975
82937
799
2413
89992
67861
75513
81945
50418
47659
93685
80223
76227
71172
65574
75083
67867
25274
54380
91972
73878
11554
93287
4115
85925
14996
62289
86611
69316
4115
23887
31864
2444
8531
69581
2585
15926
73908
19986
55814
80388
66659
47463
26237
54037
65236
99152
3698
84444
20502
28402
42569
3274
71986
75389
68157
20062
44209
42139
51171
84324
96748
243
52853
88810
83051
96936
12788
62075
25132
25811
11116
61529
76374
27074
4206
57499
45589
68804
71766
3956
81437
14328
78981
59810
82756
7405
8390
18273
63732
34302
8435
31649
47709
8924
70814
61020
86013
98416
19427
92685
18225
8147
80646
58687
62743
52624
46137
28367
26110
10633
62077
14689
25385
86449
97928
32764
572
10796
78963
21542
53718
22056
98560
41220
53386
19359
78585
52109
16549
3220
91364
95459
88521
92182
52666
73346
20274
66489
21513
11153
77584
30622
85983
61979
4850
90387
49425
26101
82193
9445
91679
9487
81674
75154
17991
57117
2782
68634
40797
74790
85426
37478
27520
82160
38361
14555
80674
3486
80847
55889
52596
44689
24389
69584
71575
73056
78408
24482
24961
80080
97707
75059
66826
55435
50642
90936
69495
28920
35035
45414
41669
78716
91414
37738
19243
37283
75811
2541
90628
70371
91069
6074
54073
67878
12596
8802
17984
85419
11386
91289
40929
73795
78641
84247
90058
6681
96407
59636
26409
10659
73479
85540
91513
89405
66335
6277
16522
90072
68877
91464
68860
33263
1072
80814
38719
20505
48365
20357
51042
65384
14106
84030
30522
61392
96733
30116
22766
4183
90601
24017
27272
91560
44581
89546
99046
87557
98283
47090
95033
84134
58327
81604
64326
78521
89592
49500
48836
76535
13725
27875
67835
21754
5934
3557
42639
17698
3870
70438
47370
18603
47660
1751
13549
98761
36889
42878
33672
99959
92533
68944
4214
91847
53887
72523
8117
32767
19270
8980
37215
60665
41060
18248
14893
45188
62303
2958
32147
20194
97537
60970
93664
24929
84911
70232
75324
15714
96975
39723
84487
68368
17298
15909
77789
5792
99622
28245
46137
17999
40654
43087
42990
86646
91225
84333
11858
678
36283
10541
47841
59232
53442
10562
56176
73527
54719
78718
27811
95773
21220
46769
46974
71989
92370
61375
1210
58990
99627
49441
94459
10606
85930
89504
65882
36549
58531
35392
54057
66018
5748
97322
78121
61899
20934
91
14221
34447
8168
34965
84821
45483
78557
73872
88304
5428
86695
90090
8574
90661
85733
823
79719
64098
69955
23939
49706
86636
98681
64594
45251
10446
55180
10651
20205
24527
40490
96307
5523
75756
50810
58183
47962
14255
1673
32801
11299
91221
50967
24075
58266
99312
64697
13092
30935
37238
31848
39366
64405
7232
95493
22245
34897
40546
33933
19834
73911
79307
51976
42379
31413
21626
25379
77950
21012
79535
32596
58130
1138
96021
72079
301
1684
18865
83238
221
50219
85984
87480
43538
78020
39991
52270
15314
47948
80344
82680
11576
63200
85210
67535
35008
75042
39831
57175
36063
9649
69705
38363
61428
65447
82541
44279
81008
17816
10463
20939
96127
88560
75428
16959
70448
93892
91395
91801
50133
14747
92938
97752
24253
93987
95329
37074
85202
52458
77998
91756
66790
57011
68912
29605
62461
56407
24520
23840
86881
68559
73897
16537
69398
34373
93051
14974
8234
92084
70756
23852
2489
95286
10023
82263
19754
4533
99280
47571
53689
19636
82519
95487
11764
82656
25365
34755
83721
70909
76794
61628
72818
43947
96410
25485
69372
65050
19434
82150
81394
74037
31454
21027
53245
47169
67843
13249
11493
54043
27680
79197
10288
11415
70979
21837
15009
81945
21663
37944
4317
86223
19610
46487
85794
55714
83429
41405
12483
95586
63671
79152
97183
50083
15130
47076
77687
49640
28594
57009
71497
60734
93227
81000
30864
81403
19280
66377
11620
54217
84075
93744
90510
32098
72585
73912
82857
98718
57323
39377
94804
82048
66006
41746
6834
55497
98070
22289
43135
50204
83414
50787
7607
41864
7512
9567
19911
48920
2431
71377
28156
63740
41593
71583
29999
77238
41834
97530
60440
81729
67714
91080
66292
22222
95075
51928
4593
48548
47837
56081
98552
90187
61874
78621
50145
52754
84923
47870
30962
62104
22896
80660
63657
21798
86231
91189
94669
65617
23288
21039
97190
59299
76519
48728
4531
19456
22833
43332
9228
33290
40628
8669
26477
12345
21605
46698
28574
91549
61264
38030
60111
79485
81534
48500
54049
74172
46782
49134
85882
41207
11498
46172
39860
55185
1852
91447
69587
38431
17726
1113
92229
50762
81650
12705
88948
44956
78934
11429
81323
83156
87731
52439
21202
63984
2873
1494
93124
62136
89789
33364
70474
92617
40915
8400
41331
29637
31906
16036
8307
33902
25231
14015
23914
62547
34235
55862
5548
70638
58373
38176
50134
93371
34550
26091
4787
82194
40517
98557
18250
79209
65407
53303
80559
32412
3507
55649
47808
11540
70080
28204
72143
1739
26955
71801
91
76538
3694
27526
10659
16746
87899
92208
36247
25256
12765
81025
17920
61400
97512
70901
20756
6908
83283
32188
37653
41602
49235
6496
2297
83811
33578
3558
1004
25495
70543
27748
77827
59727
57815
37696
48275
6191
94658
59770
39873
93162
59422
64585
17267
92194
48699
35945
60519
37417
90870
37342
67336
42995
46578
44768
62644
94431
96339
93099
51048
84092
81563
14932
75825
79409
90304
53514
18290
3917
31591
46514
741
24815
77320
3202
89839
18148
39451
1675
61530
52586
35930
9555
3126
40774
91953
99633
51890
24460
62067
19409
34605
55969
10515
30118
19800
83268
94872
62385
44393
45241
1605
55824
27408
6616
90610
3252
60648
7059
77278
51148
57211
41807
29238
95826
78030
93053
47254
12798
86884
25311
76244
7882
79155
85758
31378
83573
61456
11702
86196
40780
22551
19902
7219
84671
60823
98735
34835
57248
45156
93446
16893
27482
48005
79229
76381
35534
40814
24655
88665
19962
28156
99012
52966
59865
84627
79002
82466
62751
4501
4548
70278
76887
22956
49220
58113
99292
6984
7182
36492
87804
57009
22022
7131
96481
59704
82580
19039
66929
91562
54800
33721
96646
56674
72060
86695
8480
80575
52167
20415
47239
82974
77943
93835
70320
93244
41893
6737
68716
16033
90289
93617
71759
75951
7892
81592
18565
26519
20675
96880
35617
39661
22081
95450
81980
53265
84688
91831
50363
3144
77187
71431
38762
89553
3423
54216
28941
74977
4200
17438
93440
29001
20302
63304
78889
31579
73877
95594
33520
41708
2963
44545
89982
76123
60045
82464
84249
11289
2734
19002
