9468
795 6483
868 675
333 798
677 2535
769 4078
385 5881
868 5659
203 1605
15 7824
769 15482
488 16332
311 4301
637 10682
457 1967
247 2766
738 1108
795 10071
249 5204
53 74
677 1210
678 3269
947 19488
62 11312
247 10278
51 3572
477 212
819 2219
536 2896
507 4115
683 945
795 17512
722 2576
133 7741
311 3377
488 9658
947 5397
858 4761
15 571
603 209
592 423
945 2364
182 4004
795 9411
240 4091
597 8249
247 1136
412 3613
669 820
154 1687
858 108
68 1150
722 1582
133 1752
418 3316
887 8183
249 1196
795 1095
427 651
700 1425
333 2668
427 6056
683 7962
758 71
30 1651
637 6400
868 3960
553 1414
722 1418
817 10791
614 8169
488 11355
247 4679
637 13688
817 1759
30 1309
217 3022
293 5163
700 4097
457 4553
679 1704
819 4308
603 6316
940 8739
637 12798
947 257
700 3722
247 8673
969 2135
62 599
293 20603
53 2772
758 20
488 8739
62 1595
769 12384
597 8919
488 21420
677 447
507 8482
188 2461
388 691
293 14096
247 7883
969 299
52 20005
418 8495
662 1462
872 1363
817 13402
33 7939
817 5254
795 15854
247 7539
62 2183
52 13201
769 12617
817 9374
901 8490
217 3634
637 13232
887 6022
901 761
637 18394
858 1952
646 411
908 3181
102 896
872 1188
901 8610
858 2400
878 8881
901 16769
521 5779
945 2903
700 2186
52 19298
488 4497
637 5291
30 302
494 459
662 6717
214 1076
795 13309
597 2563
637 3596
868 4189
417 256
324 10972
704 587
947 17497
817 14275
51 3509
597 478
738 4825
673 91
33 6148
154 4132
249 4869
385 4810
678 3840
898 235
53 10151
154 1930
947 2095
33 5609
249 2262
887 8839
64 1404
769 3723
887 8480
57 1409
887 9491
385 6607
901 13774
769 574
15 4487
819 7099
154 143
901 21306
795 5751
52 19503
758 1232
795 8534
249 3324
515 1769
427 3242
62 8258
945 10452
333 3639
574 672
908 4555
901 5781
293 8372
53 2258
817 6412
247 8740
240 3369
662 8723
507 5958
769 13300
133 2059
311 3135
247 2474
488 4648
385 6212
488 4906
817 2902
488 14787
188 451
102 6235
799 3572
646 2418
683 777
592 3557
333 2064
769 14058
52 16397
597 9434
52 9239
504 852
457 3234
293 8085
662 8318
795 9822
536 1565
592 182
872 619
457 7890
536 314
679 2187
878 9801
504 244
102 4555
231 3946
817 6861
795 7891
109 203
144 904
472 8344
679 2549
53 1190
62 9992
293 17522
947 18962
488 12512
450 1838
683 7492
945 3533
795 14321
901 10791
247 9625
795 9043
52 15248
236 203
53 5239
52 1604
385 6815
293 16273
52 3557
769 7917
536 2207
311 1700
62 5136
352 1731
908 1108
247 2325
637 8809
795 1341
293 17766
488 19973
102 6066
947 4982
69 4007
969 1779
504 535
769 4766
311 2414
901 17062
102 3348
769 7169
603 2426
635 1462
418 4089
231 4894
53 5762
217 1848
154 2270
15 3873
700 3530
668 879
947 21205
15 5426
947 17658
683 4901
901 7847
217 2747
603 2148
678 7756
819 872
412 5764
637 18180
293 10078
507 8113
878 5686
418 3556
673 483
236 6147
945 3395
819 6585
295 3189
704 480
819 794
769 4070
295 208
769 14561
700 1070
388 1495
247 172
637 8081
927 4100
293 15063
683 6186
110 2825
53 9468
677 2182
817 117
234 579
603 784
188 4559
507 5960
234 1362
507 3074
33 6197
908 1900
662 9445
68 411
683 7158
62 6833
646 1180
662 12782
999 4045
614 1397
637 2927
795 17554
799 3096
817 1804
154 3124
333 1477
388 4148
427 537
52 17275
214 4040
472 1277
878 6056
536 526
53 8379
333 5095
293 17980
769 10199
324 5639
700 1408
472 1043
488 18049
507 1392
293 19789
562 6221
51 1734
385 6445
52 16486
488 17435
878 2581
472 525
52 22474
536 3923
597 4386
901 15247
144 1340
15 7060
30 2409
418 5511
722 2681
562 5129
662 13903
700 5187
627 3623
247 10980
52 2808
240 55
388 368
293 16811
62 492
133 799
62 6356
249 4971
15 7286
637 9783
52 2418
536 4136
662 5112
945 6845
293 10566
571 179
324 924
231 1720
678 6503
945 12747
635 261
817 15205
562 3265
214 3337
429 828
247 3470
236 2406
52 13337
53 5093
683 11245
488 9233
311 3809
945 11660
562 4479
901 2729
795 8163
214 4020
901 8390
637 5629
324 9634
878 8794
324 8830
678 4667
247 5352
887 6473
908 6242
947 8943
901 20668
37 299
133 2960
418 2335
945 1026
738 2360
679 1775
457 834
592 4897
247 6500
507 3170
52 18321
662 15904
901 19794
637 16732
574 2363
417 316
908 702
521 3200
878 2022
662 3360
217 3233
947 18180
311 3317
536 875
457 1427
457 4015
33 7822
236 2535
795 7662
999 2892
68 237
872 852
427 9159
947 4075
940 7980
901 16772
52 6547
947 21734
51 6505
472 2699
110 2238
683 3779
799 2938
940 4361
940 5371
102 3060
62 9862
940 8610
795 5447
52 17860
819 2498
69 5329
53 10006
53 8831
738 5525
592 4765
52 16285
412 6509
637 11400
418 7415
311 8392
249 1536
412 4254
627 1187
488 3976
51 1930
477 1157
488 12169
62 7168
412 6318
62 4485
53 5355
683 1860
62 6156
614 4709
102 7419
412 3195
69 3417
758 1804
236 8943
597 42
562 4883
188 3049
231 2365
597 3246
311 1818
635 1490
858 5126
999 2076
144 391
311 6063
236 1072
236 8595
908 3843
385 2640
945 5817
637 5347
52 18510
769 8522
324 10142
214 1165
999 3794
947 18501
102 709
398 1335
872 5069
521 1575
795 4719
427 5467
662 9639
738 1339
234 1992
62 978
450 1331
677 587
795 3082
385 7384
878 6529
52 5421
457 1203
69 2875
37 2530
252 390
457 3728
293 2402
427 7530
144 714
477 2445
102 8023
385 7902
418 8613
324 1764
574 1101
668 464
412 3810
614 2306
236 8473
293 7283
102 9030
182 3843
37 2344
33 3843
188 3078
811 2221
52 10347
536 2846
662 15588
603 5908
33 9165
53 1587
945 10858
858 4478
628 1663
293 7028
30 470
234 1074
427 7444
945 8248
795 7363
795 11965
799 2590
51 6344
603 1562
488 15819
662 11426
999 4304
488 17243
637 10548
52 18819
293 6933
817 14523
427 10086
494 187
536 584
247 10729
311 4940
15 8075
203 1843
311 4679
945 9668
53 1683
947 16779
592 206
236 9585
901 16105
418 291
700 4625
562 3079
488 3150
878 8470
324 342
662 5599
722 2130
515 2087
488 9106
536 4939
69 4821
236 5533
504 1772
52 20690
33 6765
722 1443
488 8244
412 5058
293 4518
412 743
472 6345
898 244
722 222
62 10858
637 13300
385 6742
102 8251
769 13178
673 509
52 1076
418 8212
637 19888
683 10913
999 6416
945 7602
637 7956
69 1003
927 3353
603 5596
887 4293
614 3781
51 5421
614 5607
817 8207
947 13863
819 281
488 18763
51 297
57 754
521 2756
945 113
472 6265
947 17943
901 14019
662 8917
102 4630
597 7450
477 3062
247 5985
457 5838
53 5411
722 1303
472 5002
614 3149
627 4062
203 272
887 1235
668 187
324 3067
488 439
62 4756
722 1846
603 2765
536 4231
858 5544
311 7720
868 4026
247 4568
68 941
878 314
324 6233
324 5069
352 119
412 4941
683 1025
68 1231
819 3351
901 10446
188 1060
488 11215
597 1663
947 10257
637 17847
252 759
562 2903
940 5470
628 701
477 468
908 3617
678 1084
947 13846
940 4861
637 11741
507 5018
795 6208
662 8514
450 68
15 1683
236 8066
536 2173
217 1657
412 2770
999 1565
33 8217
637 12122
603 3589
53 8764
69 1141
324 1287
637 19085
858 3050
795 2109
240 254
427 5099
700 4062
769 10938
69 4135
488 13414
231 5651
947 2608
769 3041
901 18428
110 2250
247 2654
236 4181
637 18989
52 23137
758 2911
15 96
52 8888
102 3241
908 4972
231 5944
293 15850
412 1757
249 5740
472 9733
507 6052
947 3430
488 9644
214 2660
293 10320
293 1735
110 351
53 3213
102 967
102 505
457 6343
795 921
817 7908
293 11295
324 8395
571 2469
52 18289
947 4221
945 10204
597 9811
887 9912
110 1150
427 2478
901 2498
562 6314
887 8111
62 10599
901 10112
135 498
102 7538
488 13824
427 5992
947 14035
333 5321
769 14325
887 3787
488 15265
37 1358
214 3009
637 12976
154 3968
388 1990
597 3793
521 1542
52 23626
704 32
477 2202
738 2120
887 4989
240 3902
678 6957
311 974
637 10863
811 447
311 8045
457 208
295 437
799 1875
234 3196
427 3840
597 4136
872 3817
398 397
69 589
352 2114
901 17013
635 1150
683 4692
102 5117
429 1796
69 4936
819 3203
637 8205
901 15877
15 5100
901 2542
521 2484
662 15468
597 3088
678 2164
311 5138
418 7480
637 10362
700 2759
553 1233
817 12077
817 5564
418 9356
311 8170
947 5634
154 2156
637 4273
795 13562
15 668
627 3373
872 2364
324 9908
33 3197
683 1295
15 3564
999 7234
102 9157
102 9228
945 10302
182 1943
182 657
62 11238
311 616
868 4261
133 7321
488 18980
352 1576
637 4027
311 5084
868 854
795 14630
247 10571
868 1264
324 2415
947 19794
352 3951
799 2795
293 19196
999 247
247 7727
15 5788
887 10302
236 4396
352 3277
969 3893
637 14370
597 7926
700 2951
231 2544
614 7836
901 9073
293 10607
868 5339
385 2346
154 2532
69 1530
507 6211
352 3640
704 689
62 9328
758 2957
52 3829
819 8234
646 1469
795 14741
52 5790
878 5409
817 2025
135 994
249 651
795 5113
352 1513
295 4743
33 6508
52 16055
15 3104
240 1031
472 3729
102 975
817 7442
940 2118
62 3809
819 7143
52 1619
53 3965
878 2344
637 2547
53 8813
878 8740
738 5446
53 9145
488 2821
247 7204
33 2314
240 948
947 14411
901 1978
999 2409
945 4990
562 1582
947 13390
898 772
858 1608
333 4211
311 2156
637 17302
504 1112
614 4325
62 4931
795 8330
927 3924
908 6535
677 1943
947 17728
722 1170
898 1197
293 11000
901 15754
769 7740
33 8184
53 6866
769 11259
418 3170
51 4223
52 13411
249 592
878 2214
722 3410
385 1366
188 4859
858 7575
887 5335
247 5814
637 13099
507 9504
247 1393
57 379
704 165
868 2982
324 3522
878 551
974 1165
683 5294
795 2939
247 9893
507 3886
203 670
488 9537
429 368
52 16413
144 799
683 2364
795 13993
945 8596
352 2535
662 11988
769 6755
669 747
668 20
597 7553
614 3626
51 2070
887 4001
53 9662
901 3577
52 21302
603 3828
947 14987
37 2049
858 5637
819 1886
901 13585
795 968
908 438
592 3449
945 7480
472 5592
240 973
53 5024
817 14467
817 2710
637 16350
908 2522
182 2953
677 105
398 1963
858 7328
817 2788
236 2245
214 2023
947 12834
597 3968
878 3832
887 7415
945 11859
293 13240
52 19604
999 7422
324 5533
52 22127
927 2390
231 1740
33 1405
817 6190
940 4481
33 3301
52 20694
521 5132
592 4300
311 1486
52 1853
700 1610
133 2455
947 5683
562 2214
293 20744
878 1218
388 4311
878 5234
427 5703
52 9981
217 997
154 2058
945 12149
795 15592
504 134
799 3386
878 5708
427 872
562 375
872 4865
133 8399
507 2607
293 9281
795 3561
769 972
418 3981
472 2609
562 3884
817 10678
427 455
999 7463
940 408
249 4508
488 1031
637 11335
214 2245
293 18343
947 10068
679 2045
62 9978
52 12535
33 9417
495 192
536 750
295 2270
240 3232
999 2372
488 20981
945 12010
637 253
488 10822
51 3252
858 7055
293 3157
795 11426
203 2366
940 2510
700 2617
188 1865
293 15717
901 3507
901 18295
999 344
236 924
662 2555
898 381
154 517
769 9643
562 6981
901 4173
154 2661
627 3087
488 639
817 874
662 7577
562 5814
495 421
901 11942
769 14413
878 3627
945 6463
887 4347
236 9481
901 3605
324 2136
457 5357
637 12815
553 1033
969 2599
947 6503
947 2587
677 1799
722 3955
637 7479
324 9209
488 1237
295 2302
795 17446
678 6363
637 3216
418 8964
311 4030
170 592
562 4562
62 10287
947 113
102 3534
427 9814
947 21494
457 698
53 4761
947 12958
507 9482
385 5783
52 13067
515 122
507 8324
858 5898
477 3674
53 942
597 9062
614 7729
858 4855
683 9422
231 254
53 1058
472 238
33 2727
795 3522
947 5677
769 15347
188 346
940 9143
940 7891
507 8351
947 11305
945 7919
662 13284
62 6988
940 1710
311 4152
62 2771
945 6677
878 4800
385 170
683 7284
738 2481
635 592
901 13926
887 6314
51 6627
819 5489
637 16838
769 8600
488 22539
69 1315
683 1719
817 15135
738 1463
352 987
102 6089
133 7526
969 2274
488 9609
637 1486
51 1287
901 1678
769 8644
795 9646
999 1287
472 8573
37 219
135 1695
62 3110
817 3600
683 10252
662 6001
947 552
236 8511
217 142
488 6144
69 753
236 7255
592 2914
819 2352
947 21592
102 1890
947 9004
872 5055
102 659
488 14627
295 4420
795 14503
769 4608
795 358
37 2159
295 3060
858 4746
507 7019
472 4775
872 1575
901 6845
69 1434
311 6724
662 891
427 5604
872 5776
249 1079
592 3678
457 3601
385 3711
553 1293
295 637
662 2400
817 1847
15 4531
627 1695
947 6821
398 1726
947 5245
188 4956
236 4890
472 8432
795 11653
817 644
249 1100
30 2103
52 23473
252 577
293 9072
488 6941
574 2902
908 6436
488 9871
819 2317
240 252
521 8343
901 15378
231 6259
769 12508
662 14103
678 4412
817 12342
592 5090
637 21177
249 3790
507 1796
603 6669
51 3242
385 1827
324 10733
217 899
592 5097
940 3640
795 15036
15 893
203 3502
637 18001
799 3224
33 8005
217 266
62 8728
217 2970
457 4416
102 1303
33 8994
231 1333
668 356
182 2837
662 3106
110 962
662 14879
52 13516
234 748
597 10325
637 823
637 14288
488 3283
947 21135
293 1714
521 482
247 9129
795 14815
234 2165
51 517
457 1013
385 7513
940 7710
15 1763
574 2492
901 21027
627 924
52 20442
293 18463
15 8149
488 12525
170 274
817 5740
927 3758
472 9982
819 2442
901 6771
231 5309
154 3671
521 6120
769 8322
945 11010
940 9029
683 4926
293 17250
872 1940
868 985
412 5067
182 4039
457 6001
637 111
858 6685
795 3730
51 2586
236 7177
878 9162
945 9122
507 599
324 3323
553 759
102 1216
795 13200
940 3320
133 7859
293 4899
109 122
418 5737
182 826
234 867
868 4786
295 5332
388 3653
52 2205
738 460
872 4810
234 222
247 4514
817 8339
683 1480
945 11456
352 2618
252 959
333 1823
385 5135
603 4952
738 776
799 602
507 4178
488 5182
144 95
488 1162
53 7170
947 1577
947 9809
817 12565
795 11361
795 7266
795 11590
33 6583
947 11280
901 9527
324 7043
133 561
324 4249
637 7467
488 21110
940 9080
182 3169
412 4766
385 3646
769 5960
940 8875
562 1299
627 2987
62 4524
64 971
62 8932
203 2273
947 11040
646 2599
536 1490
249 4217
102 404
945 8060
293 3654
999 592
945 2574
947 17204
52 23002
293 12246
52 7973
68 654
52 17719
945 7028
769 3917
562 2633
69 4463
188 1302
887 3029
182 1337
799 268
333 1687
385 76
385 3514
249 5071
662 2895
901 19297
901 4786
52 16577
795 2843
872 771
293 9425
700 862
769 5663
477 2220
947 10343
969 3158
293 4332
295 861
678 5468
203 1472
947 3451
247 2358
927 2956
769 6702
427 6489
412 5637
603 4661
614 8089
53 5717
887 5795
819 3573
293 6002
683 5894
901 8239
700 3120
52 23585
858 587
947 7175
472 7179
799 134
669 1234
678 3037
15 4897
521 2369
247 6933
457 5921
135 715
945 3156
769 12661
427 1015
15 1930
427 9404
940 2304
133 6858
795 6606
817 11723
182 1150
418 4902
614 135
247 6899
51 3372
472 6286
669 8
574 4071
947 8545
901 6819
868 4762
769 1866
472 6730
507 9340
472 3277
901 21362
769 2548
182 1439
52 1715
901 2965
62 5882
769 1598
769 9151
53 9819
388 3094
679 1386
15 5194
637 18511
507 7390
231 3602
324 11288
562 4775
945 10515
488 13271
170 433
427 4890
295 2594
240 59
37 2598
182 2417
795 17422
769 836
662 8773
457 6794
945 2959
637 6999
999 5842
627 3984
203 990
33 8791
324 7352
799 680
477 4092
69 4079
969 555
817 4343
110 1096
597 2333
133 1913
769 14133
945 7782
324 5337
974 441
488 6707
901 617
488 11997
628 2685
940 657
679 2483
182 2295
418 3544
887 8323
457 1628
69 2331
69 103
234 2994
247 2142
678 6839
901 17362
295 4309
597 9263
614 7452
385 565
188 2872
898 1209
858 5773
947 1645
457 1865
901 10979
488 3647
52 6452
217 1737
15 4401
878 6380
947 20866
385 519
418 3819
969 352
945 11200
769 1372
293 10726
627 2755
945 2588
858 4619
679 992
52 2061
182 383
887 9793
898 1256
488 14319
637 4950
878 7010
62 3331
293 7065
817 14518
53 8407
293 5432
901 6444
102 442
68 347
53 3088
819 1636
795 8754
901 7801
507 429
52 21165
15 6906
427 2057
52 14292
507 2384
662 6499
819 6405
110 2859
637 6188
472 9319
945 8188
521 1846
102 9167
795 17435
597 6825
536 2585
102 2906
15 1222
182 97
293 17910
678 3520
614 714
637 15115
945 11548
662 13449
872 3118
188 4321
15 5858
908 1478
646 2304
102 2578
536 3797
133 7757
637 10054
293 4397
385 5150
628 631
457 2961
429 338
388 1862
324 11465
504 501
872 143
603 6540
700 3888
999 3025
182 2800
799 1519
457 1542
293 4050
901 12415
947 1826
927 2035
182 3869
333 1346
324 6868
947 3581
62 8113
418 9238
472 5852
249 4463
901 1287
887 1206
333 2183
427 4900
614 3539
901 5599
236 6842
33 8540
574 4068
799 1792
427 318
236 3525
858 1052
388 4059
236 735
102 5380
247 4700
795 1382
53 10089
477 3482
52 4477
15 3944
412 2183
15 1404
795 16255
908 3475
102 1584
52 6931
203 2374
217 2085
52 4510
507 3711
477 3859
795 17336
236 5261
597 8244
231 5152
947 15529
901 11524
110 2912
628 736
945 244
214 4713
234 1649
69 3871
247 11190
908 927
488 2869
488 3074
311 4578
769 11818
678 348
999 6554
817 13839
450 804
293 3828
677 650
240 2175
887 1568
69 1145
472 5653
927 1572
679 2143
214 3485
472 9188
188 2946
677 612
597 2230
669 1231
868 770
627 460
769 10737
293 12087
477 3211
488 6554
52 3446
247 4216
69 2819
574 1500
214 5140
352 870
53 4828
901 13220
662 9014
614 4700
252 9
62 2545
901 10013
450 1347
603 4834
811 601
592 5250
52 22941
901 9821
236 8741
637 4452
637 2732
182 1608
457 6136
515 615
247 6717
974 907
427 7320
30 2252
795 2141
51 3241
795 15174
154 801
662 5357
324 825
637 13596
53 4613
769 6522
947 19461
683 562
102 8518
418 3450
947 20303
33 9003
795 14994
133 1545
418 7216
324 7825
247 260
52 12078
33 5355
144 975
901 7577
429 1317
247 2803
214 3308
562 6425
908 3806
53 4209
628 2288
677 3229
817 14135
504 2289
427 7248
700 3044
249 962
457 343
662 15554
203 526
333 1906
217 57
385 1605
795 6467
678 7870
628 129
945 18
858 4547
945 6578
819 1424
252 634
947 6861
247 8122
154 562
52 20352
817 9979
683 11660
52 14474
412 4929
52 22617
33 8942
236 9659
15 5371
940 5595
52 10872
231 3468
324 9414
385 4739
388 1575
597 6363
203 3407
51 6278
249 3863
69 4785
488 6019
418 6341
488 20190
427 6050
562 5831
52 1953
133 8650
945 8421
947 17496
769 429
999 727
488 16406
295 4606
887 2033
324 2952
504 566
901 10206
819 5113
947 3751
901 9561
240 2862
352 3077
324 4089
133 6254
144 521
182 294
488 21705
293 10961
769 13696
637 16710
769 2443
51 3116
477 3291
249 2733
154 4033
795 16554
637 21160
110 2635
646 251
635 814
603 3284
398 1651
908 3982
678 6005
37 1573
515 1651
795 6408
53 9729
901 15300
133 2562
182 3356
53 3685
110 1526
236 3964
536 371
878 8046
154 337
769 13212
385 4600
333 4626
597 8552
637 919
52 3278
562 2734
311 5922
385 3835
947 14136
457 1456
472 5091
457 4686
668 44
657 403
603 3481
908 2384
858 3442
69 1909
795 511
637 4509
231 213
887 5527
488 12240
795 15278
488 3402
947 15645
637 1696
133 5742
858 4135
679 1135
574 820
969 2053
109 525
247 10484
33 3141
477 3146
236 4729
295 2940
234 1642
940 6874
133 1258
37 1613
683 209
249 3065
388 838
311 6201
412 5618
819 1768
819 8122
868 1382
52 15465
247 7911
574 2882
385 4223
769 12067
901 19034
110 711
102 1192
795 14099
878 3794
872 1059
64 1589
878 455
738 2036
231 7007
662 3133
144 1109
427 75
154 4278
418 7025
311 9032
182 1729
769 506
412 6009
450 1134
293 13314
236 8864
203 1008
898 622
668 447
33 8506
37 2242
182 1101
945 12400
637 14120
901 2701
62 9398
429 563
738 1476
683 11553
236 5634
417 649
488 9335
627 3745
240 3810
457 6156
240 525
769 9737
521 3689
940 1157
62 2875
188 4909
62 10384
628 1504
603 364
603 3939
217 3220
53 376
868 1617
878 2481
947 10747
68 759
110 1731
597 7484
385 217
33 3089
817 8458
477 2812
488 5095
52 969
429 188
947 9288
795 14818
33 9359
603 2118
901 8106
668 434
571 1826
247 5432
352 1562
311 3532
249 2484
252 1301
33 592
385 2997
507 9746
247 1977
472 8006
521 1932
562 5323
637 12073
969 827
769 12090
536 5284
817 10838
769 14928
182 2534
901 3319
678 1807
940 3685
472 9508
311 4805
908 2795
295 113
858 4324
819 2552
758 1153
927 502
214 4379
33 9221
53 7812
901 7619
858 6839
562 6536
427 3683
427 221
69 3565
188 1828
683 4514
562 6860
295 697
603 2893
868 2733
295 687
188 78
412 3727
683 10005
293 16391
412 2320
683 6740
887 1118
249 4061
819 7648
637 16208
293 6613
562 4919
969 3299
507 2980
683 4675
811 2114
488 4591
457 8267
901 9723
887 8044
52 16828
324 8946
678 689
872 1495
311 6671
901 3971
231 7104
236 3093
662 5187
738 5766
969 62
472 7398
33 794
683 2924
457 8238
592 4806
945 1646
388 3210
154 4141
507 9256
324 1752
662 13690
574 1225
53 8033
614 8256
819 7362
472 9959
819 1018
102 5786
33 4405
662 3506
769 3872
33 5641
203 516
769 11454
214 46
562 4140
133 3913
646 2713
15 3725
154 1309
188 5226
679 481
945 4318
887 5625
236 5422
385 8085
53 3714
562 4264
817 12146
102 2521
908 2343
795 12658
947 1389
217 3075
507 2719
231 2481
683 1530
507 4214
637 16229
945 1469
398 1524
614 5633
488 7142
769 5797
293 20814
488 7080
293 7196
324 5241
182 3529
240 2758
597 3880
795 10506
819 418
521 1253
236 905
947 18595
940 2050
597 1781
947 1464
295 285
521 7235
878 6626
974 174
536 3340
947 20111
868 3939
819 1558
472 8135
637 8907
352 420
15 2790
507 8682
418 1844
819 6638
507 9123
398 861
52 3679
51 2463
247 11170
488 761
908 5081
507 6808
592 5231
37 2456
947 10555
637 6584
795 8124
858 6085
52 19750
927 2859
64 1853
562 1447
69 1194
673 630
769 2785
868 2342
488 4349
385 4078
247 11268
418 7855
769 10746
947 1390
817 8942
488 11784
488 5484
817 15099
494 685
450 726
217 1325
769 10337
488 509
614 2680
614 4116
477 2775
188 2550
872 412
62 8295
758 1062
311 8585
637 6472
597 8866
795 10768
592 4677
427 1517
62 9271
769 12984
945 3281
940 6010
477 3998
858 3418
878 9013
247 1268
203 1416
293 7703
102 7059
562 3181
571 903
700 5054
673 336
62 4149
927 2728
102 4913
214 4796
52 6611
488 4782
819 5921
669 1211
52 20663
999 7072
15 2388
293 19641
51 5313
614 565
418 5048
507 536
53 773
927 4991
236 3610
817 909
418 8699
188 2051
947 18305
673 845
324 3608
133 4448
293 7469
679 1558
940 8248
795 11803
110 2411
240 3761
945 6245
52 4007
969 2809
52 4371
472 8832
53 1328
868 823
311 5676
901 14720
352 3342
412 5927
795 9741
51 1392
887 4186
927 1048
472 941
418 5085
795 14573
37 1589
799 1435
62 965
872 4473
311 3019
52 18974
683 909
769 12855
252 69
52 23817
947 4222
678 3268
214 1398
57 1232
901 18834
947 620
677 3097
908 4104
945 7190
758 385
457 599
700 5183
908 4786
887 2825
878 3319
311 8714
247 8956
769 12213
311 8719
450 456
974 278
795 4202
188 3377
52 4979
945 9800
133 8526
295 1674
738 835
945 956
37 399
102 2185
488 6183
811 1509
945 15
33 75
795 5481
457 2328
293 14713
33 9078
62 7861
592 7
878 6067
868 2435
769 97
427 1397
30 640
472 5305
637 13557
945 4702
940 5229
488 10106
311 743
597 634
769 5924
795 1786
597 2729
507 273
62 8993
878 2961
628 2197
236 3347
494 574
901 833
52 4801
597 1399
188 4523
683 3087
488 1385
203 742
799 1710
614 3835
700 3667
488 13660
477 3139
488 15408
635 352
457 2423
521 4512
247 7767
427 8411
614 7607
562 2632
597 3733
388 3977
614 2085
52 553
293 11573
947 13358
858 4694
293 2273
295 865
795 2098
669 858
188 3386
295 3630
858 6364
488 21099
427 8745
562 6637
133 688
521 4796
637 20034
51 5909
627 608
999 3393
52 14456
819 4230
614 7022
324 12004
947 18003
33 8921
947 10169
236 3197
488 10814
758 3304
521 6256
571 1374
999 1522
901 3551
945 8374
947 12717
878 5796
683 987
324 11548
240 822
488 6299
662 6108
662 12155
795 9893
293 14930
37 1265
311 4192
412 7467
427 8294
795 808
324 2202
678 6926
769 1786
974 868
295 3951
472 2039
858 7757
507 9144
637 7178
293 6828
887 1764
722 3205
488 17574
536 2869
412 4528
901 14544
795 1662
488 9172
908 2241
738 226
214 2777
603 5382
33 7521
887 4699
521 1388
627 1416
293 18279
324 7341
240 4164
597 5639
700 526
637 14993
868 5419
817 9495
507 6537
15 1514
887 5756
940 7445
872 2671
418 1591
799 2200
388 14
477 2235
102 5631
170 384
133 5122
333 895
819 621
295 1039
662 11339
940 6413
293 10515
678 2291
352 2832
887 1943
700 2535
683 8340
457 2100
457 5588
614 5133
872 2159
887 7141
488 22394
908 1966
901 4247
507 1250
247 10033
182 714
817 793
536 3555
799 1192
293 19466
15 4026
504 1628
352 451
646 82
817 11300
945 12647
817 1500
295 622
887 2582
901 8536
603 1617
293 5273
969 245
240 2025
51 2722
947 8481
15 6665
769 8783
385 135
57 1598
868 3113
236 6668
878 3908
135 1570
385 3365
418 1141
231 5723
795 5127
33 170
231 3393
507 6060
30 1395
947 4370
614 3900
662 5355
52 13932
324 3625
628 423
758 680
700 4517
878 5446
901 20919
662 459
901 20073
37 2279
662 13483
52 8691
662 13517
945 731
678 8284
214 3272
614 1547
62 4301
678 1094
62 2058
236 6463
52 4946
133 2346
614 6251
795 8730
133 8187
231 4460
52 9217
51 281
887 7022
627 569
110 549
811 745
231 1531
858 7190
945 12534
678 4790
887 6619
947 989
592 1130
562 7872
427 9072
412 2437
333 3373
872 1034
646 1048
231 7553
683 9704
597 593
947 4784
683 3193
901 17444
592 2536
878 6821
637 11527
231 3162
614 3341
240 1766
817 2556
758 853
293 7030
521 2146
236 1457
515 802
927 4712
53 9412
69 3088
868 55
231 4231
231 2769
887 776
311 2272
614 1351
947 3282
429 598
901 13546
231 2605
819 7742
385 3220
236 3094
678 5186
947 8908
858 1750
769 1645
311 1834
562 1816
769 2313
293 13655
494 906
488 4498
536 5421
817 9753
887 9047
940 724
507 8104
901 15028
878 2691
562 6315
188 2925
388 7
324 6350
592 845
940 7846
53 10508
901 9242
758 2305
133 4780
878 623
457 7503
154 4352
52 11378
738 2898
231 3757
333 2808
769 1864
945 9949
795 16655
234 1508
247 6308
324 3649
427 5288
940 7609
738 2717
37 1669
662 840
947 2726
811 1006
249 252
388 559
945 9464
507 9033
231 7073
908 3209
597 2049
637 1881
901 18659
231 7029
868 5164
293 14374
412 1349
657 281
769 2598
231 6569
637 13832
945 1214
908 5655
37 781
700 4941
333 2331
898 777
64 1275
678 218
795 10583
53 1895
858 2100
795 12323
488 13758
901 15156
637 17655
868 2089
203 218
102 3786
637 1169
908 340
908 5347
999 5678
901 6247
795 9326
678 3535
999 4142
700 1756
30 2309
57 649
515 974
507 8976
678 7069
637 8858
488 2401
947 14783
817 10901
571 998
637 12225
247 3212
597 9592
62 5013
217 1179
488 6344
62 2429
427 9958
170 671
738 4252
795 4870
795 8852
974 598
385 692
999 3350
769 8006
795 15889
662 13575
102 2770
488 14181
947 13531
637 7850
515 219
901 6871
683 9151
293 948
33 7973
947 17082
398 933
154 1428
311 8876
427 2400
53 6768
795 10389
887 3343
15 2256
53 9619
592 1119
536 4503
52 8553
637 12648
295 4653
488 19870
908 1832
592 1846
110 1293
878 1473
927 3097
488 6850
311 8728
683 7167
457 5134
603 5788
52 22328
562 1911
872 4715
62 9738
293 10295
324 7590
488 7794
412 5832
293 12614
488 18514
69 180
488 8043
324 12048
231 2739
488 18441
562 7046
637 17202
293 1474
901 12565
795 14707
30 829
769 5941
908 2653
52 15139
457 3369
637 15811
536 5639
352 1348
901 13419
887 216
51 179
385 318
700 368
133 6557
418 3866
722 638
488 10394
878 4565
52 22449
795 1933
488 23150
427 2914
662 2806
507 1633
412 5499
887 2689
817 10767
53 682
945 713
536 2227
182 3776
817 9663
427 3537
52 2555
507 5890
637 15739
947 931
507 1014
799 3349
488 5354
62 11341
817 1409
293 3280
795 6832
878 9291
388 252
999 4468
385 4805
819 6705
293 2217
51 1212
637 512
429 1656
249 5140
231 3165
427 10078
240 2043
52 5237
62 8974
769 14735
488 23264
947 6571
662 1854
15 4423
817 1431
662 5662
293 15964
755 197
488 14484
507 2972
683 8159
515 1354
940 8992
887 8497
488 13380
154 669
37 1291
333 542
488 5310
521 609
683 3501
817 6472
62 396
52 14755
311 4440
333 3617
188 1982
999 4859
571 804
385 5629
477 960
231 3404
646 1943
102 4773
683 2657
293 8049
231 4421
858 1206
901 6596
203 1155
102 9486
887 8620
878 4373
722 3398
295 2773
683 10651
450 889
52 20913
553 145
722 2907
231 2233
637 5176
515 1682
102 6314
33 3963
52 4653
722 3818
324 1392
429 1529
293 144
817 7621
69 1607
293 1742
722 2782
52 14791
637 8775
945 9322
722 14
637 11279
597 6201
52 11873
592 2674
603 4439
901 7165
182 3704
217 1387
293 11943
427 8598
418 1679
592 1426
868 2598
637 9249
507 7184
562 1204
450 1761
769 10351
637 19578
947 1128
901 3014
427 7647
945 5053
472 5237
236 6719
457 6648
324 1158
700 2616
887 9609
901 17883
53 4992
293 19915
427 1824
293 9633
678 8560
597 2446
247 3373
249 7
637 2819
311 3563
571 1279
427 9469
683 10598
677 442
662 2841
33 1182
878 2872
427 5274
901 12988
53 5403
795 14252
53 3319
62 5340
901 11425
940 1570
69 4953
412 6964
62 11091
293 18758
927 641
249 5574
603 4363
947 84
795 3172
488 22777
33 244
247 4421
901 10660
795 13687
858 1130
53 10414
769 11281
507 5989
795 6908
203 4015
947 18858
799 2987
662 4558
472 3558
597 6006
398 492
536 2052
597 5139
940 5797
940 5924
614 6759
214 937
247 10381
236 2944
214 5267
457 6494
817 15179
878 7622
51 4515
795 3320
488 11568
324 8271
700 3578
457 2599
635 992
52 5293
795 498
878 1974
52 1207
53 5000
507 6084
700 1978
521 1738
457 6268
947 8259
494 102
683 7625
627 1915
637 5053
188 3620
878 6272
819 3888
887 2174
868 773
872 4349
662 5020
324 7747
819 5984
52 428
214 2929
217 436
872 2106
592 2369
53 2901
868 4486
427 6999
562 4895
234 895
678 110
817 9548
247 7447
947 19028
62 9101
418 4372
52 17044
637 6736
293 3230
597 2006
637 17744
249 580
940 4562
603 5215
33 2122
324 5760
819 5220
352 2269
945 6471
293 2950
858 7057
324 6175
247 1525
37 2001
597 6465
249 62
33 2586
795 3682
614 8058
927 1733
878 1182
234 1014
901 4421
592 2781
769 2167
637 20610
521 3432
769 6071
637 18582
418 3775
662 15075
388 2719
947 16469
571 1398
53 117
398 877
247 1816
236 4856
52 17532
521 5882
488 9858
333 4258
154 2707
683 9544
385 2460
646 973
52 16469
385 7640
947 5747
249 5606
597 3507
999 1718
637 1998
217 1676
62 10034
635 1413
677 2836
427 7979
398 1189
662 2809
878 1678
858 5433
53 93
662 3668
214 185
52 2549
385 709
901 1535
817 5810
795 13339
887 1492
908 4358
637 9052
908 2915
133 2171
418 6597
901 19445
102 8104
133 278
878 6748
102 5880
52 18662
52 14780
858 1468
908 6005
133 785
51 5127
133 6980
52 16003
683 6542
887 7524
188 3464
507 3204
488 15928
62 10823
683 3366
324 5890
597 5259
678 8686
293 7840
817 11007
817 7309
324 4986
62 7512
817 12661
252 175
293 5605
887 6161
722 1143
62 9630
133 3117
947 2292
427 2436
295 2855
878 4042
418 2208
427 10391
819 5352
603 5341
683 2212
637 4765
901 11834
597 7516
758 554
901 2351
662 658
102 4197
352 2595
678 7984
683 2512
62 9094
769 9567
33 3390
969 2772
412 3959
901 12984
878 8260
683 2342
507 3614
324 8259
188 4210
901 9871
247 7840
247 1326
472 6748
249 1767
293 14501
878 965
700 1373
858 3907
637 18270
385 1971
214 4855
628 617
662 15389
819 3846
637 365
52 4280
901 16437
457 5737
592 3032
795 9904
30 263
418 3883
817 11867
52 9544
901 2101
488 2623
385 3347
945 8491
52 4440
15 5605
53 1541
927 1370
398 851
62 800
214 2536
683 9916
819 151
214 3630
51 6685
683 9199
940 5543
678 666
536 5434
15 1040
214 3537
488 20265
662 5461
628 2019
947 16248
817 12488
614 1227
385 6940
597 3152
295 1376
457 4208
488 788
683 6389
597 4628
927 2785
203 2938
62 8571
488 2270
488 426
52 15364
62 2325
521 3337
62 5960
53 1115
236 5741
324 7212
69 525
52 2665
450 530
677 1554
758 2674
738 3150
683 10448
429 220
51 4373
817 6895
614 7220
236 7707
33 9136
15 6249
657 248
295 3321
662 8110
385 7771
901 15641
236 7932
33 4199
799 343
247 5680
887 6840
133 40
878 3830
947 17231
947 2652
597 271
974 5
293 17409
293 13045
637 11679
102 9275
901 13700
662 14330
562 4623
901 8888
52 13006
324 3033
521 6808
637 6155
170 457
488 7950
385 8074
388 1382
591 211
769 7287
472 3939
249 1988
240 1367
901 5756
324 9083
385 4632
799 3823
52 7125
637 16629
562 8351
507 5169
295 369
324 11668
412 59
947 2411
795 6068
388 1235
102 6810
738 3503
637 11968
214 1156
769 690
418 5418
662 8414
722 3085
795 4003
637 17001
507 1048
182 1141
293 18202
969 1500
817 8758
488 12788
324 9267
678 2610
947 1676
947 7805
858 2663
662 282
154 4248
217 3289
457 5356
562 4640
571 294
293 2717
231 2993
574 2738
102 2368
817 1166
53 6033
102 1498
799 1245
627 4562
562 2404
488 22151
51 108
324 4403
819 3464
507 4766
947 11566
945 10555
999 2013
940 227
945 2235
945 3567
236 7484
683 9641
887 993
872 896
819 6733
15 6426
412 2859
945 6378
64 1756
311 7027
418 631
536 4820
947 19732
133 4893
769 8673
947 6172
15 2182
188 177
133 5845
571 2185
69 434
388 2670
969 3037
133 1110
495 247
188 5405
799 2388
507 7250
488 6521
817 1890
662 12431
52 663
236 6979
477 1354
236 7572
33 8143
412 524
427 6625
295 2054
51 1205
293 15185
504 734
940 3810
64 588
295 2871
62 1758
217 1170
52 3335
102 8967
293 11389
628 1983
515 1525
15 4240
52 15488
662 13500
217 227
15 770
234 2687
521 7768
69 5129
293 8968
311 2555
33 3615
901 13286
646 3152
868 539
507 6670
637 5484
385 977
901 20804
324 4598
627 1643
592 3847
53 9659
947 12232
683 8968
182 1443
412 4378
507 6479
678 2830
628 2795
231 7113
947 3637
562 3344
811 2670
817 5771
324 696
769 12316
603 1751
154 3991
412 1239
795 12959
236 9167
418 6636
214 4980
472 9819
311 709
947 15714
858 6488
868 5029
677 1064
472 5122
669 263
817 4549
240 1021
868 661
53 147
901 12839
662 11796
795 15403
591 122
571 1662
170 563
769 4359
472 4497
418 3694
311 8527
597 4559
37 1126
799 727
901 16523
15 3
52 9013
521 2459
52 9246
217 1046
799 1337
947 3186
637 12943
597 2153
878 7973
311 2031
507 6841
488 2956
898 870
33 4218
427 7057
683 10336
769 4139
64 705
817 5438
662 7046
30 1088
901 6137
247 5121
637 3297
507 2765
231 4826
52 1113
247 2998
637 15409
662 1624
249 1394
488 15895
769 2645
769 5719
678 4145
999 6043
53 2497
457 6921
628 852
472 42
637 10263
738 633
429 1172
872 4139
62 1253
293 7433
51 404
999 7218
769 8442
15 6448
536 4867
144 654
52 23237
418 8181
878 6381
901 19312
398 1474
927 2457
878 7933
240 144
507 5461
236 1568
901 14887
872 4940
240 748
231 6741
488 12961
507 6014
385 1731
571 2232
669 1079
57 1977
637 16968
472 9393
324 131
295 3923
234 718
637 18253
504 2144
901 4141
488 12344
603 2512
133 2986
795 13480
947 15217
324 3948
110 2971
236 2363
683 6984
457 6054
37 1036
247 5692
62 10743
62 5826
324 581
799 3623
53 1101
571 95
311 6797
231 6331
769 4432
945 10745
52 18108
427 4571
795 11507
662 5901
521 141
333 1921
52 10742
418 4378
901 4317
488 22684
887 346
637 3167
901 3156
678 7202
102 6892
293 17246
637 10052
57 2097
878 4462
947 2184
33 8600
637 20407
795 13340
37 841
562 6236
597 8493
945 7287
472 1726
236 8206
57 1303
662 2205
385 7377
927 2121
231 1053
795 2445
457 7713
214 1792
488 12685
102 1754
133 6780
234 1010
170 842
887 6210
901 18090
52 4141
412 1618
795 8035
637 20258
182 272
597 7203
819 6657
662 1396
901 3893
597 9694
477 1070
940 1084
769 294
333 1169
324 5868
969 1541
249 1046
795 15917
311 6601
795 5306
15 292
170 252
947 20813
472 8615
154 1165
217 713
769 3996
592 2171
53 4299
231 4296
597 4640
293 20268
795 13509
188 2565
683 1601
412 2684
488 2526
102 9435
817 13313
635 702
231 324
240 2910
901 19937
133 1866
908 4882
52 9159
293 15324
102 4900
52 9667
412 2116
385 6234
352 2927
418 7412
738 5901
333 269
52 9321
247 84
901 418
52 16680
15 4509
947 4017
592 2299
700 3245
738 5663
488 2765
53 1573
819 4954
182 590
769 13502
887 3501
62 133
769 8756
969 3985
231 4574
217 2032
908 4445
521 7861
678 5116
69 146
592 3231
662 9364
293 20488
947 9634
683 11627
333 3828
472 847
817 1267
324 7061
668 583
324 8945
795 16003
472 1936
683 622
887 5870
293 5456
69 4536
324 6383
240 2971
295 2682
614 2415
427 6758
795 12852
64 4
819 2782
477 2850
872 3949
683 1099
293 17180
562 7620
683 10128
488 18302
62 639
947 20485
102 268
769 1097
940 3389
738 322
683 1418
62 5199
969 1136
324 7253
311 4589
427 6641
457 534
662 11342
231 6868
472 7491
507 8798
677 255
999 1208
700 2209
52 7854
236 341
603 3773
52 10959
795 4354
214 4621
53 6621
450 1472
901 19593
945 4556
507 8071
457 3114
627 881
811 2358
901 10316
878 7609
429 850
603 3474
945 9046
472 2495
769 6969
678 1120
52 10046
637 3752
668 770
488 17479
472 3801
637 3809
940 322
945 7403
53 5526
450 676
507 5962
819 7594
940 1550
940 1307
614 853
683 9747
33 4663
110 2697
571 396
678 2747
102 7028
635 2226
901 6731
683 2721
947 9925
236 6239
603 6098
488 68
311 4407
236 2091
214 1840
637 15263
236 2862
324 8792
53 7509
295 1932
324 9806
217 2615
673 734
722 4095
678 8537
477 856
811 1468
817 11090
678 521
999 5821
628 1783
247 3740
901 5501
668 775
947 20689
135 1840
927 3723
679 178
969 3393
62 4374
472 7351
901 9443
488 14417
217 3456
52 7582
52 11681
324 4899
51 5252
947 16905
678 8123
102 9548
817 14307
488 11869
234 2556
488 16095
947 8297
945 8424
236 3816
769 5527
62 1144
901 20467
945 9020
945 2520
62 7963
110 327
945 1480
170 719
795 2334
69 1057
738 2220
488 4553
388 3903
15 3111
15 2586
247 10785
52 11784
758 179
722 1513
901 17825
662 296
236 3738
947 8876
571 584
901 2783
872 4633
947 8539
679 2481
947 18919
795 15933
947 18834
236 2659
901 7984
52 23311
662 4275
758 1566
878 7477
974 1420
188 3529
188 3875
188 5914
795 14875
662 13935
102 1979
293 14251
603 5041
457 4368
901 12304
817 4589
795 17613
637 10823
678 2976
811 2797
295 3385
234 129
293 18167
940 5517
722 60
678 450
457 7789
819 7500
231 4298
947 20389
683 11021
738 3854
457 5675
637 648
51 2114
637 18550
940 2639
231 1814
662 371
324 3466
887 8412
62 3500
62 258
758 3400
769 2592
311 6953
683 8872
637 11086
969 2406
637 13379
562 5720
872 397
662 10621
795 13083
597 840
662 699
240 1317
614 4507
940 7503
927 797
677 981
52 22594
488 10212
562 5178
887 7193
678 2465
217 2281
311 870
231 4870
33 1635
311 5801
247 10886
678 8252
858 2216
887 5081
494 546
295 5038
236 4657
170 173
418 9109
240 4610
188 4738
603 1785
999 4775
133 3062
999 1165
385 6026
769 7833
562 4390
592 1792
62 294
678 6720
293 8485
597 3070
488 16643
901 272
819 2231
635 873
249 5339
488 16105
858 4982
817 6323
769 3596
868 4425
662 953
758 209
388 950
662 12933
311 1241
236 4568
52 14726
324 4462
795 16778
133 418
311 3524
947 4768
999 4869
683 11165
247 5416
646 1963
15 2063
240 4143
927 336
418 145
418 2791
488 6398
817 1283
769 11967
562 300
102 3452
637 6756
102 6558
927 2436
817 9889
940 3801
521 7348
507 8182
868 5270
488 1903
795 9323
969 4343
472 5759
494 871
683 4859
683 8092
53 934
385 4270
969 1272
51 5383
536 4423
488 14339
678 7196
635 787
515 58
614 4464
628 1538
133 3061
872 5407
293 157
33 4780
999 6399
868 3733
231 3075
637 8191
945 4387
69 2220
562 658
507 5009
947 21144
135 1349
795 9519
293 6707
662 13311
52 12391
62 4038
795 13817
144 377
657 1167
457 2745
677 1298
947 9434
974 1054
947 5857
324 2681
53 3201
999 1426
504 1914
488 4452
927 106
521 5565
887 4284
418 838
646 1678
637 19728
154 1377
738 3933
614 7075
51 6086
795 3310
231 5235
62 2818
901 15966
683 455
102 1073
901 9814
311 3719
247 3661
203 3897
507 2878
231 6153
53 8679
427 5153
457 121
795 10430
811 2802
940 7776
231 5801
614 6521
592 5294
597 1505
427 1607
398 1056
249 4418
293 13643
878 6891
597 1622
940 3752
472 6583
635 394
571 697
352 3472
679 816
819 6985
887 4614
324 1361
562 1789
945 3811
472 3342
637 2619
819 6995
412 3447
521 6399
15 1826
295 5186
858 1999
628 2335
769 12766
858 3316
388 446
477 2301
536 1804
817 14983
614 5988
908 897
214 3917
488 8135
628 444
385 821
488 19176
817 5957
504 356
872 532
507 2291
515 667
515 958
635 1724
887 2282
133 4120
597 3362
247 163
203 2131
738 5267
614 950
662 5039
945 8841
683 6090
940 4682
947 12022
203 2883
662 15018
203 2653
999 944
947 2125
477 1252
62 8618
53 10317
231 5006
901 17254
133 8363
51 2926
51 2797
488 15858
62 7656
293 5925
940 6124
69 599
385 1556
37 1863
614 7561
945 1595
427 7949
868 4592
333 2131
457 2484
700 4700
311 6310
819 5405
427 4410
887 6730
295 1547
477 2659
738 2770
488 12469
678 2022
247 3327
507 2782
53 9256
872 5933
858 745
878 4194
878 2867
217 1962
901 19173
758 1810
311 7104
62 10902
293 3294
947 2215
562 1020
901 13137
507 1664
769 15450
597 7691
817 6725
388 2102
878 2813
62 7362
33 2803
133 5481
769 12265
427 955
940 4107
418 5625
412 3265
662 14568
878 132
795 11743
940 1993
637 11630
472 7243
678 8406
293 16090
927 2386
472 1804
795 12031
679 24
947 6572
51 747
311 6501
878 1396
53 8240
521 1417
722 3241
521 6866
769 11665
521 2259
614 5206
418 1479
472 2380
247 8625
247 6762
293 13824
597 8768
795 9173
37 2683
769 6512
333 1390
662 12667
662 15770
388 4190
324 3688
203 1045
945 11286
901 5914
878 3747
385 2726
472 8159
324 7637
488 16602
597 2888
62 6584
627 2600
488 22355
901 982
662 10347
247 530
683 6636
878 5508
872 2866
999 2749
52 19499
553 696
945 11435
637 3899
135 1357
457 3774
417 97
614 2187
683 334
940 4445
927 4560
614 1048
940 3825
62 4364
427 8900
412 2034
637 16147
795 3088
488 9051
385 2547
102 2926
69 2089
488 16209
627 1717
488 10249
427 6188
472 7444
817 5360
214 3594
795 12222
418 4776
418 4091
236 313
102 8641
878 2630
627 1804
69 5387
488 13136
592 4160
646 889
154 325
945 2679
324 1288
878 1094
188 1206
68 794
868 5696
908 5723
553 703
352 2756
133 4971
628 294
908 4561
236 9037
901 19948
878 4903
450 257
940 5639
182 3124
15 6594
683 6883
887 5020
901 5995
795 13887
627 1043
662 8170
795 2557
940 3587
311 3189
311 7311
536 1909
858 6562
945 1855
427 6266
247 4812
637 5397
637 1035
427 7817
662 6944
412 513
901 18783
472 1984
795 6688
683 1020
53 8469
817 12824
188 5517
488 18632
249 3657
901 16207
769 4578
945 10305
62 672
311 2717
819 3004
817 3042
947 13205
769 1160
878 590
901 15721
878 3528
872 3358
901 7308
102 6673
52 10007
868 779
324 8112
488 9017
769 11001
795 17014
418 3082
927 3978
418 2499
603 1831
940 3932
999 6689
683 3891
231 5364
887 879
597 5001
945 3593
700 709
858 4019
240 1482
868 357
507 1758
947 7838
819 5812
945 2658
999 2590
769 11527
901 12022
662 3712
614 2071
521 1027
769 6628
324 6395
324 3527
236 3766
562 3093
901 6517
352 649
795 17112
637 17760
110 1617
457 5570
333 88
597 4479
231 6461
858 7516
311 3510
878 5293
53 6023
64 854
769 1506
450 1553
488 1755
738 1193
901 6279
819 1627
236 5337
769 4654
887 150
488 12057
637 5428
472 3541
799 2308
231 3636
945 315
683 8750
947 18492
52 18928
908 5876
722 1807
769 14847
662 3261
385 1968
247 8271
457 5930
240 2249
817 986
51 4889
662 8913
102 5339
858 249
52 23471
247 2975
947 21444
231 6915
412 157
901 18416
53 5884
536 3939
872 4270
295 4062
614 1970
214 4494
635 1282
562 1975
947 2897
614 2530
769 10894
293 7910
488 17885
182 2236
293 18591
901 7066
102 5579
488 4984
450 325
488 48
385 4764
597 177
57 1153
597 6346
311 6340
637 7348
811 1396
811 804
51 3937
324 10494
515 1906
811 8
429 1670
333 5206
536 914
412 6735
947 21298
614 6925
412 638
887 3970
597 5189
388 3719
878 5105
637 2305
429 1571
214 1774
817 4184
597 9155
398 1088
637 7421
799 3407
385 5389
817 8694
412 747
133 5090
170 328
627 3212
472 9544
769 1387
769 7102
62 4300
597 2705
52 17977
352 3502
898 1104
472 8332
352 210
488 7136
515 899
30 943
858 1243
488 10614
293 17116
940 6677
52 15456
62 862
683 3536
311 7296
945 12271
234 332
887 8755
637 16301
795 11003
203 1949
817 11513
947 5712
247 10745
603 6335
521 3657
236 3478
412 4825
418 2828
488 23106
662 1215
908 4995
311 1621
947 10957
62 10146
722 1676
62 2265
457 2338
927 231
872 4726
102 5581
927 2133
673 231
637 3573
53 7106
795 12168
51 4043
940 7218
738 4084
457 3253
597 1281
488 12625
669 1437
673 321
57 2185
637 8647
887 2708
214 2360
536 1535
102 8467
488 11657
102 8728
974 325
795 302
769 6391
52 1415
507 703
33 4224
678 7426
795 15812
203 1087
57 204
637 3322
947 1721
52 14907
679 677
62 9515
234 2941
203 2557
974 505
795 4193
868 1062
901 5032
592 1268
488 2968
236 1705
135 138
521 4215
858 5367
53 5073
868 589
293 1202
536 219
901 9864
811 80
236 7264
472 4093
795 4585
69 2442
974 855
553 1210
52 22818
450 1185
947 19148
592 823
324 6102
33 5728
795 15955
240 2522
247 7914
504 1009
333 4533
722 3645
635 2104
592 3407
188 5714
536 1430
592 1473
249 4294
562 8668
521 490
214 1384
603 3728
878 984
311 4221
504 1187
901 1313
614 5841
683 2027
562 3294
57 1002
683 7813
231 7232
678 8757
418 492
521 5084
311 7626
51 4995
385 6515
683 1919
817 7045
488 19519
427 2535
769 7519
887 485
795 1455
217 1111
324 5549
62 2138
450 106
52 21737
858 3659
769 13162
901 6745
249 1600
817 12758
597 984
795 3674
418 980
678 2450
231 4960
69 1765
592 1012
15 7934
333 31
755 280
68 1507
657 288
817 4279
69 5192
947 1973
69 682
62 4603
795 10678
352 3846
477 515
133 7039
858 4496
945 10870
249 1910
293 11127
57 160
940 951
507 9230
591 300
769 13889
52 17385
217 960
521 4899
945 5919
52 22723
324 9513
679 1294
646 559
945 5586
236 373
940 3183
901 4702
536 2370
769 7117
324 11040
947 7605
52 21631
57 489
662 12106
901 14293
887 10391
488 21282
700 649
635 2016
30 83
324 1852
102 6908
133 5630
135 1955
947 3788
135 2126
154 456
33 668
247 715
37 78
738 4728
769 985
562 5605
872 2338
52 4030
627 2242
947 18785
662 7431
214 551
795 17656
488 23225
947 6642
628 191
110 1510
637 20546
947 4908
57 2379
947 7681
769 2902
154 3236
637 795
945 2915
488 1801
52 6860
110 1856
488 22983
388 3315
637 15580
637 513
507 4431
472 3845
927 1448
887 3933
249 2388
947 9910
188 3987
901 8790
614 1930
969 147
799 2691
901 532
427 4819
817 271
398 1823
947 20988
53 890
52 1350
30 642
662 10474
62 4881
945 646
637 16762
507 5711
872 5177
293 3930
669 1306
614 2135
231 3834
62 4223
64 1944
62 5596
662 4136
817 9064
494 222
324 2807
53 9918
15 4779
135 2004
945 6773
457 1715
214 633
683 5969
247 4312
769 10069
817 6446
999 5276
597 6953
769 6208
769 13781
521 4962
562 3933
30 735
234 1213
293 7759
472 6074
457 7760
249 2295
427 3791
597 1919
133 4019
603 1653
203 1861
878 3201
795 1592
868 1280
927 4342
947 9788
597 9563
662 6210
811 849
646 3260
418 8075
901 1229
901 18973
597 1780
887 2151
30 1167
488 1198
488 7508
249 2631
51 3047
868 411
62 6576
52 1686
637 2043
678 1434
30 2518
52 14323
231 5785
858 2805
247 940
817 14759
562 5410
700 2399
429 1071
597 7348
901 10949
494 752
738 2709
231 4679
662 7624
858 4873
646 3609
418 5961
637 6713
333 3690
33 1036
795 8662
217 865
662 272
352 3968
249 371
627 2378
236 115
247 5569
637 17510
37 1490
795 7185
562 2987
677 1261
945 5546
427 8053
722 203
795 8575
878 4612
247 1013
627 174
214 5007
683 2443
819 226
33 4317
133 883
472 7694
662 330
33 1518
999 6285
927 335
293 16582
597 8642
33 5268
311 8242
234 85
236 5911
33 6647
53 616
817 12871
662 3573
52 22602
562 8607
133 5338
947 19978
293 11267
662 10074
945 7131
477 3488
240 4002
53 9385
574 3267
819 4628
203 393
236 746
562 7667
940 4443
214 2905
488 11330
858 1336
999 2790
683 7889
908 5109
33 7806
887 10259
64 1060
450 2078
614 4854
657 350
57 1727
878 9893
758 2162
657 533
51 1603
472 3276
385 7526
536 4278
592 1603
722 3011
52 12574
52 18155
999 5394
662 16096
507 3451
231 5718
472 1407
324 5189
427 3061
62 3190
940 8471
662 11662
247 4977
62 2144
488 21528
295 892
872 383
887 6006
635 1612
494 253
188 6058
795 2323
887 4552
662 15992
52 16141
293 13464
188 1838
603 4005
646 2850
646 1579
52 10556
969 1056
133 3526
947 316
521 5344
412 7131
947 15085
515 510
817 9629
293 20201
769 6798
901 13409
15 3421
887 4286
188 4137
507 9569
249 686
673 930
683 1236
52 7637
295 3352
488 3548
412 6486
144 1244
324 9471
592 3775
52 179
872 2800
662 3235
52 22216
133 6519
102 1569
324 7462
999 5198
700 265
450 1034
945 10082
507 9630
872 2190
52 20233
872 6231
521 816
945 9528
898 527
324 1608
738 941
293 10777
700 5408
214 1662
293 3689
799 3546
477 3593
662 14218
217 1705
662 10005
947 5903
678 93
536 2022
887 7825
799 1084
722 768
700 2851
457 2689
878 7782
69 2398
247 9773
817 8965
811 954
203 1547
62 4673
110 2282
293 19763
536 2500
52 16942
614 1160
887 10249
704 308
683 11388
940 4421
738 146
62 10897
472 9018
662 13388
240 4449
947 14912
33 1652
37 24
603 3176
133 2848
872 1996
799 164
947 6369
352 2818
769 10037
182 1285
795 1679
799 895
683 7036
817 6726
769 4852
293 3082
507 8608
872 1781
678 4863
385 4506
15 5015
901 8688
817 2347
898 233
418 4647
385 6130
188 1613
872 5628
507 5117
974 42
110 1071
427 7747
33 2203
427 1092
817 1767
662 5716
795 15460
247 9919
945 4040
15 2868
637 18628
472 5888
62 3667
878 6194
427 4830
878 9313
488 11456
947 3124
811 2263
30 2042
488 14930
637 14245
418 1919
887 9341
217 1537
592 1746
614 300
945 4169
133 8
507 2329
795 4712
811 1977
33 5616
388 1623
102 2718
488 2138
819 3641
614 7630
521 6692
388 741
678 6149
868 1387
412 4486
677 1707
908 3346
603 1047
488 1453
637 14875
388 3093
940 1823
683 9212
324 1070
52 13709
677 557
450 1929
868 1480
214 5406
15 3295
901 8348
504 1504
231 2894
811 1833
878 7450
817 5134
507 2433
324 4275
33 927
945 12478
947 14675
795 8440
236 7844
901 11088
662 7538
887 589
188 4726
908 3355
388 497
412 274
62 5476
293 9389
901 14733
133 3474
637 20201
614 3581
637 9370
488 1724
427 2228
677 734
679 484
295 579
154 3308
901 13501
418 8710
858 2725
427 9270
662 1393
324 9895
293 12328
940 7107
637 8944
795 2585
683 4296
427 6854
293 8554
51 6031
504 1884
858 2914
52 22513
324 3751
333 4425
817 1512
231 4635
683 5396
868 2573
52 5287
947 16328
51 5678
627 441
488 9010
488 21247
901 20335
62 1906
637 19859
488 7382
102 7721
15 2656
969 1584
102 2396
614 1779
52 22304
811 3098
240 3701
901 3408
614 3751
947 11657
678 5343
901 9030
295 1175
858 5859
521 3511
947 2106
769 13933
817 4617
333 1507
562 742
64 1501
901 14883
901 4675
293 19337
738 4130
51 6150
677 744
53 7081
249 1028
234 2814
154 2450
488 7187
293 18602
811 1266
247 6922
333 2926
488 18586
677 2043
627 1407
247 5934
817 3411
678 4554
53 3566
293 2914
68 827
427 769
669 928
333 520
488 13612
507 7501
385 8014
795 1245
758 2823
37 592
236 9040
999 2460
947 2138
683 10319
293 4547
52 10299
700 1231
637 16533
507 4679
51 6266
203 3652
53 8410
901 2847
52 2753
637 7078
872 4489
293 17144
418 6171
133 7548
637 20752
901 12593
236 7373
231 1610
33 372
412 4157
457 7041
15 522
64 1314
154 3228
231 4355
53 2986
947 13308
819 7975
521 4072
722 3326
901 3690
597 888
507 2675
154 3521
669 77
878 8479
249 2219
477 2534
69 987
231 5547
969 1703
662 3033
52 5924
293 13802
293 9814
488 4110
427 4556
947 2451
135 2236
521 752
231 2085
15 4364
311 7856
388 4397
817 12215
249 515
57 130
673 406
700 4743
738 2469
388 3066
30 1573
887 7346
133 2141
62 9669
494 1143
293 8539
603 5963
15 6778
154 3405
412 6156
795 4128
940 8219
507 5542
472 4644
657 197
214 1267
597 3795
37 1844
678 6643
769 11312
811 2931
418 7175
901 20188
947 5118
858 4180
562 7517
574 182
102 8387
102 7783
901 6926
33 480
418 3261
102 7153
722 2050
217 3661
507 4839
69 3359
769 7925
52 168
188 4392
562 52
62 2686
236 7392
769 10595
597 985
999 551
858 5789
488 20433
214 1883
311 7870
592 152
999 2204
700 2545
722 1878
64 656
293 20303
819 7334
646 2917
769 13405
562 2306
817 2196
418 8301
293 13129
662 4656
940 3567
637 2158
817 13034
293 17633
388 3503
662 14615
646 256
819 3606
293 18566
722 2431
945 9135
819 2900
591 210
927 3483
927 2745
536 5511
683 723
678 797
901 5499
908 6182
488 8373
488 11094
429 1472
637 411
536 3441
887 2912
908 5238
811 2453
293 11375
333 3156
236 1880
722 2003
293 2237
940 6314
234 1090
678 5173
662 9773
795 4313
352 1243
683 5739
592 1353
494 108
799 860
15 1917
418 777
945 464
769 13303
504 2291
521 8194
52 1442
507 8027
646 1245
969 563
521 7000
293 4715
662 6837
477 1813
427 6154
945 7008
417 752
15 2877
614 3395
427 9558
945 12488
311 2880
247 310
293 19126
878 7932
62 7019
819 2661
188 5440
293 7557
999 4601
679 1923
110 568
817 4978
324 3337
293 11745
947 7984
758 287
488 17095
758 2072
940 4270
51 4666
293 11860
947 15164
62 2379
214 2797
472 9619
52 2066
494 266
562 4558
154 3813
417 510
908 4690
858 615
57 1808
945 1957
683 4801
52 13610
878 4664
887 1383
795 1997
887 1884
33 2645
662 13098
999 6535
33 4535
969 3794
945 1338
457 3823
614 8219
133 1479
769 9525
69 5628
52 661
247 9221
236 6552
182 226
324 3171
603 2994
947 11190
231 1201
678 7652
488 13027
878 6170
637 14608
133 2183
795 5264
188 5977
562 1543
536 92
662 3029
637 8247
700 70
817 14632
795 7034
427 5179
52 19124
574 2616
769 8066
324 11017
53 1416
472 3618
231 2488
646 1452
947 20877
901 14447
678 3398
669 196
57 1927
472 8909
683 10733
908 5033
858 1984
637 14976
627 2622
597 10464
52 3174
472 956
901 14640
352 683
637 3365
521 3128
188 786
133 6379
507 55
418 3508
947 13659
15 4649
521 3716
457 5510
521 8088
53 5139
385 5714
662 9271
52 20844
683 6408
662 10658
872 1318
662 10801
819 4424
562 2505
898 717
947 16603
398 625
293 11307
574 1966
203 249
154 876
947 8907
33 2449
683 8384
901 3754
811 1277
614 4125
817 14915
646 2073
858 7435
817 4911
293 14667
247 8511
868 2021
597 2114
311 2323
603 4626
817 11657
15 5553
574 1849
293 18874
872 3625
418 7727
133 8327
637 2358
927 4625
817 8860
683 4036
819 395
969 651
536 1018
795 9925
603 4217
795 7526
472 4863
488 17999
33 8350
969 2177
637 5988
133 6404
562 1467
293 15427
536 1252
293 8876
135 1547
945 11054
646 901
521 3991
795 8505
295 1341
33 7598
536 3674
507 306
231 4531
52 15742
240 1953
507 3314
234 1796
592 2904
68 107
62 9831
603 3092
795 1420
637 1372
940 8349
700 161
15 4345
887 6702
418 2653
62 8015
33 1307
52 23807
999 3696
999 4723
521 767
154 2994
412 2936
795 16745
51 5182
236 4094
311 7227
133 4701
52 17712
662 4413
214 4310
247 8107
536 5134
614 5461
795 16132
817 4028
418 8697
795 512
887 3234
947 17582
819 6175
669 735
562 2373
217 312
133 2413
603 6411
249 5441
683 3038
62 3936
945 1761
521 1065
293 19665
247 7055
15 213
249 2878
646 1819
427 983
52 13162
472 4895
795 13352
603 5146
683 9001
637 21076
571 2371
817 2061
901 4290
154 1042
293 810
247 11337
858 5792
214 2549
738 3576
722 3716
324 4727
507 9066
154 1118
52 17190
234 3081
536 3125
457 3464
488 16641
33 1937
908 5835
412 3055
37 653
678 1665
637 21038
324 6973
472 6977
62 6635
324 3804
999 818
62 6691
203 3761
603 2574
52 21428
333 2756
333 3976
817 160
427 3168
901 11329
637 6553
62 1055
472 3556
62 9789
102 6439
507 4960
311 1633
133 8171
901 8072
700 1187
769 3463
418 1470
240 2677
597 6707
247 2551
247 4901
427 8537
488 9471
637 16044
758 3129
628 2398
769 810
231 1963
562 8576
521 1710
429 1751
683 342
817 3316
488 917
203 2422
418 339
418 8914
507 161
947 17691
385 3372
52 340
901 20530
603 2270
311 7415
457 4179
472 2181
817 1613
603 4016
947 6315
102 8834
947 2060
940 7296
352 3706
494 170
214 2162
135 1455
637 1441
887 10164
33 4837
51 2146
488 19693
51 643
324 10009
293 9950
700 424
872 245
293 20416
683 10038
488 18115
15 6708
738 2877
182 858
68 516
450 85
472 1414
637 12118
940 5793
311 9142
627 2451
53 6277
872 2331
311 8829
352 3298
945 7288
683 7045
878 2144
700 5168
947 6352
507 875
521 421
769 88
817 5032
868 820
574 2347
637 20871
52 5229
662 11698
102 552
758 28
293 7411
507 2985
628 1903
858 2813
457 5078
974 709
819 1361
293 4481
477 713
817 8938
868 2041
947 21102
597 10328
15 2085
504 1324
457 7143
637 10237
188 5835
427 4605
427 8974
53 483
878 9742
450 1701
488 17701
683 2525
901 18989
154 1242
677 747
217 1365
236 4516
33 5559
795 11244
133 4637
293 6469
878 6074
536 3331
901 9213
627 783
947 7509
52 7013
700 1872
887 5212
999 5081
252 339
637 4896
677 2443
795 9200
427 2874
488 18991
945 5820
427 1220
418 8840
247 4549
427 5850
494 1029
819 5478
627 4337
429 2000
504 1202
488 8607
15 5689
562 6950
488 11028
597 8258
597 2931
472 3145
637 19410
799 1012
597 9365
662 11334
974 1516
110 412
15 5908
683 4186
417 577
333 5381
144 1525
521 2910
592 2395
240 1106
488 3834
637 9286
738 5149
236 9296
249 4773
817 7975
927 749
945 967
627 2398
62 11366
795 5907
311 6905
947 4144
52 14349
637 3181
947 19125
507 9733
388 2597
969 3807
51 1568
574 3505
901 8229
33 823
521 5551
878 1923
69 385
901 17629
64 156
62 3399
574 2198
477 3803
927 2158
154 2175
203 2858
553 547
811 1049
769 13829
819 593
412 7240
311 342
637 4051
662 1741
504 1513
418 7953
898 928
769 9114
945 2764
811 574
33 6752
472 1160
472 4826
738 910
947 8068
999 2971
488 15127
52 21506
472 5306
102 5474
515 1071
597 5366
662 7970
231 6638
30 1260
507 2053
133 4395
637 17412
69 4660
388 105
947 12015
637 6589
679 1846
603 474
662 6865
738 1598
662 126
553 1074
858 6218
811 3073
872 5673
769 9256
507 4723
868 2217
293 2868
947 12111
999 3269
249 2065
457 4135
231 756
628 1531
945 8815
669 452
236 4377
536 400
293 13973
637 1253
769 11008
293 12796
819 1168
662 14739
102 4609
603 6585
418 7651
293 10427
947 13690
311 2762
738 989
614 259
333 2523
858 3181
231 131
940 551
102 5065
700 1507
62 1526
324 1800
333 668
927 315
295 2639
947 6900
908 5039
53 7389
927 3503
37 2642
940 4955
868 1937
507 4350
472 625
811 2543
472 1260
945 2582
945 8885
574 26
901 7484
69 1661
385 545
488 18175
662 11081
427 5318
477 3654
249 3741
662 1709
472 2930
33 5485
51 1954
999 1903
188 2727
758 749
418 8664
722 2382
683 10850
887 4927
662 2766
488 9737
333 313
429 726
236 638
15 7101
477 1702
15 6332
940 4181
940 6207
293 13799
488 23137
352 1870
477 3052
945 11199
15 2472
418 5270
536 5056
769 9391
940 5392
769 3224
574 3733
311 5535
154 1785
819 7796
236 8324
53 4923
457 4979
858 2198
488 20701
562 8560
236 8275
947 12576
927 3204
908 934
592 2111
311 96
945 8654
646 2489
868 1936
947 1250
217 3304
819 1919
488 12884
293 2614
677 2969
627 95
15 2495
324 10851
324 915
477 2661
678 3608
488 3087
947 2809
637 3530
52 12987
236 6011
603 6208
945 6103
940 6923
33 7354
858 5969
858 2665
969 731
945 1726
662 7879
188 2463
488 17937
769 3496
683 2099
562 1822
592 3907
472 1580
385 1500
562 4073
515 251
109 315
412 1924
51 1870
388 1817
293 14111
769 9751
385 2245
102 1642
738 3903
817 8589
293 18020
592 4475
683 7190
878 7468
927 3814
102 3929
799 3616
324 10360
947 11905
947 10522
945 12397
69 1802
628 476
488 22367
872 6392
769 13567
887 6903
678 1241
236 8538
53 6945
488 21558
614 3117
293 6407
799 3824
562 2322
236 7122
858 3835
817 2198
677 1839
927 1089
908 4843
817 3944
901 7351
52 6069
758 423
477 1185
231 989
247 1840
868 4111
571 295
898 980
901 20533
999 1856
628 1400
521 4502
247 2110
819 1910
293 8333
614 5015
188 3189
62 7926
51 2373
418 7524
795 1510
62 6175
603 5429
819 2726
858 7255
324 9526
738 1835
795 5609
240 4513
472 717
940 3362
901 1825
614 3132
811 1123
293 18348
635 1280
887 6646
488 9897
521 7209
53 3047
817 5673
504 82
927 3795
901 1108
398 303
662 10878
427 9664
637 19495
858 331
811 234
947 14810
662 15347
293 1943
662 15810
722 1468
418 1283
53 8604
236 3143
969 1985
817 4536
947 17034
507 7788
769 14219
472 4911
240 1709
412 216
133 110
240 644
637 19226
144 1478
234 1915
592 5288
51 945
817 13625
901 17949
947 15828
236 2456
507 2713
683 5054
507 1517
53 4370
947 10759
231 545
51 3636
614 1600
472 192
324 8004
293 7147
385 6002
868 3201
999 2348
293 691
521 6334
795 4449
878 628
738 3717
947 9242
52 9326
488 20742
203 3059
102 6845
597 6610
236 5021
637 8591
182 2599
819 7847
947 20223
385 2584
817 13528
293 12451
662 11562
52 7741
236 5776
755 24
858 446
679 2531
722 2287
52 20884
427 6735
488 16795
488 16484
947 819
614 5323
635 2552
562 8205
182 873
64 482
947 20908
878 4879
597 6143
214 3104
109 598
240 3572
418 4260
769 15088
999 2230
872 5298
507 3543
457 3944
457 5553
887 5377
62 2779
769 15393
637 14150
868 3416
974 547
887 4407
657 246
352 3294
412 3046
901 21231
52 924
203 4105
795 6269
901 2123
795 5903
738 3729
234 2743
819 2010
901 13892
33 7001
385 5520
293 1265
999 367
945 2393
182 2855
472 6549
333 5242
795 13078
240 838
293 15565
969 2155
109 151
637 20116
947 918
999 647
817 7997
52 7817
507 3812
662 4057
704 158
758 2463
144 1420
901 4626
472 2274
418 6423
418 6085
133 3338
214 1404
62 9734
947 15463
412 7041
427 5859
488 2078
562 891
668 745
427 6402
247 9848
669 960
521 275
293 4799
15 3091
637 6774
133 5250
817 13608
678 3701
293 8842
385 4358
999 7536
738 3254
999 4234
69 5001
722 2304
15 4521
385 1244
293 18157
678 134
293 12588
37 533
385 7961
324 11388
868 1229
295 1401
388 3376
817 8219
872 1798
678 1060
69 270
52 18746
15 5265
234 2971
234 1296
488 8496
324 11397
53 2141
945 4451
398 455
62 5676
247 6272
135 872
427 8841
704 395
628 2139
457 6357
637 3475
769 14631
969 1854
872 4018
940 5555
872 318
247 11193
817 12217
637 20312
324 2010
574 304
872 264
683 6262
678 6289
133 5984
15 7105
102 748
603 2907
352 3590
927 1613
249 1037
57 1217
868 1632
295 1285
488 3725
662 623
418 371
154 3921
488 6983
477 2478
597 10001
817 7156
33 4984
683 2244
817 13219
662 1072
947 16044
947 13083
515 1999
662 4009
738 3060
324 6591
53 2201
811 316
53 4460
795 10215
488 10732
940 5082
53 4474
603 2288
969 2278
154 1934
646 274
457 5388
999 5543
704 806
293 9537
819 3626
324 11461
700 3365
574 4077
562 6087
592 4417
412 4382
878 5928
488 17118
637 18756
683 5172
62 6076
901 12212
858 5719
769 6493
252 197
858 3111
203 704
678 7347
887 2466
182 4221
385 7988
677 2694
311 474
999 97
637 11882
52 23032
240 3611
627 1227
878 658
683 9801
236 1527
33 3813
868 2932
507 5004
214 4172
878 2653
999 6910
427 8917
868 187
457 4790
769 8337
969 4168
795 7788
33 5866
352 3207
878 5528
627 3799
597 8232
947 14283
52 16703
324 5482
418 2457
247 10150
901 7740
293 10846
418 6555
878 4270
683 4537
52 15535
33 3764
662 1497
457 6582
488 13475
947 20526
597 8646
738 1925
33 655
945 5182
769 13125
947 11416
887 3756
592 3039
872 1570
295 408
477 127
429 928
507 5319
947 6682
947 19359
878 831
901 5615
247 7321
234 2337
887 3492
488 14439
15 7270
333 2438
293 7258
945 1669
418 7345
188 5617
562 8603
562 8410
637 4186
969 2473
236 520
947 15394
769 10
769 5052
293 9730
947 1526
700 4241
293 2734
646 3240
901 5216
53 10199
457 443
677 2621
52 3977
52 12310
795 3399
678 4977
769 12226
662 1686
521 2550
637 4356
592 224
637 9434
795 15779
429 382
69 3151
908 432
945 1139
311 5390
738 2603
412 1253
597 4027
457 7292
53 6521
817 5786
102 7600
15 398
562 494
700 448
53 2395
135 354
562 6774
562 4903
144 137
57 1453
52 21130
53 1923
488 4278
887 3062
627 2219
412 4665
52 17636
293 17133
945 8088
110 2124
878 5669
901 9366
679 285
62 8801
769 5135
908 5769
52 11057
52 62
603 5779
637 9948
597 8081
293 4199
457 7720
858 4073
52 21993
52 10459
236 9771
901 11568
597 3049
668 995
418 2989
678 4283
678 3023
947 18677
249 3466
662 473
819 6300
188 1094
293 10495
37 1792
324 8119
427 3397
507 8892
236 7811
627 1522
477 2902
352 1377
324 1774
947 10193
494 702
887 7110
427 7283
488 8961
637 8667
969 4029
562 3768
817 6078
574 3644
457 7914
603 5513
817 11441
819 7875
102 5033
427 4048
249 1312
901 21112
385 4901
488 20845
662 15397
507 1370
597 1132
901 9131
901 14205
457 8005
507 5030
562 5943
247 3085
679 2366
52 8099
203 3056
33 5394
182 4176
69 4893
324 1501
472 5866
858 6958
412 7490
427 3359
521 1942
234 2154
819 5834
488 7942
999 413
521 2824
637 6941
418 4507
170 14
878 9486
488 15997
231 546
758 2926
33 5228
683 3969
388 2834
940 6811
293 20629
901 5448
240 3503
927 3170
868 232
293 19264
418 201
811 1919
231 7358
488 4189
33 6038
858 891
662 4893
700 4854
673 931
52 5600
817 10360
662 855
947 10472
293 20002
450 255
52 19894
597 5499
662 14073
758 2573
293 14894
333 4884
795 17245
133 5771
908 4234
999 6533
133 244
154 2026
927 2306
769 4161
901 1187
908 5906
62 1813
947 13704
15 5795
999 1047
574 3397
940 3443
868 4151
878 7573
901 12904
677 845
52 2528
385 1086
597 8999
603 2627
52 14181
940 8520
133 1014
574 562
352 2755
324 4841
974 670
637 6648
52 8204
51 3861
574 1595
30 360
154 1585
52 2572
678 925
385 776
603 1322
477 1682
412 6649
887 2330
388 1883
858 2297
472 7826
293 7917
795 8685
700 1945
110 477
637 6293
795 5944
817 8417
662 324
637 14224
494 140
62 6908
494 351
597 8223
217 3563
571 377
412 1115
412 5363
53 8812
795 15691
217 3452
234 2897
678 2377
62 2013
901 19732
293 13437
795 8926
908 3762
662 2666
109 178
819 3327
504 753
418 5847
521 7602
457 5922
457 2768
231 565
236 9626
662 15732
352 3005
311 763
947 8424
311 2737
637 7302
614 2984
214 4962
574 829
154 4162
887 1909
700 2359
947 12228
940 4498
507 6172
52 20046
427 2325
52 208
614 2807
488 15683
293 14698
110 2493
817 6706
333 2048
521 3463
887 1328
574 956
352 2130
385 7120
817 11979
669 696
969 148
203 1390
947 16728
488 7270
945 5718
536 4752
628 74
799 2450
324 1903
249 4625
15 6961
293 12892
795 604
940 4577
69 3519
536 3258
945 4875
940 853
614 5778
457 7992
769 14052
795 3746
102 3659
33 2822
295 1800
507 7628
769 1955
947 16510
947 8631
231 5597
507 3337
488 22246
679 906
700 5374
945 951
33 8661
969 4281
203 194
901 16777
521 6588
947 12377
247 4073
247 8885
488 17240
628 1252
901 19549
324 8714
901 17188
102 9302
819 5581
817 6592
614 423
678 5764
217 614
678 397
324 11780
614 3451
488 18931
868 3807
637 16419
898 176
52 16953
999 2831
507 1205
536 4637
33 9135
571 474
637 9140
536 1307
945 11798
52 15869
64 2000
311 1201
635 1519
333 459
133 4370
927 2588
738 3435
858 3361
385 5145
102 3288
203 609
799 3636
231 1688
521 5986
536 4141
37 2177
817 7764
536 561
488 17002
669 1562
507 4566
293 12949
614 6117
901 5557
799 951
62 9968
385 939
795 9292
662 7982
817 4502
398 120
507 2003
683 2418
507 2175
52 18021
418 6882
51 5557
15 3260
637 12822
53 7625
662 1302
947 18374
488 10921
637 5024
795 10853
521 1725
795 14766
418 6349
427 8497
819 3056
231 6293
412 861
427 8177
133 4259
945 7708
231 7129
603 4529
901 4753
427 3273
52 18875
324 7086
799 492
819 2770
507 6359
240 1521
507 8348
69 2678
662 8430
311 7610
333 1879
33 8947
662 5864
901 15491
999 1677
472 2832
188 1850
427 2401
311 7984
901 7347
700 1577
945 3011
247 11396
637 8444
662 8453
878 2437
311 477
574 2098
999 2101
597 76
597 9889
738 3193
679 1147
457 4996
940 2396
662 11881
646 1067
999 4020
30 143
603 1008
521 2424
398 1572
817 7246
488 19381
203 1755
738 3511
33 1880
947 9127
947 17367
62 6273
562 8002
507 2830
133 3629
679 1206
562 1656
53 7894
507 6128
507 1687
188 1047
62 10962
704 560
668 603
352 2686
817 100
494 380
188 4689
553 284
901 12695
15 3546
574 3040
878 7817
293 16490
738 1693
450 1607
571 749
388 1075
293 17183
597 777
947 20972
562 170
662 11226
247 8166
52 7475
247 6134
819 6807
769 9353
62 3799
52 8345
37 1890
597 5868
15 1663
457 2899
571 1975
969 3526
700 803
637 12138
412 414
293 5682
52 14601
947 8181
769 8911
385 3679
947 7461
236 3394
52 9507
945 12354
52 23377
311 1825
133 1733
135 210
868 394
795 208
15 3836
947 14374
515 1148
901 18172
247 8404
247 8202
15 7620
15 2944
311 2704
515 1472
231 5410
562 2873
969 1361
507 7696
311 1821
488 4872
488 7934
795 5848
472 2726
628 955
947 4312
637 2638
819 4993
352 692
901 1439
133 3714
662 13228
908 5937
64 108
662 16077
679 2272
901 5108
908 6304
504 77
133 8226
683 5541
758 1636
488 18054
683 3707
678 4709
628 2725
247 2485
562 1114
887 938
872 3413
247 639
52 6260
627 304
293 3457
819 55
700 1635
769 1287
603 3347
249 3282
908 174
858 6835
940 1408
562 4171
901 11208
412 7493
769 12844
769 10253
521 4765
236 4232
887 7418
15 7678
700 3931
33 1776
203 76
52 6381
678 1919
947 15573
999 1467
817 10556
999 7314
52 5485
908 571
15 6148
597 363
30 1524
947 15790
817 3473
15 4204
662 5259
477 1647
901 10524
247 3970
901 2445
817 1684
52 11158
637 717
507 9619
33 7196
614 6620
999 6236
295 1078
722 358
627 2361
945 3100
214 629
53 6146
878 237
945 3899
908 2056
64 340
901 14311
324 4237
102 2903
678 3055
657 908
627 4189
240 3311
819 4575
133 1595
562 2819
62 8373
214 451
700 1483
947 17672
819 3033
562 6547
945 4805
637 9743
52 7729
927 4447
627 2106
240 1191
324 1571
597 9999
30 2638
293 12834
947 19387
858 7717
562 1839
858 1888
637 15655
908 4735
795 2213
427 4710
637 10120
311 4401
945 12070
388 2231
324 2298
592 3376
947 5302
817 5199
940 4593
515 2063
293 590
947 14352
662 12986
293 325
769 4262
507 4745
412 3536
868 3344
868 4496
182 3543
203 1443
819 8128
799 1990
133 256
135 636
52 10157
52 6551
295 2191
901 15657
901 4467
457 8143
795 487
603 3606
819 3775
488 7656
947 10069
908 655
678 3189
887 2041
507 8907
878 5731
52 9904
52 13728
236 5267
293 19517
133 6039
231 3921
102 4061
603 4134
170 776
683 10521
969 2286
637 1555
521 3823
878 5039
795 4603
418 5880
51 5778
678 3953
597 9340
154 3930
795 454
947 7361
795 3829
295 335
247 3540
927 3629
311 5904
947 6410
603 697
940 8820
817 7193
627 4451
597 7073
662 14814
592 3965
236 956
901 1906
240 763
69 5635
858 5417
662 1959
15 1258
33 8778
488 2746
901 16894
102 7405
908 3162
662 13133
901 3234
562 7144
488 10475
945 5011
398 751
817 8096
683 3964
927 2186
240 2741
722 1007
477 1987
901 633
597 5761
53 4071
457 5277
947 13965
52 12015
52 5644
102 619
817 10604
817 505
217 2843
628 2551
898 515
940 5262
908 3536
597 5721
293 16171
231 7084
488 18800
324 5999
231 7610
677 1326
795 12414
562 7756
30 1792
51 5659
170 57
662 9573
457 5192
999 3558
662 12546
738 5036
412 3483
385 959
57 1070
817 13721
52 4491
969 2925
901 4903
488 13662
738 3561
536 3043
182 4060
637 5857
293 3561
637 2418
940 1670
515 2027
412 95
231 684
662 15584
69 2463
293 6090
247 5252
868 4930
293 15121
53 1106
110 1667
52 2288
678 5271
553 413
231 2815
352 3619
154 3294
940 1123
293 259
133 885
592 4556
418 1943
521 5197
940 2986
872 4219
819 8117
109 380
597 4897
488 21947
562 5559
637 4683
799 3054
637 13483
819 5358
901 7716
450 975
858 5176
457 3027
657 63
553 816
507 1869
614 1071
69 3270
188 530
293 6833
52 11580
940 2074
872 1698
324 10201
488 23331
769 1632
62 5442
795 16324
662 2096
182 3462
901 16355
418 8101
521 2665
637 20925
37 98
947 12497
333 4132
887 5075
940 5663
133 3803
678 7527
795 10547
457 8404
819 5718
521 3629
901 6774
53 3369
418 1300
352 545
488 20394
817 11868
969 1027
488 10454
182 3507
182 2747
412 1780
627 2046
868 1662
69 2059
295 3832
231 4994
324 7743
102 8824
203 884
457 2205
592 4024
295 2451
51 2475
515 353
738 599
472 10037
133 597
819 7862
940 2525
769 2173
927 4273
722 540
769 7713
635 1931
597 10362
52 9755
62 7232
472 9088
887 7730
495 138
252 827
795 11956
52 3080
293 1500
457 500
324 11161
571 90
231 3294
769 7525
562 173
700 2046
385 6335
53 9974
37 267
947 6307
795 13167
110 305
231 865
295 4280
507 7269
637 9078
52 10231
333 5472
236 1198
817 15281
795 17015
214 1525
999 5922
418 6688
249 2929
293 8227
295 3508
53 5034
662 3485
769 685
488 13878
188 729
878 7282
109 545
637 9592
603 3405
388 2354
887 9737
758 1930
247 1675
722 3527
683 9336
704 249
311 1106
974 1308
947 5531
311 7329
817 10226
817 1855
53 1779
412 965
51 6402
945 9085
769 5243
872 257
901 5136
795 15376
969 3382
945 10611
614 3292
677 352
858 3761
324 2725
614 1837
811 1011
293 1364
68 456
507 6956
858 2887
51 4171
795 10265
945 5417
769 5386
795 16884
668 969
249 834
295 3741
819 6127
627 3305
769 8177
52 20526
236 6335
64 1170
901 19861
597 4611
311 2742
427 2371
388 1169
947 10895
614 7980
637 15713
683 5760
333 4240
901 10817
51 2268
878 2830
597 7787
769 13416
488 21775
947 4445
597 6438
477 2806
102 9348
683 7400
521 927
908 3858
427 3974
52 11237
133 3328
945 8666
311 6374
52 19149
627 3888
947 6051
203 2736
53 4868
53 1321
901 9603
57 778
418 407
51 5483
887 3346
144 282
901 2251
52 21643
769 1987
678 6493
457 4758
662 7478
795 4451
53 2048
352 1480
683 4288
571 2080
30 2674
52 12842
646 1324
637 14509
668 1094
236 2769
472 8251
637 11154
945 567
15 4100
603 6732
234 2107
878 7306
945 6806
940 7048
795 12679
324 8652
795 17054
231 4698
901 9774
247 10696
700 4904
33 8650
311 4612
133 3229
231 3476
51 827
412 6330
51 5555
817 2473
52 12922
614 3896
901 10443
677 2019
679 1235
488 15817
637 7229
628 2173
868 5548
247 7468
868 3564
603 1194
662 3687
974 400
678 1376
385 4998
37 165
974 1381
293 11659
457 3012
53 3357
940 3077
627 1867
324 2519
293 5304
52 20259
15 915
738 785
133 2288
352 1022
472 383
817 7271
188 306
507 2631
51 4769
669 1192
51 3850
945 12825
488 1121
52 792
662 9107
109 7
62 10742
927 402
592 3468
872 3249
947 7034
293 4529
352 1683
868 4218
457 4088
33 7335
868 1805
427 7188
683 11283
412 6049
817 11212
627 3603
999 4968
52 7396
102 5213
324 5407
504 878
418 1388
947 18088
188 5093
908 239
536 4964
457 2732
133 1386
817 13178
188 5689
947 21721
662 5647
53 2671
769 8878
247 703
592 686
62 3078
293 18718
293 6285
662 6628
662 6746
637 7762
637 19102
769 7639
927 4373
252 1093
53 8298
203 642
637 17884
109 108
488 22924
662 6274
969 79
231 4601
30 330
52 4976
947 11005
133 7188
385 7020
37 761
603 250
947 19850
234 2191
412 7372
673 1112
769 6932
507 770
488 9412
738 3533
102 1002
62 8948
657 13
324 3287
722 507
15 5433
52 11478
878 1360
678 3457
969 439
33 586
133 8049
700 793
333 3025
901 179
662 6406
662 15944
637 20317
15 1834
217 816
33 8039
429 50
53 2637
53 8106
311 5791
427 8747
427 2570
662 8589
247 130
819 4888
57 311
562 2523
592 279
795 4140
412 6276
133 2246
52 8829
385 4466
203 536
795 2699
295 4205
504 812
887 7969
940 1896
472 4080
249 338
637 4543
418 4189
57 1702
188 277
614 7336
646 762
553 295
628 2902
646 1304
311 2797
333 1035
188 2369
188 3333
33 8471
908 845
234 1338
811 3239
662 2691
102 3161
858 4308
324 6489
252 473
872 3000
683 7497
945 3758
488 272
412 6842
33 766
769 6361
236 1983
795 709
795 2295
947 9871
388 1636
51 1489
333 411
637 18899
249 3559
662 12294
324 5094
333 3451
872 4044
33 3409
901 106
940 358
947 11418
769 4989
457 969
488 21924
947 19620
668 621
102 5720
135 1203
901 10237
398 656
683 4400
945 5996
135 2197
507 7597
214 3772
231 1450
293 16534
15 5699
887 5745
614 6389
627 3391
795 12559
427 10215
398 1228
385 6145
722 2422
722 2208
293 1612
811 1607
52 5381
488 16506
33 371
868 1536
102 5275
457 1102
417 140
417 370
247 827
872 471
240 348
662 11506
52 7318
755 163
908 1048
472 8089
678 4087
247 8037
858 3821
457 6725
795 16466
240 4591
908 121
236 850
507 8365
887 7940
947 9732
488 5738
758 594
110 2032
755 413
872 2634
819 6871
999 3871
795 5044
472 7700
477 3928
15 5673
521 882
457 4343
247 7281
683 8529
628 2462
819 6253
769 3809
427 1303
597 3224
662 16072
635 2432
817 14073
521 5477
646 1412
52 15920
214 1733
429 1397
662 11935
62 5087
247 11022
472 6447
311 1532
52 12722
188 2149
240 333
592 5022
872 2514
945 9370
887 6334
562 8098
507 8777
133 1826
678 3502
635 2084
947 15517
488 14003
53 8999
515 21
154 1468
293 18987
102 2263
901 17540
799 1581
758 713
683 5599
887 8841
240 2377
679 542
472 1199
947 19166
795 4580
940 6573
324 4133
603 918
637 14223
738 3946
488 18563
637 5201
110 181
412 6270
738 4610
293 12211
295 791
352 3131
947 15294
507 2580
901 16646
947 14038
488 17849
293 14771
133 5192
868 931
738 2922
477 3650
231 6077
592 1993
240 2653
819 3300
33 2304
488 179
324 6790
295 4567
293 5817
52 19837
947 15903
704 41
646 3400
562 7416
324 7930
678 6663
858 2539
969 2534
53 5630
637 11658
477 2869
974 1575
418 6768
388 1715
240 1883
945 11857
252 1188
868 3691
878 9438
62 217
637 2431
901 12751
57 875
295 4853
418 4375
311 625
236 3443
214 4360
488 19069
69 5483
597 8368
947 10730
678 6444
811 2887
488 20600
352 322
969 4138
795 17802
940 8847
947 7555
562 3230
488 6615
677 167
878 7150
57 597
872 6272
52 21867
677 2760
385 2068
901 11688
637 18122
574 3187
234 1279
62 3730
795 14278
974 489
418 1753
940 8917
940 5899
33 6938
887 7252
217 2194
293 10189
637 12358
293 4968
182 488
683 8647
627 4019
947 3814
947 20944
769 6895
574 1921
488 15549
385 3139
999 4163
908 4805
901 18607
53 5500
536 2701
234 2442
677 263
700 3510
488 9247
637 1766
637 15962
795 11137
637 7614
908 3021
562 8332
427 4130
110 3003
488 21513
457 7634
217 2374
68 1434
662 7289
887 1704
293 13235
52 18575
683 8228
311 6877
333 3225
947 15391
33 4091
203 1479
597 152
247 3941
188 1477
597 3655
15 3591
878 5599
628 752
295 2840
52 22844
217 569
477 1500
536 4031
673 301
188 2713
945 6656
311 3929
488 540
52 5602
472 1812
597 9500
110 1394
488 20597
769 9007
868 1206
901 11663
811 3376
969 2706
33 9199
311 7055
817 420
293 6237
293 17895
293 4664
495 381
188 4920
597 10186
507 5777
637 7976
51 4984
293 20097
133 3961
637 16407
878 6121
504 681
102 1599
571 1235
234 472
562 1559
878 4171
385 2284
635 2374
37 979
574 1374
507 7929
214 312
945 11100
488 21569
758 3184
427 6918
62 9553
901 6113
515 417
53 3049
662 1883
249 1577
494 464
592 571
940 4959
662 2443
507 2182
247 9365
947 13579
738 5345
247 10632
427 6374
637 20051
817 4226
627 714
154 199
947 14499
62 699
62 1387
311 6534
188 1393
133 4499
472 9148
662 9189
521 5655
188 3569
68 1025
154 909
188 638
352 992
324 6713
352 1971
293 9577
133 8002
878 6659
427 5924
878 1780
562 8774
908 1338
457 1350
947 19392
110 368
947 3690
240 4314
52 15521
472 6321
293 9218
637 15138
799 571
662 11069
247 6623
999 6136
521 4607
878 5053
947 2176
947 11801
247 6371
614 2836
293 16387
521 2066
662 15872
521 4749
683 11434
247 670
769 7606
182 1010
110 198
488 19269
69 580
819 4088
249 2131
769 3142
795 11850
33 152
811 175
945 11579
627 2877
385 1431
247 9711
521 3044
679 538
945 7214
247 9086
817 7548
940 1496
231 6656
37 1516
817 9188
231 4763
293 2138
33 3506
887 6883
945 3702
52 19736
388 2024
662 7739
662 2808
678 5625
769 13508
872 4224
324 9042
858 6969
249 964
945 12365
592 958
57 2274
940 4324
769 14375
311 8691
769 3251
637 20921
240 397
887 1029
33 2037
62 2720
868 1468
901 17694
795 2835
908 6142
182 1438
536 3933
637 9632
293 9305
819 4049
53 6126
637 10478
53 6372
203 2527
887 4139
311 2030
252 1432
429 1885
901 12326
603 606
214 2662
311 195
231 7632
494 109
901 3752
53 6612
758 1419
33 5120
628 1103
102 2782
324 7413
574 2971
427 8935
817 5136
247 414
15 2873
597 4755
69 3581
57 955
553 14
637 6109
427 2705
249 1628
817 3864
562 3487
182 1831
33 7094
488 17390
488 14946
562 2110
887 4802
231 470
940 3543
507 5573
412 4087
64 1994
635 1003
311 7474
945 1336
418 2077
488 14699
819 6399
858 1464
637 13977
236 1346
293 2029
678 5522
33 5153
412 3316
69 2569
133 6683
293 14820
203 3727
940 1146
293 7982
385 630
678 2471
683 2482
945 8790
252 1471
819 1033
133 1699
412 2586
858 4468
819 3983
240 3067
352 4041
247 2868
324 1051
669 380
947 18794
247 1975
293 3382
52 20995
52 12165
507 6735
597 8149
214 2324
62 4503
637 9489
819 6442
521 7130
700 974
214 2416
872 5883
51 5527
662 11990
758 2994
887 7833
188 926
908 1734
488 9193
662 12785
669 638
324 9037
33 396
293 18148
515 238
627 3476
947 3894
53 7734
51 3775
52 13878
571 2055
769 3745
817 8212
637 10960
15 3772
472 8730
472 1555
472 5456
817 14367
102 1416
15 562
135 789
603 70
872 1358
817 8979
52 10693
662 7804
603 1925
385 5241
637 19760
947 20589
293 18474
521 7228
53 5145
352 774
574 2236
635 1826
311 9014
562 8445
311 3952
52 8177
678 5519
418 2977
817 3684
819 4777
683 5981
472 1549
769 12021
240 4440
571 1581
562 585
769 9890
52 15021
15 4643
133 7258
817 2603
999 5225
878 3063
488 15016
472 7795
887 8923
102 762
769 15233
488 625
878 8629
901 16342
231 1389
574 542
940 2250
293 13574
69 4220
908 2190
662 1757
324 5029
33 6858
472 9536
324 7299
333 5012
627 2058
247 3602
795 4756
52 11623
37 443
574 3977
507 4020
418 6215
293 1071
722 2592
678 6255
817 4984
637 14752
293 15643
102 3457
53 8968
62 3109
249 4097
15 7333
472 6865
52 19390
901 9576
592 904
677 1685
472 7105
472 3028
247 9488
102 7100
795 14399
908 3182
887 10034
878 1677
62 2962
324 10856
945 10960
683 2779
901 12145
69 1438
678 3863
738 4463
472 2870
427 3779
927 4845
182 3266
33 5967
324 9701
472 9485
102 4651
817 3779
536 1107
488 23332
887 3161
295 4985
858 3549
678 5893
182 1503
999 3522
817 10412
628 1330
769 15017
758 1325
154 2375
385 1107
488 19576
947 7290
872 3542
418 7019
52 23323
472 5187
203 3264
769 7410
62 4295
51 4638
817 13025
53 1778
722 2485
324 2584
472 8033
418 3298
678 571
858 984
412 492
521 8001
217 780
324 8538
858 5201
945 8464
203 1293
945 7798
418 6548
637 14468
135 492
214 3782
231 780
521 7648
214 813
52 7221
908 1613
947 9558
817 1120
182 4228
521 1215
324 10642
293 1815
182 3048
945 8411
947 17827
488 19808
507 2879
102 2188
795 5555
293 5065
947 4705
293 11511
240 374
30 1126
293 2346
293 442
488 1600
295 1057
908 3005
947 2123
811 1739
795 8214
700 712
15 1088
182 664
901 5699
110 880
769 12782
51 1319
637 15838
562 2223
901 4063
795 12739
553 774
182 2089
662 14437
295 2580
203 2059
817 4352
52 8867
333 1537
385 7250
472 5440
868 4372
203 3239
799 3718
217 442
154 856
188 5059
214 3214
947 4574
940 4781
15 8159
878 9598
637 2880
769 11799
947 15981
947 16412
878 1483
53 8473
646 2835
947 16132
52 15654
52 13995
769 14065
927 1842
817 12876
52 14128
819 674
293 2547
940 2784
51 2000
231 5599
969 888
908 5408
333 3564
203 3135
247 4051
940 2874
908 5172
597 10097
69 4366
507 8957
795 1012
236 2546
603 2861
240 1594
249 3998
795 6530
102 1057
637 19466
819 4504
872 3709
945 5998
662 10210
637 9889
868 4583
536 648
30 2182
817 9277
637 19375
427 8630
574 4007
872 663
33 7418
472 1365
614 6904
795 13614
15 4505
53 289
217 109
412 5147
203 3601
15 3188
477 616
311 8296
488 21086
901 5346
678 844
637 20659
188 5262
858 5779
135 2023
236 1744
603 1468
637 19964
603 5670
293 8681
574 451
758 994
333 4093
677 1472
110 120
811 1399
15 6111
597 4976
488 14060
683 3303
795 9029
722 874
637 5744
477 3645
240 2691
385 2872
231 6539
662 2186
817 10609
418 1076
412 5213
33 1186
324 10289
214 924
858 2377
324 4114
488 317
940 81
477 3391
52 10508
102 7889
15 7420
429 499
819 505
722 2263
947 1625
597 7220
738 4923
33 5029
324 6440
62 5023
135 1068
769 93
597 2810
637 226
597 9244
795 7046
236 5138
769 10476
472 722
352 1154
662 6339
662 5812
247 3795
504 1221
738 3358
908 5508
769 3391
858 6564
947 5470
795 4908
603 4684
872 5082
52 10117
52 6130
53 5689
947 3206
188 1654
817 14808
236 251
504 2012
52 20099
33 6324
472 9722
969 4023
385 441
878 8158
637 17100
668 217
945 4309
69 3615
947 8766
795 15219
662 9877
293 14578
947 10604
999 7049
678 1566
133 6132
662 2085
472 2702
872 5518
311 1380
637 12506
249 3136
133 7435
628 1165
110 1900
521 6526
683 11752
769 6074
52 6722
614 4550
811 955
795 14181
901 4631
817 10114
69 2975
901 14095
488 16928
887 711
947 11319
504 1466
352 3459
758 1901
214 1950
878 3176
37 1132
385 3604
30 553
603 2436
488 2005
102 119
887 1671
33 6449
662 14775
62 3616
799 2111
940 3432
700 4112
683 3647
571 1524
52 10197
457 4050
102 6511
52 18404
858 5834
597 649
33 3040
646 2212
102 4465
637 14914
427 2107
494 853
52 8478
817 5830
385 2475
878 3806
887 5492
657 770
722 1015
68 1289
872 1413
868 4669
472 65
999 2713
887 1593
858 4885
295 1413
574 1745
898 76
110 852
878 3444
940 4057
418 8452
37 1163
858 5293
412 3827
662 10965
811 1186
311 5249
562 5299
53 9518
878 718
562 7054
769 2103
887 3638
795 7471
635 106
811 1930
247 7622
795 6373
144 1527
769 8741
507 7136
646 3033
15 2984
188 1720
901 2587
817 11685
488 6779
52 2945
521 3868
515 1269
999 170
969 3652
52 19644
521 4363
62 8523
657 660
887 5092
231 1495
333 4753
418 8365
817 2426
418 2600
249 737
945 873
901 9652
488 5886
738 5152
388 203
488 16775
683 552
236 8288
231 7403
637 15637
901 15375
627 2014
662 4745
669 879
133 7600
679 1500
293 17303
62 5491
945 5203
249 2171
901 14705
868 3227
945 6970
62 709
868 241
700 983
472 5970
311 8450
324 241
472 928
62 1390
901 16136
102 4291
427 1740
69 1495
677 2305
700 4384
385 3941
562 2039
324 11901
683 5429
628 1487
488 22016
878 7654
418 5215
311 8522
15 7212
102 2057
819 5255
412 6357
295 3936
488 6597
562 3622
945 11372
571 1144
388 3827
388 2491
62 9125
947 2997
738 4401
477 620
311 3612
521 674
878 1092
488 9998
637 53
507 8717
427 6500
868 2846
333 3423
635 442
614 794
133 7991
324 6030
52 20832
182 2726
293 20745
64 906
53 2209
562 5021
188 3743
947 745
662 511
669 596
33 577
817 13190
472 4375
293 12702
102 2533
637 3719
795 5324
15 8115
887 7580
597 4246
472 5094
662 7185
947 14646
214 686
637 17560
769 11021
637 8378
769 223
293 6846
102 6020
427 1953
700 1009
901 17644
819 2100
388 2888
110 774
457 4859
30 1142
472 6197
635 1369
477 1864
927 1928
662 15202
908 3675
507 8895
574 3873
188 2276
457 7903
908 2213
627 350
249 5463
33 2945
388 2991
52 8957
247 2232
927 182
69 3747
133 2791
214 2246
574 1318
427 730
53 3836
999 3139
999 4387
234 2634
412 1498
700 332
887 6926
52 20118
247 468
472 3410
927 1234
679 164
488 20461
901 11063
673 985
214 2900
240 2010
819 6101
947 11783
603 1980
637 18996
247 11283
662 2343
769 10224
52 18264
412 6362
472 4234
488 5579
908 746
947 776
678 781
249 1426
488 20615
769 15468
293 16730
683 79
52 23760
33 4921
795 3905
769 2942
646 142
102 4421
477 339
427 6851
51 3343
293 5656
945 11900
678 5509
293 17501
477 3462
182 3601
472 6269
878 1411
477 2091
927 4143
562 7825
901 7533
488 8311
574 144
488 14189
614 4185
427 4968
69 878
769 6245
683 2940
234 1095
68 831
472 4816
324 7619
52 9376
795 15487
57 2481
418 1016
878 1546
472 9787
999 6792
553 364
457 7408
562 7266
236 9395
236 3654
249 135
945 5302
472 1723
236 9193
635 199
940 8109
592 3182
662 3861
488 15539
887 7296
901 12657
795 5616
324 435
388 263
427 8858
488 11205
700 5257
627 3135
817 4150
521 7464
521 5417
472 7592
769 3986
817 4767
154 2866
574 3926
683 7682
52 14614
154 2713
795 99
488 18109
683 7305
51 4693
858 3947
385 2201
418 7160
940 7716
908 1242
62 8287
293 16970
662 13835
62 10467
109 73
945 2089
240 3101
662 5018
637 3060
53 7276
887 7563
700 4166
614 6237
521 6316
637 15499
427 4260
33 8580
614 1658
901 18499
64 282
182 1023
947 5085
15 596
646 3477
571 1678
488 960
819 1266
311 1959
769 11128
231 5356
293 16905
901 2607
188 5231
646 687
758 1668
52 19127
945 9271
553 892
722 187
52 5117
700 706
758 2342
333 1274
878 771
427 10291
947 19250
614 4903
182 2807
947 17924
231 4084
217 2513
102 7295
33 7729
945 2697
887 9175
293 17330
53 3421
52 1500
819 7201
858 1842
591 273
872 6081
679 421
62 7799
412 2049
627 1355
637 6852
662 5428
488 2218
769 14419
472 7969
657 1019
51 2125
817 1225
628 61
872 465
769 6990
385 735
217 2422
677 3313
637 13043
51 1064
507 1192
427 2804
662 11705
947 415
293 8699
62 6444
488 17162
637 11992
872 416
488 8870
488 5689
477 2849
637 19626
15 5995
878 8351
878 8724
755 364
817 13961
62 8023
901 4601
901 15961
872 3351
52 4410
488 19699
614 3998
333 649
817 3187
30 1918
521 4414
311 464
412 5337
597 7943
887 9232
627 3678
133 2648
592 4646
769 3455
700 3801
64 1661
203 3246
488 20083
858 6411
398 246
15 7489
154 2858
236 2199
333 168
536 1681
352 2419
927 909
562 5386
887 6856
901 6370
388 3353
236 9334
940 6542
333 4276
214 3004
62 1710
