9376
645 6138
501 647
591 209
664 4750
480 18205
220 2995
822 11677
792 3477
426 649
952 33247
144 280
85 2613
327 11107
160 758
141 1808
952 2503
160 3017
877 7824
997 8328
556 2229
426 2474
413 6815
299 454
141 2721
61 14782
540 606
505 5186
254 7042
79 1592
931 3410
115 20605
526 1349
966 5454
254 2358
85 10267
65 14410
67 1214
342 2639
79 7365
635 17045
568 673
61 822
990 2807
126 371
635 5163
858 3797
997 1269
88 518
698 26
660 582
806 13700
952 37899
490 440
9 2750
480 20242
664 9098
61 8666
997 1551
976 2455
413 13885
368 2168
505 8331
236 1158
221 1363
792 6581
800 6001
976 3547
806 14668
413 18577
800 6584
504 4317
160 899
712 4559
952 2192
505 4699
645 11637
115 3902
806 8510
957 278
660 2935
79 2782
783 3372
591 2962
505 8436
712 4229
71 2334
163 1362
966 2841
664 6697
645 6443
725 8159
480 3607
635 6694
526 5575
858 4252
635 13440
505 6403
966 1746
641 11356
115 20485
664 17610
645 17521
591 5289
788 2375
333 3854
426 280
78 8153
952 37609
327 2635
952 10304
806 17
333 2828
645 18770
725 16701
858 1310
236 1135
635 3848
368 1422
160 1973
981 3900
30 1616
997 2352
568 913
501 1452
981 4500
224 1170
254 2239
65 12662
78 2269
591 6166
480 8157
146 1360
414 5146
413 14341
441 339
641 14403
641 115
997 10019
327 2021
88 4098
65 4321
660 4065
925 2369
997 13180
126 2384
822 1562
501 1220
52 5235
664 20423
952 30012
783 613
725 16522
236 2755
725 12358
236 6007
65 13712
591 5798
788 996
480 1300
505 4909
79 4272
480 5181
65 5759
952 14213
115 25192
858 1916
22 3316
504 3593
52 1693
327 6587
935 1453
224 3727
115 10558
822 12609
480 21240
413 6986
541 3531
664 10706
480 19627
664 19817
480 19047
236 5417
877 4501
414 1773
88 1892
327 7920
418 671
414 5594
355 112
858 1087
342 7018
952 19220
126 856
540 140
602 2267
664 17851
806 4640
783 6696
635 8923
333 2416
115 4736
85 11390
966 3763
641 10649
327 8194
414 2423
65 7954
79 4169
413 7736
79 7072
822 1560
822 10370
480 3876
556 5306
712 10310
426 3987
952 34813
71 1823
712 99
997 12477
122 139
163 1514
877 2106
356 1833
61 11048
553 3137
413 748
783 5190
792 6213
85 10991
952 4069
220 5945
877 9187
30 5688
645 14877
541 2096
822 2330
635 11691
952 7352
65 9419
78 2657
480 6960
505 5278
660 407
806 17662
418 1845
30 1889
428 3320
712 4384
61 3569
61 6313
641 807
806 7122
806 9607
414 1039
858 6741
85 2171
952 26054
573 3119
224 7036
501 1553
505 2671
61 1370
65 7822
952 1251
931 1408
966 5562
413 13307
437 713
61 4651
806 10147
997 10277
645 18123
413 5155
504 4250
414 7127
490 2802
368 1286
635 8836
65 11528
806 17055
426 5611
553 2350
877 8200
806 2261
505 8190
981 1433
115 1582
664 15819
146 3129
236 2405
85 5023
342 729
952 22231
541 1517
115 25395
61 1744
641 1873
254 822
660 1795
664 14533
30 3378
85 9184
28 3179
635 4008
503 1361
858 1218
591 6153
553 2934
792 9833
30 2980
664 296
783 5038
553 5270
79 5870
894 3137
115 23845
426 7606
712 8946
952 13464
806 17977
115 13583
645 11608
368 532
894 1400
822 1534
792 1836
792 9836
877 1398
356 498
327 4679
88 2456
858 2631
792 8623
788 5813
541 2306
822 1752
342 2048
480 10827
28 1498
327 11078
641 13414
52 3917
61 15856
16 1429
698 225
997 8810
437 2292
858 8668
725 13467
591 642
990 4633
503 4419
480 15108
413 11494
792 2999
959 813
952 25257
635 14271
28 3381
115 3907
660 852
85 9897
501 2504
858 6340
126 1689
664 3313
712 88
236 5393
504 984
413 21505
783 2870
141 5162
28 1593
273 1855
115 20009
71 285
236 2300
79 6820
822 6305
952 357
480 9143
858 3546
85 644
981 3574
504 4839
952 8840
85 3683
333 1689
792 1641
327 7451
806 20476
141 4400
591 783
645 14049
877 6730
115 3439
85 6964
480 21329
976 690
997 16234
981 5416
115 27487
952 16849
816 1136
635 13256
220 3178
725 11337
368 3205
431 1149
333 2034
480 9680
115 8512
858 1756
684 1124
480 3130
503 2846
990 3548
65 7160
413 15852
78 5714
635 4894
88 6065
635 12218
645 5379
981 5294
645 3814
664 16354
414 2236
783 2523
16 1601
792 2527
115 28218
788 3408
480 8277
78 5532
163 3991
115 2074
431 2229
952 16487
413 17361
635 8945
504 3810
79 2073
61 8184
115 7563
480 7939
641 14448
894 212
441 1067
931 5763
65 5348
414 2110
664 5138
792 6009
664 7258
52 3792
664 5372
877 2323
9 1675
997 13515
115 845
254 4101
976 5996
236 7605
115 12496
877 5065
635 13817
664 2916
858 10036
990 4552
792 9450
333 3199
952 25028
9 1977
822 3012
725 1922
664 13882
79 5486
931 5448
52 802
792 2633
909 1038
115 1082
414 5715
952 36416
712 544
163 1165
61 2477
591 3046
480 15943
505 1594
635 9345
952 29231
792 9592
725 8392
997 3458
997 934
480 16651
800 1987
504 3921
480 2282
115 5579
816 1361
254 6622
556 2997
877 3032
78 4039
712 10921
822 4942
480 18854
254 1744
254 1918
115 26433
712 2243
437 1361
591 6783
641 5798
952 26501
327 1333
664 1814
413 8611
664 4493
413 9360
990 2132
806 13064
220 5271
480 10095
645 2060
968 2130
822 10862
79 479
712 1044
997 7991
635 18485
115 1478
342 6095
22 3418
65 11193
356 2505
800 3382
997 3078
889 200
78 841
236 4179
952 5692
342 5304
935 677
480 5556
68 3368
712 5476
664 14360
115 23271
115 13822
480 6359
783 6823
635 1552
273 468
894 531
645 8545
822 4094
254 2822
725 13511
952 30200
426 4874
65 1683
236 221
725 4940
141 4164
71 1914
431 2534
976 6702
806 12142
413 8360
783 5821
437 2327
115 24085
822 7555
952 11724
254 852
788 10405
85 499
925 1636
61 1359
800 5546
858 7434
553 5774
556 563
952 33075
664 11812
426 6331
712 5276
61 10506
236 551
368 3879
553 3412
645 12610
635 8501
981 3764
997 7037
437 859
645 11937
85 9764
806 3255
342 5825
725 11066
413 13185
431 1141
645 7494
660 3916
368 1672
504 4464
792 6086
414 94
67 981
645 6449
792 6626
641 10238
501 1777
356 1751
997 4676
641 6941
645 9172
356 649
160 3513
224 2807
556 280
480 7826
641 9207
952 12807
126 3885
426 3801
997 4707
952 34452
526 321
909 1418
224 9290
414 5779
65 4186
254 3615
426 681
894 2487
981 5296
541 87
779 331
78 1554
645 7116
976 262
327 3162
480 11045
16 237
505 463
725 6429
997 16050
997 13753
65 12621
927 142
822 9975
806 18715
61 11239
641 12446
952 28713
115 9589
952 7405
822 3470
299 714
792 4025
220 3931
413 2167
413 18502
931 4350
65 136
553 1394
822 8094
88 3102
163 1498
877 8920
664 6018
67 882
952 12135
22 1861
952 2742
712 1401
431 3137
426 5274
968 705
368 3043
573 656
88 2632
925 2075
79 3063
664 20654
635 3243
976 6280
368 3982
966 1085
725 5937
645 4401
236 3374
368 3322
635 12011
28 2861
800 3675
877 8425
591 1152
163 1853
327 11352
635 11420
79 3396
65 14572
952 14810
224 3554
413 16655
635 384
9 2262
664 5581
115 18558
146 770
556 5171
115 13372
441 849
115 23803
966 368
65 4972
788 3052
505 9006
505 1099
16 1187
645 12927
788 5164
327 10277
591 3760
822 12471
925 291
115 21575
68 3954
541 3114
141 1107
931 1516
877 6827
52 5555
952 10540
664 20054
141 791
788 4063
79 6195
333 2714
115 8114
220 6224
788 1052
809 418
894 2792
220 6644
220 4456
30 7845
480 17929
68 3214
224 7783
431 1288
816 3018
909 105
788 6954
115 3254
115 7251
645 7232
806 2663
115 13960
997 16205
505 9233
935 1988
997 7849
480 13762
822 6630
505 1172
52 2060
725 3583
88 833
725 6715
333 4539
952 6673
418 2090
635 6901
88 4197
526 189
505 6075
333 3403
356 846
635 11944
126 1518
553 3375
413 2940
952 33446
413 17541
664 3981
806 7709
952 12532
966 2152
254 78
806 6402
146 4278
806 3777
660 3569
61 11992
952 27015
806 1335
712 11048
641 1963
783 3997
952 3865
254 2925
79 5644
990 2405
788 9002
221 961
68 355
327 9339
792 526
413 14409
792 4239
355 418
431 810
997 14526
792 11755
480 3403
952 6585
712 6343
79 6693
591 4084
65 7389
224 7596
909 1666
426 2052
254 1388
858 9745
115 16616
645 17661
61 4113
88 7310
968 251
356 3355
480 4629
635 14186
568 3042
79 3995
822 503
952 13646
809 173
61 3465
52 5605
997 10145
413 8389
413 5639
966 1612
858 1495
641 8729
806 11183
909 2926
788 7235
115 819
877 4110
504 4339
413 10148
78 5456
115 11342
480 1481
952 34275
480 13574
505 4662
85 4178
428 229
997 12898
65 7669
327 6827
664 13775
88 5053
480 12457
224 3416
480 14195
413 19614
414 5880
877 8652
428 4856
822 4999
333 2485
602 1405
22 1075
490 2163
822 1895
952 33021
52 4793
968 4824
503 5224
952 28310
788 7854
428 3244
591 169
115 26151
935 5003
806 2795
61 286
368 2176
645 12269
88 3514
68 2110
725 11607
981 2233
641 4241
115 2804
413 9508
997 615
645 12301
788 13750
236 5632
160 3122
85 7949
858 318
822 12144
858 7518
877 5890
556 4598
480 3023
88 4611
526 3267
52 5092
816 2268
79 969
504 502
935 2797
224 1972
591 3518
602 2017
645 1050
800 694
480 18715
976 511
806 6849
513 1093
800 2978
61 949
236 1488
126 3028
877 4239
635 16039
480 3542
65 8163
254 1645
220 4527
664 18955
783 398
935 765
85 11103
342 3625
635 8732
88 2202
61 4795
61 2783
858 5096
273 1111
65 11781
30 2444
725 1453
783 49
822 3513
664 2022
78 2880
800 7082
935 4209
88 4439
635 5653
877 3393
333 3618
414 6127
480 22714
990 647
30 3815
540 1016
816 1552
968 4239
426 5125
645 6774
997 13644
541 3591
645 14354
887 68
660 1917
664 9149
115 26604
635 13345
783 6101
664 20149
645 18280
966 1190
85 2482
254 5989
541 1415
641 1149
52 2710
490 1908
526 5155
65 8646
664 19081
981 2345
490 1034
160 1613
679 819
997 5696
141 376
503 3808
877 3570
16 1546
792 9721
641 2805
641 10630
909 4095
356 3690
935 4849
997 12035
413 19767
28 3162
788 7279
413 12859
788 13181
877 38
505 1281
30 3122
505 2372
806 7190
788 4973
480 10063
115 15555
952 39653
660 369
368 2919
504 1024
333 774
800 1265
725 2215
146 1400
413 6014
725 10819
413 16287
273 1687
725 11819
490 2563
368 998
224 4973
414 7364
822 11872
144 260
591 6329
822 11346
480 15589
65 4715
952 7958
220 2076
52 2994
65 10936
952 20155
952 21744
480 7212
327 4284
504 2759
679 264
877 6369
931 4276
505 5978
394 49
822 3524
224 4313
712 2755
966 6866
858 8148
115 9448
9 1539
224 3692
645 2873
413 2827
356 3807
433 181
997 1413
71 541
788 3043
146 1294
725 3133
645 9206
327 5781
28 3902
78 1482
788 4643
788 3433
16 1233
806 464
115 11161
641 15008
30 3505
792 7802
645 18186
85 8007
635 8305
115 1400
931 88
976 1778
858 6991
414 1141
935 4368
952 4015
952 19326
635 14136
952 11353
952 15498
966 6832
254 991
792 6943
327 2238
783 7343
79 4878
61 13045
220 4308
822 11814
952 26336
52 3623
806 19446
858 6414
115 28354
342 3306
115 18032
822 384
935 3089
635 13077
413 2006
85 2975
480 9713
414 7146
990 2252
997 3260
490 2663
959 1341
52 5472
88 687
725 14315
22 1442
968 1859
935 5176
573 1348
806 8273
28 3051
877 2463
952 22421
591 518
664 14869
952 472
480 22991
254 6131
858 6723
413 4182
952 19719
141 3498
513 452
725 11411
220 5134
88 2735
88 2960
725 9650
925 1498
30 1656
79 7192
877 412
414 6493
679 1070
568 834
52 2449
413 5886
426 3235
664 5438
426 3925
664 7551
935 2734
822 2476
115 28435
792 9609
65 11327
664 9969
79 8294
22 177
414 9116
67 1263
822 10581
30 205
480 247
480 15837
788 2612
958 1256
68 2919
635 9941
65 13043
426 5095
591 730
414 8606
431 2024
788 14036
952 1981
660 294
981 3586
958 526
909 1889
806 12171
800 283
976 5638
526 2019
966 674
526 4558
997 8867
61 5246
30 874
641 13220
504 4278
342 5030
997 10521
115 16646
413 10984
78 1035
641 13214
641 8924
788 13606
115 13493
556 4958
952 23862
568 64
356 4011
61 13602
925 60
418 1981
858 5129
997 9344
333 4291
9 106
635 5335
553 1888
30 4320
935 2569
441 944
645 1297
788 777
806 13123
61 12812
645 3302
968 3198
952 38147
806 367
327 4414
997 9576
909 108
968 3360
641 12818
792 1061
952 10038
61 1704
85 9049
645 13455
800 5399
426 4849
414 5191
541 253
115 3051
792 10085
480 6323
858 5377
79 7538
788 6172
997 9740
480 21611
806 10442
788 4710
712 10158
413 20121
368 641
725 12169
664 4641
712 1149
952 5059
952 35297
641 6810
146 2927
931 2466
78 4616
712 4610
858 476
426 1904
635 15173
115 22625
505 8114
641 7567
30 4463
79 5133
146 201
806 4749
342 6924
806 8054
822 12732
591 5042
783 1507
115 24984
664 16442
327 6194
981 2572
52 7251
660 2310
115 18327
61 1447
526 2868
490 956
342 1546
220 3693
664 8965
591 2685
224 5730
800 5347
254 5461
635 11602
568 418
806 7920
591 3852
327 4891
894 4291
952 13813
698 353
800 2853
413 18723
254 4776
254 5871
968 3074
858 8198
664 9721
909 3284
788 3539
641 13794
65 12165
725 13304
591 7958
163 2575
806 15090
997 9981
115 228
224 4514
981 5071
61 6574
952 10820
480 21191
505 3367
712 6044
431 4458
712 4457
88 6802
935 6890
88 5991
858 405
664 4894
635 11113
645 1584
822 6617
220 1414
480 2511
414 2541
981 4865
935 3631
553 5045
783 2587
909 755
163 2212
342 3031
426 3445
505 3602
504 2353
273 2335
952 13625
79 750
428 3542
712 5656
725 2090
635 17148
822 11968
635 18956
952 40721
909 1530
85 6014
273 461
645 2183
877 5085
858 9115
505 3426
788 5144
370 762
61 7919
800 1862
146 608
368 1793
935 6804
22 273
115 9679
327 5915
503 5750
78 4587
413 6364
52 5355
65 10898
480 5086
788 14636
822 8997
800 5767
966 850
254 6738
85 473
356 711
591 6845
641 15415
725 7031
800 329
641 15945
224 8474
935 169
141 5494
254 3728
712 9156
931 5500
490 2022
163 247
52 6017
224 3671
556 2032
792 6268
792 2245
966 6271
115 3191
602 1092
952 13003
78 139
645 1441
968 124
503 840
725 15188
30 1598
85 2977
115 8923
115 17480
85 1365
877 7349
783 4379
997 16147
526 3437
490 504
115 3940
254 6228
664 17118
342 6078
52 6550
236 7660
645 11493
645 3925
981 1917
641 10781
413 2629
792 268
413 21548
480 16069
959 329
115 22350
966 6175
553 3640
356 1157
236 4627
503 5417
664 7265
800 3992
553 4115
115 5742
602 944
85 1388
788 9676
501 2184
68 2926
236 6049
635 5107
997 13873
573 1816
877 9289
115 18149
952 7493
88 5298
641 13870
635 17627
635 13478
779 485
909 3941
635 285
88 5428
806 18312
894 3009
553 519
568 362
664 12589
976 6148
413 4828
503 2592
788 922
997 11973
822 1665
437 1936
635 4146
952 32836
957 155
413 3968
783 2213
61 1276
115 1161
931 5532
526 261
664 3193
52 4965
480 21675
146 53
573 2375
725 4655
553 4371
931 2106
783 6536
952 13703
909 2606
806 14781
641 200
65 9997
79 3984
333 1532
602 2130
22 505
342 2582
806 17217
254 338
426 7537
78 6065
553 2354
541 1297
160 662
556 4339
725 1982
394 1597
925 1609
591 4744
67 216
712 8804
641 1481
342 5797
78 5805
65 603
641 15369
79 2622
816 1039
990 3862
645 10677
146 1634
480 8753
414 8195
115 4915
997 15323
553 3033
641 8506
61 13892
480 21880
664 8302
254 4428
792 6784
480 19420
115 3877
976 2770
725 1456
664 19558
641 5632
976 2640
501 579
22 824
645 9658
115 22477
641 1536
413 10423
664 5638
783 4659
806 4877
800 172
413 9809
556 2173
480 22819
505 3806
504 974
65 1048
115 11914
641 8865
935 7395
792 7220
30 6003
426 7443
480 20111
85 2862
635 11212
356 2458
22 2834
400 1293
645 5796
414 3430
952 27724
635 13642
428 2999
236 5605
115 23543
115 14596
952 6593
480 10034
115 22582
931 977
88 4544
22 3413
952 17894
78 2552
480 19794
220 1780
22 1693
30 5826
273 416
725 720
981 5774
725 4809
725 14422
591 7476
9 879
480 18268
414 6663
426 4266
788 9088
79 4388
645 12061
712 1321
480 9515
602 1643
698 171
418 28
141 4614
877 7949
712 2840
645 12657
952 39296
959 1799
976 2332
220 2329
645 4488
894 2210
428 1301
816 1334
645 7912
220 2473
368 413
664 7970
333 3035
541 3340
22 2720
800 2224
65 2185
503 4832
126 3759
858 3144
645 15114
635 4471
635 13126
573 2515
641 14266
146 3340
327 5036
858 2757
591 8123
327 4503
254 2397
327 696
115 10984
997 9016
858 6236
333 3860
22 2140
224 2906
9 3048
568 1058
505 3166
414 3052
952 16381
800 4385
981 2381
858 537
645 2763
788 14782
788 11750
556 3685
568 1997
997 10464
68 3498
254 2721
725 12992
480 8622
85 4313
115 9600
635 11937
645 12982
327 457
413 3729
997 1845
635 14846
327 1138
433 261
952 19847
414 6236
645 11787
22 138
115 18111
641 9572
712 8112
61 8901
664 19982
894 444
327 8570
952 21469
952 33351
806 16166
952 1898
698 430
85 8082
61 5823
556 3351
163 3092
78 3623
809 590
115 9762
480 11552
573 2594
78 2120
115 16139
126 2494
437 339
503 6035
273 2190
645 16016
806 5265
806 18906
664 6007
664 14468
88 6615
480 426
115 22800
368 68
822 13060
115 12847
935 1028
952 22240
368 2430
115 10371
115 17088
822 3472
88 5545
959 1194
504 2389
645 10518
966 3247
806 633
553 6002
725 7497
78 3990
788 21
966 6718
413 10349
224 4890
68 3418
800 2328
641 6661
394 636
254 7101
800 413
788 13311
413 7173
645 19246
163 251
712 2145
480 4249
22 3640
327 2822
28 2905
641 7221
573 2845
426 3691
931 1996
327 10995
163 2384
935 2979
141 2560
792 9569
556 4453
935 973
966 5280
635 2258
556 1801
236 351
115 6487
115 2315
78 8321
160 2984
725 390
68 2198
806 6186
602 225
725 5218
52 1891
65 492
641 325
505 7984
725 3300
783 2405
220 1471
141 2997
645 16028
997 7619
816 2408
61 5182
966 6732
952 20862
414 4263
952 14696
952 37320
254 1574
115 21926
952 6079
641 3575
414 8716
28 533
52 1359
88 3707
163 3191
635 11472
370 844
254 5602
67 1779
400 1257
65 13233
952 23708
573 716
85 11257
61 13228
505 5000
505 7557
414 5699
935 2681
894 358
480 22752
806 16594
22 1146
65 10825
806 19418
52 4259
327 6807
426 5701
556 3265
163 1138
725 8288
641 3615
115 23996
788 3619
645 17419
712 4143
526 2639
952 25178
394 139
664 19505
68 2094
61 2320
342 4117
997 299
370 521
645 18286
966 743
426 893
85 8814
115 3967
115 3975
952 4602
952 19505
635 5134
952 29007
935 1274
664 15210
792 8305
641 6940
413 7516
792 2390
65 5904
85 9940
684 31
78 4385
822 5132
664 6242
85 8973
591 1057
28 2194
997 5282
85 2285
925 730
16 319
806 7853
909 278
591 4117
645 16848
431 3813
68 2812
788 11891
9 491
635 9807
505 4285
115 4520
505 7726
792 4902
792 10141
71 2075
792 5505
990 1850
163 4414
635 14654
30 7108
356 321
935 3536
480 9570
591 6900
725 118
806 14034
952 10390
591 4222
556 519
61 11695
591 5471
413 21212
645 5103
490 3610
952 14070
788 10195
327 6300
792 7651
413 1116
635 9539
30 7785
952 36002
783 5618
61 2224
556 1244
115 12661
141 3445
925 1145
327 6437
480 20056
115 25130
541 1710
78 5166
526 3609
71 270
952 37123
635 9589
85 3361
952 27874
115 5466
400 1075
877 975
501 2445
78 5397
115 5885
645 9901
85 6385
957 307
414 7553
115 17661
635 8110
976 1940
712 1543
822 6989
126 1019
413 19720
61 10644
641 12307
52 6231
414 1591
591 5064
725 8780
413 2505
160 3474
822 2892
591 1464
61 7480
428 1918
952 31389
556 83
935 2677
556 835
952 20533
816 1332
935 1343
414 2971
437 1087
505 1122
394 1401
664 19695
505 7836
641 13685
952 36949
428 4505
990 1776
877 9684
792 7983
806 19843
712 8686
115 18668
952 39761
792 1445
645 4128
952 6437
822 7823
894 2069
71 2165
568 2702
79 4335
641 14503
553 2201
426 2351
480 19180
52 4598
725 9790
997 13268
935 1933
816 680
664 8706
952 40192
635 2308
725 10320
935 2436
792 10394
65 2839
858 5796
61 5763
573 1900
806 9886
635 15567
65 10090
220 4285
115 11986
725 3841
591 4884
952 3752
163 686
635 10559
480 20623
822 13195
327 3982
806 5150
712 7065
931 3445
725 5396
30 7748
414 34
725 13890
641 4960
952 21602
952 31975
927 235
976 147
115 2498
806 5004
858 1623
968 2534
931 548
413 6887
602 1824
858 7876
806 3346
725 2534
641 12917
660 1279
641 11993
645 7448
52 2613
431 1000
788 4492
664 14411
480 17649
503 3680
822 13597
783 1096
925 1378
976 657
327 2402
126 1708
822 12267
413 7092
115 12889
342 3386
792 11165
413 14024
236 1229
61 14836
65 6124
146 744
426 6445
952 26971
78 5841
480 16589
725 8685
541 277
16 1656
792 6537
52 6926
809 511
664 11624
635 3890
976 5388
224 8774
65 1186
635 11884
981 424
224 4616
966 3282
725 12613
426 1322
725 1331
664 7131
997 4180
909 2719
788 4310
503 1531
85 6833
664 1626
952 11463
645 4848
725 13401
822 1694
65 104
480 4451
591 6912
660 1732
591 7003
79 8357
909 415
65 1367
85 8325
822 5191
413 9545
990 4057
645 8767
635 7441
115 24282
88 1560
490 2310
635 14989
480 8997
224 4752
806 11773
822 2035
591 3630
400 1400
952 33252
788 7658
236 3043
664 15193
327 9563
858 8026
698 493
894 3841
342 3065
877 5214
441 195
664 9296
553 1712
236 8042
645 8607
254 4421
968 2335
952 31532
664 19471
160 160
792 3657
725 16699
368 3131
490 3746
645 1893
16 725
428 1562
958 892
85 5380
894 311
428 3405
115 25826
413 21290
952 7613
635 2609
635 16125
997 5099
877 2881
788 5604
85 1783
65 11655
553 4453
505 2883
641 14217
976 6352
602 1269
783 2637
806 19967
224 2959
664 13427
224 2237
783 6401
792 9374
952 14017
68 3292
712 5929
822 9373
792 6666
413 1887
418 2078
254 6175
725 4392
115 5127
141 1394
236 5350
480 12182
413 3294
635 7149
645 15016
368 346
725 143
236 5179
788 12590
952 11658
792 1296
952 40058
997 9959
591 5816
858 2274
990 3951
660 1049
966 4211
591 402
952 12021
126 874
61 233
952 6940
877 1688
952 6229
526 375
85 10233
79 7683
78 7847
712 7606
65 11998
327 2855
342 6808
327 6269
788 10690
28 483
85 5274
952 36963
163 1224
712 4026
909 3818
822 4718
822 6495
645 5273
431 129
254 2542
788 540
426 6593
925 1251
505 7814
413 12004
952 8039
858 4522
783 7384
931 4210
952 18963
71 1480
725 15410
220 3955
725 10943
894 2010
327 9050
52 6683
925 1717
952 37610
513 1267
356 2942
413 15507
220 6682
115 14423
976 1564
635 9008
660 4170
858 9605
925 1301
952 32874
894 4088
553 5507
931 1127
9 1324
342 5431
146 856
71 366
61 8790
641 11642
65 12536
85 5705
568 3186
712 7392
792 7456
806 10813
504 1867
342 37
504 153
635 15028
526 3363
927 670
931 767
952 25531
68 2688
952 30822
115 670
635 2329
858 3012
788 1328
553 3230
806 10570
976 2727
115 12182
635 19049
85 1542
52 6697
952 21119
952 35123
684 1109
342 2700
413 12685
115 14364
115 24266
236 7844
480 10183
30 5228
602 332
806 3035
426 4559
968 2272
160 1607
959 1157
997 5797
65 14486
342 3084
526 311
645 5871
61 3176
333 1063
67 246
725 11135
115 7481
894 2049
792 8089
480 19520
68 715
997 4034
413 1912
61 2151
504 2307
61 13886
966 325
490 3731
792 4805
660 2794
413 21365
783 7243
503 2305
952 4407
480 19364
712 7732
78 7360
635 11801
698 147
931 4400
858 2412
342 6500
635 3132
480 4025
413 7070
88 1401
952 9278
394 1496
788 9921
65 2886
641 638
931 5072
725 591
115 24654
806 4607
79 3129
591 8147
664 8993
788 8386
431 2347
504 1641
505 2554
725 10223
935 5218
976 1111
968 562
788 9807
725 1519
16 834
783 6675
664 16841
78 1228
254 5783
413 960
333 562
505 6696
952 19110
976 4133
635 16561
22 2873
816 2521
925 2057
65 12266
541 3653
480 9028
480 13167
806 3086
413 4211
327 6763
160 2246
115 16233
428 1093
220 5044
504 3390
725 13168
952 256
712 10247
30 2946
725 6407
645 11216
712 7320
877 4165
909 2549
71 1235
115 15457
88 1124
877 7772
78 2928
78 2514
664 5797
981 5445
480 19217
368 2224
783 7263
428 2735
556 430
959 918
30 552
783 7061
426 7686
85 1993
822 10994
480 14973
413 5514
61 8518
553 2176
65 2505
88 2057
236 5380
52 3779
788 6290
952 29265
966 4592
952 24056
641 8618
952 8620
806 14304
224 2652
788 9134
426 3379
858 2899
333 1912
664 9601
414 6356
645 15741
220 2662
79 793
966 5895
71 854
788 8927
783 1370
806 11568
952 30356
822 4446
952 12409
503 341
61 14942
660 954
236 4128
414 6630
788 2916
61 4298
641 4069
858 91
61 14281
664 15538
61 13608
925 2009
146 4446
664 6431
540 458
822 13054
822 1429
61 4133
645 14493
426 2177
236 5953
877 5043
480 615
85 3721
553 4834
52 1067
712 10879
925 2391
418 2296
635 8038
591 1992
413 152
568 550
327 7015
254 2463
806 10227
61 680
966 6279
426 940
877 4993
952 5170
115 7650
85 11291
712 2734
503 3665
413 6164
78 2667
806 16731
952 23519
981 2618
952 22541
806 19321
952 530
65 2168
806 4103
645 12140
645 15820
71 1119
28 2179
431 3407
792 6865
65 10997
501 2297
526 3347
126 578
641 4659
952 4809
65 4532
725 7889
413 13952
141 4669
52 3702
327 4608
822 12064
254 514
426 2488
806 14273
526 4472
952 9343
115 13848
163 3224
327 2723
224 3787
664 1125
480 4948
115 5427
65 5164
635 16156
28 1059
526 5880
725 1366
664 12451
480 3483
981 3634
931 5363
968 4476
85 4251
342 3204
115 4663
79 1295
858 4374
85 6143
503 248
806 13688
224 7961
952 27226
115 13776
568 815
52 7587
79 4019
966 5952
480 10406
16 683
645 1545
725 11765
414 7391
573 368
431 3422
254 5194
52 5716
591 5315
877 4369
952 36284
88 7070
526 1779
78 2436
725 4612
645 308
935 2249
480 11178
935 5508
431 4558
413 17215
85 12198
160 399
220 1171
635 13869
635 3422
61 12575
800 5618
635 17833
431 1284
635 11245
221 1320
909 3719
660 3056
931 2082
788 12503
368 804
725 2886
952 12899
505 8993
591 6948
935 1609
413 19504
725 14188
322 257
816 1027
85 3868
115 20540
664 8118
935 1100
30 6754
641 7971
990 505
88 157
146 3562
725 6206
952 16123
858 6670
356 1277
664 16182
806 11232
61 6721
480 19841
976 4025
858 10133
800 4754
370 126
505 7083
573 1567
635 15956
224 3782
78 7390
22 1175
480 4899
568 2631
342 7118
788 1558
660 2549
65 914
788 7313
591 913
997 10620
966 4607
800 48
788 8851
806 15519
858 1019
952 17671
635 19759
725 5991
146 2231
160 2428
788 1692
115 18284
806 999
952 7101
783 959
28 180
641 6229
990 1600
997 16457
79 6405
115 9871
788 5782
327 6278
65 13125
806 14383
816 527
664 20448
85 2388
931 2831
712 10626
877 248
413 18154
79 209
725 16896
61 27
645 9134
78 5056
79 5942
894 3358
480 18947
664 1769
394 1072
426 2384
806 2046
327 6453
370 298
997 6079
591 6536
224 5107
931 4616
806 12981
935 4275
877 2599
788 12421
480 14583
224 262
505 6949
800 2716
333 910
394 703
725 9299
952 3139
505 9192
22 3037
635 12045
513 995
952 31903
641 2013
394 270
645 11014
115 16794
712 5052
952 4400
997 4535
78 7505
858 5336
505 3688
788 5957
61 15522
65 2442
480 12625
30 3403
85 10691
28 1367
591 7389
79 4856
480 1422
635 6104
541 1542
935 6399
935 1822
792 45
220 4939
368 3885
394 835
858 6911
221 571
858 5930
635 2953
224 1442
413 19397
490 1350
800 3876
712 3784
61 13670
431 1510
85 9838
85 648
556 1230
725 13835
822 10804
418 1006
568 1888
806 19194
858 9257
952 30000
413 18989
952 31666
952 27498
413 17712
146 3202
327 6244
526 4743
822 5779
877 495
981 4956
959 1046
480 10649
877 8541
800 5466
664 4248
968 3261
822 4754
997 4972
877 341
356 2353
822 6098
877 3458
981 5696
981 3840
783 199
858 4938
236 1088
591 6431
503 2071
413 14144
428 5420
65 1588
858 7850
635 18120
935 3209
356 237
236 2904
591 5422
141 2353
356 3663
981 4414
792 5771
645 109
541 3171
679 1387
221 1038
480 1846
806 2827
822 13305
28 3655
641 1789
61 8577
426 7611
664 592
52 4646
52 1619
645 11555
712 8429
61 1902
221 1388
505 760
641 12470
85 6038
526 2387
480 7995
602 473
504 3621
788 629
146 3518
664 7586
822 9216
85 10296
997 8581
79 3614
725 15618
224 849
641 5766
935 5344
952 15170
858 175
684 1073
65 2345
858 5602
645 7700
71 974
725 5885
931 2423
952 38563
115 1591
224 3099
141 501
783 5132
254 448
224 543
952 6113
413 4865
115 21308
806 7317
220 6091
503 3594
822 6394
635 12952
664 3912
163 864
413 20248
426 1404
976 4901
30 2752
645 16144
503 1665
526 3457
664 18594
526 2897
635 986
85 4624
414 4913
877 9288
413 1759
79 189
806 11981
858 3280
800 2082
800 4766
792 9944
806 11817
79 7555
645 5093
645 2693
976 3568
413 17270
641 15747
990 4040
356 3830
428 3916
437 933
556 2445
792 8453
85 5845
952 6614
61 6098
635 3798
792 4140
146 1902
877 7283
925 425
664 4382
65 4255
30 2537
480 21468
437 1804
9 251
822 1055
712 153
224 191
115 15681
505 2236
115 19659
664 16811
792 4350
952 11116
792 1835
221 196
635 14059
61 2876
273 633
480 12125
426 2667
30 4579
115 10198
160 3289
30 3644
591 7745
806 12833
635 5093
126 1958
725 13801
327 2891
877 9030
952 33610
966 664
68 1018
79 946
806 10973
236 7270
413 112
327 6644
645 6617
788 13999
426 3788
88 7483
792 7897
115 14248
224 5290
414 8515
428 2499
788 4976
413 10966
664 3409
806 9743
806 3495
441 355
115 22972
413 12174
788 5835
115 1844
698 778
356 2831
952 23586
788 2008
65 13833
800 5203
952 14644
725 2903
997 12001
426 5720
115 17302
788 1231
224 727
725 10459
725 8035
526 2808
85 861
505 1865
333 3530
858 6026
480 7263
413 6601
806 15389
30 3343
61 14109
65 10668
30 1711
909 2873
327 1355
505 4199
504 3889
952 18441
806 19896
635 9684
254 3327
115 12602
952 24403
220 3111
480 6623
990 2399
428 4293
806 13334
660 1929
877 3964
822 4
71 2187
712 10034
981 784
67 1464
503 5972
641 2523
327 5670
115 6916
645 8713
254 4957
356 1129
431 3142
725 9836
65 7800
591 4356
591 4539
526 55
503 224
952 14516
952 5841
526 5225
976 4983
79 6157
85 5564
30 6134
997 8384
968 843
679 411
480 10161
505 8762
641 13705
664 4150
541 2248
540 201
68 369
725 521
428 5083
505 391
877 5196
441 133
480 8100
115 21840
712 6999
997 14335
635 8468
342 1635
541 332
806 2567
997 4735
792 10706
146 3328
664 20650
504 1182
236 3678
413 15181
664 4540
115 5230
426 2765
526 1487
997 5266
783 3129
85 3523
442 60
426 6698
224 1279
712 6011
480 6042
553 4512
115 27311
52 4017
952 16339
976 4136
540 655
526 4142
894 2905
504 1496
966 1405
526 4037
505 6150
997 15357
981 4728
71 1738
413 10824
414 5302
342 271
635 10166
792 11686
645 4525
664 518
788 2123
426 1058
115 10058
224 4189
52 5433
78 6967
414 6047
160 1195
664 10459
115 22359
413 5755
505 4965
85 2368
952 13426
952 21004
792 1740
480 12408
645 6218
61 9055
61 398
664 18402
806 12530
725 13544
52 1202
602 1085
952 16595
664 19220
976 5519
79 1765
480 13684
553 2260
894 3069
115 5294
163 1069
414 8274
858 5695
61 15688
806 15762
788 1695
573 2554
968 576
783 3088
858 890
79 7829
541 787
480 4291
30 7617
725 14602
428 560
78 1287
990 1090
645 16698
664 10216
480 668
931 1496
788 14101
413 20881
413 15712
418 746
163 2515
635 4777
221 1542
505 7655
413 3672
221 1534
61 15953
431 3798
85 731
163 4695
224 6720
85 86
822 4518
725 15980
877 9519
645 10223
437 1054
712 5888
504 4713
236 4038
115 19493
858 4660
806 18896
997 3342
79 5460
641 15276
413 13053
788 8703
877 1899
115 13187
792 8761
806 6987
52 2261
513 274
68 1709
952 40690
480 18215
437 2570
556 1598
413 20489
505 6178
966 4206
792 149
61 161
568 2578
224 2390
645 7967
413 10622
679 49
413 15126
952 4372
503 252
342 1201
413 15818
806 6615
981 5400
806 17367
505 6900
952 23100
783 338
725 1095
115 22173
591 4932
78 1054
414 1333
894 117
990 1284
480 3347
792 925
541 4109
792 127
788 4825
413 13965
115 17235
645 13676
645 793
428 969
505 5241
52 498
997 8630
990 3687
78 8301
952 9240
414 1747
224 4923
725 12711
22 936
437 1197
327 2243
333 291
414 5554
997 4863
935 2836
952 24936
635 820
553 4693
664 8120
71 1270
426 7144
342 4049
88 3822
437 1259
822 3414
414 738
414 785
224 8905
480 15688
236 2670
52 2466
160 656
426 6887
822 11138
635 15741
327 9915
327 5298
480 12525
65 13011
792 11550
115 17883
664 11338
952 26203
641 15429
952 21213
413 7708
877 813
224 6334
61 7369
952 37863
52 5177
273 1478
28 3782
368 2036
641 15095
68 1280
788 12468
413 1316
122 481
115 26915
968 5161
16 83
664 13245
160 271
428 2050
712 5395
418 2278
635 662
163 4112
115 15699
822 11392
236 1938
115 3992
356 2725
806 18480
480 13059
526 3323
641 11148
997 13457
413 6068
966 667
9 2573
664 7008
635 7383
635 3119
725 6816
712 2008
413 6698
997 423
115 24548
664 859
28 2598
788 7401
712 3596
68 2428
65 12195
141 5242
568 1162
591 6636
997 10761
414 7806
342 2574
725 4519
712 3625
428 5412
413 8867
221 1957
925 821
9 1903
806 8406
952 15353
952 11274
30 1202
368 2734
952 38945
602 1501
30 1604
952 21604
725 8530
160 3450
504 776
327 3721
342 2413
783 6786
441 1107
115 3633
788 8313
931 1689
997 12668
85 8468
927 477
413 2187
437 1119
877 5096
645 18596
645 3519
664 19740
254 5257
877 40
413 11430
480 14405
952 3177
126 2888
254 7251
816 1610
966 7391
935 4012
126 3565
126 651
65 9078
792 10465
858 7622
541 1755
413 11313
490 3166
333 63
79 1944
480 17381
816 382
952 38408
431 4441
480 8939
725 7158
997 16518
809 319
431 511
664 12145
573 938
712 3341
480 8820
413 19137
664 20550
30 7219
30 55
88 5846
146 2216
333 1267
220 5680
9 2676
635 13416
894 2040
78 6268
952 40953
591 2453
959 412
400 1216
299 113
952 38532
792 9640
115 974
115 1283
61 6871
480 15253
85 918
480 7026
78 1479
480 19536
806 14753
503 5954
480 18154
935 7333
990 3073
806 6126
664 13447
327 11464
504 3890
22 2768
976 1887
635 7130
664 2805
664 17416
541 2589
553 1416
981 4595
342 1935
526 4260
480 18548
968 440
635 1489
641 13994
480 16583
725 56
480 5422
61 13445
645 16977
22 2030
526 2257
413 5862
503 2943
968 3039
115 10685
712 3703
115 11771
635 16417
997 276
788 9446
71 1622
115 21724
645 10275
368 2612
806 12703
997 6057
480 17606
792 1553
254 6876
236 986
645 9334
428 2447
935 468
952 26029
79 7234
645 5482
591 1927
61 7620
635 507
806 2805
526 1376
28 910
806 19367
806 11325
141 5119
952 28545
428 3577
997 9415
952 28703
526 1348
952 6334
115 26736
788 13264
163 2024
413 7628
61 12983
61 9710
931 4713
822 7683
65 10777
788 12803
490 1060
163 2762
990 1757
806 1356
981 5461
28 1583
342 6161
322 98
952 32539
858 3019
356 3040
78 7053
126 3117
254 2654
356 915
65 9333
952 26019
413 19202
641 11322
698 247
505 5957
635 13554
115 6041
788 7721
635 11293
65 364
952 5548
254 1443
925 2248
684 780
115 14880
725 11719
141 1485
146 2399
641 7359
115 3980
356 2208
556 3974
505 2361
664 6903
426 131
61 12184
413 19299
635 3051
526 3890
30 5583
792 11415
115 13070
645 17395
115 8961
635 18057
806 6072
85 10584
115 14129
236 7627
505 3983
503 2903
806 2544
342 1064
88 5701
981 157
968 304
414 2517
635 1820
553 422
788 10146
115 15427
61 11119
65 6587
254 6986
635 3667
480 15277
725 14195
553 3469
342 6621
997 14699
553 3862
85 10430
822 3849
115 6883
712 9568
16 226
254 4571
526 1907
783 3484
725 1648
806 8853
273 253
877 7875
220 6005
981 1505
800 3080
356 794
858 3926
115 1837
254 2048
342 6744
115 27959
413 597
413 15268
664 8484
414 7279
952 36647
909 1751
413 5386
958 1186
342 4531
997 7406
67 110
568 2468
78 1987
22 1590
61 2212
877 1627
788 4919
146 277
635 10046
822 8939
9 688
635 19520
641 2653
822 10219
513 129
660 2097
800 4557
85 6573
85 1059
68 553
413 1467
952 6069
792 592
333 1558
894 4305
966 4184
333 699
858 2189
877 7276
61 8102
792 385
952 7425
52 7490
65 3317
115 7177
52 6787
428 4362
641 10868
480 2012
480 7951
952 16805
792 5176
333 1203
990 3108
952 1315
16 1287
935 5468
220 1564
503 5772
553 5643
413 9001
788 564
645 8242
952 13855
935 1435
990 4801
725 9001
981 564
645 7058
141 3098
931 2206
79 129
645 13785
822 4322
806 1199
413 14882
806 1439
952 22002
78 2057
224 9159
224 3374
78 6557
981 1024
952 16047
602 2537
952 38006
952 7097
394 962
645 5050
822 10420
480 15247
299 604
664 16587
990 3047
931 4936
61 12567
501 396
85 3047
273 1656
641 7548
541 3784
822 13296
966 5749
79 179
788 14250
664 11971
126 2141
115 2730
894 1341
480 11632
635 8222
236 158
356 1688
115 23289
333 2092
413 17381
141 2868
591 1859
976 1928
327 8827
437 1594
65 14111
931 4821
413 1685
591 6233
602 2454
997 14009
645 8366
966 132
645 5237
997 1121
115 22729
664 2074
503 928
877 8755
480 22489
356 197
641 11022
952 16691
413 2158
52 1954
61 6746
236 5271
952 29743
541 2034
952 15891
413 210
67 511
61 11415
71 627
635 3436
418 576
635 8646
61 6176
602 701
806 4538
30 2431
990 871
426 2621
806 9035
146 12
806 830
220 132
966 6110
800 3169
573 1431
792 10581
822 8858
327 4567
952 26640
976 2281
85 3476
342 6498
712 9332
806 3994
981 4173
858 1377
788 11271
342 6025
414 3919
480 11825
146 2755
431 4348
224 131
952 32006
635 17299
792 10945
413 18421
573 1696
480 15400
806 2119
505 7316
16 2171
126 136
163 3344
573 1925
356 1750
413 18906
952 30145
327 1552
115 17705
806 10474
806 18251
792 3334
79 267
22 666
553 3587
976 5090
141 2122
394 1722
783 4159
968 3720
822 6697
806 14270
635 12587
28 132
370 657
356 2554
437 2631
61 4576
78 1391
997 2438
952 13913
163 2648
800 322
976 4582
877 9830
327 10758
418 1512
413 4349
437 39
333 4630
952 11400
503 2188
65 845
712 376
88 1914
712 6245
641 3392
806 2319
413 21087
553 4230
664 18269
664 12861
966 3627
931 3545
220 250
952 5971
413 20764
997 14666
501 861
428 4998
526 5352
220 2375
236 6447
298 212
635 9211
725 7805
931 1256
602 2084
526 2039
418 1557
490 1775
503 580
931 2710
115 6254
664 8111
645 12675
431 2128
635 18576
931 297
660 4327
505 608
568 2215
935 2339
22 1881
144 146
503 485
664 15091
664 14230
952 33251
65 10026
779 454
931 2657
480 17234
115 12258
952 15620
788 11352
503 4015
792 12
503 4467
679 608
146 389
997 11280
664 10397
220 4214
30 248
501 968
783 7528
990 2616
52 5740
61 9224
126 1405
664 6932
504 3109
504 2487
480 14445
792 3270
877 7682
115 3546
664 15757
591 8070
65 2594
990 4136
413 7852
30 1345
88 6442
952 9748
958 117
79 4412
141 2000
236 7357
115 22675
877 8094
806 6882
952 30679
800 6033
952 24195
997 5058
997 9549
641 742
115 13034
254 2815
220 5693
645 4676
501 276
909 3031
958 377
526 506
712 7748
641 10975
9 91
877 4626
645 7651
990 251
9 628
952 18911
952 3504
78 8319
85 9580
858 8332
645 10604
553 2177
792 1394
65 3819
925 289
115 19870
65 4411
792 9125
254 3035
71 229
660 846
141 3598
800 3782
220 476
591 1789
480 14165
413 874
635 5484
725 15209
952 37152
591 5580
52 6661
641 3977
556 1318
163 2593
660 4064
480 9258
725 11238
236 4322
115 27103
115 10240
968 3366
976 5169
645 2610
88 2721
428 4063
221 1757
788 370
428 177
556 709
792 4705
877 2869
641 4392
952 22147
976 3913
426 2984
333 4105
931 404
952 40287
591 3286
822 7937
645 113
505 5637
645 4250
52 3185
61 10867
413 11202
115 14763
503 4979
909 459
115 19410
85 10875
146 289
635 11
504 4970
431 3650
65 12677
52 2183
981 1877
858 9886
877 6576
931 4261
30 638
664 11197
788 12670
664 12748
327 10884
65 4835
806 19017
355 360
254 1279
712 965
997 2068
30 2669
635 13678
877 1797
712 2535
660 2837
224 2970
645 6744
115 11669
966 1382
85 11507
788 4123
79 2376
504 1583
298 367
822 8092
414 7033
573 2070
894 3222
480 21838
52 3259
299 5
342 4930
413 7048
641 11898
65 8969
806 3176
236 4799
997 8706
503 3840
163 3500
822 3970
327 5466
935 4743
641 5309
61 15052
413 19560
61 9573
591 88
909 1421
877 5509
645 7769
115 13276
806 2401
806 14921
806 5351
894 2608
664 15869
160 104
645 374
480 7676
952 679
792 1084
414 2512
641 5971
526 4357
952 32311
480 15172
327 3139
505 3660
553 2786
413 4944
480 17752
997 9869
858 964
370 544
725 14904
85 5155
981 2754
591 3390
224 2502
115 7947
806 14561
146 3079
115 6083
30 2688
952 40163
413 12409
806 9221
568 1283
641 10887
85 11407
894 4330
236 5047
146 1035
414 3661
641 8276
413 18292
79 3488
65 11947
115 4817
480 4619
426 3864
645 14594
115 27727
78 5913
16 76
355 456
664 3518
503 1476
664 1894
433 305
115 8364
635 19166
418 1047
342 4380
635 17951
52 386
480 22638
712 8173
952 21240
115 3863
224 765
414 1262
115 16372
115 16911
858 3925
526 820
553 1144
641 10049
935 2915
877 4047
952 10907
9 1006
78 4884
952 36809
858 3604
28 1336
635 19656
426 2149
635 15286
146 964
635 18130
273 140
394 597
712 441
431 3261
645 18187
224 7245
115 22332
806 17963
788 12279
503 5508
413 6675
958 751
30 7738
952 19889
236 3497
909 2890
664 8844
997 979
952 38552
976 1530
792 5878
115 2067
573 2192
997 6367
645 7731
52 3121
788 227
976 1996
61 14163
800 5109
428 2688
976 2394
526 3850
236 3610
725 4141
997 8126
858 8009
115 4991
441 994
61 1036
236 3816
725 11249
503 993
660 1451
504 2675
65 10456
61 13779
52 5261
783 3847
779 82
952 2116
61 1499
660 1916
698 75
254 3873
997 3519
966 6481
480 85
931 4080
712 3877
503 4185
61 6982
413 8500
602 1472
327 6127
568 2812
85 10679
800 4369
220 4084
968 1104
52 248
342 3775
792 1883
160 991
858 9335
591 4995
664 15742
79 3474
79 5775
877 8837
88 3886
976 3713
909 2428
115 21223
65 6811
61 5685
141 1202
78 7972
806 150
645 9880
997 4425
370 396
115 15981
52 892
224 2402
122 277
997 10405
413 13460
635 4803
480 928
28 2849
664 5878
78 3088
556 1953
115 19263
115 11104
645 3141
115 22892
641 15840
997 1749
553 5916
894 3224
65 1986
997 14058
641 6308
976 2888
997 5004
61 7739
976 4114
952 6511
952 67
65 1155
792 5992
61 6421
635 2080
115 4451
877 9372
664 17533
480 5673
327 2542
414 2732
236 7203
414 5148
664 8229
909 3501
788 6034
800 4493
413 3798
67 682
221 1436
935 1500
28 1204
115 20187
115 25639
413 13413
925 1942
61 7423
65 5506
480 22373
526 5608
85 4766
28 1717
480 16894
65 7059
480 11892
909 161
426 6016
877 3126
115 6389
146 3868
85 2739
505 8377
428 4170
822 8784
712 9666
952 37960
505 597
664 1330
641 1403
79 2527
976 3639
792 7161
877 8098
645 3389
822 593
894 893
568 663
788 6707
160 2155
997 1927
800 3602
725 9291
725 860
997 5986
79 8090
368 704
858 7148
78 652
822 9661
146 4335
981 3609
356 3490
413 10258
641 467
413 15145
792 5673
952 33836
664 17747
556 5108
236 4464
976 2108
664 14754
413 4479
88 3168
115 27373
480 1626
935 484
952 29868
788 1108
641 15668
641 4090
480 9947
480 7688
952 8035
236 164
437 195
61 14261
641 14189
591 3667
712 3633
68 1564
9 2530
925 502
783 4039
952 29054
725 6504
635 1528
88 4206
115 23464
224 1023
952 39271
79 4376
641 16067
541 4051
788 2301
981 1721
641 8374
725 16398
894 262
645 1960
413 605
935 115
927 671
792 7460
503 3366
725 9968
725 905
952 38676
822 13116
997 5415
806 957
141 1019
413 19953
792 1897
712 8008
115 3237
952 26376
783 751
16 1254
236 6525
480 16282
52 125
160 3177
952 25691
115 336
431 927
976 4603
568 1748
224 619
254 5898
725 10681
858 9761
437 2652
952 23722
645 8147
783 4944
816 219
413 2271
792 5285
981 1787
141 5461
783 5713
858 9721
645 6566
997 6530
664 18286
115 18864
725 11506
931 5658
65 6837
504 2867
115 6599
981 1004
342 6340
414 1388
540 732
413 5651
327 3582
877 6233
437 2075
78 7625
997 6222
146 1178
935 6530
931 281
997 11806
414 2867
115 25915
22 767
224 9398
858 8785
513 1179
806 18982
160 420
877 6871
88 4068
877 7287
816 899
236 5523
553 2992
925 1072
783 6138
79 5530
342 1560
822 6143
645 664
725 4557
413 1597
800 4438
664 11520
437 1424
591 7530
783 6281
505 2518
490 216
788 1445
997 12115
806 17783
664 49
660 1865
220 1191
441 340
806 10139
480 5904
725 12897
418 2152
800 6528
88 7377
602 2336
712 5517
635 5801
61 3003
115 1924
221 643
9 1846
645 19263
141 4884
568 1816
356 666
541 1449
725 11559
541 2802
426 4345
641 10377
115 21944
664 1709
822 343
641 7025
664 6642
806 1584
85 6319
664 20113
783 6017
85 4861
9 1737
645 2469
505 1503
725 12451
115 19282
952 31357
85 7080
61 7233
78 5318
958 1022
327 10589
141 598
858 4140
356 3927
501 2452
327 3676
952 37478
635 7085
504 2990
356 189
966 4167
712 1186
725 13675
503 1828
664 9115
645 17066
160 3370
800 3456
541 1597
224 5343
997 13330
141 847
602 415
952 34712
88 6822
976 1578
61 8006
413 14115
65 11949
641 8465
236 7618
641 9385
806 7667
894 300
418 2128
816 1226
52 7357
684 526
725 16331
28 3751
788 5322
952 18214
925 2459
952 39338
115 24401
368 3741
877 2761
664 1882
788 10519
394 133
725 3157
660 1438
221 2016
163 717
556 1091
952 37976
480 13314
254 2372
966 3903
61 15281
909 1017
664 6501
342 581
413 8721
877 588
126 1796
394 466
426 2085
501 1918
822 3286
968 1301
679 1200
553 3524
30 5935
641 11253
273 324
877 239
224 8627
966 2935
394 356
61 5440
141 254
30 7494
79 2975
61 14037
806 14042
61 11842
635 18369
725 10086
370 125
645 13646
414 911
806 2536
725 16227
480 16148
783 1602
146 2464
413 1194
61 13217
85 7464
959 1460
990 3770
858 5801
660 2787
513 317
146 1922
115 11110
85 3589
952 6518
356 342
160 557
952 16195
641 16356
79 1998
65 4229
725 1088
61 3306
418 203
858 1780
635 5090
806 19179
431 2939
800 4042
952 4888
78 2083
505 7196
413 5808
952 40672
997 3758
816 2184
641 6426
437 1776
909 721
788 6530
792 5840
480 21624
78 2200
78 7059
52 1812
501 2599
997 1817
660 88
85 1447
30 2363
645 8904
806 9540
505 3279
78 259
976 2595
480 16996
503 3931
79 419
52 2454
437 2141
115 13661
981 4262
997 11829
783 1252
126 2081
368 3788
959 236
806 18279
236 1712
664 7806
635 863
220 4252
431 3552
792 7081
952 30316
894 2431
635 17593
806 1066
952 37707
712 2717
115 24262
526 3362
877 9387
573 1332
141 3695
141 3335
679 1122
968 4096
426 2291
568 209
822 6860
501 528
641 14357
115 21238
115 15638
788 10827
79 5584
52 3477
115 6232
990 3208
952 30954
788 10027
541 2713
505 8655
480 4331
966 3364
327 10978
431 4466
712 881
679 1214
431 1903
806 12552
146 3045
997 4146
573 235
997 1668
641 4205
418 1260
526 5730
788 11445
503 1605
806 8826
61 5072
327 5086
413 14547
115 28097
333 230
806 6277
480 2205
966 984
952 11583
952 11976
952 11188
976 786
894 3120
788 13195
664 17315
952 8703
981 2803
414 6604
61 464
664 8113
935 7221
645 11066
327 9110
413 14814
931 1274
952 9727
660 521
792 10217
65 6466
88 4338
952 34024
976 1316
788 2214
115 20989
327 9467
78 6832
480 5756
504 3688
61 7077
236 3238
146 4274
635 5713
952 26730
788 10314
71 457
981 22
635 8979
997 4326
61 3270
788 6940
78 7949
480 2803
78 508
480 4578
783 3553
505 3033
85 1285
641 5066
79 8026
997 15654
783 4683
679 1020
22 530
952 30614
952 15500
712 3967
146 4007
645 1209
800 6242
428 184
413 9681
952 16213
342 3207
806 10530
968 1551
641 6077
52 5927
236 6116
236 2144
115 9748
556 3131
433 316
327 2344
783 5241
327 9681
513 1218
822 1338
78 6156
952 21710
573 547
792 9343
779 21
52 4173
976 3044
490 3578
952 24500
224 9017
503 5876
725 9059
503 5031
65 9618
28 771
997 7590
236 7933
413 14620
645 10745
725 4722
254 300
966 3991
806 6263
504 1862
254 2813
783 1110
505 836
887 252
163 2750
788 1573
935 1165
966 332
822 8257
431 598
126 3856
645 6376
806 1778
85 7329
952 28303
22 1449
333 936
664 6098
426 4709
224 2778
220 3786
981 481
645 18146
952 24471
480 13077
79 7509
236 1376
327 9892
22 2959
9 2126
952 19599
9 723
236 3031
806 12811
160 2379
480 2985
437 625
952 40000
224 6810
976 376
342 1964
221 1171
342 3562
952 22534
368 3852
414 598
61 13486
568 350
783 5181
115 18055
788 3977
141 4256
800 7015
503 3260
413 8173
952 5210
115 2593
327 10710
931 191
952 3263
61 9841
327 625
641 14710
122 344
115 7827
30 1507
526 5539
16 2266
414 4064
591 5212
437 1879
877 8045
65 6405
85 1513
22 2523
368 1300
660 3396
816 1663
806 4314
635 8402
660 4239
327 7697
413 19863
413 14010
78 2288
800 4268
806 1039
327 10448
254 769
327 10761
952 37456
327 11546
645 6825
952 31743
712 3478
342 996
725 16419
333 1410
480 14857
273 552
327 10162
220 5613
327 5328
431 363
894 1378
935 3924
664 16461
78 6014
931 917
30 1361
952 36133
958 1072
356 1499
788 127
78 3297
664 7093
725 7145
526 3097
163 2746
997 7511
976 751
573 2298
413 16973
725 15818
79 4124
526 2209
254 3188
952 18673
792 9232
394 1523
712 782
645 13828
806 20332
220 334
635 19910
504 3161
115 8257
997 9831
822 7357
645 13023
645 11236
952 34622
997 4875
641 3697
61 7249
664 10050
61 1175
65 6292
664 15953
490 1451
400 319
28 449
712 9810
115 28175
490 1701
641 5219
85 7723
806 13871
645 19139
413 14584
966 4959
788 14318
28 2591
115 23052
712 1886
952 27907
783 5345
909 2460
806 5676
236 1787
858 4656
952 25849
413 372
480 22024
88 1942
431 1731
254 2222
30 6801
641 3840
877 9726
413 19744
806 1396
806 940
85 1740
65 7534
333 4058
85 4217
792 11091
394 984
997 13027
480 489
806 19031
505 8567
997 15817
368 2358
645 12417
540 779
236 1983
822 873
645 19481
236 2534
645 8049
641 7750
327 707
966 4245
664 7890
894 1608
115 15944
968 3873
9 2999
9 1489
9 1563
327 3765
342 6841
725 3475
641 9881
952 9686
952 20101
30 1219
877 8313
645 14173
809 359
641 8750
413 10703
480 7267
660 3034
935 3318
645 5780
78 520
997 7319
65 3590
79 3881
541 1143
909 2805
556 983
65 3903
115 16798
28 4012
822 9760
645 18369
591 2172
122 742
431 2757
505 7094
28 2261
591 2159
660 3838
800 985
981 1137
413 4002
85 5608
505 2748
877 9204
783 1868
931 1769
645 13618
426 4444
115 24826
163 166
822 4227
783 6321
505 7471
52 3435
413 8322
635 19191
641 14816
997 1140
783 4369
85 2033
65 12692
428 483
635 1271
952 38060
712 7012
664 3079
503 6022
490 343
966 2710
9 1092
220 2947
952 32762
556 5113
327 7355
925 997
505 3949
997 12611
981 4209
952 34829
342 391
725 3743
236 7068
641 4294
800 552
71 2581
952 20599
788 5196
952 18597
428 1112
356 1115
664 8988
635 2145
61 3884
976 3424
968 4605
503 4703
725 12036
931 2597
224 450
641 10515
52 1273
553 4568
480 13969
635 2883
858 7015
952 28038
641 8485
68 2532
413 16097
664 12659
966 6350
327 7808
806 9032
61 14215
816 628
85 11903
88 113
65 6199
67 1076
641 5141
480 17397
788 12467
413 15380
725 15935
236 8081
645 2876
966 6897
641 2419
635 15945
645 9462
635 9226
858 4430
413 6303
61 522
115 28592
664 17145
426 3434
641 5554
952 33643
641 3142
858 1877
327 6824
645 6021
224 2296
806 20079
800 1608
556 2344
664 10529
414 7987
501 72
858 365
645 19559
327 3971
126 158
573 3490
342 1106
635 16979
800 2369
480 3743
788 11044
664 18525
990 3196
79 6932
115 17819
664 11011
413 13712
504 1638
641 4509
400 1675
115 7330
664 17997
968 2113
480 23053
664 14070
645 16651
61 10784
115 2191
684 885
115 21397
641 5269
952 38815
641 1643
490 3541
858 3463
664 14965
641 9287
952 9458
503 4851
505 4125
635 17083
30 4873
67 164
79 7570
822 3371
141 887
553 78
327 55
236 7696
503 2718
224 3188
526 3446
68 2995
273 2114
645 9874
952 26451
413 11786
480 18355
997 343
61 6477
858 3378
573 156
553 4265
52 2829
645 4831
356 3856
788 340
966 3126
981 2063
806 16032
800 6799
712 6436
85 281
428 1154
645 12
146 1766
792 4413
160 1523
224 6236
115 17252
327 4871
935 5493
952 3491
635 15867
725 7697
224 1617
981 339
635 9843
236 4923
115 20190
645 3912
480 22352
413 17026
966 3974
800 6654
505 6436
78 3611
997 15431
952 10774
400 697
65 11844
160 1387
952 11859
342 3454
952 16816
541 3975
712 3190
800 3300
68 1680
952 140
816 2758
327 8071
935 7148
220 4111
698 705
792 3121
333 227
968 3997
115 22214
236 3399
61 15734
894 1737
894 3713
146 484
952 25399
952 6861
505 6719
541 956
115 24527
858 9606
224 5449
792 4375
115 24486
115 21470
935 4493
968 1954
368 1541
788 5069
894 539
333 2959
952 37842
877 5743
236 5688
88 663
413 15632
976 1186
85 8538
71 1074
480 2368
61 14345
61 13165
968 2009
503 3080
806 10303
30 7432
431 3146
635 17205
556 3741
426 1190
541 2362
553 219
935 5067
635 20087
413 21589
254 3528
635 4865
712 9451
236 3650
61 10243
976 3879
822 4399
115 6503
997 13847
141 2702
431 1607
413 4681
22 3174
591 1273
952 27623
505 1744
976 1377
400 119
952 29086
822 10856
428 3703
414 190
441 656
65 6688
236 2314
163 1044
952 38997
635 5670
997 9220
394 196
952 2992
645 7303
22 343
16 2076
725 7385
414 8993
78 7682
806 19729
221 103
664 9335
327 7148
800 6979
273 1948
146 2726
88 2274
115 15712
997 13245
79 7975
115 26658
664 18879
783 3746
68 84
952 29628
966 3592
806 7676
236 740
426 1844
442 141
952 17560
968 1657
877 935
553 3974
816 519
30 2238
30 1914
273 839
635 6151
641 8487
85 12132
28 1805
877 1721
931 3927
952 33859
480 17115
568 2030
858 5253
887 224
144 380
602 2098
725 13851
480 11771
68 2636
418 967
997 147
806 16640
85 2129
894 268
997 665
556 1685
660 3812
591 879
806 8937
505 304
413 2383
909 3890
9 538
355 224
645 16336
79 6551
480 18674
431 756
645 13008
997 535
115 14432
553 877
822 10156
480 20809
78 180
85 8962
712 3105
966 7139
788 3286
573 1959
526 4162
553 6206
327 1604
68 1484
894 2932
490 2431
725 1507
952 17408
480 12597
224 1441
645 10632
641 10565
725 3610
935 2368
65 3795
413 3552
79 7908
645 10821
504 3245
504 4541
61 1498
553 472
968 3429
88 2833
480 10514
806 10965
877 3691
428 1701
115 18040
925 949
68 3718
115 81
503 1331
541 2192
126 1916
68 4616
115 12809
413 5310
78 2197
556 2931
660 3447
806 3717
88 3768
792 3758
505 6844
976 1473
635 15563
635 16389
52 6392
480 4863
997 8513
931 657
327 326
641 3644
400 1661
894 2859
858 5463
725 5905
788 9917
952 792
976 5864
65 12893
641 13159
725 16022
30 5341
822 114
806 17511
79 8169
115 20390
146 4035
725 1772
800 842
526 716
505 6595
858 9472
414 7924
952 2449
966 4324
725 3742
490 123
783 3657
115 6734
553 966
664 1214
342 5889
85 8620
342 2726
503 2913
641 12590
541 1930
712 5113
413 4152
981 2700
437 61
505 612
541 3429
645 7515
52 4994
52 5287
61 7888
65 3662
997 11558
990 2798
997 2002
220 2837
115 17565
968 2885
61 14652
858 2890
877 1952
591 3972
931 3559
224 263
428 612
788 3873
635 19382
413 18046
952 7204
725 14220
414 3556
800 1810
997 11604
115 8087
976 5262
806 11529
428 2263
428 4715
480 8399
327 990
783 819
877 7471
61 10362
725 5569
79 4553
9 1406
641 4760
952 37229
788 6977
806 248
65 9088
806 19310
725 5070
254 1204
68 1103
966 6985
503 3550
254 6348
437 2022
68 3626
591 1581
645 12511
65 14218
602 569
858 9053
236 7848
78 5866
635 15651
556 3663
792 7409
635 14542
660 3786
413 994
505 1376
664 17055
30 6948
806 9190
342 5578
858 6228
22 518
342 5429
426 3287
220 1927
783 6190
877 9585
712 2983
414 7916
822 1125
413 19904
480 16821
952 28567
61 15380
115 8611
635 14467
85 1482
480 3015
997 11163
976 3361
418 1880
503 4684
65 12807
541 557
52 6536
61 5274
645 17718
126 464
220 6376
413 21820
800 4976
431 124
553 3976
414 7607
22 2640
952 3604
783 1676
952 27330
505 1233
635 7261
952 23686
115 25293
437 480
115 12854
635 18303
79 3946
433 73
806 18153
79 5033
413 13739
858 4788
909 1635
236 2167
568 2935
327 1731
146 4575
959 1668
684 687
952 9599
299 261
935 5310
505 5561
641 514
664 13018
952 6007
61 6432
413 11357
792 2184
635 16504
327 4256
236 5665
115 3373
909 59
553 1505
981 1260
414 291
641 2229
16 1283
788 12951
792 1213
806 6495
115 10439
220 583
480 2146
431 2762
806 15202
952 7732
858 8528
894 2819
725 11868
952 37015
894 2742
480 4095
952 14664
981 2939
526 4922
490 1290
806 10925
976 3157
568 1684
52 7047
327 9475
221 1865
806 16487
877 68
968 5039
968 3391
418 764
220 174
816 1903
952 39561
30 4756
85 10835
712 10477
79 5733
645 15391
981 3176
997 14465
78 6472
556 2681
52 1509
822 5915
952 21106
480 15497
952 38308
858 4469
273 423
645 9776
71 1690
431 2900
635 1510
725 4032
418 2033
480 18939
725 10812
641 9026
79 1432
428 1446
28 2962
553 5200
641 11782
822 5589
952 10670
822 3141
645 13151
480 4153
85 603
894 1126
664 17400
952 22758
712 7507
67 1404
413 16914
952 2501
966 6061
641 13093
635 10457
909 4387
61 5370
61 252
968 3401
28 2351
480 12799
414 3803
806 15942
490 793
163 364
141 5053
664 9551
254 4565
783 334
65 10334
935 4595
952 4218
65 2872
480 3226
641 4700
952 18634
505 949
806 13569
513 901
641 14546
163 4076
981 4303
28 1853
966 6614
952 20299
788 7087
556 4742
141 4488
679 634
635 19391
645 18612
115 18180
442 340
115 20916
997 2069
88 3453
505 3211
935 5522
952 1076
990 3335
931 2774
952 19884
327 6884
480 12393
935 2760
966 6695
115 26507
806 18861
553 5071
68 4438
85 4979
480 13493
966 3094
635 4740
61 12469
725 5897
30 2888
115 28587
635 10657
68 3854
641 946
800 6141
792 8166
236 885
725 8855
635 2663
556 3555
553 315
959 148
645 8924
65 7271
788 12709
16 1954
30 7761
254 2926
935 2706
591 4622
800 6388
997 14326
664 633
327 28
126 1315
437 659
591 558
858 3744
635 3570
78 3722
333 1828
635 10909
800 5909
505 8211
490 2923
792 7993
788 10454
146 2816
788 3736
418 1146
9 494
236 5837
952 7286
342 516
935 7284
788 2340
236 7505
526 3479
909 1322
236 3507
221 1945
220 2445
22 1972
418 1374
115 11613
725 14798
224 6488
126 2714
61 7246
85 10805
368 285
641 8773
480 10837
725 3313
52 2960
822 5678
645 13966
641 14082
725 15715
635 12181
788 12509
792 11926
413 4570
952 34899
788 4814
428 5494
725 12049
356 2881
115 22982
968 2451
327 520
806 2041
141 2022
526 3154
788 1900
712 8206
480 1166
236 5470
327 7501
664 9406
806 16956
52 4559
788 4569
976 4902
858 5772
935 1222
115 23267
645 16454
981 225
976 4638
299 839
806 6772
783 480
966 6992
85 4416
635 19055
645 15255
78 5691
78 6921
800 4749
997 9273
480 15182
115 18002
556 2831
635 19325
725 5731
413 21197
224 4140
725 9993
806 8987
788 3209
115 10444
573 972
163 2949
480 1948
783 4719
115 10982
935 5793
635 8657
788 2803
79 4399
30 407
806 19560
660 3137
413 11901
163 4281
635 318
635 8027
254 1100
645 6293
952 14955
327 9828
553 1299
968 4360
725 12754
236 4548
664 1121
858 4460
115 24959
641 5470
931 3849
806 16544
79 2170
115 4275
645 3207
894 998
122 628
635 5515
822 2785
413 20063
635 12940
635 1347
664 13537
368 1930
437 473
394 1752
877 7994
664 3812
85 9174
635 15355
816 321
220 2559
85 10399
71 2480
635 11278
9 775
85 11109
664 12957
413 12547
428 2367
61 12300
952 28235
645 9300
65 9253
664 2077
641 12087
141 3838
952 22346
981 3481
413 3867
65 8144
61 4958
431 2756
635 8368
976 4053
413 15782
968 2661
141 2147
968 5404
641 6129
894 3619
806 13830
503 5620
645 5634
504 221
426 3558
635 6056
370 422
61 5356
645 16571
806 15644
428 2038
788 429
333 3193
660 3960
65 12668
505 6462
428 3109
792 8568
9 2273
990 3310
635 11782
9 519
788 1418
877 5392
952 15052
61 12931
85 6216
981 902
783 1819
952 19397
952 18751
413 21277
224 1690
342 1180
88 4971
88 4884
822 4569
858 6111
858 8425
254 3333
660 704
664 362
65 2731
635 2771
573 2866
414 4727
635 4998
30 3476
712 6210
931 3202
997 10115
52 4284
394 1675
480 2204
431 570
79 4784
935 6382
327 9535
660 1679
822 5325
645 6510
413 16508
997 2323
641 16299
221 769
889 117
480 1693
65 3792
645 17183
65 14296
806 20464
413 10960
952 15764
115 23374
712 2255
877 472
641 4749
68 2804
221 428
788 6502
997 5995
553 1077
990 3272
806 19036
79 2526
541 781
254 6474
952 2142
85 7602
877 5362
480 5345
30 4137
822 5481
413 10690
52 649
22 1254
480 12007
966 5188
65 12345
368 3472
925 524
573 3187
126 1138
635 6836
877 52
822 5560
480 9865
503 5370
68 2006
413 17950
997 2131
725 11817
806 20207
501 1033
501 1776
641 8132
65 220
65 1895
952 39594
299 379
333 2830
79 3055
65 13347
997 11471
126 643
141 1696
71 2338
327 3479
858 4428
28 1800
368 15
664 2957
952 39050
327 8441
254 1366
792 4434
504 347
67 1677
990 3357
660 2969
413 19929
591 5238
146 4183
725 13367
85 3258
877 6611
858 179
115 26697
79 3281
505 4531
413 4237
822 1692
664 18087
79 671
712 2391
224 2147
725 6263
645 1634
877 5554
146 2852
413 16000
428 2809
635 10790
952 13217
788 2697
877 132
220 4836
959 1889
78 4315
400 1549
16 1401
426 5401
976 912
28 341
660 3250
952 8441
126 1272
504 560
664 20674
800 1129
952 2373
645 14775
952 27040
976 210
788 9330
788 3100
65 8066
712 4433
952 25775
816 1772
428 3103
966 6012
504 2972
591 5799
997 769
78 4752
30 771
877 2681
30 6521
160 60
68 3085
952 8921
783 5668
822 1300
645 4992
503 336
877 3664
822 2316
952 30321
725 14739
504 470
413 17878
9 294
413 12261
641 9221
806 20216
504 2243
115 6639
806 4177
224 1606
952 7810
783 7012
641 1946
85 8205
952 5578
342 6301
645 2328
645 18441
480 12845
115 18243
505 5505
65 7460
490 3328
394 927
30 3940
783 1861
858 3253
591 2819
501 752
480 14659
894 4113
822 3630
725 1244
952 29490
126 1646
725 5410
894 3497
78 3236
997 2714
414 2026
501 699
79 5298
664 14138
88 1783
163 2263
503 2532
788 2151
426 502
635 7269
115 12132
553 4957
990 1378
413 12279
959 706
52 1060
115 5812
115 7369
356 1028
725 12255
413 8040
997 5881
163 4284
30 6193
413 14234
68 3596
503 1774
52 5812
816 759
413 10892
990 126
952 25090
822 4657
236 861
664 4422
553 2563
806 18508
966 4703
65 5793
806 13229
78 8029
909 2048
413 10032
504 2999
480 17788
61 5981
822 13451
645 18642
806 8716
85 11765
952 4139
28 3585
806 8144
664 7686
68 2297
641 6885
68 4177
505 5870
68 4094
163 2329
990 1666
342 1249
400 801
997 2273
333 4217
414 5824
997 13261
30 975
783 448
327 10950
146 3615
635 10716
505 2316
641 3526
370 991
115 19992
327 11251
224 7467
431 2630
602 171
997 6485
816 122
224 5781
88 473
333 1411
712 639
641 13284
220 5871
968 257
664 9627
635 10989
645 18971
333 3603
146 1976
664 18235
68 904
664 12377
783 3231
641 7692
22 1207
635 5185
935 2757
641 7168
635 7769
660 2240
968 1444
526 3510
981 3233
952 30805
368 2514
858 7232
299 172
414 7464
480 12968
413 1784
224 7791
684 782
645 8037
221 330
664 5490
997 10966
635 609
822 5258
65 2121
115 4393
788 1751
503 4717
556 3394
725 9436
806 16375
426 4372
966 450
602 2557
61 15359
88 1251
505 6264
952 8166
645 16241
78 4934
254 5017
725 2672
65 10572
806 11412
79 6535
952 13326
356 3211
806 12411
877 7142
679 844
645 17979
779 182
356 2105
822 9753
541 1884
85 5275
966 4860
88 3435
725 14085
664 4127
88 5684
952 34979
480 16741
792 5370
641 10147
414 3150
788 13656
85 4487
78 77
414 3120
480 10871
431 2612
788 8479
858 3022
877 1122
664 802
115 9222
573 543
952 3376
413 9137
61 2727
952 8251
931 5572
664 10133
641 6165
952 14158
68 1937
976 5293
641 6495
503 4118
712 4620
327 4309
16 544
952 30506
115 2398
997 1150
952 24671
480 21751
146 3387
641 7468
958 66
792 3173
254 3433
800 4119
935 1820
877 7603
254 5357
368 1227
431 2480
806 5817
981 1264
65 3293
9 2738
342 5156
553 1881
160 1294
822 4853
698 626
997 2837
236 6303
224 8605
141 4586
822 7818
115 18888
553 2432
414 7764
966 2653
925 1421
800 5238
952 39399
220 1694
16 1016
79 5395
725 14523
163 413
368 195
254 4229
504 4596
540 563
88 3303
679 1166
541 3852
877 1493
327 7603
480 10394
664 8319
141 4496
816 1397
556 2516
952 23389
952 26846
664 16360
221 639
997 10251
788 7831
61 2892
792 3195
635 16292
22 386
725 5284
115 10828
952 1759
327 1107
236 3115
526 2780
779 57
788 14442
65 8520
67 1230
505 3784
822 2502
431 1385
952 15309
712 4343
426 372
981 2173
800 1211
9 1874
88 6225
65 13864
501 1095
418 110
958 645
997 14828
220 2692
400 242
645 16735
68 4311
126 508
480 10680
792 10834
792 598
952 11798
236 469
67 1522
976 1760
141 1910
894 4183
52 4961
712 9304
115 25517
236 652
573 3353
935 570
602 1783
236 4645
413 7405
976 2136
224 4454
806 3358
428 336
725 15325
806 9107
115 15346
952 14665
981 4049
645 534
418 1168
635 10848
88 6303
952 17195
115 5316
413 2107
115 26334
426 2483
788 182
968 2939
792 7281
503 4890
990 4409
792 10454
725 16712
725 9146
952 10522
505 217
952 20662
966 3010
163 578
480 282
997 16032
327 3359
952 36343
976 1912
426 5806
220 5163
641 920
894 533
894 2182
573 1599
573 3614
788 9476
141 3722
664 13837
806 12296
664 20392
952 16155
61 7226
224 5589
85 9432
952 128
146 3731
792 4073
368 3681
115 15380
115 13184
968 3286
952 17464
342 2807
220 5843
858 5072
591 5517
792 403
414 396
52 970
591 3784
141 4072
952 30434
981 373
553 165
966 1516
356 1991
556 1934
400 753
480 7451
65 11384
327 4769
327 2144
568 1559
414 5019
806 4420
503 1140
952 36330
327 5149
645 9043
997 12755
935 6127
788 12006
822 9318
664 12241
788 13884
725 5891
976 3244
141 3862
254 4352
480 14314
816 1162
394 1036
413 2704
426 7312
935 6295
952 17869
236 6853
792 4576
480 5315
254 3554
413 258
788 7918
806 17579
65 2198
79 5278
725 13103
85 4082
480 771
635 1964
712 3913
679 1467
61 4951
909 580
792 6770
163 4551
115 27927
115 25773
254 6027
952 18230
806 3846
931 3813
61 10933
952 1169
61 2891
428 2869
664 17792
822 6194
480 1755
480 6220
877 4770
224 1367
413 17633
725 13370
413 9894
556 4468
981 2567
426 4477
85 5009
877 3863
935 2123
952 36492
877 4920
65 3445
78 3175
115 23466
712 10353
645 8411
792 11292
490 3216
822 12884
990 3297
806 16260
426 2890
997 5164
414 6781
822 2791
641 14708
725 7588
806 527
645 8846
635 15457
88 1495
877 3761
85 11626
952 40698
952 31214
414 8336
236 5692
30 6627
526 930
220 4578
356 1545
333 2347
418 843
664 13072
641 8083
679 766
61 8942
480 9807
635 15475
635 13730
480 13862
480 20921
725 2399
505 5110
959 1449
997 11324
526 2281
115 8753
504 695
952 23264
52 1765
602 1240
783 6882
976 3481
342 4433
224 7884
368 1087
976 3725
413 18555
664 16664
990 4712
788 13027
115 16431
79 301
931 5881
725 7293
163 952
909 1313
602 1953
660 1155
952 333
220 6373
85 4972
254 3960
641 1430
952 38571
78 4918
413 11579
480 14068
442 215
968 2745
413 17419
30 373
990 4169
806 12995
952 33558
141 3199
220 858
68 2421
28 643
115 26297
413 19752
480 11025
115 26185
9 768
822 8118
800 1478
79 6092
858 1939
22 319
664 3231
22 1713
501 2041
952 25407
664 14432
61 14531
342 1468
413 4421
414 4764
480 11424
664 705
997 12775
85 1847
78 7468
368 1746
712 1636
88 2488
65 13601
966 6966
115 13447
635 18550
126 1360
822 3608
952 29620
952 23969
997 7756
725 12300
966 1857
30 6648
28 3172
224 6395
541 193
635 8189
480 6155
327 8689
61 7853
480 5079
115 3734
414 479
997 8229
141 3941
146 940
925 59
822 3111
877 5373
413 7990
327 9660
894 808
952 2514
725 16111
428 1563
925 2296
505 3225
968 3572
645 6287
224 1500
480 2428
952 16693
413 1440
952 2409
327 10197
822 4888
65 12043
426 896
78 3550
894 3943
935 6344
68 208
725 12517
30 3198
909 4255
480 2851
997 6839
952 22868
806 14162
426 1955
660 2680
426 7245
958 157
822 9846
684 7
822 7996
725 7613
664 5667
428 3804
413 510
997 4043
792 10690
783 2298
997 3551
806 19477
273 1577
788 14684
298 113
413 13417
490 845
635 1695
327 7229
504 4083
645 14299
858 7760
273 1254
788 13826
645 10970
664 7419
806 4516
952 15781
997 12495
591 1397
480 4726
788 1893
480 6717
788 13113
858 2536
952 8368
428 829
822 369
635 6547
952 557
220 3299
664 15388
858 9994
664 3662
645 162
327 813
997 9141
115 15844
952 35021
505 4843
88 416
816 1489
327 2932
505 606
342 6484
78 1645
788 12407
220 46
931 2939
573 3219
504 3509
997 11665
526 555
997 7199
952 4506
428 2155
79 4347
16 1805
394 74
431 3354
115 20255
952 27461
426 5903
431 3997
645 13721
783 2312
591 1643
480 19504
490 2912
224 2607
65 9238
65 618
254 2665
413 7761
553 809
602 787
952 40727
877 6945
952 10240
541 2470
635 12277
909 1529
526 3774
52 5879
400 458
414 2669
958 387
553 5414
664 11268
997 5380
635 8649
635 1192
480 17562
822 7573
426 268
981 5207
160 1138
236 3714
968 3565
413 3432
645 18847
556 723
115 1721
146 1517
327 9704
792 4851
78 6704
858 6811
952 1472
79 8365
61 5541
981 1572
504 4857
418 315
428 2267
428 131
61 11510
333 2893
428 2595
783 3725
806 5470
792 2879
712 6100
437 2447
513 633
788 8277
501 1306
725 9000
997 2960
591 3183
65 6049
573 517
16 1509
236 691
115 9975
65 2990
968 2377
115 27761
505 5372
641 11126
553 2551
418 1786
641 13521
935 544
952 2865
68 237
146 3
952 22567
224 6151
966 1146
78 1122
664 14682
800 2346
877 2176
792 5578
966 5659
441 424
221 1838
997 11089
641 7448
822 8724
504 877
788 3659
725 3039
725 10621
327 3054
664 13686
712 9895
526 3015
966 3542
591 1600
115 24771
503 5959
414 4396
725 13970
806 11635
490 2630
333 2049
65 8318
115 18033
333 4337
976 4406
894 2289
503 4254
684 938
725 6965
800 2583
115 27494
664 10862
65 10194
792 1458
602 237
792 1995
822 13730
413 14691
981 3447
342 5921
664 13295
788 10603
635 7181
976 1667
806 13835
327 3816
783 6899
428 5182
800 2626
925 1137
641 14888
645 18482
792 10003
220 6533
505 9362
52 1250
935 7362
635 6299
79 3686
236 4832
788 6342
541 678
68 812
635 3359
783 6810
909 4522
997 10051
85 3184
414 7641
664 8427
641 15555
800 1374
115 27205
30 4020
327 10124
806 5490
788 8961
788 7607
526 4335
61 9162
327 8312
61 12725
806 10707
725 7404
788 8621
505 9124
68 741
368 1620
115 12471
664 15287
635 19501
480 12913
480 17506
725 10272
877 4967
966 5045
220 6512
641 16165
679 1306
22 2212
413 5186
160 1226
635 17354
115 7311
966 7176
327 10013
952 28113
806 7402
413 2607
400 1420
22 1378
684 438
22 2143
645 15733
503 6327
783 952
997 12254
858 679
822 10682
822 13013
61 4400
327 10308
30 6384
935 4258
981 3972
568 2735
480 8540
952 19739
441 476
645 17831
480 17849
635 9260
725 10596
997 10312
16 520
146 1593
115 18415
88 5152
909 3381
115 12358
877 5688
22 3203
822 5470
792 696
931 4157
356 1602
501 186
426 3165
927 299
809 676
126 3640
981 4062
877 3958
141 3905
413 1076
30 4620
966 6478
635 14366
9 414
664 2534
664 16212
788 13535
952 32240
327 10012
664 3999
115 15030
414 8847
990 1013
591 7275
725 5859
327 199
877 375
635 19962
115 20728
160 2298
783 42
541 967
806 685
141 118
141 2415
65 781
877 6014
712 11046
976 2653
952 29372
79 3393
788 4205
356 72
52 134
952 38356
115 24332
966 274
368 1115
877 7048
641 917
792 3878
65 6563
163 3069
641 5506
61 12134
664 7344
858 2043
788 10876
952 7354
641 1032
88 3973
160 2857
115 11583
79 6285
952 14331
952 14442
664 12455
437 1778
822 7231
413 18123
418 1750
660 1346
254 4893
61 4913
414 55
224 3929
931 3603
426 1704
480 20768
645 4826
52 4363
990 1851
990 3508
85 9616
997 5567
480 4568
788 12134
505 2315
725 247
952 15937
641 2428
806 1677
806 8882
645 10390
224 4036
480 19211
877 4478
22 2336
480 20516
413 8965
645 13184
426 5536
806 11840
504 1453
800 5035
788 10318
712 6552
806 14966
779 31
997 2477
526 849
591 2310
480 22171
126 2771
635 9775
645 16145
788 9223
635 6165
935 2921
220 999
65 12470
602 397
85 9134
664 17285
952 19207
480 10896
925 2094
342 162
792 102
997 3489
788 4912
958 243
952 4210
61 5965
68 500
556 314
664 14596
966 5410
394 1720
952 13560
480 8009
503 3634
641 4634
894 2464
976 6520
115 20877
556 3847
858 8261
725 943
788 12647
952 5338
526 464
725 3967
224 1825
635 2719
115 16508
67 757
822 9542
65 7422
356 472
79 2243
67 345
480 18305
342 2294
61 15558
504 2303
822 235
273 1816
413 777
664 12091
28 1207
806 995
698 237
428 5084
85 4567
126 518
413 20419
79 2657
952 6712
806 15807
22 3728
480 6311
126 773
635 4252
61 6228
428 2292
591 7868
480 796
877 1227
480 22231
664 11565
800 4426
30 2452
65 8504
952 22968
966 6623
641 4891
990 1492
480 9326
220 1043
997 3866
725 6225
480 7378
115 21087
426 4408
645 11654
684 854
115 16340
806 5960
414 559
806 2293
877 876
822 8584
806 6695
966 211
413 2472
342 2152
160 107
556 1626
342 1865
115 5977
641 9968
413 9636
28 3460
952 28844
480 1028
115 17031
160 2109
858 2533
645 4893
513 764
553 3102
602 1536
413 13594
641 2050
65 6947
88 619
952 34358
30 6976
725 15041
645 15204
327 10552
236 3899
822 4301
115 9215
163 4680
88 5812
88 3628
935 7031
79 1111
85 7843
65 3736
909 4154
952 12150
968 4942
997 3227
224 7720
952 18600
635 19890
976 190
426 6144
877 9071
115 3341
645 7672
635 6081
806 642
725 15523
800 1787
526 1231
806 2634
952 20399
115 3159
725 9793
480 19824
645 9585
858 4009
85 3889
783 1362
68 4217
858 1616
712 9657
115 12015
16 927
526 3920
935 5939
976 2556
635 19828
997 647
822 3919
645 1013
88 3524
635 9052
115 3664
792 5028
52 6981
115 9066
503 5138
61 13345
641 12961
788 10369
806 15302
858 4283
85 8770
858 8987
68 4549
788 7992
822 7089
146 870
952 39200
976 5492
664 11474
78 894
822 10956
356 3304
553 3745
981 686
428 4622
414 1245
976 3296
664 9259
952 8565
67 458
641 12408
85 11172
413 16430
65 3103
573 3494
952 17786
414 8462
788 7213
413 20663
79 570
645 15906
480 23001
952 12387
935 191
641 1291
78 4208
254 2192
645 7360
79 2108
712 2527
909 2320
553 2688
418 128
163 662
909 4029
224 6007
792 11846
115 17468
725 6187
981 677
997 7222
981 3395
822 3559
806 18619
426 822
712 10402
61 5134
501 1358
504 2152
327 3854
664 2677
115 19127
725 10926
792 3562
641 4794
413 20583
61 11746
635 6436
788 3126
725 3411
52 6779
806 6174
30 4183
553 3236
952 24753
65 5767
68 1227
480 6500
952 8849
602 2685
909 2060
61 3432
909 2475
413 16770
783 7110
9 2389
327 3238
88 1095
935 337
664 18557
635 13915
952 19994
573 1104
503 3846
61 3209
414 6874
635 5951
224 8362
725 16513
806 8642
85 10123
61 2896
30 7309
115 14031
368 2871
783 4530
635 4619
224 9315
641 5429
437 2329
952 24888
641 7053
968 3779
725 7601
505 8856
806 12138
71 1994
712 6808
141 3859
78 7145
65 14013
553 6138
78 4559
997 15539
664 16916
65 4078
952 23976
788 12058
437 1556
85 7442
504 2610
981 5670
342 7016
935 830
505 1378
16 427
591 2568
505 8683
65 1634
224 7336
968 3181
990 3365
505 7403
858 776
952 2605
85 10755
822 11552
997 9916
78 3146
602 131
952 34089
809 115
927 429
725 5691
220 4703
68 1482
952 35873
273 2055
160 2396
952 35831
966 4463
413 17029
79 3229
725 2721
65 2607
664 168
553 5855
115 15245
966 7307
141 5336
413 18803
664 913
79 257
78 7808
641 14621
504 1060
952 4615
664 8569
952 40861
952 7241
556 4618
952 17074
400 592
806 10020
591 289
997 12378
952 8371
79 4994
221 976
413 2977
356 525
952 39789
224 6302
660 2096
591 5337
788 7537
65 13343
85 7229
952 34008
61 1576
526 5012
224 8127
441 605
822 931
806 1896
952 9065
966 3895
952 21495
85 5909
254 5150
414 5443
806 10210
645 9518
115 3178
368 3560
78 1795
800 5144
931 3066
413 1192
952 8246
78 7077
783 4253
725 5544
78 4188
526 1152
490 666
52 730
368 905
505 6892
433 327
370 584
968 2713
342 1369
935 7344
573 1662
115 22025
822 11219
115 427
327 5606
990 835
935 4879
635 18734
556 1453
441 20
712 7172
664 16052
806 11067
61 1845
952 5456
725 6140
952 37063
526 3751
163 3878
792 3947
952 934
30 4404
327 5742
236 3666
952 18086
88 969
822 11419
541 435
635 8642
61 1551
61 245
65 5109
71 758
858 6686
553 1839
931 2338
79 4634
65 4046
426 1222
327 4584
61 9989
61 8261
645 19121
503 1215
664 10084
85 5597
806 9464
556 5222
968 539
236 7602
480 13813
356 3121
952 21890
61 4513
553 2231
664 1568
997 3624
725 15026
816 2716
414 7018
952 22003
952 40417
88 6963
413 14983
806 17466
115 24217
806 17182
220 5354
65 1158
414 1515
68 4412
414 4573
65 8416
160 2766
935 6041
68 4435
65 11592
65 9758
480 21007
806 9368
254 628
78 6193
664 1442
788 11132
602 946
71 2451
126 3343
952 33119
935 6203
115 17107
342 750
501 1906
997 6594
163 2846
503 2274
342 5019
645 844
976 4786
556 4261
952 16154
163 535
877 9570
981 5513
85 7222
503 4658
490 3410
503 4396
413 8708
997 2572
273 1365
61 9341
959 1202
501 95
441 758
414 4937
990 2931
822 12335
327 853
877 696
327 9249
635 19279
822 943
725 4072
224 7482
931 5310
88 925
115 15133
115 4285
822 10484
792 6507
327 1205
877 7389
725 7986
431 4074
30 1456
505 3910
356 1974
394 1173
684 702
61 7339
635 8610
641 9693
877 6150
503 5290
664 2364
645 3010
504 2047
990 2657
635 17471
513 151
30 2181
61 10082
428 3020
990 1483
968 978
163 2087
480 185
664 8420
664 18174
356 1413
591 4414
115 11449
413 21322
952 36746
413 21681
806 7549
503 2095
822 2631
85 6696
273 2258
221 1643
952 28737
952 32126
635 7045
725 8562
725 9528
792 5467
931 5800
327 6011
712 9644
725 5152
645 19624
431 4223
660 227
712 285
641 1045
85 10567
788 6820
712 10762
894 3539
52 4425
122 568
959 679
568 2355
809 291
115 18716
28 1939
997 15224
635 18366
641 15217
641 3468
968 1712
894 3882
660 2426
22 2895
909 87
85 8713
115 27167
61 9814
568 1419
553 660
22 3164
641 12148
806 5776
526 582
413 11574
664 6818
664 384
68 661
788 6478
88 6088
220 3588
79 3791
952 40528
413 11119
418 65
635 16701
909 3181
591 4284
635 16329
931 2
224 6914
146 2603
990 3908
641 7774
115 4196
68 1807
61 9431
115 19802
504 1778
806 8138
877 6446
88 3106
792 3782
224 7186
236 1610
645 12912
931 1326
858 202
78 7277
806 6189
428 1846
413 6452
553 1226
927 570
503 4236
997 7805
664 2217
635 18237
221 712
591 5932
725 16543
65 1283
952 34586
413 5071
788 13509
356 931
806 994
540 330
925 1860
664 5301
163 3650
679 3
356 3616
877 8377
792 2103
236 2078
71 87
78 3021
141 5126
236 5856
333 3270
952 31078
858 5153
78 5323
146 888
115 12715
236 5115
67 169
788 10911
645 3174
52 90
220 633
952 17591
85 11155
163 907
664 1017
684 293
61 4379
52 2366
413 7282
414 4404
115 558
800 1227
894 1495
976 3785
783 4850
327 4133
431 3243
641 2368
333 615
664 12995
645 9975
935 5651
788 13413
400 982
858 1146
413 20957
236 1455
712 8560
71 1372
236 6719
645 18765
413 15008
712 5249
504 3965
645 1182
568 1527
236 6971
645 7180
414 8113
160 2468
67 1167
426 1680
28 990
224 8004
160 1117
783 2961
952 18353
635 17749
635 12475
220 6257
141 1951
788 11692
553 3047
65 14597
806 13202
370 1016
85 10165
115 10913
61 3058
88 1634
65 5619
806 3607
952 11050
126 2589
645 13394
877 4338
61 2092
788 4206
822 1826
635 5102
725 2797
356 3796
788 5460
997 15109
725 4007
413 12950
505 5818
88 6727
641 13573
78 3836
645 14647
236 628
437 555
115 26253
426 1678
480 12314
79 3388
602 1088
858 6589
505 2110
952 1614
88 2140
645 19234
490 2157
115 26985
88 592
788 2481
413 12106
952 35208
356 2577
115 25655
712 3949
684 555
254 4718
712 4764
163 1990
85 3143
990 385
480 9444
997 1611
413 11710
254 1802
413 9228
431 1384
236 4776
952 19020
553 5512
480 16520
931 4227
641 9089
645 6934
635 15095
505 2059
645 4567
480 13503
141 4970
236 3891
664 15625
541 2912
16 1782
71 1417
115 19020
952 9930
236 4151
413 9520
273 759
792 861
224 6581
221 260
78 2743
61 14451
952 32423
342 3918
65 3211
501 1632
224 2024
28 3259
115 23865
79 2877
664 10712
981 2493
505 834
645 222
146 2630
61 2404
887 77
556 4122
126 3240
480 22989
641 2692
333 3717
783 5448
503 4533
480 14787
160 2071
806 19605
712 9982
894 1886
968 2798
413 5264
79 472
931 3325
413 2721
480 5360
490 627
236 1887
540 547
806 826
990 2535
327 8972
480 17559
9 1213
224 1022
966 2004
437 1657
931 4473
806 7049
783 6912
490 1574
52 3397
414 7575
413 16234
664 18858
976 2908
664 1987
952 36586
52 1143
952 18008
931 1344
480 9983
224 945
115 8791
480 5708
505 91
505 2656
997 13046
641 6644
966 4824
526 3213
115 28524
806 2915
78 5598
684 1087
792 5634
480 12219
85 6490
418 434
413 18549
792 6403
968 1196
792 2777
894 1256
806 13909
822 2179
591 4649
480 10309
541 3242
788 14334
503 1168
664 19860
997 15056
712 5768
115 9305
822 904
664 13923
553 2038
981 2446
141 4735
712 4905
65 9151
997 14570
800 5689
645 12110
414 4113
788 9610
426 157
299 141
85 10080
505 6397
65 14325
822 9842
333 355
591 8017
952 32659
788 4432
490 1105
414 8967
224 5175
698 912
61 8341
966 2485
78 1942
725 16606
664 2387
71 2295
664 2015
645 13600
952 6980
968 2651
526 1634
635 16832
712 6735
342 5708
333 1852
822 7480
513 536
221 157
783 2092
413 19336
414 1916
115 2561
952 12283
556 4856
806 12676
480 7137
927 371
641 10670
480 14490
952 39486
935 6673
480 18426
220 3448
822 6266
925 646
952 19474
635 9395
85 1154
966 4057
806 7419
800 4510
952 32067
394 1138
952 39890
78 3957
602 155
635 3579
503 6186
160 1846
65 8761
660 1991
146 3197
115 26016
806 12440
822 1809
28 260
997 1281
115 7307
342 4817
141 89
635 792
822 10290
160 2616
52 4884
935 2182
591 2130
61 4028
788 5524
952 35564
952 17520
67 634
966 539
725 11016
85 2726
327 1816
431 3822
115 2946
504 43
141 4969
664 11896
224 1818
115 19618
327 5122
526 1097
816 2034
30 2036
480 9248
788 1010
220 2185
909 879
641 14727
85 6838
858 868
9 2894
641 9755
426 6771
122 671
997 6306
428 5628
79 1687
806 14425
952 18980
414 1734
115 18901
273 885
79 2387
968 4782
952 18791
505 4391
254 5682
65 1747
935 5903
976 2596
800 1343
400 95
990 771
800 1722
501 2301
712 1761
556 3537
800 5370
52 622
254 6973
792 8845
224 6639
503 1544
712 9018
645 12771
414 2275
822 741
909 1180
635 18686
968 518
342 901
660 4470
645 5670
428 719
78 6349
414 4627
966 970
428 5407
660 1925
413 17821
418 863
858 8344
635 2463
788 6670
163 1266
78 5273
115 14633
952 33094
16 1156
952 39247
67 1411
426 3019
78 2585
342 2474
792 10298
976 5084
645 15482
822 706
67 1298
61 1966
635 12365
725 5790
400 863
800 6337
79 6083
61 10107
428 2805
573 1209
480 48
16 2046
236 73
822 6763
115 6995
641 12725
712 6931
935 4057
968 2230
806 18114
85 1096
997 16338
806 15348
115 17361
428 1543
30 3678
65 4490
115 26704
541 2274
877 9446
725 6632
725 16801
958 595
480 11097
664 13153
78 583
71 1548
635 10323
990 4263
480 2657
327 1182
65 9538
65 4573
635 18868
664 19340
413 14886
556 1592
541 932
931 3490
664 6304
61 561
679 1427
800 6926
115 28045
635 7893
981 747
968 3472
224 5858
79 2748
220 4817
220 1331
221 1911
504 1303
997 13295
935 1812
725 13114
115 10122
220 1830
822 7943
414 33
30 5495
664 15720
67 1602
30 1117
664 10615
480 19926
85 1645
413 17120
413 19026
431 4413
664 15680
505 3081
504 1960
220 3624
61 11682
997 3897
573 2714
952 4249
414 2912
65 13118
664 11118
725 6880
115 11870
806 18433
952 24540
858 3836
236 7850
909 3028
877 2994
635 16189
413 12484
115 11836
418 2224
952 33397
997 15930
526 1057
725 1976
806 16823
505 6204
641 14012
952 24272
788 13108
163 158
664 9834
71 3
952 20802
126 2671
65 11100
68 39
981 3057
894 754
641 6194
52 1597
635 220
115 7269
541 1049
52 2195
540 919
909 1929
641 7872
684 176
959 1560
806 10347
641 10893
997 6013
88 7467
426 5019
28 1373
490 3256
641 12192
958 797
61 2374
141 1347
88 6534
952 19608
61 12445
22 2428
342 1773
490 3192
541 1180
52 4423
88 1387
635 17157
645 1958
981 688
115 25035
997 14922
122 875
952 11276
541 1321
591 7675
981 5544
163 1211
664 16935
806 12327
664 20264
976 4230
788 5673
480 7962
413 3220
426 4119
981 5399
635 9976
115 1849
413 10527
52 4107
788 5897
342 4253
725 15581
480 18642
298 226
224 390
641 3244
52 1528
997 14206
573 3180
981 1332
792 1846
327 9771
65 733
568 1838
61 15196
426 7035
79 3455
115 4094
30 5354
641 11495
816 2664
981 5460
426 3303
526 4656
725 5752
822 12840
952 23150
480 19377
126 2657
30 7242
976 6020
85 1941
78 6773
480 10682
327 10645
414 2622
925 2172
822 10049
61 2595
591 5943
952 36258
28 2051
426 3970
503 6158
976 6493
61 6352
952 9865
505 3524
85 8215
858 7311
952 28964
712 3752
635 7578
573 3512
79 608
877 2521
78 4468
806 4065
126 3475
641 16430
894 405
997 6891
645 11348
79 1506
30 6282
163 4236
591 3199
997 10870
968 3444
65 7939
556 2559
783 1993
426 1544
952 39631
220 5950
822 8458
806 19769
236 6632
71 432
503 699
65 10945
952 18540
952 34231
333 3965
65 13386
968 4686
431 1879
645 19407
792 2818
997 3312
370 880
480 21145
909 2186
822 2759
645 921
52 3567
645 2557
997 817
788 11551
141 1583
526 2520
115 7757
641 2915
641 1519
645 13285
505 5022
806 16969
952 7002
333 2212
505 1953
635 10548
342 866
85 5436
480 1292
792 12058
16 685
952 17298
333 175
236 6256
931 1918
503 2431
327 8002
806 20579
504 5014
806 17886
61 14480
65 8882
645 5631
526 2289
997 6743
645 3641
822 3751
333 4414
78 3685
88 283
68 4441
931 754
645 1086
968 1290
858 6136
931 1657
679 557
88 4741
541 3051
725 4289
556 839
935 4178
792 8988
877 2068
822 8478
65 5396
9 1366
997 7267
88 2330
952 24864
30 5131
792 7483
976 6577
792 7555
573 2992
441 801
163 1708
28 1943
635 4417
61 3707
480 18054
65 9110
413 19151
925 200
635 10874
877 1289
333 1086
480 6859
952 13132
990 1996
952 21419
990 1189
503 3511
997 7073
431 2209
163 3789
591 3736
28 2482
783 5931
935 2063
503 2762
426 6203
591 6594
816 2904
503 3140
822 1183
413 20368
413 12197
513 1132
413 3088
61 3795
641 5088
645 504
146 1058
65 392
894 2535
126 262
635 12735
952 4966
952 3939
635 102
591 3307
160 2277
997 15685
61 11602
503 120
22 3523
976 5751
573 801
725 2361
28 3209
858 8891
413 1888
480 7554
160 2131
976 3378
952 2308
333 485
115 26868
660 1561
413 14848
822 9435
725 55
822 144
806 5616
327 1899
952 4669
725 5107
65 13402
480 22203
65 13470
88 5878
931 3724
22 1221
480 15623
641 5059
220 3512
952 12793
966 1335
115 23171
602 806
966 3514
254 3613
221 1669
909 3590
342 4674
78 3406
553 1619
480 22914
783 5568
635 15915
909 318
952 31770
591 5719
428 5505
792 326
65 13823
418 1651
645 4358
79 851
480 12691
645 8267
85 150
163 4773
783 7567
664 20486
635 7049
28 2747
327 10360
115 23682
664 18712
30 1802
163 60
641 12436
85 351
952 10114
115 7050
61 10611
52 6091
997 5558
935 1677
141 2292
783 4448
327 1417
788 14586
635 4323
273 1024
788 8142
394 1252
88 7129
9 2038
591 6059
641 5839
806 20453
115 27691
952 1360
602 226
16 97
322 132
115 27551
858 3607
645 15596
342 2907
480 1032
591 7044
115 14466
957 120
952 30790
88 7243
635 1054
414 5993
442 441
806 13419
660 2138
935 3776
935 3446
959 556
85 7637
909 2068
822 9891
30 5007
952 20098
490 998
976 4475
568 2154
368 1210
254 173
641 8150
480 11322
997 9655
725 14844
997 11668
115 16073
952 977
437 2258
664 14337
480 13430
342 5142
792 10763
952 38293
146 2088
52 6306
414 4545
952 35682
413 14070
65 5208
490 3017
61 2278
414 8784
65 1492
526 68
526 1679
712 3249
968 5066
806 11720
635 12868
85 527
437 2411
997 5255
591 7161
877 5715
858 9017
85 5586
221 902
126 1111
65 2473
394 1268
480 14710
160 1757
712 8279
635 10190
952 27129
526 2137
664 5283
254 6451
952 21270
976 1016
65 13678
968 5298
635 11953
414 6194
997 4729
645 1749
224 3231
370 350
645 10103
480 16371
327 3986
800 2466
976 3220
792 833
664 5043
573 105
573 3741
431 2945
966 2241
85 12019
490 1154
115 5622
503 677
526 2978
61 8434
503 1970
65 13456
115 5709
115 20080
800 4839
783 2774
664 10356
997 703
115 24353
894 670
981 3328
30 3346
505 5783
414 3298
792 722
952 25956
163 1655
952 16938
641 10304
65 6906
28 2737
333 2627
645 17246
822 9142
115 7949
792 7725
725 11976
788 11309
645 15417
822 8359
85 11375
877 7103
88 5110
976 4359
431 3063
480 22052
61 11363
65 8286
952 22614
931 3951
220 2022
952 18594
966 2386
160 410
126 2264
645 3673
85 9290
16 2037
505 300
78 5
679 955
61 2124
997 16378
602 2069
858 6445
79 1801
526 5469
952 12647
78 372
414 4367
504 1345
635 3239
414 7113
806 12123
220 6758
556 145
480 20369
952 33780
952 29596
635 9815
221 87
65 2477
952 28396
28 4071
788 12597
712 2591
413 5493
224 1733
806 7462
976 516
220 5493
788 4625
931 983
28 2251
645 4004
997 5573
115 11199
88 3655
664 11392
591 4879
65 9908
641 14324
877 1048
952 11392
428 5305
645 95
68 2888
966 5737
431 2046
333 3075
68 1336
952 38972
79 1199
431 3945
684 816
635 13498
413 6346
504 4183
414 2758
163 3382
52 7185
553 3543
641 13599
480 19767
660 3640
641 2161
236 7826
725 8567
224 296
931 5172
431 229
115 25315
822 6026
88 5357
141 668
79 2867
800 4606
146 2291
224 8266
370 646
526 4890
635 7630
894 4217
431 728
224 2030
254 3152
122 116
480 5538
342 118
370 204
327 5104
976 2409
952 25641
712 6660
641 3365
990 3262
413 12777
712 7891
220 714
966 2519
52 2099
540 748
413 18321
952 9171
712 6547
254 5713
894 751
115 27813
556 3387
115 26987
877 3247
641 9507
79 1008
725 14517
712 10703
664 11736
85 3966
822 8129
504 1191
368 4081
783 5254
641 2993
78 721
645 7992
966 2927
952 35420
635 9088
61 4208
935 3333
679 197
997 12625
635 14751
981 1860
952 39867
