9177
7 11570
187 419
554 59
84 2738
744 22680
158 480
896 993
498 16024
744 29590
575 1255
313 12662
743 7648
67 3407
757 2210
615 10838
489 14818
452 3911
53 18308
858 4927
313 13506
452 9539
3 347
757 2505
700 2660
179 3184
744 16719
173 37766
67 8283
78 3605
498 17033
3 11502
330 8886
533 5077
67 10265
517 2142
743 5219
575 3759
533 8111
643 20142
179 3999
290 9018
476 1033
452 8518
554 13372
7 16441
179 1107
173 10627
7 15868
700 2401
39 4571
744 3839
694 1123
3 6672
173 30087
330 2218
744 23700
864 2162
335 7392
694 195
797 6998
555 20226
452 1449
70 1789
643 19764
362 5733
130 1009
757 4874
48 7954
48 16385
555 19540
84 2145
3 5688
173 2868
179 953
362 893
694 1990
586 893
533 18443
910 215
330 209
635 2574
498 12604
921 1704
533 19440
290 10140
909 3085
67 8962
635 3418
313 4252
2 4599
797 2275
67 12259
489 3570
7 6753
476 5590
498 1611
533 17853
489 7959
858 5625
848 7471
967 10712
145 2026
947 651
506 115
735 2424
7 12834
947 8101
290 9707
498 8631
3 5551
173 24578
173 48463
39 1807
517 3415
173 43607
173 33133
489 2555
313 1654
151 2157
173 25235
53 9063
848 6648
909 1362
3 8090
70 9247
53 10245
363 2338
452 6310
910 2190
67 10812
744 33748
70 2033
452 22048
765 2142
498 8730
615 7289
635 823
836 2409
684 262
743 5571
330 11996
583 3845
744 3002
173 40542
744 21781
555 13320
972 7538
554 3897
489 5267
533 14443
3 9533
735 5851
555 21125
53 41
735 4415
533 1317
555 8604
744 19799
7 11108
327 2167
179 4625
173 7111
947 4459
575 10510
48 5398
53 10155
173 27029
258 480
538 257
53 13975
452 22898
498 20780
53 3218
330 1159
749 348
330 5294
464 671
2 4082
744 10442
179 473
575 2223
70 2015
489 7615
173 30684
489 5855
78 5018
554 6169
744 31697
489 11071
615 15
173 15089
744 24173
173 6419
151 1699
53 7535
744 14215
947 195
173 37291
173 4990
858 2113
173 18169
330 2673
153 134
797 7477
688 6310
53 12358
70 3795
452 18114
48 4529
793 4628
335 1817
3 9722
335 434
498 1143
7 9947
3 401
744 8248
749 1012
452 11970
575 8309
921 2868
694 6406
694 9827
967 5558
859 1248
335 6778
793 1755
173 19594
694 9993
173 41212
452 2381
757 5433
498 19905
452 17016
215 148
151 520
39 3941
7 20137
7 5804
452 8203
533 8207
53 5885
489 5716
615 8519
909 1740
615 9401
743 3460
290 1078
330 3931
84 629
744 32343
735 114
330 2351
583 1430
972 7293
7 13707
173 38960
765 1129
290 10415
858 6075
290 6054
615 4784
3 3551
498 3293
921 1907
735 6755
173 17991
583 219
151 3874
179 4715
744 12606
588 445
39 843
735 2834
307 1427
313 1778
688 5639
757 5823
643 10784
947 348
858 2976
555 7074
643 9316
615 4466
173 3428
643 9169
744 15484
757 6474
330 5434
517 770
313 1367
498 1798
555 16620
744 8015
2 4738
744 17788
793 3035
533 1032
688 1405
947 6763
313 4555
583 4682
947 1571
797 3169
757 133
858 5998
173 42498
3 10127
290 6935
909 75
517 2973
517 650
859 6654
130 1287
583 4516
78 379
910 1090
498 9181
335 5964
967 3205
517 7037
910 2052
688 802
452 2016
517 379
452 21381
489 6070
848 5517
575 7039
848 6202
3 1638
78 477
744 13648
555 16731
864 2468
555 9953
631 2736
173 23526
330 13647
362 4699
48 2691
700 841
323 565
555 16862
533 9251
743 4042
452 19163
452 20803
517 3006
859 4452
498 12198
452 5232
793 1245
330 4386
555 8243
53 4052
643 4498
67 6352
631 645
78 2009
909 8519
498 17545
173 39151
635 1001
53 7324
615 4547
554 8228
793 265
489 7520
555 14541
67 5399
2 789
533 4597
53 274
7 6288
489 9014
743 1444
53 6307
744 15387
39 4070
555 8964
583 2501
173 8904
744 13343
290 1445
744 8250
39 2991
744 18883
452 4006
533 16606
173 27591
909 7244
2 2650
757 4794
179 5258
243 810
575 3400
554 580
858 2402
153 1331
48 16312
70 2570
173 41091
151 1504
555 15923
910 784
53 19393
555 2451
39 8903
70 9262
84 1436
921 1139
78 89
489 4084
848 6763
330 7518
554 1946
643 15782
67 14901
615 6427
53 1067
452 8185
48 8086
323 727
498 8902
53 10700
896 4468
554 2636
48 10436
173 46999
921 1501
179 330
972 297
743 8268
967 495
307 428
533 15935
660 1986
848 8365
7 9340
290 5298
452 15489
533 18301
972 4196
909 3966
858 8124
700 321
910 2985
145 1001
735 2998
173 44863
554 7573
173 25349
67 11748
84 2583
555 15387
910 1830
947 4283
533 10938
517 6917
48 12466
735 1493
39 11389
858 7839
797 8310
743 4555
615 1906
67 1640
797 8962
489 5429
145 4085
3 956
797 3653
744 25303
744 23912
313 1493
859 4038
67 9465
67 9300
290 12105
363 1096
173 44666
362 5680
173 30038
615 7223
3 10665
498 956
517 1051
947 570
173 14509
48 4939
452 1064
967 2746
84 2864
48 10939
643 9125
498 10254
452 20346
836 839
643 6918
643 15630
452 9584
498 15071
858 1026
694 3178
39 3121
3 6939
700 2959
554 3215
489 6969
858 3077
67 10898
947 4413
744 17119
643 12027
39 7912
452 9137
896 5369
615 6708
554 9719
290 3941
3 8899
187 2115
858 511
48 9917
313 5859
575 7345
858 4685
744 13034
39 3569
967 4484
173 43783
744 14380
586 671
643 200
313 3298
173 1143
635 748
70 7106
517 901
688 1237
179 4192
848 5300
643 3958
554 10748
586 354
797 992
797 803
53 8654
476 2801
555 4547
7 15844
643 3327
476 3736
151 3043
533 19148
53 11995
575 4245
967 8081
749 1165
67 13790
744 2680
858 9004
765 657
583 2722
533 3920
173 13128
554 11761
313 15842
498 18923
586 577
209 211
498 1099
7 10014
290 6334
643 10445
489 2867
313 13328
3 1338
848 4056
498 15045
194 320
533 1729
848 3509
48 11400
53 7843
599 364
290 619
452 22884
498 11701
523 1373
555 18309
153 494
173 3666
3 1104
7 5119
744 10085
290 2696
688 5813
555 4775
643 19219
452 21244
39 6577
744 33370
335 4036
7 13947
489 12485
7 16036
660 1906
643 22431
688 4490
797 7007
575 5238
78 1934
3 5137
3 7615
643 3476
858 2880
757 1058
7 17876
313 6715
452 18316
744 7598
7 13851
635 6204
158 158
53 18838
700 4499
2 2374
538 1517
744 11013
643 11776
517 3966
67 7448
452 2396
743 7017
757 1275
533 5202
48 15893
173 12522
743 877
67 9883
498 1090
173 37620
7 12085
173 30832
555 12043
363 2083
452 18392
179 655
749 2659
173 21221
330 2307
7 12998
173 845
70 5692
498 14567
797 831
643 11008
555 1435
78 576
554 2047
848 2222
694 10856
533 9441
694 8103
70 9398
67 977
972 6555
967 10148
173 30327
3 7831
744 19939
498 7779
533 3049
173 24327
145 946
53 7978
53 7697
48 6775
643 1250
498 3539
797 9233
538 4209
173 23427
517 5540
972 799
53 15278
688 5322
694 2850
48 15561
533 19384
533 13105
744 27606
554 1297
48 1328
173 34300
575 4239
586 1939
643 2043
615 7181
194 217
909 4717
452 17315
173 44797
575 3904
84 903
48 2189
290 2786
858 8854
173 45322
154 75
84 1762
743 5411
151 2686
538 3269
517 5453
84 3252
538 1032
313 1125
313 14457
757 4904
330 9834
793 4726
215 260
290 7722
757 1604
151 2226
859 7037
967 10625
744 16925
555 12621
67 15314
744 27479
362 1595
67 13479
533 18232
67 1633
7 6616
2 4500
643 17746
575 765
179 7500
554 13758
173 3246
173 27601
84 3450
498 8253
967 2994
173 1875
173 29552
7 3749
848 3913
70 7846
615 1607
290 67
744 14016
735 4921
757 5074
335 3901
554 10976
554 2965
744 3253
797 10418
554 11216
694 11032
555 20996
173 1270
533 19577
39 7500
643 3455
643 12973
327 1169
910 2975
533 769
555 6717
744 22143
489 2214
3 3175
533 20127
555 10290
7 16186
489 15529
313 12181
700 4653
533 12914
48 8599
555 10633
179 6913
362 2862
39 8010
48 8827
173 25152
615 9632
575 2096
583 4367
53 6511
533 4662
3 10432
173 4189
635 3006
498 19838
858 1598
3 3017
694 2318
583 1324
498 20043
643 2354
643 1894
575 3169
7 18378
643 9893
643 12371
615 2947
586 2505
173 21188
586 1651
555 16694
39 6660
688 339
3 6744
615 4396
489 3621
896 2331
909 5278
638 330
533 15865
452 16378
67 10304
554 4163
151 123
53 15231
972 1398
947 3473
575 10135
173 46641
70 4053
555 16559
290 6645
39 2419
735 2234
330 13704
498 3404
967 1178
48 9556
7 20873
179 6026
744 22477
635 2774
533 4889
452 14965
452 19319
78 3835
909 416
48 4501
757 5679
533 2453
173 31037
694 5785
947 534
517 4735
631 1484
476 5305
335 121
187 1114
575 4731
635 6330
67 11097
554 2393
694 5564
362 499
67 5738
735 3897
130 877
173 9546
7 12271
947 5475
452 19570
173 25954
921 1499
498 7385
67 1362
749 1566
323 970
793 807
575 607
313 11241
243 577
7 14373
362 3299
48 6028
744 314
694 7013
67 16492
307 1347
947 4658
947 1877
533 4617
173 34505
489 6806
53 4617
555 13478
489 2374
575 4337
452 6440
53 6586
53 1212
39 9075
173 43690
78 3303
335 6590
643 20208
947 8994
575 4523
700 4170
967 1749
313 7443
793 2690
744 20686
947 1745
313 4758
575 6755
7 11957
489 14576
643 3832
3 2826
533 19858
743 7983
452 13093
757 5046
7 3463
452 14663
258 281
67 15793
53 12432
48 14743
555 1855
848 8280
498 17906
757 6388
48 11850
743 238
2 1718
67 3473
187 3469
583 5114
173 9472
330 11288
498 8653
643 6782
615 3170
53 1591
947 6042
793 52
489 13543
575 6555
173 27449
7 5674
896 2502
910 1784
173 25945
335 7297
859 1505
335 4058
694 10954
538 3828
151 3543
533 4489
476 5796
554 14721
643 9901
53 8932
173 20614
452 6874
947 772
967 5028
452 8209
967 4024
313 7229
858 4133
53 3417
313 124
700 712
744 3116
615 6275
489 983
554 7845
909 2113
452 3033
744 18309
631 805
643 10557
151 876
173 45886
330 5830
635 158
743 8226
575 4038
643 15456
635 7626
84 5457
947 5031
39 317
896 3740
947 4772
3 9796
947 6969
48 15270
555 21185
896 2490
533 10236
313 1039
476 1937
615 8666
243 1068
533 11822
744 20579
972 6335
523 1227
858 929
586 897
744 379
48 8010
452 4541
797 489
533 15997
538 717
797 11168
643 11404
452 14342
793 967
452 1376
39 10234
575 7387
517 1902
173 7035
39 5961
735 718
215 952
615 4097
749 1781
555 19554
909 3885
554 3705
848 4809
489 4658
635 518
554 13250
735 873
694 9433
173 49445
694 7407
452 13203
363 1456
53 16972
452 14023
643 6613
330 2908
797 10797
757 5236
615 9837
290 5103
498 7539
498 21510
744 28763
555 3179
554 6941
848 3822
173 13405
363 938
53 17208
554 3510
173 10459
452 2627
179 3778
130 2030
947 2274
909 3395
688 529
173 38010
179 1042
575 5644
538 1873
947 5167
749 1976
215 3696
735 1012
48 102
744 23764
173 2383
743 2580
313 17238
555 6096
67 5905
797 7905
313 2676
187 4730
179 7251
635 5421
588 761
7 3340
7 21212
476 3737
694 5603
643 17961
363 1353
635 6634
313 14017
757 1613
660 1643
967 1389
67 15201
555 14403
700 3175
538 5156
67 14831
858 270
179 2660
555 2733
967 7038
848 246
173 36619
48 1295
635 390
660 116
859 4987
967 8814
735 3724
70 5432
744 116
362 364
7 3746
743 2123
489 15138
555 2016
743 1159
797 9566
533 1275
694 11
836 2303
173 22355
743 4224
533 9810
967 548
744 6175
290 11531
797 282
173 47428
173 20272
836 731
643 11638
694 145
797 11007
3 5553
489 8079
151 2165
615 10110
145 3817
48 10770
7 4440
173 29469
330 12306
48 4083
249 70
909 2413
555 15967
489 12969
489 9612
498 19068
243 276
744 17464
7 6692
215 3945
694 5468
910 2471
967 12498
39 2846
694 1266
533 3072
588 295
7 6876
554 1730
48 5511
498 15284
744 10319
489 4952
48 11780
744 11724
575 2288
538 2159
173 47145
498 22302
330 10448
3 7562
735 107
173 3392
555 14761
67 1559
327 209
173 32781
7 18255
48 1391
452 12886
3 8765
631 2024
554 11062
700 4063
498 1865
538 4425
53 8349
694 7152
735 6105
533 15966
476 216
972 5411
452 9424
327 1345
797 11417
555 2259
583 6026
53 13023
744 23448
533 19174
967 5896
554 13078
84 992
586 1795
858 1175
909 6556
688 574
967 11269
313 10989
586 860
48 2245
53 3870
555 18892
3 3433
533 17300
517 6912
498 19462
797 10671
858 368
555 5544
130 1883
173 10642
48 14286
67 5003
744 21528
313 16608
489 7457
848 9590
555 11829
744 15136
744 32997
643 10927
615 3896
836 1966
498 8343
313 2976
694 7739
858 6452
533 3202
3 7506
967 11834
523 568
489 2987
489 2451
972 7173
53 9891
498 4501
859 3989
498 15672
555 18875
173 26527
744 24973
749 542
643 3692
489 12132
967 4519
533 5867
575 7329
554 14214
533 1826
643 5380
858 8364
330 11538
179 6725
735 658
330 5711
848 5424
173 18506
313 5529
313 2514
555 6004
452 4809
452 3397
489 16287
555 4522
538 1680
694 9597
145 552
313 5987
575 8177
70 4032
555 304
896 4682
53 20041
498 8510
555 5791
533 12586
67 7808
947 6746
694 1309
2 2175
848 5859
858 4027
179 3619
78 692
78 1240
335 7351
3 3448
48 7351
555 14628
313 606
7 19261
70 2103
452 22416
555 20742
700 561
48 2163
533 1687
313 16897
313 17000
7 3568
179 4433
489 1835
643 691
70 4651
313 6566
327 518
688 6381
643 14354
517 1149
517 7483
290 5990
694 823
179 8197
749 2044
363 940
53 12618
67 5124
173 43032
694 5999
555 9190
554 10135
78 2898
575 176
533 14950
489 1977
2 435
848 548
489 8553
452 5131
173 34707
498 12335
744 1755
972 6358
555 17286
67 8730
744 11204
615 5661
173 17344
744 28937
972 2312
517 6582
313 15826
910 359
859 3603
39 593
700 509
694 5821
173 13657
173 18980
330 771
48 16387
498 11724
797 11282
7 4300
797 9508
173 1070
39 4325
797 6412
858 8090
667 604
426 1316
744 33290
554 9090
452 7762
555 14906
489 7205
533 19723
335 3492
694 585
173 21934
744 31080
39 2755
48 10590
53 11873
53 4948
48 7997
694 9662
173 10833
909 5960
489 16018
194 1010
848 8370
743 4478
744 29836
313 2823
452 10139
972 3431
615 11100
498 7159
498 11197
972 921
635 19
313 13845
78 4839
972 4767
972 1460
498 12431
84 1320
48 4424
588 1209
744 18646
48 14906
53 2858
744 28687
78 1886
517 7730
173 16619
173 35643
151 3046
452 22599
145 3415
179 4168
744 14591
48 10798
307 99
48 793
967 9628
757 2673
2 1187
7 18355
215 160
70 3216
452 483
498 11376
744 33631
243 80
335 1551
498 11588
896 516
749 479
744 23067
555 11885
452 24089
583 767
538 3050
452 23712
533 17614
797 10540
744 8670
848 943
187 179
7 10546
643 6106
335 4845
615 3564
643 6167
362 2371
533 9018
765 1594
452 19760
744 4106
7 4645
517 4018
749 2619
173 28572
78 3333
476 3253
3 8590
554 1290
39 9473
476 3451
972 5619
744 2204
972 4561
53 2595
3 5267
67 12516
258 1212
313 16141
153 767
643 16458
53 16085
173 39698
517 1654
67 16853
757 447
48 2013
533 7448
533 9105
555 49
797 4037
53 16217
476 3760
947 2710
53 11869
555 14989
967 2029
533 8874
555 15618
173 48951
688 5812
173 3362
48 5751
215 310
70 4561
533 13337
39 6327
39 7265
335 6084
313 13207
972 7199
744 28632
173 42942
215 4509
173 13706
517 1844
67 16547
735 6532
335 1565
667 630
910 1977
947 3466
700 4877
39 4981
631 2850
48 8883
859 6547
555 2165
53 12273
967 7803
7 3703
179 3453
972 5286
67 5566
896 3150
7 17513
744 9174
858 7865
615 8759
498 7482
330 6929
533 11913
859 265
70 812
53 9862
517 527
694 3099
947 490
330 9512
330 79
797 7734
797 7218
194 708
67 12675
858 5933
335 7516
743 747
498 21470
583 3598
947 2569
179 1746
173 38096
554 14825
554 2548
151 1627
765 114
744 28660
48 8277
498 9559
173 12789
53 17773
523 31
330 12690
735 6535
555 17953
179 3334
173 35972
615 5613
744 21678
635 7405
858 7078
173 39436
173 18297
39 11650
555 17439
643 21888
533 8480
967 3235
972 7452
7 19849
7 7237
643 20382
498 19690
967 749
858 8290
517 7264
151 3311
797 4615
3 5912
3 4593
743 6750
452 2925
173 24575
48 15421
173 1685
290 4404
688 1459
859 3866
896 3537
53 9184
583 4098
538 504
476 2381
735 1777
836 379
418 537
173 35459
313 16130
615 8250
615 2529
744 17548
48 5647
173 21826
145 471
517 2238
555 9929
187 4134
749 1711
84 4703
688 2757
921 1206
173 9334
173 31559
517 5246
476 2245
362 2032
533 9690
555 17857
53 11579
615 5029
48 8076
858 7469
643 16335
575 1655
489 268
476 1719
53 11796
7 20388
757 382
215 4363
744 20049
797 8051
78 2788
635 3979
48 12221
744 25793
615 632
290 6495
53 11054
290 7751
967 1324
209 189
533 19791
7 19926
643 11431
452 17801
635 4111
215 2689
7 7480
615 6024
173 35413
533 4761
744 26202
39 1862
173 1226
643 14306
688 5614
67 13296
744 6512
53 3810
643 13590
290 3637
744 12028
215 3186
583 2087
967 3155
498 13814
743 6594
173 44158
67 842
330 3125
173 886
744 12987
330 3542
173 4067
173 12091
533 613
323 230
615 899
2 2217
643 16344
533 6364
744 7241
554 11130
2 4973
67 13233
215 5465
3 2589
452 17906
972 1963
909 8359
575 3234
947 6248
643 8444
335 6182
153 752
797 3176
335 7196
173 25282
909 1273
694 10711
744 26227
330 10107
896 2424
498 18521
187 1840
173 28224
313 5061
7 10672
910 1225
967 9086
313 3766
533 20065
39 7202
39 8637
498 19200
53 4809
555 14954
452 7921
517 1388
327 1004
53 17631
555 16040
858 5185
476 4996
694 10259
533 11153
643 9648
498 13151
848 2475
53 16065
909 1054
70 4123
335 5345
635 4601
53 18887
864 1449
489 10781
452 8202
187 1186
330 13175
173 49662
643 7887
489 7294
744 22595
635 5874
426 1144
78 2444
452 8893
947 1865
947 4522
555 12809
53 15688
67 4857
489 10915
848 7849
498 6165
555 20541
694 3316
972 2718
797 702
173 43945
517 5622
859 3132
489 13951
744 33457
452 2481
498 16780
158 427
848 4482
173 9986
173 21537
694 10138
452 13182
643 16631
575 9511
53 13415
53 4170
743 5176
2 6378
335 4618
967 7645
330 4251
476 5435
538 1633
498 10049
173 23195
67 12398
48 10018
48 892
797 10515
173 42244
797 9797
426 1088
290 5423
173 27605
154 328
489 2584
744 18558
967 11230
187 3903
498 2836
48 6828
635 2967
290 9297
158 1012
258 765
554 3956
967 6916
735 7206
67 11898
173 31101
967 9250
533 2870
909 7932
7 2670
290 1521
3 4850
173 1452
452 7787
533 7837
517 220
694 1642
555 19094
452 14475
53 7836
290 9608
793 2765
7 12771
330 13184
896 4950
330 5104
452 3960
476 4347
173 17460
575 7500
583 5696
533 16164
588 150
48 7599
575 824
67 17348
67 1193
972 2841
498 8488
555 4258
643 21732
615 5584
797 8920
554 10671
3 9378
173 16477
947 69
533 11894
743 7190
555 3246
313 7545
797 5214
173 4207
797 5788
173 39139
972 6918
694 8261
859 407
575 4503
554 3402
498 7359
635 2631
555 15138
330 885
947 3914
179 8119
53 18212
583 1394
452 10221
67 430
643 11962
67 316
583 1947
643 15663
452 12437
3 6541
660 504
173 9194
555 12391
476 5941
67 15045
744 11994
173 23924
797 1841
84 3000
452 17594
7 7648
575 6783
3 10901
615 6956
215 4982
688 5558
53 9759
215 1898
972 3788
743 1689
307 2605
84 2593
848 6684
53 17782
173 1811
498 1392
362 1936
489 10000
7 11257
836 108
330 5082
859 2828
3 4660
599 159
426 1371
797 7801
452 419
643 12158
7 2015
765 203
452 22467
48 3274
921 102
53 1754
39 10323
858 9205
858 7312
48 620
452 24168
498 3039
70 5129
864 1348
7 21407
555 9790
554 5397
757 3470
909 489
859 1408
643 11255
335 4888
173 20078
67 6551
3 10205
588 997
151 854
290 5212
735 4563
615 9353
744 18555
533 16142
7 16115
635 4389
70 6520
615 5915
489 6356
452 10095
145 2421
575 1047
910 2325
173 29161
643 4331
2 601
452 7339
452 17491
749 1451
765 2390
53 9492
757 196
586 825
635 4062
290 10914
517 2379
313 997
517 6668
173 38395
517 4835
84 1585
533 17144
335 1421
53 4677
330 13828
631 1553
575 3669
173 45984
517 2713
67 8521
2 1396
555 4356
290 8905
48 1727
290 1328
67 16534
489 4155
78 2844
554 12385
39 9205
290 10784
3 2907
694 7910
7 10727
187 2560
489 7686
967 8026
173 1585
583 609
313 10925
743 7747
335 3015
130 2322
187 284
39 10730
173 20749
489 3463
498 14162
575 5344
643 7984
947 7058
307 3336
694 2778
335 137
848 6782
426 410
145 4325
489 7571
53 11850
39 4598
215 168
858 8249
615 8163
667 213
635 2226
173 14634
744 19081
743 5009
909 6281
743 730
48 11272
173 28151
145 1707
643 14681
498 7700
735 4193
744 12061
313 5164
643 4212
151 1464
797 8249
744 16267
533 6439
498 22819
53 7228
187 3591
7 1695
173 18899
173 35180
173 2506
643 17449
643 20715
859 2211
555 13150
67 6051
173 24071
555 9997
2 1019
533 5743
555 4410
53 10341
643 20499
588 1337
48 16085
921 1725
859 1174
793 1369
476 2198
859 684
694 4365
130 1502
153 1712
744 23703
173 12416
735 2400
290 3500
555 16552
744 18644
78 3183
836 2288
307 3196
452 3200
173 30047
757 2454
48 10715
700 2923
173 43838
53 12820
173 43250
489 15799
53 2306
67 10692
858 6828
158 596
151 2538
7 8590
538 2126
743 7600
39 3727
452 20283
187 2302
643 21443
290 8768
330 6069
313 6381
476 132
173 11850
555 16460
538 5665
7 10092
744 11951
3 7039
583 4671
53 18549
330 6640
848 8119
533 7206
643 16501
70 2045
39 6938
78 2307
848 2366
53 13712
744 29072
53 9837
555 13876
615 2646
848 655
909 6377
848 7363
643 20865
967 4712
2 217
452 16139
70 2218
290 824
3 5012
173 22481
967 10848
53 3778
797 291
744 16129
452 5350
744 30292
476 5495
967 3238
53 2189
313 14915
533 1591
173 42360
53 14787
688 1619
498 13946
643 17638
158 785
130 2141
836 2544
533 1441
744 26555
489 13897
7 2105
615 2946
749 801
330 13257
555 19490
130 110
498 148
153 624
452 13932
744 6618
48 14737
643 9614
452 7519
533 3535
335 5635
744 1272
498 19535
335 2361
744 27076
173 36282
635 7154
743 8123
7 6794
583 1258
635 3322
498 2547
173 35111
363 2788
858 3729
330 1276
947 8247
476 1484
323 1026
735 5269
53 5182
290 9357
7 9814
362 4760
967 10638
307 1507
290 10704
7 6819
615 9781
307 3084
3 4403
643 8228
859 5211
575 9165
555 16867
173 11042
330 1759
173 47550
452 15250
476 2470
848 74
583 2856
555 10869
575 3171
145 1767
335 1082
187 4271
70 5630
335 3762
173 46467
67 12038
215 3588
848 8825
910 3642
249 1397
78 1294
533 6766
187 795
909 8728
554 7045
173 973
48 5874
173 29909
7 10215
643 15915
554 5483
555 7554
70 9094
187 2070
757 4600
517 3651
489 2612
744 8314
700 1035
48 2392
517 972
947 5343
909 8935
3 4940
554 12492
53 3453
67 1295
694 9182
700 2531
215 4581
489 8200
187 3356
744 13249
173 26886
643 18870
643 2218
909 8655
48 1942
290 4034
967 12622
498 22160
631 2087
947 4392
896 2605
67 16157
555 20194
896 3199
476 919
735 2661
67 4349
258 880
452 2582
330 2532
517 471
426 1866
173 48614
643 18163
290 1206
848 4617
53 5109
2 4532
858 8985
909 6201
464 70
489 8080
290 7741
909 7767
615 6171
909 5056
694 8573
586 2381
53 12526
967 6767
48 4816
797 6291
555 8476
848 4811
797 10070
967 3171
688 4790
744 20326
909 5653
489 15828
744 19781
179 1638
7 13609
313 3894
70 8454
909 8264
335 7827
173 20477
173 25167
489 6628
173 338
173 36078
538 2955
452 19753
972 7556
67 3081
489 1489
48 525
517 3163
498 5017
290 11917
688 3765
313 3095
797 9033
173 22614
173 25758
744 12806
735 3762
743 5641
896 4103
313 16076
53 16362
452 5167
643 1572
70 7554
48 11489
498 1284
173 7411
39 11901
586 434
335 1674
836 1317
53 5549
476 2503
615 9327
972 6676
859 3302
744 3763
921 1353
153 1686
290 3436
70 8240
797 9529
921 2476
757 3576
538 2036
538 5536
330 12346
452 6890
3 1260
700 3575
489 10648
523 233
173 28954
452 17528
476 5365
290 4877
744 2063
910 2091
757 4429
643 11133
48 5152
864 2770
947 297
489 13465
554 2540
836 592
743 5624
173 36407
635 4701
130 666
555 3801
575 594
615 10381
864 1099
909 1849
635 3706
489 14722
173 37658
498 2421
643 13134
187 261
896 5561
744 7404
864 2569
330 4950
735 6361
694 6598
858 5799
735 3581
362 3101
517 1819
313 12277
615 1693
2 3509
452 2199
744 198
575 4666
489 981
173 10859
498 1123
643 2569
615 10385
643 5867
498 20160
53 11260
476 1984
215 1274
290 7147
215 5213
859 4561
313 5405
631 1369
947 798
797 6921
3 3218
313 16008
635 5029
909 1646
187 3121
39 6485
967 3432
757 1181
153 19
533 19287
498 14219
757 917
313 10388
555 9465
179 4161
215 4937
555 9840
39 12313
586 2237
153 1124
848 566
848 6609
173 49542
757 1757
643 18026
362 974
533 7266
744 11621
173 28304
836 523
858 5145
575 5780
3 9042
797 11387
7 20066
643 3137
330 8713
3 440
744 24030
615 11938
967 1005
53 2509
700 4124
173 8397
533 2259
2 1555
53 11120
70 7916
84 3759
173 44016
173 28566
145 1908
555 9768
173 30546
909 8713
909 2230
3 5974
498 8186
39 3348
498 8901
452 14478
744 3026
744 16794
583 2990
735 5143
53 19155
249 1515
667 254
735 2111
48 2787
533 17176
631 1873
744 6610
735 1117
555 6423
554 6223
67 1981
967 10920
554 6048
744 29870
476 2657
498 6966
53 10472
187 2209
859 4712
2 4814
70 1648
533 17216
7 3401
909 4109
554 9442
735 5252
517 6255
947 4597
517 5699
290 732
700 1622
48 11465
489 15754
694 10371
7 15706
7 14410
575 7760
67 14334
53 916
48 10295
744 17672
797 870
70 7255
330 11050
179 2482
583 1751
533 15496
179 2825
426 620
688 5475
476 4068
313 7445
187 2824
489 6841
187 3077
921 1040
858 5571
694 1203
575 11953
290 1600
635 4783
921 1403
2 5203
53 3273
859 142
555 10151
972 1199
327 1905
39 1341
517 6815
575 8728
215 1537
145 38
947 8535
215 554
327 2500
836 1020
538 5301
3 11429
3 365
3 9999
859 1958
335 8132
615 11388
694 8173
554 9995
290 1317
947 2099
859 6137
173 31519
48 12781
7 9489
744 6758
523 297
744 25800
452 2868
173 23791
53 18220
533 6846
910 1340
555 13606
635 4152
523 767
173 37027
39 11578
7 5204
744 18452
688 4067
173 37861
313 15893
921 1954
476 5561
215 697
575 10747
452 9055
313 4155
67 9271
555 5063
70 5552
583 4272
258 459
972 4300
848 9106
48 7745
362 3878
70 5502
173 17536
7 712
70 2303
7 2753
643 3610
53 13156
179 4583
498 3799
909 6128
921 91
909 3825
151 427
744 9504
67 9788
967 1189
615 3416
452 14443
896 1076
290 7455
48 13108
173 22143
909 3933
583 515
187 2213
688 5279
48 2838
533 309
290 1435
538 1688
290 2931
330 13995
145 2221
859 5300
859 1338
555 19358
173 17940
688 1109
327 723
335 2062
743 8617
489 8232
797 10236
130 2379
67 5438
173 7668
744 26529
53 9198
48 9654
744 30558
643 14218
643 409
330 1394
554 447
452 7939
173 36271
452 12085
153 1459
362 5067
643 15158
848 8040
583 900
78 1736
967 11873
215 4601
583 1950
538 2903
476 4310
489 11755
290 3762
194 1096
489 741
151 954
179 5127
258 353
476 3971
2 558
489 3753
452 23556
588 152
313 6142
700 5259
744 9982
7 20528
735 4776
53 4278
858 8522
173 39819
452 12547
947 3147
3 4287
48 7619
643 13318
743 1309
452 17693
7 11908
947 6829
555 19691
290 8319
330 10238
313 9880
744 26557
859 4319
452 15038
859 689
555 9317
744 32057
896 2289
972 157
749 320
967 3950
848 8586
452 8954
688 2915
452 809
555 19081
335 813
464 805
48 9081
643 5978
313 13716
39 1412
145 4220
48 3730
744 19379
3 1913
554 1439
215 441
744 11307
743 994
158 974
744 7475
643 9740
575 6199
575 6655
575 612
967 2629
313 9511
643 4135
757 3134
145 3184
70 7994
307 927
635 1636
39 8088
615 9193
67 3750
3 10110
179 711
797 3874
290 1500
744 6647
290 3592
859 4013
615 10992
7 18893
864 2917
688 3991
48 7159
70 1333
575 259
452 2299
3 9140
70 8691
615 871
555 2295
145 3517
921 2156
179 5948
643 1017
215 1219
173 45358
290 8110
694 9061
967 8780
694 4907
743 504
426 1500
523 632
313 16789
744 18827
575 9716
67 11219
173 43745
797 1967
215 2308
744 24609
757 6093
744 22228
735 7078
575 11470
635 6121
70 2481
313 13903
476 6033
313 11174
858 1320
173 38352
67 9675
797 7290
426 1255
635 2048
575 9388
313 14103
643 12547
330 13768
575 5965
330 3676
452 1307
3 7343
554 11615
615 3638
330 4480
476 3966
744 32187
848 1229
313 3424
498 13779
533 7685
554 7135
635 4993
78 2
554 11497
39 6472
330 4763
194 177
757 3756
67 7251
643 14116
555 10048
362 2525
972 2673
583 5321
744 14518
554 11084
330 3408
70 1463
744 32281
972 4948
967 201
744 28843
859 6991
452 8736
749 2124
67 4023
489 5013
330 9737
538 2499
452 941
313 7723
215 4217
48 6553
744 25979
53 14352
78 3927
313 14955
335 3184
533 10131
173 7281
70 6615
554 13304
452 21345
313 14718
660 33
744 20259
7 1437
187 3430
555 17894
921 2264
744 9905
921 291
688 1045
179 779
53 16414
643 551
313 5966
864 564
48 8579
859 5885
476 3484
743 7525
583 6098
335 1333
533 15149
688 6047
3 8027
179 7783
744 18000
684 424
688 4283
452 19450
327 116
864 180
615 10735
7 7593
744 8975
848 8131
797 6149
506 436
290 11464
859 3521
947 2173
173 29328
694 2679
307 4045
744 24439
538 1778
744 27704
635 4885
452 122
896 397
53 16720
498 18877
173 28652
173 47832
848 1844
575 11337
635 2513
848 1589
972 5522
53 1759
39 5127
498 1488
643 8717
145 57
910 1180
335 6194
48 16281
173 25628
859 6552
586 506
688 918
173 45272
972 3914
39 8796
848 3472
498 20562
173 11386
39 4907
735 3332
313 10617
67 9847
173 39496
583 4901
335 7594
744 11607
173 36891
744 24739
313 12481
67 13931
517 5056
744 15988
489 3254
70 8064
554 10689
554 5225
489 10134
173 23601
896 4785
53 347
700 4440
538 1711
426 243
489 6382
615 12047
476 2430
555 8729
523 1423
53 8460
744 15880
583 6163
765 1031
173 41791
909 7661
215 4972
476 782
179 5574
615 7566
173 8786
243 328
452 6354
793 160
335 3527
909 300
145 2204
896 1534
70 55
145 3707
2 129
173 28691
744 33645
749 2262
635 654
153 662
896 2209
744 24115
660 211
215 1689
187 1939
643 9129
313 7086
615 7593
555 176
290 10499
848 9180
3 535
70 8964
243 572
517 4689
555 16397
3 249
313 10294
179 3597
793 4528
744 8452
615 1026
533 2969
173 44603
836 2002
173 37973
215 3142
489 5224
313 12353
533 809
744 19385
53 756
173 7429
48 1145
70 6831
215 3406
744 30787
498 1049
848 6550
498 12034
173 49140
797 5316
688 5089
39 10463
3 4054
151 1035
67 2999
173 32432
452 19685
967 4346
489 8629
290 185
631 702
173 13490
313 4890
3 1722
7 9793
757 3701
53 8554
858 2257
744 11706
533 4248
173 7537
489 15382
864 1469
39 5429
330 3743
743 7890
793 3436
615 11316
70 4867
78 69
967 5250
848 8753
84 5229
947 3790
635 1116
173 37531
848 7250
684 127
643 12823
313 10141
635 2264
744 7823
688 6603
48 2465
173 6405
48 13220
452 20090
735 5338
797 3276
575 1981
84 535
313 11862
749 1394
179 2371
643 8127
452 24264
313 13075
797 2863
330 9812
554 14285
744 23190
498 7213
173 26309
533 15215
643 11295
533 7089
643 12247
48 16164
307 409
78 2504
130 2206
173 1382
694 741
555 9095
848 5204
173 43618
688 5990
554 8857
498 5701
67 8390
53 11654
744 21088
921 2753
426 757
53 4101
643 16872
330 4894
48 16035
476 590
744 10780
744 17880
635 7769
575 11918
793 376
67 15810
452 10411
452 10687
631 2252
3 704
173 46947
67 1865
498 21865
335 2617
363 263
452 1213
909 7914
498 6514
70 5566
173 47284
489 15300
735 5472
70 4717
554 3487
744 23902
858 5412
694 4564
757 6329
615 10871
362 5252
452 10834
836 818
836 1902
743 3876
70 8877
643 13003
660 1487
517 5873
173 9799
896 5086
859 1831
173 10696
554 1015
967 8680
173 48834
765 2114
330 11772
700 1274
452 18253
555 6452
523 756
694 5653
53 19844
744 29208
498 12771
694 9988
694 1773
694 8838
538 1125
744 2905
489 16089
313 11605
215 4484
743 2010
583 5888
643 19448
858 4215
2 1602
797 3364
744 15814
498 4691
290 9733
554 6775
910 3364
187 255
575 6857
896 3322
533 16456
53 14375
173 11704
307 21
39 11235
744 16788
694 9924
173 40514
179 5691
179 6839
67 3179
797 707
631 147
173 30798
848 6198
533 16308
48 1882
145 2899
793 1440
757 3199
145 798
67 10972
452 4360
533 18662
452 6104
173 9001
554 12138
643 14830
179 467
173 6432
48 5291
452 9458
635 5195
7 346
173 20378
635 4937
173 39192
179 1734
744 23304
151 1309
643 3356
744 26045
418 148
643 15198
555 677
363 2854
173 6533
335 6484
452 13314
70 6421
313 6811
173 4304
555 2852
53 2926
179 5822
498 7987
498 3594
48 4275
2 4187
84 2382
498 13405
330 6902
533 11501
39 6205
313 5237
39 1226
660 1793
313 14809
173 14794
67 16328
78 5158
909 8077
173 8639
909 3953
583 4084
615 11621
67 7480
498 16489
575 7286
643 14598
173 24178
909 6388
335 5829
793 2118
555 11532
173 41492
173 38561
744 8879
858 3895
967 7955
967 5293
643 17568
452 14724
330 2680
70 5007
327 1525
130 977
909 8276
489 13896
335 779
53 8853
909 4119
173 28595
498 10301
173 27445
947 5149
688 2969
452 7134
498 2232
70 3581
694 4131
533 7533
476 3645
307 2805
797 4984
859 2379
744 26932
744 24493
173 36766
744 24290
3 5106
67 3898
173 34751
452 23372
972 6405
643 21576
173 1856
48 12387
290 8470
67 16450
313 4822
363 2507
554 2797
7 1295
53 12758
864 1018
179 197
362 4669
575 9171
313 15091
793 2357
7 8061
452 738
498 5302
554 12127
859 5531
533 11960
848 4599
258 290
735 4168
67 14208
694 3928
48 7076
694 1506
744 27269
53 1671
700 1168
452 310
179 57
554 8086
215 1664
151 206
793 3675
173 11240
158 19
631 2383
78 2581
327 2355
307 1328
53 12166
688 2568
70 3710
967 11297
554 9570
896 1349
39 3660
744 26964
313 13763
53 6977
67 3295
173 45076
48 12859
660 329
744 10591
575 9812
53 18704
39 9407
53 13719
749 2730
538 3883
173 36496
335 2018
858 1039
972 7032
909 1519
78 808
555 4732
533 14926
7 3087
7 4048
554 3473
327 1257
909 3320
173 47987
858 6364
797 4544
48 2851
583 5402
967 1522
498 8008
67 12320
173 10873
859 3853
947 7054
3 1708
489 11384
533 11145
744 5363
583 1115
2 3652
635 3564
173 3264
330 3247
452 5604
330 7280
78 4590
498 4874
313 1485
173 40596
517 4810
130 993
797 7934
615 184
921 558
173 19027
498 14692
187 1789
48 15699
187 1473
554 14210
489 9335
84 1082
972 6677
173 9761
3 5375
554 1528
588 1771
330 8658
452 21055
909 6892
744 20553
7 14591
836 1247
554 14090
258 125
363 839
363 878
78 965
858 5271
921 2182
967 5707
533 5459
967 5119
307 3552
793 402
533 128
2 3722
765 1666
78 4771
967 1200
290 6794
48 756
67 8501
313 17070
67 5112
48 6443
743 1874
39 8349
489 9856
313 7698
2 1455
452 21615
498 17718
290 12400
533 2598
67 13013
643 1677
859 3069
533 4397
797 4413
972 1440
145 3124
39 2061
48 14900
498 3898
3 80
330 460
896 4837
575 2775
173 4934
173 9488
70 7073
84 3567
39 2489
173 42144
533 8053
335 2626
313 4780
489 11019
313 1777
187 2281
615 7486
848 8142
947 7280
744 29008
498 21058
643 13504
215 4704
967 10400
452 16656
517 7513
533 13466
335 5481
335 3280
765 2307
452 22278
7 9035
972 4342
179 5373
643 20217
744 21397
615 4714
3 11029
489 10161
330 10328
330 3921
489 9708
643 7352
84 191
858 3644
173 22820
179 3920
859 4545
489 14669
967 2256
335 6335
7 19776
744 5220
744 22682
173 27593
554 10541
643 7689
452 18463
489 12347
910 3745
489 9542
749 2883
2 1809
362 1336
70 1106
864 296
700 3697
588 835
173 16729
476 3447
452 10164
700 3370
744 28328
330 11687
151 2890
53 16683
694 4987
859 2595
53 2031
67 12656
743 3782
307 783
533 2929
452 16883
327 2050
909 2955
533 6480
533 10975
173 45719
173 46105
39 10604
757 1448
910 3286
967 3576
2 2846
744 8592
586 156
555 12299
489 28
67 3291
643 11863
735 3102
313 15624
700 1455
660 432
84 3616
53 19846
643 8573
173 30976
643 210
643 3375
793 4916
3 6049
848 3000
643 22736
362 4203
555 16644
635 2203
533 1763
555 11130
555 16875
575 9932
452 11427
173 22074
554 302
173 31797
7 11768
688 9
743 6898
489 6785
688 5121
145 2885
323 1053
848 1728
3 9599
173 25127
362 5766
744 10683
2 3061
744 1365
84 1270
290 2810
498 21233
173 20960
694 1927
583 3722
631 355
67 4775
555 19801
53 12899
313 11068
3 2245
130 258
323 694
615 10032
896 4758
362 5530
313 8693
290 5655
947 6082
194 103
744 695
575 1404
48 12260
517 3525
517 6741
583 2544
78 130
921 2386
7 14953
290 2617
48 1039
173 11966
967 801
48 15184
489 4694
173 20465
330 11285
848 1063
53 5588
53 10655
836 2382
921 328
7 2428
3 3781
362 3195
173 14084
452 22276
173 44517
173 44241
744 27457
151 658
615 5249
757 2634
744 32594
179 8096
749 1444
921 1676
2 5117
452 13612
215 3527
3 4724
173 25428
363 698
313 12816
864 3127
3 6157
489 14902
173 40386
947 6720
972 6274
173 43880
452 14465
187 2562
53 1317
744 3641
744 18193
173 26754
173 18647
78 229
909 4992
910 1462
744 21007
533 17980
53 16176
972 5569
575 12052
533 7158
921 700
554 4160
615 11233
538 5695
2 990
694 9528
555 2582
533 7140
643 6240
452 571
173 1921
793 4737
452 15453
243 68
575 8517
848 9460
498 8606
2 5614
48 14134
858 3681
757 4510
615 6280
173 8264
489 14439
330 3085
2 5345
67 10865
249 1268
39 5551
554 11294
735 2037
84 1497
452 17714
635 5373
858 7139
307 460
53 19722
452 4130
173 4503
583 2073
972 5554
330 14297
39 11350
145 4026
615 4325
173 30216
972 3693
498 12515
53 15399
158 712
362 2743
615 8398
173 14688
735 1853
173 13917
362 5366
744 33772
187 3634
896 1905
173 34981
743 127
290 7251
744 9227
554 6264
53 3086
362 662
187 1381
972 2731
362 4469
910 625
744 709
910 3437
452 7295
909 5881
70 3694
173 384
643 2465
48 8326
643 5014
575 9631
67 3286
643 18744
145 1894
489 5201
533 5698
48 3549
489 11014
694 5576
67 10435
215 1057
909 6673
909 6524
588 554
489 11978
84 5088
67 6936
452 24197
615 585
3 7918
215 2910
187 1648
688 2642
290 7698
533 847
858 2726
660 951
643 14463
67 11203
498 15577
575 7242
967 8264
452 15604
694 1812
744 3914
743 3191
498 10736
757 1946
489 13524
173 45439
635 1887
7 3039
517 6049
643 13722
70 6900
694 7615
498 14960
498 17108
765 1979
575 6609
452 13708
554 9408
575 5406
476 5813
797 1284
452 21476
39 1074
643 20954
555 19210
48 6169
476 1298
7 10194
848 6343
39 4452
575 9998
688 3382
533 17012
631 2970
793 4422
173 41331
859 548
67 4439
909 6934
554 1126
362 295
489 13735
173 6761
498 21926
7 10936
517 7414
765 1283
130 2198
688 4145
179 2248
858 6682
967 11911
575 8839
694 10497
498 17191
643 22177
452 13550
7 17390
554 5904
67 8617
290 10270
179 1904
327 1626
290 4538
744 20272
533 18883
335 3171
848 6529
583 1850
452 21960
744 14939
7 883
313 14185
586 681
744 20831
896 1739
555 5435
498 18273
173 49671
476 1448
173 16250
859 2434
362 181
179 4706
489 1128
130 852
53 15967
744 22769
464 6
858 9130
909 289
173 11085
53 4488
145 202
700 5109
67 7570
489 14376
533 7311
583 848
972 4098
426 680
555 16326
967 1641
555 15302
555 5325
426 1772
78 4163
7 17841
39 10570
70 9463
554 7647
335 6716
335 2443
476 2621
290 3356
173 43116
615 10487
130 1856
694 4775
859 5062
700 832
489 10602
363 2172
2 534
972 7244
173 44335
744 7004
313 6254
7 8125
744 9832
362 5849
313 7266
700 3914
39 40
744 22736
489 13003
173 47624
757 2760
53 6488
67 2700
7 11333
858 3748
517 3254
7 15566
362 3658
744 6510
797 42
489 9742
476 6204
426 940
452 20948
330 2558
555 980
7 4847
793 2553
476 3350
947 4372
744 780
53 14512
555 14274
643 18264
179 2980
700 4430
575 9408
290 872
307 3838
757 2300
864 885
797 4153
896 3016
313 4031
615 335
3 2254
70 8060
797 2401
555 9753
452 23482
909 4845
194 265
67 8002
307 43
7 15114
330 7835
48 11073
749 2302
489 812
744 26782
84 951
53 8226
517 5981
179 216
335 6824
972 7613
290 9678
864 795
489 322
643 10383
848 3223
53 18002
744 2585
70 6137
744 8133
910 679
48 3126
498 15172
173 28777
53 5020
70 6997
313 1505
330 2423
173 24981
330 7979
859 2920
452 7641
909 4304
643 1821
489 8397
330 183
757 2863
173 32775
743 3757
173 42300
498 19511
53 12472
173 32285
498 10580
290 4218
533 4100
533 6534
173 12319
70 4917
489 12744
452 17014
173 33572
555 6546
555 10509
173 17238
643 14138
53 2726
313 17651
363 963
173 39644
533 15502
858 5670
586 113
7 12179
523 888
330 1001
452 20558
533 2673
743 8501
330 11489
179 4104
7 21192
39 56
635 7932
517 7268
363 2387
489 6721
330 11217
735 6298
643 10532
330 10626
313 5632
323 397
575 4417
909 7051
313 12045
489 14472
947 3148
743 4239
588 1426
187 1006
173 42019
498 16568
700 1817
173 23338
2 4539
307 3462
910 2203
7 3790
848 2115
498 19617
173 46684
744 11457
290 46
583 2348
858 1482
313 14333
533 11626
909 3169
643 13981
173 33262
67 4691
555 8073
330 4160
70 194
173 1033
153 257
173 15038
489 11303
797 3612
635 5662
327 307
744 5503
173 18053
53 16555
173 19131
643 1840
498 15848
39 4807
588 1134
757 6229
896 314
797 10104
583 1688
972 6929
173 38682
743 3531
533 5995
452 17749
452 12223
554 2348
476 1591
555 12011
498 10870
70 4362
583 4460
362 754
554 8305
39 5281
643 9435
313 1815
70 354
173 36089
967 3488
173 19561
967 2846
290 2623
797 6616
335 5112
53 19585
39 6794
688 4380
67 6163
744 27644
910 3637
757 921
967 3311
173 6515
7 12938
179 8000
153 374
67 8101
688 1229
575 6492
249 1120
615 2288
362 2160
489 3094
290 3035
797 6196
39 809
555 5865
145 3947
643 19969
848 1162
173 41941
896 1209
498 3656
586 427
70 1629
538 1970
575 43
489 4188
489 9838
575 1627
7 14828
67 11790
506 227
67 6870
70 7717
967 1140
700 14
631 3005
489 2440
744 28503
909 7456
327 1309
744 32457
53 8741
7 16968
330 5228
575 2592
947 7642
130 1023
151 3209
848 1992
489 9839
187 2733
743 4449
173 33938
7 650
797 9889
967 6276
498 1978
70 8419
848 3637
643 18902
797 633
7 1754
859 4361
498 20700
910 2012
947 8976
538 2369
583 3422
498 22068
797 10158
179 7637
700 3279
700 1225
555 2583
173 3781
797 1854
744 12421
896 2687
313 9538
896 1625
3 3743
631 2522
84 954
643 11557
643 554
635 7951
67 16775
489 913
700 195
615 7058
173 8032
757 4750
517 3898
67 11465
173 41712
555 7895
554 4358
362 3132
744 14349
643 6625
173 9955
744 20320
53 1467
643 9568
330 13072
290 7400
575 9210
848 2754
70 435
700 1789
418 482
173 19953
967 4778
909 803
335 4394
744 4317
538 4358
757 5909
533 4322
744 15585
797 3482
859 4235
363 913
151 2572
694 2864
896 143
533 5562
67 551
173 12905
583 1237
173 17751
848 2883
858 3548
39 12292
864 1041
498 11194
173 5881
947 6269
921 2886
967 6268
173 49372
744 3879
363 1778
749 1054
2 5495
173 7772
78 1635
173 29686
215 5612
426 652
179 3773
489 12508
586 2185
249 541
896 728
743 8360
48 1224
187 3043
533 17378
743 6141
694 2830
70 978
967 6517
635 6963
70 6433
173 3070
7 14083
523 1550
517 1593
583 274
735 2331
858 7407
290 6285
307 3251
694 10613
859 7007
145 1559
744 31424
498 600
489 266
290 420
909 150
744 13577
84 3905
313 8018
48 8519
313 5749
643 18674
744 3101
452 17593
947 6629
555 3220
554 13441
70 5186
243 281
48 3004
743 2406
48 10068
554 10837
615 2622
643 9717
3 11267
173 26084
39 9347
173 27216
858 4828
3 2717
533 3971
7 16679
498 21989
575 9319
688 1176
848 2512
700 5198
67 2770
735 524
555 11176
793 3297
67 6252
643 22549
84 324
700 2267
615 3022
749 1939
7 19060
555 3546
67 17071
643 8977
173 16622
84 281
313 8091
39 9850
313 15162
643 19354
67 8677
533 3481
744 21786
78 1168
173 4272
362 2992
575 10266
335 5762
615 458
858 3788
330 14591
554 13177
335 1223
555 20330
173 32723
533 9350
517 4967
489 6347
554 9184
836 209
173 35754
327 406
3 2312
643 13170
39 1697
452 15764
744 15082
330 12484
151 4088
489 7929
554 3752
947 966
848 7870
307 4055
694 10575
7 9702
173 15369
489 14262
48 1393
700 5076
688 4998
575 5110
635 1293
615 8314
290 1265
53 11718
39 7302
489 8726
864 678
700 3116
555 5413
583 2051
947 7063
643 19445
145 1812
313 10147
179 5627
67 5245
53 19864
735 5515
749 1297
967 8650
757 6406
910 3192
523 530
363 892
179 803
187 2975
3 7267
533 14174
362 1902
3 2448
498 15997
554 9838
694 5784
660 224
179 7046
489 615
307 1629
215 681
554 4004
700 5043
947 8941
70 2669
48 699
173 46110
173 27338
538 1260
555 15373
84 4581
151 3028
735 3204
797 5381
48 7996
48 9905
688 5383
797 8656
7 15534
426 1557
554 12624
744 29736
797 3439
554 12776
489 7033
635 2132
70 9016
290 3038
7 2183
290 2404
848 6928
498 2115
426 1593
48 770
48 2531
452 14701
554 1622
631 667
615 2438
452 16639
158 452
498 1795
452 3361
910 482
179 1356
517 2824
476 3019
555 12318
797 94
173 16242
67 8618
173 24754
744 5898
848 400
363 448
215 2440
554 5364
84 97
498 13033
173 8718
555 15554
744 7314
643 10291
53 3557
464 607
452 21417
643 4014
313 10030
3 8177
84 4205
643 4834
744 5772
694 3693
533 6270
215 2118
48 11559
362 58
554 1865
635 1199
290 3306
836 2660
667 397
517 5649
864 1860
7 12478
575 3302
489 11276
179 1961
765 429
48 13866
859 2848
53 16348
967 2325
615 10501
151 2424
327 1466
173 16225
215 2165
53 20153
694 7296
896 5398
538 2619
173 41581
452 5120
700 4283
694 5064
700 1992
643 5444
555 15672
290 12389
313 465
194 541
972 431
53 8545
555 13467
554 3657
859 7038
921 313
53 12084
173 36031
909 1166
290 9493
836 1749
215 851
859 6846
130 1731
489 16042
362 3157
173 5323
694 6500
335 41
848 1442
586 958
48 13339
498 5446
7 5900
452 15285
575 8429
84 819
426 33
498 4280
533 12379
215 4071
3 5755
67 7299
498 2300
533 18789
84 320
667 289
694 5246
362 2210
489 7788
947 7721
538 2265
48 9000
967 11830
921 1239
330 7168
452 3725
153 916
330 1774
643 12277
2 384
859 4157
615 10677
7 10848
498 1974
179 700
517 5111
249 1567
635 5783
362 3976
555 16182
848 8724
858 1261
533 18519
555 15159
452 3482
489 450
744 11028
452 16027
362 5293
498 3003
533 1129
476 732
173 31375
757 3240
53 12038
947 3593
694 7638
452 6035
84 2546
555 18188
555 18797
179 6612
39 8566
498 6196
797 10316
498 2725
635 7482
555 17188
313 15495
7 1951
643 19666
153 1949
362 1171
290 756
363 1665
7 4264
588 1854
588 1507
330 13347
643 15052
797 1323
554 12036
130 2158
797 2780
67 7876
735 6959
858 1339
173 35810
615 3387
744 13651
249 302
858 8304
3 11665
757 2103
967 10490
554 11919
179 3647
452 8344
53 15949
489 11116
848 9582
173 30981
744 31274
909 5173
588 691
538 542
538 3889
48 16175
67 12759
452 6197
330 13876
498 21788
858 7372
335 3903
744 12735
330 6121
498 15427
947 6505
967 4573
243 322
744 19515
575 2078
173 35494
7 11675
48 6235
3 10338
615 10050
744 3563
749 2132
173 6929
615 33
743 6629
859 4653
3 3302
859 960
744 29554
173 38732
555 17700
7 19962
362 1041
3 8187
48 14603
307 452
327 816
896 4939
859 133
173 29811
78 2331
39 10968
498 2867
70 7691
452 2117
498 237
864 352
70 2966
215 1156
744 27909
555 13549
554 14519
48 9192
555 632
84 644
3 2687
858 2603
972 3075
498 3988
330 3854
615 4845
452 3265
643 6717
688 1793
757 6535
2 247
848 165
615 11066
3 73
909 2820
173 37491
972 2305
744 8810
48 13269
643 16132
154 161
744 12284
575 10251
836 119
575 7177
836 32
533 4187
330 14027
643 16953
153 27
555 6225
694 5879
615 11708
313 16476
84 1858
744 9382
452 4491
476 4519
921 601
694 1618
793 827
910 2714
757 4525
859 804
173 2939
39 11417
583 5784
330 3036
48 959
290 11347
533 8146
7 5417
615 4471
3 1954
858 3020
517 7656
896 5503
179 750
575 833
554 13194
909 2088
173 26387
694 9309
452 8596
452 17462
797 8706
848 5361
643 2858
53 18542
70 9239
70 4615
744 19557
452 23027
53 8087
173 30616
498 12923
173 32508
538 4724
688 3852
53 843
330 311
967 11782
249 655
533 11412
744 1144
48 3127
452 21619
179 4839
533 14664
7 1163
48 6000
53 5291
173 2590
173 2752
452 20231
145 2952
555 20746
53 463
187 694
797 8531
694 10239
848 2547
145 1109
67 17276
173 2815
7 11110
765 1270
39 119
583 417
498 20458
972 7363
452 18558
909 2564
53 16487
84 3087
744 12259
533 19902
972 4457
744 23057
688 703
575 1545
498 11362
53 6111
744 910
363 606
744 31916
555 13275
78 1120
173 15229
290 1839
858 6545
967 9840
307 1404
173 32165
947 847
53 2719
744 2515
631 1263
744 8290
554 6350
967 10048
362 3162
533 7275
797 2691
744 17023
158 332
743 5820
84 3359
48 15226
258 118
967 6741
643 16032
660 264
554 2575
335 2218
538 4644
53 11345
173 13278
78 3976
498 6382
3 2214
972 6444
70 862
362 1753
848 3521
452 18809
498 11506
78 3178
947 7147
765 2491
290 3812
330 2437
330 10503
7 18023
635 1035
290 11694
555 489
330 9981
533 13232
67 8000
643 19962
797 5748
330 7015
330 5175
700 1975
947 1683
555 1723
53 15862
554 5835
967 1937
909 5749
967 7885
643 8487
362 5926
39 5956
307 2024
859 721
858 1829
330 8395
362 4794
909 5488
173 23739
39 8735
700 104
896 4618
48 3941
533 18522
330 14483
555 5275
555 17603
858 876
39 11320
53 9545
575 1842
173 11658
476 683
797 2607
130 19
744 16711
533 15770
533 12220
335 4056
583 3376
859 1646
153 996
694 492
555 18661
743 2424
3 6288
538 3168
575 9066
173 14776
452 13806
173 19411
643 18414
554 2074
489 130
848 810
330 12946
859 5883
848 2952
947 6473
290 7952
290 297
848 9125
575 7646
173 23214
67 4558
330 10558
476 4944
643 18175
498 4528
498 4792
858 8710
327 37
921 69
452 4938
523 940
744 23172
362 215
586 2597
313 2538
498 6095
517 6173
173 27433
575 3528
583 5549
554 14367
173 15794
615 855
688 3641
48 12687
848 109
848 6494
909 3390
78 325
744 4695
631 503
688 4036
7 11618
3 5410
173 202
67 16016
575 12299
538 3428
313 11489
498 14314
797 7568
362 4114
363 1207
67 13656
3 7156
48 8714
173 6582
533 8755
967 2291
153 1873
757 3994
554 350
967 11993
7 18485
70 82
249 165
335 3003
793 2252
533 10050
3 9489
173 6821
744 13955
53 18471
67 15561
151 1855
859 3375
743 4567
307 123
313 11312
452 16357
7 6458
848 1591
797 9521
538 907
173 34910
173 44207
947 1982
554 4939
84 2101
765 1807
575 5875
7 9461
173 12989
533 3799
643 12737
848 491
452 23931
864 562
735 5039
173 41456
797 1799
743 5710
555 10778
452 3051
735 5847
173 32162
635 3469
173 23278
909 6750
967 9150
173 16246
694 3442
972 2459
947 5217
744 30565
78 4960
859 7081
151 3691
909 5201
694 948
173 43431
921 2379
615 10701
586 1185
452 1287
489 12631
7 56
498 7837
158 850
67 16670
554 13635
643 11174
972 3336
67 5195
53 8035
39 8493
489 8026
3 10801
635 2895
575 11237
3 1396
48 452
7 13063
575 3745
452 11283
859 2463
533 17678
7 7340
489 16008
151 717
173 33566
243 970
173 46768
335 3626
635 3254
489 13681
173 35304
858 2631
643 7476
921 1783
909 6085
48 4020
153 1193
554 2741
967 2227
452 21815
498 21380
586 1069
694 444
643 13432
145 3639
489 10384
290 12255
688 2126
700 5008
744 30260
743 8811
757 1048
290 8353
48 13407
555 10476
313 9702
848 3353
476 3727
70 3919
452 5780
858 6959
533 11096
7 7023
554 14610
848 5117
39 5663
173 316
972 3252
517 1515
533 19366
643 15526
67 11268
39 12199
533 14051
452 2700
643 19090
53 13638
909 4915
53 10009
743 4757
7 9603
130 1589
67 17043
615 30
749 1845
67 7082
972 6321
173 20496
249 805
173 7151
533 3433
330 9177
7 15441
635 1353
694 4522
330 13602
744 12471
48 9449
335 5626
53 10451
555 3355
67 3141
864 1902
452 23241
533 7594
858 7322
615 8982
48 292
744 32962
735 1304
967 3065
84 1931
765 1044
643 19247
215 3799
533 9588
744 30898
743 8846
179 1239
363 59
173 36475
554 3415
452 11535
48 16589
744 31784
555 8272
909 4674
313 9045
173 46337
173 41716
48 3592
452 18292
53 9720
643 19556
173 31237
67 15927
3 6884
635 1208
735 1631
452 10554
555 10414
53 3115
290 6461
489 3219
858 6459
848 8916
523 434
84 2527
533 8894
743 2226
290 12059
194 989
3 1919
967 7550
643 21652
335 6232
643 21319
744 4521
39 6421
53 7033
533 15362
836 1298
187 1521
3 7486
700 1556
179 2253
555 1558
489 10509
489 10157
575 11998
53 10047
744 2550
744 26385
554 5032
151 669
330 545
489 2303
313 14182
583 3960
498 16357
327 1103
3 7935
643 7599
498 5909
330 8107
859 6447
7 16725
489 4027
489 7054
48 5451
145 3307
700 439
498 19360
498 9697
67 16819
744 27783
643 20025
743 9
70 6694
643 5635
909 1557
498 12235
533 19574
972 3347
797 9635
848 6834
947 5582
848 3832
48 16504
517 1717
39 2645
452 16514
896 318
39 10900
53 11546
858 3220
643 18387
858 4548
896 474
947 1441
735 6835
70 3808
793 1842
215 1356
643 1730
684 387
643 22267
498 16661
848 3707
173 2727
554 2236
173 31622
362 1640
489 1448
7 12636
555 20425
533 10745
947 3121
555 3428
39 1772
615 2034
452 23788
145 3925
39 3816
313 11437
179 1025
643 14939
864 1756
972 1872
538 3600
586 2357
151 1110
215 2410
744 13154
53 2258
313 8291
858 2506
215 1298
498 5963
688 5220
3 2733
586 1329
173 34201
313 13531
744 21173
313 6439
158 99
426 901
173 41726
921 2657
173 33481
426 1132
635 772
797 11294
313 5162
173 17067
362 5686
583 651
48 10843
48 3391
187 1947
967 4744
67 5925
555 19987
555 7336
489 13771
858 168
864 2595
39 2308
307 1079
7 2189
130 402
130 957
635 3300
70 7377
53 2460
151 2276
313 9271
7 10366
743 7431
330 6760
39 12023
694 2069
643 21781
757 736
555 8060
48 1871
452 7276
70 4028
313 14606
313 2160
179 4956
173 43495
555 6822
173 14896
330 11342
313 8217
555 11569
330 10753
489 13171
78 4306
864 1618
615 6946
173 18551
39 4707
555 7019
615 6825
187 1316
498 9835
452 8468
793 2034
797 6557
173 989
667 451
836 243
67 11454
744 11326
743 3384
53 11198
39 5255
173 16080
793 239
179 7457
896 369
859 1747
688 3458
452 18941
858 5634
555 2361
660 2342
688 5156
7 6701
859 2005
615 2845
533 5050
694 7968
643 8770
575 12357
797 431
489 15908
599 164
735 2968
575 10387
631 1948
7 15153
744 18767
533 15017
151 2528
797 6096
330 4071
7 6566
643 16773
313 1224
498 577
765 1924
735 5325
797 3781
575 11569
575 9636
363 528
797 9384
67 988
555 17083
533 19377
498 9151
498 11735
3 6631
735 6355
84 1384
452 16022
554 8340
67 7007
151 3943
583 1498
452 11786
84 4761
215 814
53 6709
173 3581
452 3828
173 7992
426 544
967 6134
53 9106
173 3522
67 14377
173 4782
173 17882
7 8447
688 4703
489 7865
173 40039
215 4198
452 7273
194 416
7 10032
215 3352
909 8596
583 3454
643 8377
362 4926
688 6168
70 6257
744 8666
744 22257
947 3053
48 1488
173 15850
765 2113
615 10565
743 4383
48 5694
947 3354
39 10098
744 18044
290 11862
39 3882
489 16005
947 4518
631 2917
7 20789
896 1937
3 9467
538 649
694 5110
67 9166
635 5964
173 9806
173 15558
53 14101
452 17298
910 1120
173 10479
476 468
452 9955
489 15121
586 1319
498 14433
909 5751
70 8375
313 10783
3 11155
489 2098
215 198
575 695
797 9240
249 289
967 7443
667 76
910 372
858 2769
307 3935
330 5972
643 4553
744 14835
39 9603
498 12146
187 3027
2 6003
554 4506
498 739
972 545
145 3403
70 1491
39 698
583 2418
330 9606
39 954
797 2516
67 4320
575 10644
744 16577
290 11158
744 11406
70 8553
39 10862
848 4429
909 7907
7 14710
173 18420
859 6619
506 508
67 2624
2 892
859 1345
330 547
554 327
967 8565
452 18286
533 7876
575 12187
967 11618
476 5172
947 5349
53 2594
498 14080
3 7740
498 18506
48 4176
554 13644
53 10781
643 3940
84 5517
498 20285
53 782
452 10659
967 12631
555 2991
145 2736
797 9187
173 42170
84 415
489 288
48 11688
694 5326
533 17350
151 1887
209 360
7 9280
173 15445
967 6412
744 16575
67 6450
67 11819
173 31039
797 1071
48 16655
555 17840
498 15721
313 1840
858 4924
555 11719
660 596
836 1582
967 907
744 29967
910 1004
3 3956
173 126
498 17345
39 11448
2 609
793 2904
290 11732
743 3233
599 277
848 4175
489 1375
858 3348
48 12600
327 1871
173 34147
864 2208
53 7253
744 8014
48 7249
555 15782
700 764
921 907
744 9086
533 14538
735 4608
555 3279
3 8151
48 14007
48 13356
555 17704
313 15375
489 13327
909 1560
452 648
3 2014
575 8322
967 4105
78 4545
688 215
7 2087
700 1770
972 1746
330 2045
179 2761
972 1065
330 11460
362 1307
554 8996
476 1942
757 1553
538 1600
173 5282
130 222
67 6727
335 7695
635 4206
967 4149
858 87
3 8470
498 18563
554 13965
489 2793
797 11465
173 22911
39 2512
53 4572
743 4361
694 4693
700 3718
7 9131
67 2403
744 10516
554 9294
330 8975
967 120
67 542
498 19509
53 6254
967 6629
48 4617
53 12785
173 33002
631 922
173 30021
452 16670
744 3413
362 2633
858 1705
53 2166
575 6948
130 2074
7 13272
215 3322
67 8267
538 1117
744 8447
39 7631
694 8476
173 40624
735 3473
307 329
53 10925
173 47925
67 88
797 5472
173 34040
743 920
7 3531
688 3312
635 1974
765 541
313 13305
554 4721
643 20331
3 1499
173 37135
533 699
735 245
967 9180
583 5511
498 9324
517 4189
39 4495
757 550
635 6015
972 1134
489 14273
179 6319
757 6252
583 1579
896 5353
173 25810
67 9378
215 1976
154 212
498 14707
53 18120
743 7096
452 12105
555 18071
538 5060
967 153
179 2560
498 13905
555 12016
7 19107
179 4746
173 24887
744 16516
498 310
173 3986
910 2480
757 4342
797 9142
330 12141
290 7560
744 3197
635 6753
643 9705
947 7826
586 1518
586 2062
70 8753
452 11151
70 553
848 9318
452 22340
554 11241
173 13793
335 3372
48 392
498 59
39 3420
744 3505
848 2638
744 22843
797 1679
694 166
635 6501
215 2931
173 46369
694 11016
48 10219
2 3274
631 2003
173 6655
173 3846
643 14018
173 14263
554 13684
743 1245
533 19031
173 9050
290 4766
793 4197
173 11937
173 19732
48 14248
7 6147
173 27241
743 1835
554 13839
70 6041
327 1190
533 8179
173 2402
635 1776
330 1637
517 7125
498 4994
179 6318
53 4956
554 11691
797 1896
7 18961
7 10407
554 123
859 6235
78 4946
7 2800
631 1804
583 6155
694 1327
744 32733
179 927
688 3054
53 9366
489 9992
330 1516
313 783
554 8440
896 936
48 657
700 522
53 16127
7 2337
84 4879
498 10715
452 11856
53 497
909 4364
744 4618
215 4605
53 19591
555 11566
53 1882
452 970
896 3966
330 12596
498 5718
533 7054
972 3353
2 4587
498 22382
635 6828
67 5877
7 5277
173 22215
643 5252
53 14204
797 2216
48 13179
498 167
215 2839
744 8377
498 9904
53 19040
67 9568
555 10764
179 4323
335 2840
179 6921
583 2524
452 13869
643 13057
290 6152
744 3152
643 19382
7 13470
498 18198
921 2057
39 7076
3 2646
967 2416
362 571
498 20056
7 17629
643 12693
967 11377
70 1254
243 1274
3 1784
910 1083
615 1896
793 912
700 2607
615 5884
498 16867
635 1873
489 6516
575 2791
517 1850
489 10308
363 2559
53 16917
643 130
452 23881
972 2539
290 10989
947 6390
476 547
3 5866
554 12493
39 12448
476 1247
517 3779
744 26284
555 8198
53 10997
555 880
972 4569
243 33
215 3838
173 46264
48 10530
290 944
967 3690
173 46443
335 3990
694 10528
909 4233
643 6634
39 328
476 2907
757 3063
555 4913
615 1528
2 4416
3 1326
313 4462
615 1251
793 293
498 14828
452 15418
757 6204
660 1020
615 10182
615 6202
749 2749
517 4787
452 23094
313 4633
744 4248
48 13625
967 1433
631 1182
643 12257
910 2578
452 9210
797 5109
615 304
151 3394
744 22930
335 2698
848 7983
743 7160
476 154
744 23525
848 6914
848 2971
615 4671
749 2774
7 2908
290 565
70 1769
555 20558
533 4927
635 4123
130 2319
173 27717
967 12374
39 6593
7 13337
967 12055
330 9368
694 3133
554 935
757 739
363 2000
667 245
517 6279
173 18968
757 2127
554 3696
744 8575
635 5067
498 7425
735 7263
498 16975
498 1629
2 2036
643 17586
323 537
67 14861
476 4437
797 1844
70 4236
533 169
39 3270
749 2579
859 4871
575 5151
575 8771
765 1499
523 325
53 15357
615 4021
859 5749
947 4471
848 9607
588 394
967 3825
426 161
173 40785
215 5375
173 44976
173 49224
735 1381
643 18849
3 11593
896 2065
313 13838
910 1728
555 14320
173 19870
688 4214
554 8585
744 4379
498 2645
498 436
362 807
660 307
744 24865
575 4974
660 943
583 4206
744 31040
517 6940
694 3215
583 5219
335 5286
643 3197
848 6387
533 15803
313 3764
631 2615
858 1599
452 13387
744 29010
70 829
362 3509
643 8329
39 10000
743 7661
173 2108
643 22374
947 3254
39 9746
187 3495
972 5390
744 24359
7 6040
327 1065
78 4735
859 6022
797 7383
910 2003
48 4588
78 1410
452 6498
173 14959
744 19702
555 15095
67 15376
635 7055
583 936
555 13967
173 27569
313 17528
517 6024
744 4052
2 5915
555 397
418 272
735 2800
173 21104
179 7145
744 3137
452 1875
3 9266
452 9860
476 362
635 6046
145 2819
554 5210
330 8543
48 9765
452 14158
858 6222
53 5689
173 35323
70 698
452 1698
947 5742
173 32618
215 1644
735 5972
67 7638
555 9612
694 8350
313 2645
555 7712
588 593
498 2741
173 39801
7 15013
743 2198
744 21927
330 14293
498 22506
859 3249
910 3641
215 1807
48 1594
173 34005
7 6347
2 2793
173 18814
173 45147
757 1338
313 16329
694 11128
173 16873
533 11181
7 8324
554 8636
967 11577
173 32810
947 5599
313 12795
615 12074
67 2913
53 5359
179 1804
744 5027
452 13005
290 1426
48 14341
797 9430
53 7244
538 2584
452 15122
452 17387
452 9348
765 1358
555 10428
2 6296
533 18597
635 1487
615 3243
858 5354
7 11431
53 2471
476 4208
517 4396
643 4692
313 17109
173 23017
533 10103
173 37802
793 3977
48 2868
173 42584
643 10030
307 3790
967 363
78 1000
744 20167
151 1038
53 12476
173 33681
744 30070
323 852
307 1035
313 12358
555 4671
452 12424
859 2140
635 2305
3 6680
498 6777
39 3622
145 380
858 1546
643 5295
70 9161
7 7757
635 5231
173 46653
967 6035
313 4388
743 4147
313 9140
921 2621
452 20028
575 4896
947 4307
538 3468
555 12589
327 1736
859 319
858 6014
615 5493
575 11200
864 417
583 3996
7 19323
7 15742
362 5568
538 5196
452 24000
643 5264
967 8640
743 8644
909 906
187 2316
615 6569
688 3205
765 206
290 8729
7 17957
53 15801
67 2757
757 5514
967 7527
910 3140
2 4852
859 4379
972 6139
744 30154
173 9098
67 2188
313 12001
533 13877
2 6148
533 19868
694 2555
533 12667
575 2480
797 4355
53 13071
48 6941
313 8566
452 22193
53 868
7 1567
896 3212
290 4097
583 2601
797 5586
744 3856
498 10983
452 18703
452 5083
643 2915
744 1853
700 19
744 2433
173 46738
290 2180
39 12170
554 7275
694 8463
67 6615
173 15297
533 13236
896 1427
947 3630
643 8227
615 7615
744 28306
313 2915
67 7118
947 8798
173 12201
363 2406
631 2188
643 4085
498 17852
3 8178
130 800
498 18062
615 8532
7 580
797 551
39 8217
643 16234
757 1848
84 2960
660 2032
793 1688
84 2278
290 10585
290 5190
909 3256
967 213
848 7763
744 633
330 14545
909 4703
173 5414
7 21012
972 4805
53 11749
575 5542
859 2702
635 3279
173 20849
643 13601
84 3431
694 1031
615 2189
498 12562
330 6249
78 4107
476 3861
643 17834
313 7377
744 5342
643 748
489 16396
53 2396
290 9181
452 5744
7 13131
555 13100
84 310
307 2949
173 6204
744 22376
498 7443
452 18048
67 1082
735 3943
554 5126
173 37718
967 7339
173 46494
554 5610
743 430
84 4432
173 32522
517 7255
313 3192
476 4995
858 8453
173 19125
757 5211
743 351
489 10718
307 2168
554 2260
173 14117
909 1446
173 28432
476 5047
744 18815
173 49047
744 24009
947 7429
972 4015
2 3844
330 4610
757 5643
48 11202
744 6896
489 13199
53 3931
858 734
7 15353
533 2174
3 8734
173 21286
84 1217
972 5767
533 1008
533 18111
145 1130
179 610
947 2784
909 2513
335 2108
635 4496
688 58
744 9697
67 14115
743 3522
797 5236
694 2983
53 5838
555 6945
631 1052
694 8882
757 253
489 15213
744 21309
452 19023
615 7544
173 11895
130 546
555 8522
643 2612
173 11073
554 10491
555 15838
48 6669
187 2928
972 6077
489 4515
688 5982
489 8340
3 2147
744 10225
643 1133
215 755
555 3003
555 18901
859 819
972 4682
575 8954
452 15917
533 1966
744 2054
744 4753
476 6117
330 12889
70 2847
335 1162
258 481
896 3441
538 1328
538 4091
39 7018
967 12263
533 5764
583 4039
555 16949
947 3149
48 12182
947 4897
498 6879
3 4445
848 170
967 5475
538 141
744 20496
848 3074
533 7066
53 7446
67 1223
173 48242
173 30417
173 42675
744 25679
67 13965
7 14205
53 2818
896 290
173 16386
330 4955
643 4918
533 3683
498 22775
313 8920
896 2971
489 3356
173 34652
684 70
498 11319
744 5963
53 5327
896 4221
947 6236
53 9256
694 5439
555 18029
910 3583
498 8138
858 8533
7 18733
643 2993
554 4099
489 3141
330 8822
498 18762
70 2559
735 4127
39 7749
517 6842
859 3743
48 3479
498 12830
145 3916
290 10577
517 318
848 6021
53 6376
694 49
335 3727
793 1562
335 234
643 9531
749 2518
452 5530
555 13462
555 13810
744 6305
631 406
53 16546
489 4395
744 31795
452 9566
290 1954
290 7974
498 8861
896 1019
151 3789
173 41031
39 3945
947 4421
744 9367
555 20789
972 119
743 7666
694 7646
489 1271
909 7513
517 4041
643 20839
330 13491
554 208
67 38
896 1102
452 4695
67 10023
330 8369
330 14173
643 22274
7 7864
744 23486
67 17019
554 5708
327 1015
538 4533
313 9742
313 15202
187 4411
173 23137
694 9740
330 10023
452 19211
7 3912
972 2102
53 14880
313 7171
173 2183
173 1968
290 1990
575 8666
3 10306
554 7332
290 6074
575 2433
743 4018
2 2227
554 1173
70 7807
173 5615
896 3896
173 25953
313 9399
575 11472
145 2519
498 15453
78 1172
335 5143
78 1469
660 1902
290 3104
743 6550
173 48568
910 2811
307 2084
848 5820
39 465
588 1482
743 6038
452 15460
660 794
145 1260
744 26705
313 13044
793 2452
498 20934
533 17492
694 1433
67 2040
290 8915
744 485
48 9710
858 5521
2 5699
743 632
179 6418
48 4766
173 11225
631 1209
452 8908
173 48352
313 14985
7 16822
555 12929
498 11257
173 6122
67 12170
78 1581
53 17512
7 17771
498 12795
290 5486
615 11907
489 2070
187 2207
533 1680
743 2061
967 1861
173 14812
173 44007
53 3634
743 2264
7 19570
694 1544
972 1298
290 11493
362 4320
70 1896
858 6522
967 10798
145 1409
290 10016
215 1431
554 3014
330 12782
744 29890
643 6889
554 8268
173 33797
67 10549
498 872
313 6945
215 2266
910 778
910 75
743 4657
688 2178
307 643
173 23683
173 40139
797 10943
489 11206
896 901
179 7384
848 3616
7 12580
909 569
7 5542
7 3329
330 5668
498 13660
67 12636
848 6361
538 2454
694 6141
735 4597
290 6261
290 4622
533 7945
615 1388
452 11369
3 4177
249 924
130 113
7 4767
555 7943
743 6403
363 1747
643 18684
362 2510
3 6414
533 7750
39 11605
643 14635
858 5066
215 3566
452 8069
327 961
635 262
3 3776
313 13640
615 7811
864 940
67 8242
735 3749
967 5417
858 7586
362 240
744 5370
173 26993
575 11266
744 14091
489 4842
151 1738
757 3429
947 8268
498 4804
330 5644
84 4037
70 5303
452 6513
452 15887
173 19170
909 430
187 3754
7 1177
452 12751
859 5415
258 154
744 5643
307 3877
967 389
313 13383
173 17209
335 309
972 1682
858 3000
3 10463
554 7963
583 1762
39 1906
313 234
53 12392
53 12291
533 798
615 5745
48 4930
533 581
70 8160
173 9848
744 26097
179 2903
187 136
323 1377
48 1664
793 1801
39 9027
330 3210
635 6567
48 14473
972 4655
848 1100
39 3041
757 2005
533 17764
909 2273
615 5916
744 5260
793 3875
48 2421
67 11822
7 2387
67 2918
688 1900
743 6259
793 1064
53 3988
452 24315
643 11372
39 9445
327 656
910 2869
744 20367
187 2667
909 7335
39 11091
694 7837
48 13769
554 12630
173 33928
660 1216
797 8151
757 879
972 633
583 3814
3 3943
53 5490
313 16200
7 6366
575 12185
173 38566
215 2638
78 3704
517 4492
744 7168
215 4094
793 1902
797 11095
660 744
909 8841
848 3277
635 5550
489 12197
173 7373
967 9950
426 1472
7 5634
848 7574
498 17110
586 251
694 6720
688 3184
947 5279
53 7856
249 417
615 4957
744 30099
909 8779
452 19906
330 9245
489 8963
972 5841
797 7082
793 1110
7 20244
452 16738
586 1409
635 3143
7 15259
173 32258
158 197
517 6871
39 1561
735 3184
947 7529
78 3041
67 9081
498 4370
173 21590
330 1781
555 12708
187 4020
743 2779
173 27105
330 1016
909 4095
643 20097
643 8555
313 5327
173 4992
489 6824
7 19427
498 8400
53 16802
797 1219
53 15130
498 21179
48 2202
615 11768
489 3838
967 9725
643 6475
643 19241
53 15540
538 1417
7 21094
67 9978
2 2517
744 31580
643 20301
909 5482
554 10909
313 7860
643 7744
694 7552
290 7904
70 4461
533 19173
7 10475
330 2799
635 3819
173 25425
307 1305
313 1174
452 23650
498 5165
173 20129
498 17568
533 953
643 4437
848 7059
498 19206
173 5145
452 16262
67 5947
744 14929
7 20659
313 2983
173 13222
330 7665
554 10610
7 14282
498 21592
313 2374
757 6808
498 7434
290 859
757 414
53 19304
896 794
173 17578
335 7061
173 12387
749 144
533 9165
3 9446
972 3205
615 4482
694 295
53 11453
757 640
173 11511
896 3230
615 4193
48 140
615 5120
909 673
909 5423
858 1984
864 2018
173 41543
848 523
489 11522
67 223
53 17261
909 3117
631 1667
859 1052
362 5157
78 3592
533 8522
173 35254
688 2481
635 972
173 42806
173 38440
836 1149
533 5310
744 30628
498 11113
3 4845
967 4920
53 18362
744 15247
744 27415
53 13217
489 8547
643 18845
517 7697
743 8751
489 722
498 1393
498 2239
643 1449
533 6946
489 14218
70 5057
7 18626
555 1970
533 11515
48 7468
688 5890
797 2925
290 2711
615 3784
498 19179
290 5931
330 4520
555 16490
53 4847
744 7921
153 436
84 4242
583 4514
194 551
363 1650
489 12831
533 2090
3 3632
489 14055
694 1113
464 472
972 4095
848 5645
757 6666
967 4608
7 4134
67 17177
498 16052
39 2221
554 12235
3 5120
555 10731
70 3453
67 16329
130 1353
921 1560
39 1935
635 2439
53 13411
313 15070
78 2684
187 4096
517 2521
555 5645
688 3617
793 3566
575 8863
972 5145
3 4303
797 532
307 3422
757 3901
452 10955
498 11956
173 8868
797 2687
313 15653
313 15823
173 26044
643 10684
555 5070
896 5334
53 3525
363 1648
78 4790
452 9639
972 3974
635 398
635 5252
575 4993
643 1384
153 1574
967 7107
489 11607
84 5365
757 2332
749 1815
744 15722
797 6708
533 2264
7 17571
498 22631
909 7158
744 13296
694 3574
330 6676
848 5765
335 6927
517 2641
173 37161
173 6311
765 902
615 2727
330 12524
947 6220
173 12649
53 17412
452 14263
533 19938
173 41347
793 3823
575 2687
744 7162
735 393
743 7332
533 13750
583 6265
290 4480
643 20582
173 30541
363 2921
694 3379
858 8393
7 5969
194 795
967 6136
586 778
48 15141
3 9898
533 87
7 13401
426 328
967 2715
48 288
498 18052
179 1455
555 7223
896 2820
858 1137
3 4210
848 1835
452 18384
67 14752
554 2111
700 5031
744 1727
290 7235
533 8602
335 4524
909 2410
555 15011
517 3073
70 2364
249 142
173 20212
498 22161
53 7168
452 15330
173 8814
330 7351
744 27179
555 8236
307 2859
327 1722
575 1721
967 4057
554 10360
498 6648
523 180
700 3795
173 21685
749 677
735 567
187 2453
533 16881
555 8370
909 3471
575 821
864 2984
151 1416
744 6042
910 2165
7 5808
538 3622
859 6715
7 2555
583 3268
797 57
575 2937
643 5594
909 1976
749 1416
39 2422
744 25431
643 17182
307 1217
836 1714
313 2016
53 540
313 10732
330 9058
858 4367
538 3719
330 14354
498 1400
688 3407
464 110
921 425
173 575
498 6557
517 5280
452 8861
362 1532
7 12286
173 37367
848 8993
7 16607
323 1257
643 6334
523 1139
694 6954
179 5090
7 7997
313 9104
7 17131
39 11010
313 6123
498 21821
489 5088
215 2536
452 20433
489 12058
643 21245
757 3228
555 19038
363 2251
743 3165
660 2198
48 14876
858 3636
744 27634
194 594
533 13484
215 2993
84 3391
243 686
517 3958
896 4210
972 6116
575 897
615 1840
67 5266
7 4969
323 763
452 4631
694 3152
694 3809
53 19894
489 11461
555 1698
452 3535
3 771
744 2296
84 776
555 13736
615 9719
452 21821
848 7739
643 3629
797 4687
53 14054
533 17593
489 8866
635 6731
555 10289
688 6575
258 1071
533 18261
67 17320
53 7410
187 1336
173 38279
615 3934
735 1010
48 6160
67 8425
797 5915
335 7448
694 6860
7 18762
173 5656
313 14018
173 24466
635 6786
533 16757
2 4819
39 1151
173 8632
533 17251
78 3484
517 5308
967 8242
3 998
575 11688
290 11207
517 6455
743 1547
694 6352
452 11065
67 3516
48 11869
53 276
70 5915
688 5760
744 24895
533 17833
173 40883
53 10545
173 5484
173 5555
489 5281
48 4838
498 1299
7 8980
48 15002
173 27837
215 4799
700 2782
896 658
555 7751
498 9101
70 1613
533 5327
70 3201
452 18908
635 6414
638 62
744 28052
554 1213
533 6138
330 10929
555 18451
555 8871
335 1962
797 8823
173 21403
498 6302
39 2139
258 1286
330 12923
643 7106
615 7371
67 2081
330 7806
53 727
476 4003
70 3306
793 1151
517 4598
498 16783
694 1048
896 3768
555 4005
688 1377
848 2886
313 8442
533 10850
173 39335
173 16488
67 701
643 15322
554 4900
53 4365
330 6080
848 1006
335 1758
335 5009
694 8963
53 3188
67 4145
179 8111
498 20390
290 606
187 547
7 4417
631 2915
3 3851
555 6539
173 9295
864 1419
735 2537
555 735
67 6568
744 23068
78 2059
757 1343
498 18672
947 8386
3 2383
848 396
307 1429
947 8682
744 7702
972 7466
67 2158
452 2215
538 387
249 980
48 11031
947 3518
896 702
48 5525
735 5697
179 4822
290 12007
70 9521
517 1194
452 9486
179 6303
744 14688
643 7504
688 487
555 12459
173 18665
972 751
70 5590
290 1691
173 39696
53 6817
173 19281
173 6011
583 4575
967 115
498 3145
145 637
744 4881
7 15985
48 8438
330 8661
145 2595
896 5200
215 5343
7 16602
523 1072
575 5931
67 14425
967 2103
7 10865
452 4784
7 11214
972 5351
489 13674
335 6988
765 2288
744 2082
290 7074
688 2287
330 6516
3 10919
848 5041
145 2146
452 10544
555 3389
173 1435
615 4103
53 4922
615 6570
909 2796
215 1552
744 13764
909 8667
215 5123
694 3987
635 2090
533 11070
313 15753
67 14536
836 2622
498 18482
489 15604
533 93
533 17763
864 2743
335 1486
476 1826
972 4648
313 6520
797 7386
39 4137
67 1718
313 17374
615 1006
947 5903
643 6299
744 19789
39 7478
452 2763
290 2547
615 9586
554 8714
554 10351
498 1684
797 5515
749 874
797 10938
749 20
330 10830
290 9870
67 1088
967 4285
848 7153
290 11123
555 14093
533 12020
797 9655
452 20670
362 2910
67 11496
173 698
330 9297
554 7415
179 5605
39 11936
555 18088
972 6563
498 11685
3 5870
533 18995
307 579
555 18923
575 10298
744 25881
744 25167
476 1574
67 13539
967 8377
2 5802
48 5053
7 9753
554 6496
335 5323
797 8673
555 12010
362 2707
53 20088
173 49203
498 8989
797 3024
744 21181
452 21163
335 4126
48 4674
179 872
489 2028
476 5209
173 49699
39 4930
48 5645
7 14712
533 11774
452 7456
290 4671
173 26210
173 29295
947 7966
3 8485
744 3363
615 8844
694 2536
78 934
859 4857
910 1337
864 89
836 575
335 4441
452 6651
3 10203
290 5836
70 2524
452 1587
313 4980
179 1597
575 3045
533 436
744 7871
313 3555
615 1153
173 48107
743 3639
743 2485
48 7872
793 548
947 2524
859 5615
187 3251
489 16187
48 9321
688 4205
179 3622
498 13230
39 7392
452 511
735 5649
489 11847
583 3135
575 730
173 27924
173 19829
53 18628
555 3123
517 1334
765 1425
858 3990
660 1917
489 5719
498 7080
489 7105
554 11421
67 4261
554 9263
615 1022
575 4538
7 7621
258 627
179 6097
452 15697
48 3861
313 702
635 5476
631 270
744 24929
258 1008
947 2845
896 1908
684 428
7 13628
744 21915
797 5991
910 895
498 2126
145 3006
173 14009
67 7667
67 11391
2 3302
694 9751
848 5194
743 1013
452 12648
215 3587
330 11183
452 22500
452 6991
362 4592
643 20182
694 10791
694 9520
744 30434
797 6809
53 923
290 6641
744 16390
615 5433
173 13510
7 17138
498 9222
145 2315
84 4311
53 3524
173 14401
744 13920
967 3476
859 824
967 10724
53 10357
533 13013
173 32693
700 916
615 2178
335 7383
67 3619
173 45584
575 292
7 6774
426 636
744 33391
848 4303
896 3639
575 6448
313 15270
2 1904
694 8912
615 8161
555 20698
173 44392
533 10379
498 3464
70 4101
84 3506
2 2916
2 3226
290 7902
533 3511
757 5290
173 19061
694 609
694 4263
517 5822
53 17312
290 3267
660 1726
330 14579
173 46210
694 7173
7 1861
744 2006
330 4203
476 5655
744 17261
489 1707
615 8073
173 29321
615 10955
744 6363
643 15609
489 9042
688 646
67 11644
757 4196
53 11303
48 7876
575 2927
967 12571
575 6523
307 187
330 9526
858 3935
688 1669
53 9604
517 1682
694 5629
533 12442
533 10599
173 30965
173 35834
173 4405
53 17140
173 40913
67 30
452 12175
643 5355
947 6894
489 4920
635 1643
53 1710
313 12914
643 11196
452 5490
910 3554
330 262
53 6005
67 15204
735 1441
858 3401
335 87
533 3329
498 18951
173 6915
498 22109
972 4521
555 4149
635 1083
896 2900
643 11663
555 11799
643 19819
909 4620
554 12455
554 12808
588 757
744 3573
498 21110
643 672
643 7145
187 2168
67 17426
967 8173
538 5396
744 1609
972 7368
864 883
836 1453
744 13914
67 5562
575 7903
896 3617
909 3578
290 9435
967 11585
173 38224
744 1943
744 9670
7 17026
84 1405
70 273
53 10002
700 4781
173 2290
173 47701
3 1181
972 3004
858 1153
533 8747
452 18568
7 11057
555 15589
533 12779
700 4634
39 5756
909 721
498 5006
48 16606
53 8140
694 2316
797 1456
173 12495
67 10777
78 2169
588 881
173 1705
533 15493
313 12525
173 21411
694 6288
173 34363
7 16582
452 13404
67 15499
858 7216
848 1546
53 17895
173 8919
972 873
290 7826
363 363
643 17694
452 1728
173 32034
215 4351
335 3062
48 12088
848 7631
643 1275
476 3139
848 2302
744 25850
3 10531
797 9960
575 2354
967 8439
67 12937
145 3414
744 12876
362 4272
452 3678
910 2593
972 2116
909 4981
555 17315
290 11440
643 13870
694 7242
7 19648
258 938
744 23158
48 3825
362 5508
538 3354
243 1225
555 9461
635 1760
643 19911
151 3148
173 36185
735 3033
947 1417
48 15278
313 7915
744 1058
173 12566
7 16207
498 5582
533 16686
643 107
533 2356
583 1008
3 667
78 4730
363 2671
744 24178
947 2366
179 8013
700 2174
2 3160
700 1904
848 7045
836 2144
517 4238
53 2966
744 1489
972 2159
921 1539
555 1458
452 15212
735 4725
151 2033
858 1965
173 8253
67 10632
290 2546
554 12864
145 1779
489 14139
307 1900
335 679
797 6264
688 74
173 3097
323 1137
848 4951
452 11021
575 4398
48 12615
744 20887
517 3323
209 212
554 688
84 5084
744 7069
7 1902
2 3377
635 3865
130 1237
243 870
307 2309
327 146
153 1755
575 10230
910 3061
476 1334
84 4533
555 12429
744 28450
327 304
67 4899
744 30596
2 4772
290 2306
335 8198
743 7679
489 8591
307 3654
667 345
797 8247
498 18685
7 8845
2 1039
179 3060
517 4307
797 168
744 13428
39 10471
743 5438
7 7255
643 15858
660 1134
575 93
290 8609
489 15401
848 5108
967 7704
452 4255
3 4870
533 13633
498 5839
533 14300
362 3534
533 10324
498 6701
313 17383
489 9189
489 10292
173 2870
187 885
249 265
173 38842
489 13397
599 46
744 26542
555 791
173 48711
554 3356
452 22738
575 11059
972 6298
517 2052
743 2711
554 8206
7 21322
290 11624
2 3975
7 4504
743 8624
575 63
744 11160
418 392
173 24604
583 555
452 17192
575 12418
575 10410
290 5768
53 676
67 2531
3 7787
7 17721
643 288
972 7104
555 6319
864 1203
498 4791
533 12359
967 12488
173 17017
130 2431
575 716
153 239
554 3104
797 1771
744 20479
3 127
858 4456
78 1056
643 6999
173 48490
735 6483
3 5856
67 14949
209 50
643 20652
489 9415
555 18594
896 1791
70 5515
179 6169
330 8971
615 9444
498 19317
173 4574
67 1208
48 10700
330 9841
967 12570
70 4802
554 12996
583 2228
452 19802
555 7418
638 200
735 1936
48 6140
489 515
179 5512
330 12175
744 19236
173 29024
489 4272
523 665
7 18888
967 11050
3 915
7 16318
947 1149
3 7204
554 7707
533 10289
173 22376
313 2255
743 4990
793 4327
575 12219
744 33598
910 338
7 4302
39 183
517 3086
452 12056
757 6050
744 14082
3 8344
744 4871
743 1721
743 5269
615 11959
555 13370
735 809
743 2921
921 845
173 39969
538 4918
864 2349
7 18127
452 20791
489 5573
145 2880
643 19912
643 18666
694 434
173 2902
489 8509
173 31265
173 10972
575 5153
173 16639
967 10302
2 1263
489 15966
173 1556
643 21119
53 13804
53 7463
575 11520
688 1513
967 11466
947 3464
48 8784
635 7235
39 3047
313 4337
84 3192
39 5811
39 3311
498 11399
744 24469
67 14647
464 254
694 3450
967 8939
498 10157
757 3944
362 3760
667 544
858 5282
7 20651
554 4732
743 1467
797 8360
173 8507
476 469
909 8421
743 6648
836 1774
145 242
643 18538
643 8247
307 1601
53 6896
7 9335
53 17011
426 1698
7 457
173 31911
53 13526
53 17831
290 9038
555 11802
554 6747
476 1152
631 1195
498 7605
3 6930
575 6053
173 15674
498 16284
744 18251
744 26343
635 7300
330 684
313 9762
749 2970
797 1580
533 8161
533 10974
533 7379
173 17657
735 703
67 3784
489 13890
797 4070
797 4281
452 183
7 1107
363 185
555 5219
335 932
859 7143
313 10361
744 31462
533 14434
452 8420
313 8380
243 127
7 8663
972 1567
744 18214
498 6846
7 8264
793 685
498 15275
452 11205
858 2805
744 22705
313 7676
797 5709
631 319
173 31175
330 2382
743 5132
7 11866
53 14647
555 4796
555 3859
3 11355
555 16025
635 7200
151 2793
554 8796
538 785
7 8809
2 3117
39 9237
313 8789
489 7869
744 25556
554 14882
39 542
533 3564
909 6850
67 9155
151 1831
498 4135
498 13530
735 6614
330 5521
575 6308
67 15280
615 127
179 6206
67 5600
743 6418
194 1129
797 8485
858 9296
848 2164
538 5841
765 752
575 372
972 6770
48 15751
330 3341
583 34
735 7139
555 13064
947 1042
909 5221
173 4710
848 7311
921 1707
765 346
538 2602
498 11639
452 6748
555 15306
615 7940
335 1087
452 10503
735 1305
743 3052
67 5502
151 1040
575 9376
498 13382
517 5067
643 20971
498 16155
290 2112
583 3076
48 11988
452 21723
688 3574
173 28043
78 127
489 15047
896 5689
84 5002
78 1086
694 499
694 8689
290 7895
757 2895
972 7097
688 523
947 4159
363 1870
797 5881
735 4234
555 1313
476 815
489 6002
187 4680
243 1347
70 3200
797 3900
173 42118
476 4415
947 1145
858 816
967 10859
554 7559
643 10224
498 12389
555 1112
330 2083
173 31983
330 8252
554 6825
555 19937
476 5618
39 1217
39 6081
967 3092
53 4146
744 19216
797 7674
476 2103
967 5817
700 1344
48 4692
452 13063
67 434
53 7621
533 14791
335 7874
538 4770
335 8021
290 4296
290 4984
793 2064
848 8451
452 17660
173 29493
335 6832
967 6870
848 4714
575 7915
635 7089
554 4936
489 7318
533 17505
48 10167
173 9664
575 1108
743 1306
643 11148
555 15483
688 2806
858 4230
538 1314
476 2641
555 11008
836 158
179 8179
173 22709
151 309
643 19039
313 1911
362 1974
476 1431
744 32560
7 838
7 7677
84 4102
859 554
7 3237
972 2266
363 1569
744 5753
749 2243
53 13941
643 2073
744 12165
330 4654
848 6246
173 39075
3 3036
498 17325
173 33367
765 782
757 478
858 1348
313 11750
498 8811
909 5327
7 16948
555 14170
554 23
489 13072
464 371
643 10374
179 7870
330 11859
967 11357
313 9595
290 8242
744 33400
744 31129
330 6346
793 4799
498 13288
757 4070
967 9392
48 3220
743 5946
688 2372
179 4215
615 6206
538 4030
554 14439
173 44802
700 668
575 10845
498 14600
744 28184
452 7214
452 10299
48 13517
84 5305
290 2591
967 4790
489 3889
53 13280
215 3634
7 3560
290 3229
588 1648
967 2553
498 21687
70 7432
744 30753
67 16919
744 27259
476 3615
313 3970
848 527
615 732
643 22666
335 7190
643 8853
313 336
744 17321
243 443
67 15187
615 8093
864 801
660 2087
498 10440
39 11794
489 2694
48 1394
173 17099
615 8341
48 16528
744 33188
554 10280
643 12384
506 325
173 10133
489 7487
555 11252
744 22056
660 1588
947 3770
290 5630
555 5749
330 6462
53 152
48 15690
967 7219
48 8867
643 12938
586 323
2 3602
517 6317
947 4464
452 16834
173 511
39 8709
735 4037
67 2269
7 18673
555 1163
3 10031
215 5004
290 6846
173 8506
290 3759
533 7456
179 6489
307 1174
859 2754
858 7727
173 3949
313 6518
555 8416
859 6347
972 5018
452 12220
615 11987
173 46809
330 14270
947 3046
793 1256
643 22811
533 18223
735 6209
947 5863
335 6058
313 6735
643 5152
452 5895
476 1297
538 3830
84 4479
173 43286
615 3665
744 29434
744 14356
554 11165
972 2935
67 10157
173 26638
7 12424
173 5112
554 2926
643 889
743 2415
498 11863
53 14892
583 93
744 1245
78 1025
489 14286
555 3693
335 4254
910 1667
67 1836
489 6214
896 4371
313 16500
575 4869
173 34803
194 887
848 7049
910 1304
688 2027
848 9203
896 203
53 12281
362 5261
145 25
688 6453
793 3156
797 2108
533 9902
7 962
53 19459
554 9944
972 5985
39 5302
555 18331
3 9133
498 20807
48 8244
836 925
555 21322
151 1186
3 8282
797 413
643 11834
643 14967
70 6675
3 8437
130 1115
643 8211
179 6923
498 19757
848 775
489 12800
757 3285
173 7830
743 4869
362 1897
700 3477
615 10060
498 4578
489 3659
48 6276
67 8844
7 16376
643 2883
2 2160
554 13529
793 4009
694 5362
643 2732
583 571
7 5548
643 13017
643 16879
151 3545
615 10265
533 2749
362 2306
48 8175
909 4491
173 30673
757 2973
335 4766
586 2069
583 3455
307 1766
7 19928
533 15622
67 15692
615 9938
452 9727
749 2399
744 18999
947 4033
555 17507
7 200
743 3328
694 6213
554 12241
498 441
533 16934
48 10693
84 1235
947 1362
173 15957
290 6490
858 5484
187 1910
643 7236
643 9852
330 8283
858 1453
67 15799
554 11853
643 22034
744 13048
575 10937
967 10240
848 6167
498 1977
335 7584
67 13633
39 7891
489 13437
660 1296
797 2533
910 3002
700 3024
744 24513
848 5990
48 10434
967 11177
67 1478
554 4591
575 5308
533 13976
859 7138
744 11838
744 32839
327 2281
39 3350
538 1768
313 12798
323 120
694 4375
744 5150
517 70
533 8334
452 14563
67 13084
643 5532
694 2399
187 4549
554 9639
243 1127
290 3269
2 687
848 8437
858 627
555 20079
53 18997
67 1798
533 11323
7 19991
330 2619
173 7283
323 266
615 1671
173 7964
67 14058
643 5742
859 2270
173 5765
313 536
7 20644
313 16682
452 12276
498 14666
744 22211
173 45763
643 17046
70 6340
173 25513
533 20292
489 3151
575 8050
947 2956
688 4638
797 4157
896 1065
744 23612
533 13485
643 15677
972 5877
967 677
967 9520
555 20867
643 11262
84 1967
173 40740
290 4865
554 4307
797 4690
53 14078
362 195
7 7127
67 3001
498 15928
335 4327
694 7030
643 8738
489 12106
7 17266
3 4018
2 4332
643 20648
498 9464
615 9090
575 481
307 2459
7 14445
909 8171
173 38211
700 5075
700 2103
70 3065
554 8023
313 10520
797 6036
554 6071
575 11806
744 9585
2 1282
84 1626
921 975
743 4457
498 12673
909 3686
643 3895
554 12392
70 8131
910 2713
179 2107
848 6058
7 4363
39 2635
694 3177
735 4316
330 7046
615 1940
688 5774
489 1633
744 10867
643 4941
7 19221
313 13316
145 699
615 7706
209 409
173 10255
909 2664
554 2084
967 12149
660 1344
48 2607
688 3185
84 1278
498 17406
290 9217
67 12830
130 1991
643 17313
643 10141
533 6633
452 4955
173 6293
643 12505
84 4551
7 11254
858 8325
533 13362
555 7690
635 4246
797 5089
555 6658
173 41713
643 374
173 22157
452 11675
78 4304
3 11774
757 4485
173 6435
615 5314
533 20258
78 3349
554 11626
947 1219
330 9325
323 786
967 11700
7 21307
588 650
660 1361
313 3677
70 5770
744 13041
921 229
335 4221
363 3019
39 6719
575 6320
848 29
498 1163
533 7621
538 2765
173 35217
575 3197
554 825
67 16226
84 4498
583 5041
744 26597
793 4774
554 4821
67 3552
313 7608
476 4799
555 11394
555 7310
313 908
418 311
452 14871
307 2674
533 13987
615 1702
498 18157
909 5599
967 12282
643 12587
615 1519
700 1959
506 321
615 9284
744 2790
848 1330
330 5452
615 11527
489 13578
967 1253
335 2549
3 3413
173 4853
48 12986
635 7901
313 5279
173 31721
498 12812
313 12434
335 577
39 4195
643 724
967 4840
744 9255
452 15785
858 7995
70 2776
555 8713
797 4837
643 7526
53 15039
498 16923
533 12169
173 28921
67 6418
744 17836
744 25094
363 908
972 3548
517 3490
749 2111
793 4106
179 5622
947 2406
688 4904
575 4188
173 10374
797 4437
476 4653
498 18372
330 1931
643 11826
78 4402
67 13412
910 1447
67 6492
643 21662
362 1389
910 1525
533 10517
173 13537
744 29350
452 5835
335 2870
173 32891
362 3443
330 14318
555 10210
489 14013
7 20010
452 17095
643 3702
554 6605
7 6506
48 10871
307 219
694 2181
583 4767
7 10286
744 24109
735 1181
173 40272
554 11057
836 2381
330 7467
749 171
684 188
858 8618
533 4132
48 10186
797 10280
555 12180
744 33093
173 8108
215 21
7 14062
48 6356
498 18000
