12943 770
22
40
11
15
25
52
56
28
64
38
23
18
99
100
41
61
60
39
23
65
75
56
98
8
1
18
10
58
61
12
26
7
2
51
33
11
69
61
36
72
10
29
2
52
11
5
62
28
58
61
22
57
5
28
55
13
39
24
66
15
4
24
14
37
71
47
7
72
11
32
7
60
22
37
26
32
73
27
98
58
100
2
33
56
33
34
27
73
9
43
74
61
16
65
50
100
58
13
19
37
36
100
10
6
17
66
49
29
59
61
48
51
52
44
58
51
15
52
25
74
67
13
51
56
43
20
23
49
2
49
66
50
55
13
27
31
54
53
44
12
62
15
33
69
62
46
2
6
68
40
49
58
51
25
18
41
63
30
6
55
13
36
9
31
23
42
62
47
69
53
55
10
8
13
40
5
36
74
50
61
12
66
11
61
66
74
45
17
30
23
75
30
36
19
66
8
5
33
15
42
38
35
65
5
21
68
28
1
66
62
25
13
1
2
5
36
64
20
66
74
18
56
41
8
12
47
41
52
23
99
44
26
41
52
73
64
3
11
62
36
55
39
33
1
51
72
28
45
52
6
22
56
63
25
29
34
70
67
28
68
38
100
58
48
56
2
56
60
1
6
47
30
66
70
4
16
59
10
28
1
5
62
4
14
44
63
65
57
71
67
29
70
72
25
66
6
57
28
50
72
100
4
24
9
36
65
16
9
36
16
34
27
49
50
5
71
69
99
38
35
74
51
64
11
31
43
17
100
60
35
26
25
7
65
33
50
45
5
65
30
34
38
1
44
35
32
42
25
12
69
60
1
9
74
39
70
46
64
48
25
18
28
37
50
10
44
40
42
1
57
46
20
19
19
37
70
46
10
27
26
42
74
65
29
61
33
45
64
54
34
4
40
46
32
14
24
13
39
21
37
49
61
45
41
35
13
42
5
46
9
34
73
9
4
40
7
48
8
21
1
75
60
49
60
45
58
56
73
43
60
38
38
18
23
26
26
48
39
23
17
56
36
46
6
57
19
66
45
58
2
19
7
44
38
64
75
39
25
98
35
30
69
33
55
36
100
72
5
17
75
3
53
29
6
30
98
70
7
18
47
15
10
62
34
25
66
55
64
20
31
24
36
1
63
25
57
40
98
15
45
17
13
45
32
13
74
38
8
13
3
66
73
51
24
2
44
53
4
10
57
53
37
68
52
50
30
55
39
69
31
4
47
18
12
50
61
23
35
36
29
69
29
31
2
28
100
46
46
36
72
54
16
2
47
66
43
99
44
8
17
53
25
13
33
58
16
49
49
36
5
74
42
75
39
26
43
34
71
73
36
67
24
67
24
24
52
9
30
30
6
29
24
16
68
49
59
43
6
69
72
2
73
35
74
18
50
66
3
73
18
39
61
60
61
65
54
33
11
45
98
72
71
100
64
100
3
34
58
60
99
58
14
46
63
75
9
57
14
69
37
54
36
34
34
10
37
7
49
64
57
66
15
40
62
35
45
69
46
58
19
55
27
57
53
60
69
73
53
75
64
64
73
34
26
16
51
2
33
26
62
48
49
42
60
99
46
45
56
51
23
17
54
47
31
48
74
74
9
31
11
29
37
35
100
65
26
64
35
29
19
63
29
50
46
71
100
34
69
53
42
5
66
74
10
60
74
73
20
12
7
3
12
24
16
18
61
4
58
6
52
54
72
59
100
47
42
44
70
50
40
44
50
57
43
20
67
10
41
30
98
27
57
6
40
13
18
6
75
55
38
