9741 986
20
35
30
33
38
62
25
16
34
55
9
34
32
16
41
43
27
35
28
44
5
36
29
38
30
43
8
28
50
14
36
19
33
41
47
64
37
39
22
18
21
35
25
40
55
38
44
45
22
48
36
33
19
35
32
54
33
61
60
52
43
46
48
37
39
20
9
34
51
51
33
32
37
36
25
19
11
23
53
28
25
11
66
62
9
8
29
43
39
27
19
28
19
38
11
55
45
54
46
39
22
4
39
46
37
35
37
18
57
16
45
43
50
31
15
28
43
25
5
28
57
39
48
18
46
32
26
69
45
38
43
40
36
26
52
2
30
24
29
62
52
38
53
45
5
30
15
26
15
56
48
17
29
1
26
16
35
38
57
51
54
40
49
18
12
48
10
59
30
28
29
11
37
39
32
29
37
32
51
43
25
20
72
24
45
4
32
24
33
37
7
40
45
52
30
37
32
30
32
36
48
17
11
48
38
49
16
31
26
32
33
19
39
47
32
34
21
22
31
23
22
55
29
62
37
57
44
49
58
24
35
31
42
23
47
20
42
17
39
38
39
55
45
59
47
39
61
18
21
43
49
32
25
20
32
5
38
24
9
65
29
36
46
45
50
26
59
38
45
45
30
32
26
63
45
36
24
42
41
55
37
34
37
39
41
38
53
46
17
54
28
25
51
38
53
61
50
47
19
59
56
25
15
32
58
36
32
35
36
49
2
7
30
22
41
36
33
25
17
40
25
49
36
36
46
45
8
26
42
32
33
59
31
55
46
74
55
34
29
44
35
27
22
24
10
43
49
21
21
33
48
53
44
29
37
39
49
38
41
29
31
36
14
27
41
29
24
24
33
49
35
45
43
40
32
48
69
17
41
35
24
11
65
42
37
32
26
31
3
34
36
31
47
15
22
53
33
44
29
45
25
28
50
44
48
20
40
39
43
34
14
39
27
55
49
28
40
62
38
28
39
43
29
29
20
25
43
46
7
37
16
26
28
3
41
38
57
30
30
38
10
42
3
40
35
11
49
32
42
37
50
33
58
32
17
32
20
16
52
30
23
13
37
34
48
25
47
20
8
13
67
36
26
37
16
22
25
36
43
22
23
35
36
31
38
54
31
25
29
4
31
29
37
36
64
43
39
46
40
32
31
33
32
18
16
43
48
35
50
41
48
32
43
31
33
33
29
31
16
49
43
24
23
72
22
61
49
65
17
36
39
1
34
32
26
31
42
17
45
36
48
49
32
13
31
8
16
23
25
28
56
24
36
23
36
40
37
33
35
25
15
33
40
38
26
50
31
25
34
56
33
25
42
27
47
42
33
69
32
45
72
34
22
32
36
21
16
52
46
56
66
23
35
21
59
59
34
48
44
16
2
15
38
38
19
33
44
37
24
40
45
50
42
47
47
35
9
29
38
30
29
34
38
69
29
42
45
44
21
35
28
11
51
40
22
9
45
25
32
59
57
67
40
17
16
21
24
12
39
19
40
25
20
31
7
57
46
42
40
12
19
49
35
33
32
43
26
56
31
45
37
59
27
38
33
47
25
17
13
47
63
63
22
24
6
17
34
51
9
8
26
36
61
20
29
20
13
33
11
42
37
49
43
32
60
49
26
8
66
40
23
37
37
53
47
10
45
14
32
39
33
28
32
13
10
30
16
60
31
39
37
23
56
45
46
40
33
23
60
20
40
39
40
55
45
21
50
38
33
29
28
30
31
27
47
53
24
33
11
39
11
24
38
15
45
30
28
33
37
54
37
51
46
43
17
38
37
25
29
51
30
26
25
19
52
7
43
37
58
61
20
53
38
20
41
49
31
54
30
10
31
70
26
20
37
7
17
57
21
44
31
19
54
54
9
33
35
3
33
60
57
23
39
32
22
37
58
24
33
25
30
33
53
17
6
17
47
50
31
33
41
37
33
58
34
51
49
12
35
18
12
53
25
42
28
27
12
45
27
57
18
19
32
19
54
44
27
24
37
27
46
23
47
26
47
50
31
43
29
35
25
45
50
13
8
42
26
34
41
20
11
46
48
35
35
53
44
55
35
24
24
11
8
39
44
24
44
22
30
54
27
23
11
6
16
24
37
38
12
54
54
31
51
42
35
11
73
40
63
47
33
63
36
53
22
52
11
28
6
25
37
26
21
41
21
32
33
29
8
47
15
44
37
66
5
33
38
51
43
37
31
56
25
43
32
24
40
24
20
31
41
46
36
46
18
31
37
33
20
35
23
39
38
29
43
40
