8555 962
35
35
39
53
52
45
51
38
67
6
23
55
39
62
46
28
30
48
42
35
49
18
17
23
31
23
37
8
41
51
52
28
29
34
28
47
18
31
36
34
23
30
16
15
36
27
44
32
23
52
51
31
32
38
56
48
52
51
35
46
52
28
37
31
43
17
35
33
40
25
25
40
21
20
23
48
29
30
60
42
41
31
44
54
52
24
26
40
45
27
50
57
23
30
47
52
60
53
40
56
20
46
39
38
17
23
37
21
34
65
25
43
42
13
43
37
28
12
30
30
64
35
44
25
24
44
40
52
50
32
37
21
36
38
40
32
15
37
24
50
15
27
48
35
65
39
22
42
62
80
45
19
60
31
6
35
35
23
28
9
50
34
43
38
30
72
50
30
34
12
37
13
29
18
11
64
37
18
61
29
40
52
24
49
23
25
22
36
44
27
39
33
9
38
45
22
37
42
59
35
22
55
34
13
56
17
35
49
43
62
29
31
32
24
32
49
12
48
35
52
19
39
12
51
53
56
35
17
17
48
61
39
19
38
18
12
53
20
15
29
52
43
21
42
44
44
50
20
26
65
31
29
39
23
21
60
30
59
58
25
47
48
19
41
50
22
28
32
49
61
46
30
54
18
36
29
24
52
45
36
32
62
38
36
58
63
37
10
58
62
8
42
39
37
34
45
35
35
24
36
37
29
33
46
35
45
55
37
52
25
33
25
25
24
38
26
35
71
31
51
29
31
69
33
27
54
22
37
22
33
33
54
38
40
15
34
40
46
40
43
28
66
15
64
38
47
27
20
51
37
39
53
19
67
54
32
14
21
40
44
31
40
8
29
47
48
32
32
25
58
33
49
13
25
16
21
46
12
32
31
40
52
27
37
35
22
27
33
28
64
24
49
37
69
21
54
56
10
33
50
31
31
39
39
12
27
19
44
37
15
35
57
34
6
44
52
36
28
40
37
28
33
35
53
41
40
31
29
54
32
46
36
28
26
38
21
51
32
55
63
40
26
49
42
30
22
44
18
27
53
36
44
72
15
20
31
20
20
31
13
55
9
37
27
44
37
32
22
13
33
26
44
38
34
62
34
20
34
29
39
23
12
41
40
67
37
26
35
34
38
16
50
47
37
49
21
13
33
30
44
27
20
50
30
56
1
51
45
50
7
35
9
31
49
52
27
41
6
17
24
35
49
59
40
49
33
42
44
35
35
11
55
29
16
32
56
42
36
38
11
18
41
16
16
33
48
49
33
36
57
38
42
18
22
30
33
5
18
24
25
42
36
56
9
46
30
41
15
54
44
47
21
53
17
17
14
53
46
22
38
28
4
24
49
21
15
36
42
53
13
21
27
16
47
40
28
56
22
32
32
28
40
40
42
26
51
32
36
27
34
65
20
20
19
56
30
43
45
28
45
18
36
46
52
47
20
36
31
54
44
50
39
30
32
30
19
24
42
11
40
51
22
43
20
32
36
39
21
43
34
38
8
25
29
50
46
1
35
12
45
46
29
31
56
42
61
57
44
29
12
32
32
28
49
24
27
55
46
26
13
19
44
40
14
66
20
35
38
6
27
23
58
31
48
18
33
29
55
73
38
33
32
17
37
18
25
56
7
24
36
40
59
26
24
24
5
33
46
26
34
25
43
35
1
38
56
22
20
34
51
25
36
55
35
44
24
60
34
31
28
43
36
26
20
43
32
25
44
53
50
29
37
37
38
40
9
18
54
50
45
44
31
23
14
24
32
51
3
24
34
64
34
53
35
52
27
24
26
58
13
26
33
49
23
3
28
39
48
13
23
2
56
18
54
51
27
47
70
36
33
47
28
19
26
48
44
47
40
11
23
27
33
28
22
38
20
55
53
34
45
22
41
47
30
10
24
52
49
52
41
44
50
48
40
35
49
33
31
45
57
45
30
37
42
27
50
42
32
51
27
56
44
25
36
42
52
35
7
34
48
50
23
50
31
26
52
44
23
36
20
63
16
38
21
28
29
58
30
56
50
27
23
37
19
24
51
40
41
23
20
25
20
17
47
23
31
4
48
14
31
36
10
49
26
11
6
10
47
52
37
34
45
53
48
16
47
35
56
56
27
46
32
37
22
33
26
41
33
19
28
54
33
45
53
37
29
47
37
38
48
46
13
54
4
20
11
10
34
60
35
31
35
42
22
47
44
36
51
45
48
35
31
