9973
195104
211111
248173
195475
802303
893222
863037
379775
600637
990233
527867
151847
300315
87553
871177
749477
87493
896553
484363
803475
156712
102393
87938
93093
565658
979161
872667
840256
901269
908581
72869
192058
620157
452482
655619
107567
161656
307498
213260
161223
419539
850164
677154
156682
313094
637802
620238
529969
273055
559641
429247
759586
271271
137806
977514
556541
649322
559327
788491
842265
124258
338579
966958
799551
411214
95494
542852
754717
170436
81746
82609
362141
670079
631246
677937
30186
255177
169416
498062
575636
311889
681984
393298
490376
504677
963776
486480
909683
821768
412349
433109
603695
822064
136816
372981
540465
59401
648027
82673
861044
212480
226431
310216
62439
842231
962639
104072
733786
41203
914012
269133
290243
659905
965453
480928
243553
289804
364128
99894
828520
104639
73203
811974
993343
676586
647583
657028
200523
3646
573313
794550
584631
965577
535726
840401
802520
33988
326172
602902
380646
287388
530213
907633
434534
122051
908017
349174
129316
423658
381774
538435
243489
153722
647746
298139
866849
536983
235533
880351
888835
841400
440069
961276
801959
489360
243204
72452
683960
714554
238338
423420
442400
626196
927968
177795
601830
395752
373743
387234
960392
574528
58626
488725
560792
396939
124002
118323
635927
577200
31209
74452
511922
358779
158378
104157
899835
783411
479051
259945
724551
134997
584999
482342
743071
703921
354997
662539
420366
211293
339419
183748
527919
63949
483434
702711
301435
48849
572248
786204
767365
718676
337316
818314
831894
377729
379653
472958
474491
258584
182418
514169
832645
346766
652459
958218
600601
541286
278191
678229
824131
40052
848973
297282
618694
669708
298028
852953
244044
613068
396782
461068
903154
632437
62267
925748
969185
965697
710380
247888
840455
489711
397612
592823
487426
353016
12055
637695
792292
382275
113050
529802
803081
601509
284330
388851
455281
720092
61678
449370
55110
716956
81758
218551
88845
241517
54243
231722
163753
439666
197612
496137
619084
653967
620624
329864
157906
473647
298429
983490
831612
607043
279409
102207
34833
709558
173866
886412
487221
965397
360559
280321
598019
785601
843352
583507
353081
988505
756716
572106
986859
317050
93144
740345
761482
27971
258879
831262
141072
442577
781972
907783
468096
947171
402426
396289
205660
872495
172805
761999
167392
606735
208833
404634
374286
502266
896927
719605
40841
10435
999480
868245
330964
9121
600246
474595
665592
671643
125672
281756
497334
571226
724939
446600
320857
468248
720312
763077
780020
44712
301999
907430
422400
740850
722220
575391
287014
914624
869913
408460
307910
343838
788837
295217
376716
765513
198584
968237
242386
798073
621599
926626
372533
497895
100950
356427
62626
634506
502145
806259
47620
123658
206363
307666
336437
216440
572699
738000
383184
945445
199646
872896
431426
874366
110126
190843
592421
636251
846113
973026
74271
875084
76160
500688
968321
739908
129891
950444
54975
112246
784744
711550
872724
903022
476971
467075
106386
202646
565722
875421
584244
361743
984497
522451
260349
162024
761575
679415
451502
30894
445311
902788
848283
509907
832811
423790
691671
502663
149465
230401
51924
296675
533
258963
210725
676985
412810
317468
453756
82602
531283
475696
199908
939028
228313
793244
260083
744641
68781
802407
557642
227450
67617
127388
901308
482037
797205
954498
129408
741575
631304
617798
860965
771537
200363
25973
72818
865736
689102
481412
636316
311098
969996
966320
300941
503262
652794
898816
643997
763218
618547
910581
860390
472286
474726
163272
506792
249108
465077
127041
349261
244196
708745
677303
949712
564471
832095
468227
532474
325450
184337
640102
561752
343864
615534
719493
424298
578746
303899
71616
205505
766760
587398
877207
663269
107521
171713
961436
539684
708166
22535
521364
690816
187057
302624
888752
664976
142896
682306
183990
395149
309687
947163
194255
411137
309525
386476
410056
780600
815786
475890
91984
243763
395206
858663
48646
986545
86577
305318
280765
757235
706586
976283
190462
723674
943407
194634
958387
245341
245772
918871
616900
485204
32670
453237
355289
256809
116135
158295
396440
880548
211610
409174
481179
820174
578271
755043
395760
901596
366617
42347
44632
762954
393139
678607
106319
106145
18569
118379
529797
423265
849914
216741
847148
111587
551958
964359
760217
602347
697641
356989
705720
939092
586428
892940
24388
874119
21012
862751
433434
968406
134870
954158
130198
780718
108527
369767
465544
716062
691717
51098
563704
667853
421741
220722
854613
320353
584186
659338
731842
74452
322298
189761
453080
524324
773001
623412
860048
706283
353960
35803
507839
685909
363868
608444
745470
983606
337306
984135
315708
980280
837509
413230
964379
810236
166542
654857
646161
411497
805002
292179
758061
357238
518548
930640
802530
803878
593921
928349
531832
965822
277437
620893
601418
459003
892121
255627
844321
798448
41995
106434
299726
897123
675999
795522
38839
367543
437300
609264
870079
22288
538727
683320
990698
864681
356039
880330
299989
957484
230867
548779
687096
400644
166809
418755
599909
959895
95872
676122
525292
980111
643886
10251
972687
146285
338169
281242
177842
491950
41637
612393
722212
879972
913059
484124
460644
627780
705801
281923
57248
741248
8970
684085
324648
381151
671871
869524
221164
664876
203781
924522
171351
221395
893221
176307
751344
576132
561773
99969
461332
823549
484692
581426
71045
488424
460995
591530
462273
167695
246974
657055
195690
747862
717484
107225
690754
686727
991267
145333
423022
905935
415101
940367
524330
542522
762469
666478
124865
710035
132439
76779
991227
670824
156608
494889
756528
361782
65026
106903
797586
501303
310293
563303
176584
983890
220339
185409
671525
342769
803637
44555
889117
596943
931093
800972
256192
809693
323456
221453
827044
33317
113067
346650
685441
991421
10273
572240
133517
309331
296730
955104
756431
874739
11797
307323
500441
450348
65669
529268
95431
40436
217157
442355
769637
494878
871888
294106
51107
771250
387355
415094
699240
897660
113630
10102
910764
581365
398912
362053
945470
159017
10535
146961
562581
882718
955618
667256
818549
705915
288200
688349
249964
192537
433034
649811
249678
596300
959348
410942
270497
943198
725249
64424
343643
166906
780849
346622
681713
193944
720318
555881
666250
42905
472477
455312
247194
730351
355679
336858
321579
538836
335259
961037
911681
139886
604549
893230
977366
552706
405928
647360
375382
563422
909773
268996
141864
333484
704940
400684
763654
376528
968245
247821
561859
342810
96634
26857
629442
857196
515575
871889
488858
223887
804637
69443
734855
830452
796430
76687
720122
286197
35260
739728
645044
179210
344752
583069
953150
741903
894951
166140
299464
634957
449271
975238
786506
628348
37285
553537
743466
596829
696081
66722
775585
670805
711466
848340
818130
974174
177195
943340
992045
757683
175096
539006
494905
992621
59145
825639
855001
951894
970926
957473
469658
140986
371966
85930
996400
506047
880043
165985
108101
176635
612058
236860
369494
281453
238698
616809
287277
751261
592793
574329
389854
603529
121328
237218
16582
459756
713974
92629
204802
37139
503288
234033
287643
556667
800082
494383
315405
437851
222758
2931
775324
150012
973201
668985
386997
410943
474635
962907
307733
271469
408090
621404
548271
394454
623056
452083
95532
619465
551748
866522
508054
542497
818433
64919
184042
509664
499220
520708
605696
255953
128428
379339
441916
948581
655846
153252
125189
137089
566813
28467
898704
715810
79792
500216
484629
467103
283782
405457
12067
632233
742915
23022
969887
719969
842090
697460
810822
599174
146563
698010
760730
313111
8939
94134
28755
794083
401734
555759
276966
847681
752569
153997
258303
835886
423911
719570
310315
952827
86005
466426
359603
415572
612233
341306
851785
604818
468934
723925
518505
588697
126755
464678
418214
122226
937611
252093
971725
9530
234555
216469
376857
840917
939553
704578
917042
310042
282349
802002
397683
56126
631527
484748
846800
56724
90621
358813
979815
736712
357956
95793
443002
318189
66310
750078
581096
914396
866866
210619
892128
526215
501375
229464
914355
403598
656865
9832
1778
482038
238193
172185
590467
671151
859956
886631
155832
867515
741102
337148
641547
975984
508265
630328
170482
555173
36943
286632
271950
487854
325569
592925
409247
682904
108520
897480
972102
872857
766308
76104
592928
959522
649055
776902
787564
147843
931806
578970
749721
465765
382192
985386
644845
473915
765114
555265
329250
220851
475090
962551
519021
81594
512967
395172
524638
90299
812930
49868
466957
294449
406837
507839
148989
868753
966628
309388
5612
428880
503308
594788
932447
702882
480226
595295
413210
556415
530304
557030
912426
604755
407838
725532
56737
906558
317542
143954
220069
331468
71976
102605
703905
1877
703127
718563
167481
68090
917703
367839
821152
758336
547569
930089
711904
11520
22924
140346
523984
472278
68259
330991
680280
892688
512349
171619
558917
94895
587709
613203
506082
332766
516385
104269
531980
23033
796718
174286
8893
231334
533428
611177
433039
501140
400757
478769
917597
41232
383269
113615
232587
293993
438733
484759
452218
363577
727668
168000
184254
57962
484746
798503
2703
763148
625754
284853
337762
635092
91791
28631
738069
543321
687971
463097
342660
916794
52193
281738
825708
430173
907173
736242
602812
21670
888663
291959
970147
702785
199333
982035
910499
339706
324821
640676
479018
212283
380818
295266
660836
545397
213209
602210
619902
156762
145129
594466
670782
755012
986232
798055
195785
540472
388139
867542
637609
271246
442649
882379
79663
671742
651453
668683
978756
141706
66889
30656
128933
71401
302059
638229
937917
660515
703837
132560
660067
83800
486415
236855
63798
750950
815971
799149
96384
545748
23778
219449
76607
134703
887986
306199
126268
10277
97725
240362
868295
642329
206081
220015
420087
578152
208743
368578
531961
681002
120152
939104
638935
412950
5842
182499
542150
665737
361535
94807
128440
941688
961497
742704
215853
311293
989033
120384
413045
55584
895421
746909
870385
657887
321027
3868
775454
236772
319952
680193
304410
626897
630999
503927
119076
188195
13422
513471
542951
454680
994905
318917
515337
14002
985788
345745
50357
450256
725357
626137
472221
147952
947383
660878
671992
122238
889206
978022
532504
823991
319876
108752
986895
641998
538919
404339
746422
378211
666279
735927
211201
989514
510937
150317
603022
188567
227033
972091
690989
380685
110026
606464
702715
576172
238705
828240
858151
618876
233425
414205
841763
279670
325827
238000
538633
77777
556496
626510
574062
108891
819075
396847
814024
87368
840911
140666
830087
514942
675641
897217
867930
110042
189578
806432
340361
425571
948233
520050
374045
411461
402212
853811
65376
209955
314731
422029
31481
828349
245196
742624
749286
101237
272730
68309
706119
111141
17514
111191
403168
810282
853859
160985
744831
265060
49224
216588
779335
940798
935033
559501
36803
345943
226680
12043
456697
217052
549046
608333
842790
589255
277373
911692
516848
742264
110238
679539
150849
71432
223868
618449
965687
126171
608795
412428
315070
636791
676211
344216
651220
772429
680559
709446
990897
531049
862755
408429
552661
57775
310816
446749
501979
834705
137747
325108
197649
712012
722584
307631
876675
559653
160630
507637
767924
664861
807213
391509
210290
396860
563403
780493
518099
642981
98604
487041
777943
121107
276367
389491
228255
689929
988355
730705
887763
420397
639507
714535
350686
628087
196313
762252
29176
175278
21339
356014
61929
609151
857321
689961
290845
422664
881084
448147
946863
639594
745516
81136
329706
821116
856602
737434
744058
798637
917686
449817
961739
382188
287420
805183
570564
755909
498320
700075
213658
983997
410111
949705
608997
547064
497724
951463
110110
797881
923513
434032
415128
789103
350305
483041
150182
855056
786599
981620
372850
611969
644939
174141
275923
620889
428168
138710
261928
341723
681628
945845
513839
738284
519641
895037
203487
829071
448906
49116
832534
360277
556347
496565
915300
646300
624366
376482
657690
979623
875900
243255
976223
945536
944872
675687
525362
170210
390723
594890
93856
218729
366616
889585
895961
302186
321580
825455
74827
318379
809156
704610
553088
981758
375662
470408
170697
289217
174718
163470
252408
873040
823484
133319
92979
913107
322181
644680
321250
787406
363328
998224
385847
308341
951484
575924
695398
857141
690358
983070
749077
970352
445570
113066
399810
726709
276167
881457
450939
335720
441507
664538
57670
770909
80506
424354
587046
621974
97020
394621
357367
874337
423247
618974
368181
335402
635201
815135
124281
609606
335463
202597
868345
374288
687846
304134
416755
330233
642825
931351
843710
190515
914776
348237
940671
426238
242167
979508
390512
482792
15150
751060
47464
234182
863771
590542
803620
697320
795635
152655
571625
958358
94755
430408
959863
853813
652877
220447
124737
156616
953444
168661
198430
339715
496505
3962
920435
782617
93504
506908
51032
255594
968049
831264
38196
494963
251598
868322
994425
896621
42270
529003
682436
278390
492531
507723
118661
91633
683986
85971
312921
32879
121914
609688
127303
249477
107
809872
566364
777153
748101
600307
272578
236545
888197
78751
236366
876232
574880
285574
143208
198949
351049
311568
475926
352961
738493
684692
147061
126819
386036
998948
259262
140075
400351
703401
268016
794509
446581
319971
94355
596312
734572
72211
25543
540146
377354
708705
850914
838716
29557
434225
429152
771486
997268
512454
140638
236863
721762
382505
412068
637379
713217
488239
4455
912135
547356
27489
23403
569142
949715
64423
130933
519877
327507
85312
946135
578702
619665
807174
873742
229409
549031
65708
314364
706738
653274
836315
186146
911122
433429
966279
699535
305724
433009
627659
618973
697397
337856
139739
641560
580705
18450
403229
465879
850273
522109
497735
186750
235063
222146
342030
238669
777746
691019
307372
615451
254371
143132
61978
692753
67584
397600
535863
327819
384211
507935
930570
75852
852113
847767
284515
156693
766255
611227
108273
200375
18684
170272
334289
662217
146370
208958
568438
277918
910961
414257
720004
5945
662873
802121
722861
789486
122172
297642
143103
288359
915646
171630
328970
615947
357321
737358
138340
15129
233731
94926
149741
730161
39928
86338
548474
631459
958510
70172
155061
92446
780429
651711
722055
257032
719296
170659
35549
61623
65830
746971
407824
441440
652605
447726
54373
559075
882143
275635
131398
93387
8016
989573
399850
705470
588366
475641
455332
783643
464730
675914
993369
829301
466350
309742
14754
595695
268596
685979
322528
599163
407996
598151
266416
873059
954554
470074
19786
927794
926732
701357
561150
302884
628117
398775
681346
555449
380478
30081
63771
737557
596044
811662
517613
556048
582454
305078
97754
931047
88910
97123
283358
537563
152215
79174
233521
977156
204728
256588
335344
840189
633055
349289
620205
432399
807159
611674
343954
635726
652590
398681
160020
772503
207086
354823
665346
9072
208661
911515
672330
727653
596394
971901
621376
471042
33291
454941
50265
707976
206187
749824
812111
601115
396333
570960
263336
417730
196059
154847
230321
845976
830119
424776
467790
45687
438706
123858
688500
105826
835648
7066
974242
833247
893951
826850
418019
388658
485983
605582
759533
164723
544333
747020
669829
669997
521963
417215
181473
45549
378798
753930
388087
500562
585595
572193
41232
346628
98500
550278
689601
619174
628182
514645
502310
891194
950442
195845
224547
139294
759012
887720
698214
540956
834308
130983
219083
102189
315042
742691
260539
403719
279930
92725
195436
988799
746460
286687
155059
449203
130205
161532
272528
621723
157377
930652
915747
360302
491751
387782
935291
119553
261091
913243
495001
679261
924969
316754
205881
8730
506394
150822
397821
529220
614175
751272
561533
682567
755375
500416
556573
287371
302835
669993
605015
126258
832345
184385
438932
342292
655323
221314
766545
190451
632057
776539
258102
160424
398961
418610
889081
350922
677001
320656
550682
906537
990326
54563
445339
431542
102096
891424
702662
437816
601418
370207
574649
204856
289870
183420
235892
926909
64014
855465
993967
470327
525837
146824
103982
113649
315480
746619
414591
528656
461984
365486
902009
114929
747419
96720
424098
260965
293362
327615
806416
224151
60265
421492
129596
380473
720608
501460
349985
268601
416038
369757
876010
535278
952999
576752
65112
295969
215103
638102
92264
820227
284387
210469
263839
791181
886261
889102
509369
704603
262252
866411
929312
749141
869246
533456
753376
314839
178156
102472
73438
439092
413568
52522
759364
82699
147942
755012
350587
56242
485035
764543
147074
889806
314480
905771
173150
478510
174950
841618
680932
380855
594969
382816
540018
19778
561724
985650
420542
337345
367500
742564
369077
118480
75027
140610
46439
487611
196549
981339
2300
181644
825546
635792
166165
988336
28351
224848
949456
771411
125767
758169
359385
648073
914804
16905
264365
624216
497354
496972
872104
844345
612496
504659
35514
432050
641786
421614
144960
113716
582674
824895
53317
320416
981833
420706
141689
355672
77079
597163
469216
519919
167809
49909
944933
784157
173805
707760
911617
301298
803713
468785
946263
947331
941948
483839
295106
649703
702155
189215
47096
104599
611237
899262
203523
807868
331914
983257
571128
280882
875535
932748
893558
198839
81050
896858
638741
129544
334143
494162
800004
512537
718649
754023
206675
289740
231990
890444
788137
265865
579540
751070
512589
180253
321106
543682
66188
841283
972414
567611
843369
798441
959787
757357
812036
941452
260860
726864
712140
672970
12540
247051
117621
611254
705195
793867
923844
592154
136937
254318
846698
182013
793590
426119
716584
909559
640108
172052
213596
952060
379044
696251
734583
918424
943199
181554
85651
966345
118608
175806
563543
710778
664206
996497
361698
967948
965311
538035
249625
744362
215670
482838
985285
457521
193774
666085
866897
867043
198297
161611
859120
766906
219698
509720
293318
498501
316288
265341
316537
702466
536245
615049
469126
249666
371285
962458
638010
648078
389371
274205
787611
545646
452444
990160
882819
521660
779822
477294
561854
174903
177815
619774
977033
581788
174537
526714
259633
529868
425564
496594
708723
427216
611588
316966
848071
69824
724680
229573
373883
872655
10575
440429
222641
436467
818016
474782
502069
415248
376474
526352
676590
176970
984032
854182
670513
327118
819708
391904
983498
308893
236501
589829
670789
842988
680387
385826
803509
172386
804181
445238
778905
915126
191056
415782
485280
567545
561904
178416
97546
228166
640736
748319
885905
898192
491697
36815
771875
840621
490693
279572
843920
672943
973951
613713
420068
75168
516136
778790
385887
976349
963624
235526
648565
74631
616248
124089
771750
917619
373337
183890
432531
833493
889922
525383
71349
136867
986962
273289
827439
751030
562178
50199
13884
490747
79481
838201
718344
34568
286640
911443
754664
147623
413099
750608
935148
975375
904523
764138
754550
738201
351182
417470
522577
63766
73117
159106
24477
689930
104985
631339
330739
206408
249559
409542
687979
385281
670744
431929
527609
188328
372082
80874
802992
802532
509085
977266
125732
490908
582208
386941
875381
907043
715544
663962
97761
112761
266195
373328
6725
570958
857175
402259
67155
665605
391928
81019
229313
263176
98383
454918
672054
515135
237343
454787
521248
8091
866604
119445
510273
111561
690242
380549
910165
447928
960461
105223
100662
823007
184991
10323
749934
761457
856884
700997
582810
31681
783855
843478
449653
983520
411019
388919
753118
219612
544107
408816
811335
109903
292777
596750
779130
516756
526403
67673
399369
589450
367019
108507
89631
36902
321263
775687
636427
50535
489287
297157
4535
109835
162467
193372
449216
589494
347803
116047
839368
10365
110595
899770
988863
104513
62184
6850
402269
970808
947918
920797
843218
189646
377902
957741
398089
654343
644515
408513
415183
477713
808482
85698
645859
855713
634225
520822
367667
851568
264270
237307
28822
409639
743641
243917
499434
850246
806307
66737
449459
416071
336805
636930
110603
208703
359310
720741
102032
604355
12030
978184
511346
539405
943222
334271
122174
94696
796443
604255
210478
798966
992118
814686
560
11073
12872
603636
93056
509359
814968
715605
57940
375941
56496
970232
994899
333207
636129
234922
156111
869893
870098
510079
80390
597781
560049
755044
111270
752602
112935
354154
384388
455643
98418
338753
312396
211451
916360
221413
474454
262013
576633
40205
284904
821481
789330
902300
78381
113706
843658
39288
831414
55746
340407
359650
647251
196958
434287
578589
946937
7900
317678
458946
173463
971463
34114
649370
568066
342391
23405
392066
868833
317266
551483
450747
750648
924263
150546
245723
525274
473976
501704
39006
944959
477090
57069
877213
783954
829877
230471
401353
105104
996404
908332
200231
81577
79788
615032
907836
591019
345168
743319
500322
808096
628317
301828
414172
643429
34190
602183
467486
739501
803919
684077
562194
462797
659604
55737
385855
618445
503129
742103
785005
735719
355952
808397
841644
981021
247888
690806
333179
99940
352480
15400
774104
633840
802756
183815
573795
441442
194658
870737
225942
242828
693386
301151
351811
453498
559091
152201
49413
256742
60205
57192
590532
461520
628153
919115
981326
320841
383697
568751
396730
17262
627589
176576
510788
536163
961259
443850
337779
336587
835693
617012
194860
18830
364337
437363
316707
874991
232842
214839
263187
476186
249902
531167
383263
666724
23029
265604
422811
928985
906142
323207
572416
776485
226838
950249
317932
842144
448663
167672
545320
277765
801053
302193
628698
253348
395778
579521
462388
136675
203674
557454
422393
764874
676199
58113
779149
104933
160415
472349
396778
631124
265676
878350
341800
818928
864818
273808
576944
398647
864040
274590
55680
772499
563164
826377
66371
715473
322659
904793
770570
714874
59034
854245
107899
360109
103404
993390
711178
157770
141348
419310
346579
504082
680697
849131
185183
471406
185023
239253
524100
938588
717636
246111
369450
777332
125477
520139
702782
483684
34132
275153
161675
788629
540757
860441
500302
11891
681207
592454
980125
419395
430011
724600
623182
490683
986073
310322
897284
825036
650885
879484
827296
663759
457734
238288
470358
470803
49259
591199
752002
406757
576826
736674
67608
945830
982172
675136
167385
221725
339046
316001
369207
451056
704258
50034
209988
462946
886377
891215
889852
488306
276287
592370
141156
273635
881687
839089
653316
486323
969332
729021
681891
633768
710270
506365
61605
876985
28227
22283
922365
614210
485459
639623
183837
791278
35198
953684
658113
11588
121705
30866
285565
558287
147475
109268
520223
730512
822059
642482
810776
801131
779706
981321
48184
316621
359862
2277
815776
719335
262977
871491
789971
455555
244248
727128
201931
799598
837400
125738
69460
556444
33941
992538
116290
720498
894408
771291
719193
628269
825151
296505
935593
732956
342549
237472
451321
362333
717397
448531
969927
786425
773210
957259
414306
474584
673050
407850
295909
869353
334310
64808
228552
709035
553686
848787
716379
931242
742031
195125
737810
631925
777770
190418
245490
785341
894712
390603
646611
952296
799167
662345
757238
954217
894727
772705
488855
814988
721103
919040
93615
452326
719065
116856
721319
531505
567364
547296
826993
442869
880504
230195
705283
263635
35939
597400
675943
374494
708311
898648
395064
712026
213632
874278
667527
864772
765150
30653
537677
330033
585238
838124
315367
868237
474933
205836
568732
687142
943491
881865
148686
382141
410439
186493
737935
936289
832402
408873
312409
561304
899470
673983
529997
783217
194767
314678
242983
441808
525985
819511
901551
170885
483098
500663
859119
838602
327416
781862
344820
741503
510612
312453
854020
599302
139154
795377
558876
922631
667029
326090
373561
432265
523327
946262
33868
816167
612126
56471
296967
730977
332224
576206
233617
858783
202928
47658
221190
4672
399678
618214
620838
121739
314168
63631
244980
195139
41118
88855
121008
891862
364946
105425
650895
892521
223951
685578
16834
597140
140434
616139
626382
980341
323592
100795
630683
451187
480919
683446
964323
2169
9000
859859
284192
534835
533799
963524
814698
57567
13646
364726
77860
599146
117879
781446
692718
949943
935054
211725
973955
648524
471559
508854
231665
520308
265171
487082
714031
59154
745912
783584
604729
850190
640131
847361
445778
895600
585012
616532
539169
531422
531617
215611
317147
956971
633011
902946
326747
86102
224040
316870
457409
189249
186527
134106
45345
718390
294933
570583
474210
885213
186149
590693
268022
51782
366408
986822
922670
642704
928129
676138
236469
993097
497096
532586
796771
162082
316255
165949
118184
347250
850806
399561
981601
390579
46679
932041
156967
897728
260334
361753
828132
180070
375957
216516
158179
951743
129878
455811
32928
146979
164855
514749
342752
108879
207276
837468
726542
927198
146142
655313
116133
686900
70326
527771
940097
464073
878431
572655
503731
90348
598051
140946
499605
568772
686771
435962
568152
474610
325530
949877
264244
180974
218621
552481
958012
352685
899399
146219
500621
937432
693076
957852
515818
655312
15085
15511
661402
310002
355609
511805
625497
9295
617590
171861
509219
975864
206953
784487
194457
477388
63669
867270
155864
268212
233903
285241
661850
27961
635399
893744
182630
408277
149447
641772
423794
496706
695554
961161
585450
59238
751075
541870
407957
956572
649765
805945
583639
724466
111229
45118
445881
648180
269845
987422
612438
603413
969346
308156
266133
980713
782874
243073
45677
54404
647206
226497
137265
895215
699031
206770
915669
695489
557108
944375
176722
434006
233198
800643
765195
41142
661456
504031
124717
717616
275398
435250
822511
557629
107645
737438
841154
698665
9930
509035
337201
758273
923358
11968
579274
149775
168356
585609
908792
459592
863836
331
417320
227925
862468
22290
992808
301920
697693
462778
337798
18233
446939
921052
239305
130790
851493
496285
79004
196372
120718
858662
234742
177008
983412
814062
741033
654961
373227
522056
764396
178741
361482
716975
479733
73803
788437
818217
704570
700577
435299
103816
890366
845391
655510
933706
906343
397113
766352
336679
611700
475062
314064
427597
331131
411468
493012
61979
722512
140326
482168
576423
35949
222320
237253
74352
877172
887285
637826
264957
61894
148437
32236
358447
862790
777449
519155
390119
974104
512581
109814
662553
655345
880398
576115
856624
618845
266316
923929
340478
95906
141717
686667
95079
300060
522069
175683
542674
289001
492637
617408
375549
134921
237888
626185
596966
840931
824557
22321
854618
256379
160904
828056
289434
356797
568163
370714
28470
63378
401589
884649
911462
867686
938801
145284
942889
271443
732321
103281
998407
33897
760637
242238
437985
313911
897806
104193
795907
856488
421884
949994
801272
313747
423341
824943
308880
737032
80412
888369
272615
230669
349200
241740
241487
225243
46654
49875
221888
366679
319167
923587
497992
338187
223264
104738
285088
247692
238071
28930
420772
167049
454524
978626
71541
820974
280785
861230
460498
88009
216522
238130
445960
104054
968306
204984
916433
272994
307126
161048
305277
61833
987349
844346
50398
79264
898308
786024
884579
763631
455401
626015
729542
67332
106338
515368
909444
460007
493983
998667
722806
778635
536683
465523
974272
335639
379910
295618
785330
857364
665593
877560
561486
893859
697672
524539
411530
859863
892672
252620
836910
690354
596089
140975
483577
667484
174302
79825
448563
67734
869283
709389
602045
959364
372302
115318
205413
436226
18870
648309
814770
743723
423854
218302
400435
676253
226989
550803
890048
831386
817824
657207
377798
891278
75368
545880
193832
850748
466784
864859
8563
639943
696265
825751
747548
93835
3482
109050
339211
578544
349410
989247
583296
609551
334454
452534
509628
607823
814475
601730
963075
597845
524899
140500
456443
822109
287566
225797
590119
469331
512106
388611
767933
495014
231264
524740
782353
182448
347001
859532
146284
145023
913182
832508
163277
147380
131342
964328
688132
674936
75603
843677
917774
444748
735682
41703
850014
292708
856114
924014
153286
806530
98437
888074
522727
631347
727782
274646
620801
837043
572753
465760
384579
484452
875264
172954
15726
460373
278659
760628
819113
909675
39854
148709
930995
66224
946731
806689
831960
422155
9224
627951
799774
417641
283043
127695
546645
972474
823014
56186
954193
301526
585243
407113
781617
585162
104802
36396
605269
699503
575424
645747
559581
741141
824084
753893
725517
973709
297749
664643
656550
624430
763460
150919
208098
709795
736379
666940
168806
749307
32455
338993
95111
442742
173056
913640
138155
741574
918990
482810
62237
18975
667857
636198
700879
71762
486105
685784
619947
246820
915995
265393
285708
895130
859565
106331
72295
67606
494950
31871
193936
977776
974636
441631
797888
362861
140625
312964
702247
639273
356899
593885
813415
188082
510083
259940
118213
337520
94949
764028
66738
728959
342315
893195
266919
996273
826922
4418
870393
457947
306310
599286
881231
444547
96874
257087
460929
388351
883855
743367
717920
229516
668877
270057
167838
486726
869192
144691
553858
927516
313055
599067
634728
305059
120458
162446
558963
774875
542939
844971
299856
178879
932731
614304
928142
414300
857203
730649
537893
395012
145524
813980
405804
180704
810369
365792
946353
318181
386311
520571
224126
860378
324683
974224
244598
988921
266549
821131
226839
352202
358880
13415
897988
998678
611104
599520
306010
554126
236300
301518
27834
993977
729560
633898
323226
502698
852125
325010
128855
592932
242
40014
610284
669490
477328
440358
600483
856572
215014
623549
350932
417830
105802
836205
469010
761836
267209
757597
638006
407589
464217
522493
601721
997439
64295
758139
526693
979321
571922
120926
294375
105538
276470
118873
702749
796312
181757
721346
899611
781768
751146
347276
407693
194997
465902
999192
911121
799944
256832
778060
680097
598669
325884
118065
746328
512728
526693
659312
131101
904287
517639
390741
649526
79041
650640
359915
803666
822419
421865
379448
462243
225631
218182
665549
172829
966511
224568
427544
423086
728262
856716
918493
926573
156528
376601
383851
207472
350948
601407
981332
947932
980576
386457
716205
737379
686119
701653
547502
575393
12619
500859
834296
680993
229972
765580
737743
627410
786790
397942
78428
789130
148022
128761
699700
82651
344715
176615
56123
132472
44468
841754
936277
156623
639515
478803
64766
729456
216805
731660
643145
68953
902659
434169
394770
753769
141070
816919
974760
822551
936010
369426
869058
34836
476199
617542
599345
718309
786387
75585
782521
793897
639498
186306
380956
370546
825317
953344
133880
529962
744849
401634
810832
10245
299687
559778
100066
958393
495811
984491
604092
881404
352127
361994
752889
912637
13324
728910
579011
391942
334141
859005
357615
872411
277810
249832
327332
244412
469132
697708
214756
393335
719853
882953
474999
834050
109166
846880
803297
79063
643745
743838
452116
417329
816114
352824
706869
461642
36738
564629
338604
663849
559347
127432
911835
576070
214974
138878
359111
53308
480437
945868
699327
54393
766910
955395
440755
564042
57406
894741
831759
479046
874209
543511
760443
285204
593500
533303
699400
64185
506423
835442
557358
767581
984296
958523
305391
302918
469707
196972
219753
463171
158283
558169
482774
221605
582447
507159
621691
749898
668567
385147
645883
741452
459539
859763
941909
891206
14672
916708
215482
283542
136752
560078
551556
322560
567721
134352
559016
589433
772896
420595
386661
143538
55455
572434
56202
282000
455525
418086
681928
861093
149442
749152
430162
738220
552987
43168
115124
725124
468275
551879
401689
57987
727584
323883
992988
915885
114648
907384
675288
969574
498714
71798
571882
784449
572001
525535
413727
110546
235602
714774
846200
673164
103654
44402
2704
85318
691046
773712
502031
197908
59911
720626
131569
420316
865727
678745
207320
990907
805142
910242
534080
843171
326642
408289
784805
717718
797315
175071
91119
295224
854328
236761
229104
247147
112331
327486
623789
704776
116858
68894
809519
582880
491166
360561
790108
259557
531116
558934
430818
467380
200391
578608
87340
572204
647943
584675
801727
597709
241714
845807
941165
694959
751501
265392
837721
428221
617346
80793
687424
487776
715562
798441
244347
751501
630477
342850
985477
651349
456905
374529
338502
237591
695365
766380
426337
590305
15832
976681
541871
617550
348201
55591
972211
954198
188941
769550
392582
63945
815649
872185
881311
101421
878380
66510
122546
8520
8363
443865
28268
827881
958338
421699
123255
197494
222903
56727
794452
968195
328440
732775
494237
456685
216537
183008
546619
188034
332970
657238
408761
216563
661174
51369
789403
921567
847945
943154
138659
381840
332746
765166
545487
109416
759944
833187
699950
239691
779816
671518
411537
310101
331412
15295
584433
887865
155045
521090
464018
750110
618093
376936
310244
154088
982187
481242
662561
493627
69120
580395
148188
401301
726722
412332
268924
821431
594766
695243
593935
461418
190319
826230
354170
266862
324258
452841
914405
765215
759303
45057
542822
485696
189058
656710
71599
165809
206116
923053
556464
675893
273147
458772
575951
391890
303591
537573
322968
129813
410049
565753
351126
7712
799383
537362
733330
572644
619922
352142
909844
473872
778727
604146
556953
73443
118180
902078
543842
247507
800231
985304
354936
257617
326675
447435
403610
14266
55690
170218
891494
831893
204032
925863
673155
836443
519968
981042
79526
840039
902376
675905
562746
463314
218514
858486
518858
74380
617261
725106
217560
6926
835542
574539
815901
470215
854247
705046
484111
399041
247228
272072
765387
761473
704870
527081
647571
298334
881503
536519
393721
670481
5683
767587
360048
770581
985472
25642
338100
560903
32152
140015
783198
124369
648816
604872
358121
706221
746701
522183
336418
459245
636093
386865
429213
585214
204233
604894
848989
997247
801715
442933
401427
83398
322436
115485
672356
983023
39528
831405
502146
768770
324161
485142
717378
145908
375290
254619
493780
515709
957146
390339
513308
995336
291307
235374
684423
830771
459808
640097
135972
204434
199068
615868
140058
139891
399825
488297
239879
401978
525163
710643
325871
411604
245057
493080
684590
321443
803191
258099
356314
490120
231356
400940
741622
108936
932878
170197
886013
793093
795433
159327
905940
835106
458843
854305
527325
288595
95300
214066
365094
110332
752457
468345
485678
828087
685387
692025
805393
326506
800844
64214
524029
299160
131366
413323
713247
787386
289656
114691
82425
172792
307823
352926
212338
215249
91749
197604
211745
3972
197882
881595
876840
954254
74471
120551
823369
829318
262592
378428
633753
645677
624578
468650
200569
231639
496714
874974
914873
437214
468662
404111
378268
320342
432379
682601
773021
151326
153108
198768
634654
668309
437538
266271
168587
29215
70483
167085
875614
250595
174793
896598
219135
327272
234655
831501
561315
127705
313764
122310
756915
225054
833137
556925
400951
724228
174579
898452
570473
678746
166207
611732
507007
850682
6375
405783
747592
281878
568097
59071
231843
766948
429721
992030
494035
483959
377960
78756
426548
122787
440715
755052
40238
61048
320596
534161
162792
784028
447657
321118
277235
314540
689655
798846
911731
516481
99093
956497
58936
896269
813113
668218
25084
152786
849371
212873
191498
873938
598302
941900
606393
210533
830789
327385
943784
976217
61776
118555
237933
900430
41526
373702
781622
438524
654506
989992
802533
165717
339308
25324
1811
89852
602481
953296
977919
644033
378996
772238
396338
422152
303770
757947
106259
448570
971789
722163
318486
980297
521813
127658
724156
570301
57241
656365
964330
304897
389688
115298
837120
561443
751552
43106
255744
801122
351454
287113
558507
542575
295454
531525
441657
58160
332951
828553
958961
804248
926500
861278
254445
448445
923209
380555
595188
519969
178528
33346
168127
667567
535229
526808
673496
244274
286302
951855
531954
837738
653951
87053
713109
991550
352377
230147
853423
32338
725282
721984
470379
690671
650116
433859
895358
70971
83870
327587
756024
151942
702888
465369
531824
891478
736589
174348
233949
175780
797385
238052
83018
27201
5379
137781
8445
3893
579278
788813
205803
730954
624859
162256
941250
332978
769422
618032
768171
797482
823936
432015
314234
582468
723343
411756
704417
409367
121057
150346
280999
889850
710998
47923
175818
4011
70178
383106
382372
866875
399876
305111
721489
437158
481586
453460
339707
504775
809199
804586
276157
195600
336679
681118
251481
139668
668645
117158
399825
123719
610889
994810
732047
768029
935238
11072
399701
255157
645364
265404
693326
163167
125073
200693
322831
518965
15199
485051
494969
346356
554578
262765
151075
143224
294685
213202
553620
405075
601806
59347
537017
763262
950912
499155
616292
649349
765157
367856
340362
910269
927635
371971
999077
324486
917691
413946
812071
200740
515644
546374
387097
700459
585905
856312
16650
559863
931604
892550
487816
235534
275064
961898
974772
470146
784114
30084
41081
267203
955851
981342
171634
328219
497526
978544
697610
108261
672079
723716
880480
824652
439019
809403
601816
597746
80504
144355
502754
480467
774342
6509
256766
846635
791026
824026
941606
247316
189804
155696
271207
422985
98081
116096
137099
669055
296381
965662
135261
819184
58099
740604
905402
962534
992516
614471
705664
230564
751191
306931
667909
487635
319039
407514
545526
965730
47319
237775
435932
657125
937748
623565
359969
362258
686868
277012
217231
631138
506046
972214
213962
537888
495419
830049
321459
597042
607185
848691
647168
191958
559169
891132
411277
401372
958933
484436
980624
843265
103128
761162
62684
160761
549316
623765
113063
426390
215523
498612
535814
498378
130196
561348
30038
405171
158142
424445
660812
119847
183221
52088
247605
232720
777693
587751
490773
645729
942127
787516
889536
120567
39432
847181
203718
753081
752350
932755
724774
161398
725361
464835
124300
708757
823557
216962
506263
880835
214343
489459
388886
293943
135911
588826
633709
70772
284353
333302
575287
967635
372135
453159
356389
405981
314052
726508
980640
621087
164635
942519
501823
425665
775603
6354
634864
410420
935891
287204
915611
379701
196891
670146
338267
82177
923643
764684
94543
485763
359549
491938
761122
56063
41200
864828
807797
992797
681127
468038
879199
393607
356678
227710
879353
931120
590975
128718
413622
972021
322489
852758
737117
314631
168541
88679
847185
34533
311535
645887
33314
271888
910874
35803
616697
795231
797388
464132
67058
420368
362408
916982
25724
398209
265735
733369
835710
139191
810782
238902
909556
169756
293863
35196
546850
148288
145468
411376
126223
237912
598304
108235
491191
478215
134575
771203
116103
218025
410540
565712
147527
982631
917408
535334
696694
691624
570609
315626
842996
728793
517857
928448
200939
59895
591760
990903
726828
516234
121708
632446
788786
628024
654499
342412
115697
698805
575362
714729
352544
604252
404199
331575
314658
466693
36206
12172
14601
680018
686157
294842
290453
775152
413445
369576
204081
588261
756501
216459
879701
377032
185406
627105
22703
383431
541533
955223
885251
197104
9686
303872
399237
763607
224449
605296
614859
48368
809269
84766
993410
956116
456210
532761
971648
975056
178688
484047
538809
986639
458124
417307
648982
727054
606454
861937
320209
928997
783299
896962
825514
955001
753723
726193
901906
499057
964668
731720
957271
340135
401251
495430
719606
829931
325963
328183
824172
479959
153939
167220
889044
139121
785439
187006
175505
820636
64010
879236
797354
88930
829980
677933
950613
303141
641337
403495
947589
694196
963185
362514
298367
905735
271336
321288
327236
903636
505768
727750
37191
291455
965271
39705
376417
777260
393694
583430
155700
30544
423983
825787
338730
77000
557409
65346
825272
475553
130070
643936
178227
264152
483874
488220
793461
707429
729102
975127
513557
688317
630450
501425
69541
75779
684832
456864
466415
962707
319706
173020
283715
120275
233328
377809
411041
254337
999094
552064
978102
727283
783754
577356
949160
545264
286538
114574
691457
966339
764497
216675
234935
723707
594916
95733
891294
658558
540112
527137
811068
472725
724117
787352
759420
809355
705087
69803
816838
373235
724679
247726
352427
124552
618801
188839
193750
385710
570058
120167
460807
814077
86013
124331
222754
388364
387708
330608
942470
564831
693246
868538
114078
371499
543021
472653
639077
596578
716437
164914
157249
384774
12470
946121
978521
768470
878611
247274
717939
700079
162454
664150
341727
173201
389269
435218
242305
857387
106837
792051
775140
847320
734536
190258
805069
326700
73605
283686
636098
6600
50910
790488
153908
122957
880500
135364
964786
588658
628898
738074
6378
641651
478701
689870
323277
59400
227831
451572
274375
707607
906425
698278
870387
142809
2384
979923
409467
937317
423776
413885
421454
960653
957011
265115
665742
359473
799348
437645
880323
603088
832685
908181
649690
142262
181397
70354
37353
773438
404412
618906
736895
446632
273403
198776
989995
689112
732379
388664
460537
449230
868062
463593
840460
522123
703131
342641
154142
392195
572600
878095
504987
699790
202254
476597
238143
113635
703326
313769
418840
697601
208936
37572
272833
600776
564773
853279
378732
466117
888484
459042
385378
704137
400592
892407
907761
904939
3920
49116
721242
655020
332061
945280
751694
168418
932093
703896
457066
797743
180416
828395
967805
51987
838541
60482
217503
720356
451626
315526
197606
748521
702577
169800
662559
914216
335163
969847
484556
324230
304497
266871
869390
932895
93953
468871
294103
46572
479172
813669
372499
697544
367326
671975
574635
991186
700503
237000
653440
642625
666992
119442
730941
425932
190722
319408
135525
780259
559855
324720
941881
232626
756618
860082
557339
942260
134091
61515
211748
439681
272284
985775
294548
254024
259932
342170
982737
761652
34542
826119
972797
197140
644171
385009
788617
2218
106773
732483
487623
367042
61369
512379
991930
26803
192805
680856
190860
253366
719311
969470
12877
194261
66541
556115
278731
582700
228798
742623
779076
197494
544856
616350
764942
131559
234442
391892
245382
936649
431302
602616
619908
807093
312231
321419
553425
969064
812090
619235
155750
853965
257671
957891
19880
757293
147430
567339
701758
145830
580706
525294
203113
229417
394831
913388
836682
97183
55030
96352
182693
341352
437409
598817
760320
211878
212650
743255
511992
345928
663471
85774
163743
156355
454242
387257
53846
705282
689289
546512
825586
135726
68286
250461
421933
769774
208455
517096
996037
588149
657136
90233
981083
987031
619126
274574
996161
879680
298809
881993
825423
637797
638536
487266
875504
779214
350003
377977
223352
975161
902233
407433
319742
829130
60924
336927
177595
299622
174667
338383
314366
703046
300470
161496
565097
322181
750034
729216
33876
110963
248370
286966
798591
756414
320591
88419
300293
181916
181471
945400
415843
960443
922928
902091
580023
595355
166921
823105
893750
675369
98400
535147
131864
17742
541992
886689
96676
58309
963235
610887
754626
981712
968546
597339
197792
309581
311147
904990
185997
930366
399059
285601
555744
926753
157292
993719
679668
621245
685596
796946
715889
510126
104945
66201
295403
719210
424716
409468
371867
634153
9475
659349
974997
592207
963291
637863
937068
478248
199459
681763
67407
286220
558253
128002
472946
697768
416059
183723
48396
246276
931946
503270
666476
959441
306498
239373
279897
603640
373142
710652
652763
197810
709594
288152
736844
165407
507704
514812
901521
777567
310232
499648
809653
938434
152883
611637
267085
561572
984947
683489
406148
54289
864712
401910
89359
968183
737138
422726
804322
247504
454659
687397
527294
123733
448669
812462
731568
184697
523087
782678
946046
581383
718634
259312
567913
434402
391132
349203
492473
472347
808870
412237
100822
33954
699027
183199
345598
622483
81502
308626
137365
477379
352774
421154
277329
922241
657834
89795
557171
557067
113446
714591
854820
557601
975344
534521
410340
751191
779071
649863
430629
352626
258276
452275
594760
523993
421309
26363
503553
882041
730321
431788
709576
688899
183215
885407
73697
543964
473024
18810
864120
20862
998431
462584
992016
570635
483857
443583
238875
816652
610495
41817
952981
635775
168252
549683
842824
878592
583117
118340
175166
963304
507797
177362
545381
405075
222878
236007
318534
184825
213441
520825
569981
593660
760479
281635
400340
887236
312570
172998
560677
181544
557026
126868
358774
17518
118010
521294
132863
218923
569040
649384
69465
913057
499964
953920
260664
420990
364606
621043
863484
34791
431513
437595
92381
840335
150087
255762
426602
507783
748562
343202
734558
94194
281134
478890
93317
766677
216048
217933
642531
793395
887228
734884
364775
386392
826654
592242
779570
259344
872565
621259
245952
259822
671049
820665
726792
412713
629443
82599
149758
906505
779582
761836
390146
270252
61480
79692
215282
956670
980360
656093
142527
511352
156581
320546
625008
833025
716316
269059
923110
41804
330554
675049
585047
796003
135776
370067
287176
658413
526565
573207
633663
996191
60915
74468
729960
312020
898792
5326
945588
661816
211350
415372
555299
794085
237589
705515
300646
949086
941433
288973
381384
785034
200249
279852
207104
588584
18884
570137
664600
632108
501528
313309
302332
770584
550650
627888
597657
522061
956765
315367
74760
734233
625307
100239
951179
353816
18602
111003
892166
381574
202159
275354
920671
255336
915380
436711
248773
587113
38908
749070
287652
5714
666032
16712
667590
627499
553327
134258
317675
734147
562531
319235
715032
987062
318290
888087
145723
393591
506034
918315
95688
275312
21575
880154
973015
473284
742669
705069
59251
16212
217660
619150
715549
775207
168590
432408
719631
741140
389208
66390
241740
731172
642852
749176
197452
303721
461252
114271
594807
879421
961702
420150
316267
921806
490917
88176
535362
989324
385433
387459
190246
971348
940971
492150
763763
545444
62931
515182
558564
510525
85598
625687
745340
34471
201176
336701
242810
250004
115186
848347
742629
714579
611951
333609
699604
881687
248334
355712
94618
863871
797624
763668
521550
411718
450944
709050
733568
830644
149858
514977
678758
972720
507671
727856
95036
960114
504071
778302
190836
197612
887188
106177
318532
723067
297661
974268
965854
954143
862641
182777
713092
827140
190318
593892
4587
308368
346724
34506
705822
144131
166289
213105
198373
214330
218731
200771
752893
196313
879113
442010
929697
543144
152652
929522
139830
628773
332565
70222
534970
305380
702717
493026
448766
238404
386355
495319
280667
606634
903837
836784
542405
286608
120547
998112
847813
256759
928761
858560
228635
587275
943504
788538
189680
793423
221277
416253
229132
400275
413907
542624
434517
340409
748427
815690
503847
977413
936006
222682
950072
37492
236433
529238
804670
882174
919044
574927
334111
268846
735052
593717
82282
574858
608038
871006
699485
442547
490668
228881
597928
950015
57973
766727
467048
490394
628199
425321
408114
647687
60410
914418
173334
290023
119664
517002
259694
960189
569392
458310
682541
580822
341348
125600
716321
936554
223946
805504
208145
629543
912522
459611
668085
506609
555466
25144
298884
784379
171861
884625
515346
408497
889682
397060
492807
917959
685182
225201
278726
994089
905393
915899
215082
652278
234807
841699
885423
404420
701364
757194
81587
205943
424828
289304
769545
93923
416614
375634
10250
982138
796757
168655
367297
806260
501694
358817
957639
171236
749315
143193
965394
779055
384214
269075
689471
164218
797331
60119
928894
891528
639714
839393
807417
209303
735975
68068
67171
188920
554231
583886
381921
21588
626957
929365
693890
36381
748790
841384
683802
280896
611876
348151
38495
835592
494128
770435
67487
468099
967697
470832
213579
927397
413048
767652
660398
581001
640532
482217
993464
99719
765425
698478
88677
749644
647466
710583
149460
39295
830217
230777
379232
800955
854633
507296
448721
727980
380158
938869
639384
948225
485850
277763
500786
586284
866816
714675
707435
643273
107181
269527
532625
342326
545919
206829
367681
543769
506081
731201
469001
189370
309688
427915
393762
847451
630851
127046
757441
890836
932541
43572
308434
137890
730815
808368
392869
456626
652455
117643
907733
947507
553198
691442
964098
746019
383812
659485
245871
362806
314024
245667
66967
744384
176072
104177
417902
619435
38575
672359
958453
32990
646106
792085
340067
115462
933554
454856
451467
693988
322486
956643
522666
262032
694604
103294
877488
178940
933769
214552
323705
933782
884034
313147
662443
761469
301688
110019
977856
180100
328993
985076
838233
546689
971045
868949
345668
449236
939992
768065
930973
816126
114468
352558
861978
651918
328467
939453
921603
219629
619331
394095
19986
554698
658857
439298
900540
357618
656588
923397
386288
714897
989422
99105
601388
417927
565645
239584
545612
959528
14410
909396
174633
509950
184383
600671
226137
788732
489542
935185
262006
760799
875468
766021
742799
716057
619396
342100
788701
258351
579519
209427
53074
444521
52335
251301
991278
613854
709427
554386
1920
598135
19275
752170
917407
847887
591691
450952
407972
256564
591084
806380
278101
698761
165919
296068
298093
555115
759504
459633
803454
889470
693723
501293
727520
75682
40062
424259
546370
882614
383705
404550
904883
295047
106754
699557
876971
57004
303977
538182
509815
412665
527726
672971
256723
391783
19634
618179
256790
604009
771536
335831
814178
305422
852630
348235
567624
536432
763225
33015
542330
37354
299731
796362
186285
589155
529489
456731
77153
842475
416074
384526
173475
661952
708482
42447
120058
60579
919005
688110
576424
470904
539867
541202
380348
337145
75346
486205
223192
946613
710687
975157
884826
576196
704606
126753
693569
261087
18690
250378
147884
475100
938298
495439
440291
633343
639045
456788
813511
631892
162444
434151
487422
535199
592814
418946
982432
290020
282145
179577
914184
545438
924669
701960
34865
280545
574139
395392
914424
71544
444526
556824
490495
700440
41870
575470
499032
370965
728615
607118
588988
427115
684797
188965
244558
418265
186455
618315
13063
174302
389658
776901
775675
61658
333030
55041
460342
321946
459711
664236
188856
19778
753462
774146
207195
777892
356854
818077
272553
834920
97641
534238
710842
933429
531959
247396
915493
285458
487480
340278
12903
895847
551908
488675
255162
816289
555559
300991
376911
983219
929076
935284
983554
451855
722140
302588
131325
159186
333087
75290
544750
625948
329874
34453
931508
294261
787745
508331
317638
796365
758967
892693
189676
146211
39136
972228
649495
334623
434557
577939
725080
416284
813495
539398
462642
716040
335196
42375
488587
156260
582054
425772
954587
166402
671140
621898
575325
390701
492882
765042
95802
603222
644452
935010
464258
957049
185449
834731
23241
214511
509283
448561
497434
712727
944780
77724
884957
637723
16623
602881
329049
423795
97841
60718
656139
449889
218137
311302
30567
942668
487560
602135
346302
298884
586471
143912
312010
593549
522439
821967
282635
545183
37810
495623
596695
757782
498158
489719
313548
793542
172579
760338
446001
106391
520635
788916
653471
603531
672216
468136
871416
195724
708982
959609
585563
102469
516186
267117
287892
129782
597376
653076
32785
323683
743126
819585
483419
667933
930051
374646
546473
424677
692623
555298
742565
623442
470926
370656
992986
243955
76025
869394
398850
26189
844680
791526
922277
246642
283712
126179
514345
278212
324273
182162
317573
53955
993783
432871
266986
157968
138553
301801
889992
778139
446960
172124
144101
911907
549715
50950
485826
921826
634294
34366
875862
128758
708109
990411
853055
1667
874815
801129
722610
115702
8096
677669
868449
588068
612523
769304
141433
193787
495933
533000
997196
775666
818492
404042
806616
662861
57151
446224
398537
763151
76351
656079
450399
19995
403535
662094
201317
225325
7701
644858
280924
738959
702259
79686
486721
300996
513895
291935
335193
166173
236452
836749
53053
650256
114640
205289
439225
179580
159912
954865
354040
410077
98610
885418
471652
584169
736628
692122
299958
58024
125199
967460
457518
216503
779042
912541
83305
549550
395955
132374
113106
604417
105083
533617
864468
687061
794706
936754
63089
350266
453917
258396
362178
542962
789104
308672
40421
635675
141567
721807
3703
184595
249308
837712
688214
643958
798500
138690
731467
210953
298925
886355
370923
622747
993625
246392
28244
370045
429305
698168
30736
485319
523536
752630
575539
526629
820438
152422
200301
546025
850954
883578
702516
919825
798330
989759
64633
268938
618108
890102
948582
880677
391897
825536
551544
108368
585679
98019
661245
985874
792497
388463
300539
992467
615775
176539
120746
596720
405996
905525
304996
46241
310155
705670
541615
787570
680707
217015
220104
529275
628679
725484
9163
638134
233973
720836
275452
675824
343172
772162
12137
376136
83838
331218
252077
37467
609135
984064
977664
321717
754824
159606
213373
914363
344873
568290
6430
68536
496983
621996
779881
981134
62421
68870
39981
521233
760307
989896
962482
137941
380861
776077
158217
251341
866811
496959
438082
887011
622046
563299
756149
669666
50805
141926
441060
138821
805044
730549
981380
929842
701484
947193
602943
427925
42531
225780
898307
624814
654947
811865
131096
377562
124919
209647
169767
926878
221907
765354
776194
143618
305254
129788
636742
447539
314513
839711
552784
358420
15262
889871
726030
504380
810982
892004
928669
255775
367254
381804
773252
663114
440933
287613
96192
632874
499955
825013
823668
507792
963149
47770
749607
428620
124171
345621
904035
440109
829268
385345
647978
20225
585714
378043
432613
532540
614523
95079
117201
614550
145905
779678
289485
239774
439694
91875
391152
293217
833279
626097
296826
852332
777632
364628
892728
923277
340341
130223
534662
956711
494178
656783
130439
781561
143199
228177
115343
12045
741096
373217
468345
164004
660329
677710
883513
962317
161731
901905
79918
154903
35358
641583
452371
724119
549408
642530
989506
493956
647368
417333
719043
569711
77448
26381
641509
980780
675364
936609
622073
771715
776340
605804
341613
863129
261810
703998
923198
676290
133822
34116
781244
32836
480165
756032
231593
76100
707286
741998
774281
620788
11958
282548
793528
42501
59638
291000
908733
198453
455666
184663
138103
776528
263881
304618
523618
676608
543016
746831
640862
993106
864329
172842
400981
895671
233754
227215
431328
113334
874373
94245
730455
759608
147436
844113
8474
723442
713002
560300
91780
22425
594088
422088
139088
728149
727324
708669
881075
513644
911691
441089
315583
794338
324801
277772
756143
536786
208645
131581
639499
741177
406952
975345
838669
369335
813752
363903
387235
963833
261898
323476
455897
375996
925797
130792
888960
929782
968206
811969
250126
310384
925684
661056
67136
394530
169459
189114
513273
133383
644888
275272
323329
367486
817755
457624
748664
686325
307904
282694
110070
206682
2576
821813
525636
619772
86817
382587
759389
931900
530567
134460
921657
669692
727700
926551
225514
139095
980166
808480
864313
249735
131676
65892
45295
298999
571993
757406
28951
928999
365535
747911
867170
502358
562717
168733
51921
332371
943388
673210
847144
517807
424301
262018
152339
261220
433148
944319
175285
588302
149191
959313
993049
882610
521005
566270
586706
376121
298920
625435
605656
634932
20707
678743
151339
145416
896583
843711
322500
67326
996583
51535
729649
652653
445961
637073
637997
564250
774533
937096
349051
749444
963984
573861
119854
761587
852818
551487
983998
69228
834705
453832
711463
463565
308439
297536
28114
486794
179342
507698
783811
987924
1384
465874
6656
317760
324813
878326
623344
564269
940283
779758
557799
27228
513868
665563
190903
692055
810404
818650
772555
796714
726442
84684
125725
472880
161709
344899
722015
579071
994682
379702
891032
300030
224082
835865
423789
814625
782913
769902
227545
832191
178378
362766
605035
775754
133770
240345
145046
519453
859661
909648
100810
769757
193282
589282
916531
463182
292760
361762
51835
63676
690681
114918
440967
778246
531430
833443
173807
609755
757066
85421
484826
457322
397008
727500
742707
904167
71692
186964
622901
74264
748336
72765
455348
258414
344439
639750
697572
350213
746299
859192
400255
746645
485626
902228
744601
516655
808664
125825
77616
412845
885306
335151
503971
633258
932098
711917
79534
596911
86815
201008
620051
812709
469802
105491
197134
470542
413602
767909
672515
596981
637116
1361
692984
803228
189010
167264
153997
207244
543801
26587
3803
206584
990768
517585
486616
574857
370208
927019
852588
882946
605291
754169
782152
291497
247799
706820
507941
850795
336661
798841
819070
687156
961125
95139
645008
902949
901470
310741
799952
417126
995680
565239
465912
568400
118610
746932
318826
849093
564653
996048
86242
631234
800206
366099
82068
735363
989483
830049
572706
31585
842274
186080
969566
2836
470963
819379
351415
445303
419627
527054
51020
586529
94773
471432
430838
202949
471908
125537
129075
340631
964874
880969
855315
712308
800418
701931
864247
708561
475971
988707
585458
928280
756283
430353
422530
229269
37474
398650
122761
50546
640935
169819
135999
432352
138346
777040
884758
702910
789411
249445
127290
739781
443269
748210
799160
904521
278401
765357
888452
208745
55037
729323
495340
198783
215317
770849
972353
874402
912555
584227
38259
257341
899749
283267
9076
297415
560950
738329
339157
960059
747721
883011
275788
834979
461316
174327
545659
148261
618016
544788
793414
160712
806351
212156
907551
211125
711286
854987
762319
179229
46707
476145
816838
978886
503582
541105
257698
129329
789735
438945
708985
133468
28751
309556
322783
779718
189565
813895
119695
384565
473537
153042
599095
349499
729426
7649
860525
157933
881179
476287
104852
158054
380859
333840
208783
92371
188369
426936
677187
570897
521456
9335
101842
354596
825562
765557
823408
389152
229422
414174
713030
302730
898540
860405
316429
411035
161444
347145
147378
837205
848535
973992
681608
398207
290152
806792
221090
642395
890166
430974
6924
334072
806702
793869
47816
445487
581114
741775
760986
529529
129584
409361
678740
160041
968924
656809
853153
291765
583664
533772
259065
117523
989348
258996
826921
415105
741265
153537
951516
160530
835306
801556
281459
10491
696862
301460
810487
30849
828687
256559
813441
928230
74789
243850
599282
880483
353653
881610
481431
115528
122082
888659
280278
785083
277850
331583
719292
102065
498430
431965
645728
566884
132715
54848
32988
541384
147925
843535
672588
154790
143888
262465
897863
221569
475682
126798
590707
878341
493457
804384
194307
862196
121725
560323
684583
9772
539467
833178
575554
138150
86201
860918
656702
331475
349072
420697
308571
197127
458475
650481
308517
884629
180360
836485
176464
15377
516201
401696
992615
861995
272405
575993
311232
125835
75090
810631
53362
686216
444117
26928
943355
359810
661454
372251
626717
767079
656933
488229
917401
806878
643419
234559
656297
802388
510431
109944
211349
527077
353158
331210
406670
702636
27904
653101
656885
222856
959098
881649
694720
9566
60260
715913
706602
387949
119870
287301
49775
473031
970015
296318
525289
397817
715117
39461
489018
203791
678952
808095
867211
286060
694684
36719
205562
274128
186798
61356
572167
720981
419437
759361
389020
361477
771915
34899
411326
67770
834368
204287
625991
622552
35534
462778
242881
382897
256501
20236
506102
371028
310632
775393
828689
386778
589315
507200
615682
454100
611617
952791
317020
724428
165627
607513
650472
92790
676575
481084
168333
500649
482411
432244
463901
623931
450072
975804
507130
701253
919924
924807
899727
145487
905135
867632
995720
132590
346230
13558
83692
41750
485380
616641
719228
465109
71382
421742
12759
433794
144903
441931
664545
115838
791403
139964
567522
861331
984652
634608
435243
825505
333097
735860
572217
125516
154548
411412
659682
269676
211642
240291
210906
12188
125321
82917
864149
391600
52803
891903
682475
241825
864945
965501
609080
757237
314196
140237
61623
137902
823508
408676
592059
473192
664874
902649
347218
79965
294881
624951
753885
947345
663344
57691
73639
412170
706212
422649
807785
86963
381164
102798
23891
757373
907056
619066
878721
498875
776112
61663
398718
804479
443664
401205
845799
458604
963875
390517
826320
334482
588602
493077
99392
913673
578041
69856
574291
219205
329898
386911
929307
494329
18143
673056
703818
385432
571224
216202
459201
8593
260435
381038
393991
818796
974838
545341
199618
91214
958415
43160
7912
426930
255210
697499
803578
936793
439515
861346
93975
995487
496365
570
112922
383678
203954
342864
253219
803530
704243
558096
778034
572422
971498
97444
287360
155803
548673
658659
126807
801398
344097
664786
843752
344751
270406
320133
996005
410192
963019
321073
358094
266467
331799
707369
542079
820562
145746
125851
291090
83408
324423
727136
267827
423698
701462
420050
190514
359992
319013
16617
815313
491149
780
12901
949776
237605
219565
553116
236969
912154
777932
742592
650678
440626
929049
410934
532302
140869
867348
587445
53206
639212
396223
498637
638240
3680
978494
842782
782069
90642
424941
60045
274776
636522
735044
620096
475656
245874
664832
694658
572315
317305
214122
72390
759295
248224
460326
894931
703759
614729
520285
666341
982812
780570
26239
421188
998352
846251
723418
284730
436426
164716
601481
983817
154548
218227
942725
167602
619868
134262
652490
883742
210366
896162
932719
663981
136974
293313
116500
913231
601940
949814
698559
274093
780248
24578
266287
684044
118506
487413
331555
721657
294470
950034
91592
253259
692771
174768
327456
419038
508405
821739
798375
327878
148102
223808
335461
384530
139776
710161
94514
939947
622564
239702
71792
354059
48213
254340
315604
260261
990825
91657
711649
307651
867154
208678
694389
554376
59649
702255
343635
968835
123681
744588
994130
55324
712135
907793
9422
130648
532939
130773
311839
992571
707602
911064
925987
659162
157713
537691
189622
338872
770107
937790
324702
647771
846392
755001
712123
649785
731724
763129
814902
238698
556745
796379
613793
792328
948418
327178
984626
601497
830765
429977
472264
918847
678529
161030
981914
431812
470746
401855
77709
155517
414536
1759
148869
735051
448569
981557
444126
35955
218167
256527
605027
356978
100176
574131
257495
898061
940737
345920
604493
267667
719012
243607
881910
358579
799492
2534
898027
651436
652114
114587
806290
585658
704755
792567
102378
730745
679409
771513
941499
169270
549690
303177
626007
37401
622402
318760
606012
874102
34947
468865
442108
503663
758687
957007
249306
637673
226747
521030
761119
304147
491988
953196
347448
344407
945017
841781
22246
463757
406885
295543
587838
814575
661322
51509
50743
604533
404080
727501
750293
892985
700483
287949
585243
756199
445034
238594
181992
781819
92586
500264
979664
522740
714041
345273
559274
693836
889507
812483
481251
310008
15320
721920
168905
901443
421035
907505
724019
334461
80429
614735
867135
411381
710170
738902
803624
875935
258270
812145
921791
164875
966803
304038
992598
955790
373892
57744
329505
319795
493850
92602
807079
919256
415615
626256
840786
18173
867507
122256
923103
364345
905002
273225
255994
373018
533457
763208
802412
186465
288534
219364
899683
180054
851021
533754
533475
322497
745368
283753
351756
871910
486265
923277
320094
100543
949479
750585
32762
420314
350957
834816
58808
595738
477326
12574
417721
250159
66337
162852
959996
45582
831559
387877
137757
84075
418250
164229
473674
148918
899287
213989
374344
107964
254678
192471
920200
815839
226266
623350
420635
496453
267163
21052
527017
263455
15902
649886
59264
503398
293734
311947
701993
725436
63008
312777
869145
654548
61656
954568
768335
735780
523729
945992
120008
830756
926041
236626
517346
717948
916575
882420
11325
23697
43677
578783
5388
51608
181709
778314
888112
157761
782286
698443
809867
846519
406190
80115
6287
180361
444291
101906
510995
535525
951979
637206
456861
106856
190201
547796
325933
81565
735659
417190
986306
346552
582209
492400
409663
469223
352577
475013
619171
317834
45571
327212
544137
35337
611444
483442
909724
986766
617166
28897
197696
183087
515872
264568
567011
641650
453105
575851
646298
34858
510404
378286
677309
110746
597763
751643
845624
781200
995696
481722
24941
871002
673311
618956
49443
886331
703632
214617
626059
237437
976837
665210
376707
742644
314633
32590
726265
783604
218238
427674
730812
859757
607485
367460
729396
732831
945416
477927
122486
830276
300283
804753
692804
912179
169024
463350
591401
182215
351060
116790
972145
253201
596451
873339
392713
575088
480616
700389
269270
667096
293671
113986
672789
217274
374016
422833
564369
326738
332582
410217
487060
427439
77794
685417
613840
672423
247248
810532
753301
452632
495883
797998
983177
312529
696253
126772
671408
707688
816780
270090
254049
55356
96352
334582
941281
221344
815467
234232
566645
720348
476245
350677
48713
234879
379973
755723
147621
7806
989554
984713
516268
322437
272143
39225
121598
693220
303251
708307
760169
782793
812658
9741
144887
636269
283298
40576
794258
197075
875831
190264
428437
52002
444104
587125
876299
371091
720414
579927
565140
554290
738550
775786
154492
918126
495565
559039
234640
488099
328716
46315
940761
984172
887669
264111
372851
708934
62189
171661
960523
752286
716629
293827
117339
616851
234115
982915
48500
616285
843548
610799
342108
990418
374201
356076
999517
302408
822719
370996
584764
280965
19989
522747
901498
396683
386968
995325
234940
322639
510740
686188
573348
577472
75998
499706
585257
258893
504854
721102
774779
936546
458266
283152
96605
482134
753426
168605
64028
82002
12485
547148
215762
297959
512495
421482
692856
60960
967240
608091
85329
910686
805912
525947
370886
100927
250309
477983
231239
837960
21043
17562
903305
139408
8712
612441
494333
264008
780486
3139
7571
716869
229953
309658
911112
427342
86711
228216
444226
327625
294212
880714
631635
607314
605867
181742
774965
199020
47680
967728
285706
667967
255643
42021
700816
715629
704185
374849
617932
559810
882866
876791
281478
776113
860717
232457
526053
558780
738072
577670
270508
248582
199135
716369
960656
399948
339535
941628
176718
4790
380288
104135
414705
211307
749449
114544
134152
594068
409775
599735
320729
601110
777648
264131
73676
20862
442504
461382
189971
351085
174215
41800
621769
980292
884299
485764
57139
889366
66992
993083
74821
799266
295966
999823
741587
861451
553645
961925
424766
938703
245943
112282
79226
25096
918740
739909
446778
931793
566168
59774
571409
993925
293185
365043
247121
388532
409283
140372
383497
393655
860278
803261
985924
789613
904992
775956
439832
115117
284173
97556
935208
130468
610193
329478
277921
637320
60236
689840
937008
635605
993100
267492
324560
775584
352512
400644
482136
420662
640475
206509
796785
720091
369219
194611
87082
194123
568669
715741
807383
410496
333544
737824
749746
200799
775212
810763
744678
16379
589384
584337
647768
651539
447118
291180
324155
67294
989621
198754
406710
977407
695046
806165
695147
623764
539484
337181
33124
171814
840431
103824
822106
942627
176329
701117
348235
609088
13331
425511
124830
161274
296614
696042
1530
347983
190580
499753
982431
770695
12987
640654
976857
39888
171856
324594
749144
773857
137683
64804
113546
304232
597305
531301
552551
359834
981168
108187
895898
558366
145811
792568
112243
972041
376780
852799
306093
267956
495089
864594
913675
729647
482167
504151
615588
617511
80725
426224
184960
584853
744408
614983
887015
613386
989627
627379
596428
242186
231954
979351
997823
302713
986190
194491
363225
504596
216761
98511
728758
132221
430855
838796
327820
270114
357629
257662
665508
744638
87259
383786
988993
39436
237571
217374
354391
408413
258054
893062
210495
171181
255515
191230
190906
686710
168384
900253
375366
531805
832133
462552
625641
835105
657401
74294
999717
361906
493734
36207
849233
68350
793616
342339
708677
914325
866868
895611
274728
400327
862836
306655
545422
865987
457394
903358
98823
48573
783586
298041
272903
917759
57011
608430
503453
599968
183432
460992
21006
541762
100515
166730
814248
457877
337644
514970
925998
576061
841934
57584
184625
246363
952268
437467
420735
514724
539720
314307
362562
801436
289973
770316
204187
227183
825456
90662
629185
399184
960309
683396
302991
274102
968342
974394
190264
709519
679845
983449
707254
238498
679192
196221
119834
470202
388216
169399
195769
649865
270135
901067
427099
362905
432015
172450
308967
170316
708443
940315
665334
855943
808746
540885
297494
563949
437917
706849
946917
999696
517932
782713
899617
422273
39184
383953
181544
669449
739068
310293
748614
794629
465223
579076
98480
789146
415975
703480
977530
97115
876484
229891
588481
959984
203926
548562
852547
89430
736359
867360
467923
752263
435771
910885
160502
131635
264223
462977
728005
931723
358134
436458
910240
913209
977122
863663
161282
150353
853082
855199
477068
494708
84880
155346
260561
344931
476995
876702
250347
691307
59716
449788
991791
818331
515771
632786
563411
16471
554893
644813
363806
