9349
19719
21079
70397
349
45940
3438
20328
71100
50793
14494
97038
98719
94709
69498
58773
90468
16579
9254
10210
67654
38027
13805
59850
22210
6523
92464
44165
41729
34367
94469
32105
97459
26289
91232
60384
62897
77851
99351
46998
22337
1207
11021
12266
28400
67394
48797
32798
63249
69762
81189
62269
2631
2963
99993
1212
71347
87732
54889
64124
52751
76168
42897
1945
11212
3479
45769
92589
74660
78712
56707
65904
18100
85630
46852
60103
63466
96185
85747
97428
46212
32653
65153
52928
17821
80111
38915
27676
54819
7323
99853
69910
93223
23690
74011
21119
17119
19647
44916
26236
91931
3767
5658
29267
29469
96068
70809
81024
66738
63657
18340
22247
92792
11023
8592
17669
80390
22949
47645
8334
70734
45784
40959
78828
5192
64913
9591
69166
58380
98366
58310
97484
66200
75702
43858
45323
46844
12231
39166
3233
45748
98588
11982
74345
40276
31459
463
31128
60479
31676
60634
69289
59438
6155
94510
57983
64410
81384
4989
36842
16069
69038
50228
25117
56067
75746
27834
48902
39566
63490
73213
62333
2884
32981
4832
19268
10704
16273
58736
36503
39149
44289
78647
28767
14915
89924
48137
85111
46879
21411
77922
35020
51211
50988
36817
50097
34773
50778
87111
67942
12771
32635
20692
56183
41189
22962
49475
24979
15715
39763
61953
90658
44134
53490
3800
16320
1645
77905
8010
87000
84850
55175
88661
3874
73941
16551
51799
84955
17343
71343
50128
68656
71764
67519
48940
96180
36551
34185
56181
90067
34235
31916
1062
15646
97330
92123
30834
77981
25120
56822
1522
41221
7144
81973
6162
50733
3524
79081
39953
76812
50452
12738
89408
52787
32674
53484
11492
57143
72698
14276
91587
68248
72035
70855
34
36994
10236
4813
22612
79767
80706
79951
77600
18826
23246
41173
31182
91595
56970
75315
34320
47266
8774
52054
10051
94370
95091
74319
63147
9021
52944
53313
52209
46539
44910
20651
62596
59279
59051
15547
86650
58322
89477
83045
98963
19147
75235
77266
43228
32291
41188
41151
6596
2759
10706
57912
3019
61236
8028
83938
32112
32992
71800
1011
92399
79403
84968
5125
26516
55293
91496
90906
73431
37864
16494
45859
58490
24764
18774
97267
7610
70213
10279
19227
4337
90538
68169
59460
27500
88222
91113
77997
12529
92426
9679
18116
98206
2778
68561
54546
58361
37400
19706
28531
33987
69543
15720
90246
83866
81874
25277
10115
82283
41295
58663
61371
40274
57377
41902
86994
93791
72817
93932
70325
32204
64348
79945
19909
5750
59177
27614
2086
87740
53283
22048
4370
7202
48508
53854
15273
68010
21483
90245
48457
98645
10273
14158
83276
79412
28900
40889
85363
52950
36564
79274
71189
35024
32069
23253
99069
95298
77932
28937
15205
75974
80754
25383
61088
822
38203
79557
156
19685
74377
24370
11935
57479
70252
13522
12883
42434
66613
21454
49921
62249
30760
98932
20420
70309
18422
22218
32489
3293
50241
60320
77623
80912
21224
59517
2216
87459
75055
10373
683
95912
4563
18281
45217
18586
7600
75388
45105
84528
28247
48465
26650
99562
24648
59330
93556
17461
5885
88338
73508
14230
5689
91507
91838
6894
11499
22377
69293
59379
81260
29457
46439
54645
76149
32278
25079
20619
16327
18204
82917
31380
31422
74125
40547
38793
20394
10478
47066
29733
85551
51310
16717
91405
73455
3539
20935
43752
13617
46288
99158
74853
16632
43692
61224
9864
31665
70774
93683
89108
6168
98696
93366
50458
40758
78811
58833
5253
43744
23595
77487
11265
12207
22487
59989
28171
26024
6638
42672
27577
10523
98522
99707
47988
47400
5177
82971
54754
69796
10232
10925
74312
62910
14950
39937
56154
43212
59574
19187
17238
6999
71667
46205
13359
35335
81702
56590
37086
77167
92102
21999
58536
74728
29794
11238
23880
5748
29360
68174
55057
31362
64023
53636
25812
42504
933
13517
93345
10625
19873
93504
64337
30672
38880
68512
56871
34144
85773
21148
32627
13054
68231
79816
46173
82285
66468
94118
77087
53076
5236
14391
30949
79579
87238
42751
83001
72397
98618
6620
51354
85139
95573
16255
59549
35529
91491
30298
45801
82658
34192
23687
62284
41137
79131
35019
20668
13443
86105
61038
52205
91627
88505
50971
14582
50650
40369
43750
8784
51586
14106
75961
55704
95378
84308
79778
86755
81402
80491
84756
34728
74015
89851
438
3836
61255
90677
38103
84441
54607
58550
78191
78363
81675
26083
24953
90409
47401
36834
2492
90306
91248
61719
89273
88547
45701
79994
54176
53024
91321
2642
80719
59802
23462
29984
50847
13256
33726
40135
86788
43367
44153
51306
18121
4445
94572
41026
72398
70344
17828
69499
84314
46058
75784
73909
85149
10450
32748
37578
53079
76677
75632
78620
93278
42856
94783
98813
25774
53654
62420
77015
13080
91632
680
72088
81669
34943
89943
47352
51966
90216
27078
54744
7904
40877
54125
56189
86155
77514
94020
38832
75583
71811
38785
69989
40612
13377
38484
28930
5067
54233
66967
2083
83378
94317
21191
47131
94551
47028
85590
21375
3745
99455
94174
49129
48633
94687
52663
60682
70492
26711
20659
44474
75642
81261
90576
78197
92054
5182
32382
76571
83808
8041
35257
7905
46354
13734
35736
34061
40160
88077
58808
8216
19566
80202
71367
5565
71319
73189
83689
17351
52312
30993
860
4941
43122
67129
59744
70516
18256
42300
11144
2310
78629
4764
59818
8011
53438
12486
82456
62332
83148
37208
93382
32113
88863
69509
34186
47179
31298
19424
43517
56094
76100
42784
98266
64039
94443
2765
41201
21844
99220
45183
91939
22367
84695
62109
32157
18787
50009
49319
46923
50394
60085
14069
96675
5695
66000
57294
38675
81344
90763
47356
70027
77010
73824
39729
50176
50341
34631
26627
35029
56944
42923
44964
76765
99784
6299
81460
80907
85009
35707
8775
78706
70015
93207
91367
82409
95417
50687
67036
48168
86256
9756
19686
99253
49401
85611
34685
62400
30533
81573
22515
94768
85457
81641
93786
31587
86277
18085
91157
97118
57868
85469
2835
99058
7969
86758
45563
97382
6409
63235
51965
3557
27154
80513
32041
87222
19851
58814
94625
1746
96921
7947
31250
9140
965
64933
41895
86726
51563
66330
70502
72911
39448
88111
81967
8716
3373
22113
37381
54857
23360
98085
79281
76811
56874
35145
78692
27280
2996
18349
82579
22521
61067
92699
89632
77317
42003
26090
29277
3007
59257
536
24560
46101
9772
18035
69958
52609
66374
36060
77321
42876
75814
95544
92239
33970
58436
53381
19301
9617
58815
16586
76972
10791
5512
7669
93033
93233
42542
63213
63127
2541
72333
27491
57506
81229
55043
70361
14384
36677
26031
84495
11083
43753
78760
4926
77513
19490
18613
15072
20561
86235
90770
60580
76113
10432
58461
40294
53646
38432
19451
49055
11260
29056
71352
84104
11841
67745
19176
23493
5265
78167
95855
96959
89014
78955
35499
23083
40263
98009
16742
75800
70535
59583
94455
36706
87556
2277
13859
91803
77858
19927
44806
93761
23675
8423
38822
21115
85986
20336
96511
40097
37142
29626
24295
48304
61999
35103
49734
86311
49442
16430
98188
16542
22632
34547
25166
24914
34040
76705
25123
11795
10560
59950
7843
36973
81164
73098
10675
72187
75049
90909
96721
15759
65832
91074
91926
39506
98151
49736
41022
48367
92406
44675
24871
73190
33853
51136
16264
79033
34046
78925
49419
68500
48773
87008
30502
70168
32016
31430
78946
19123
15298
96625
39518
97981
60761
95357
98256
7912
8287
12330
43131
67766
35086
84053
2307
15356
84873
79990
4951
38136
53073
16998
52405
81387
94267
91725
27297
56185
76665
42956
52593
91006
26326
34895
77807
15695
99452
84246
30168
62373
17457
23778
50455
12101
14045
46683
68341
84505
2891
95078
45595
56994
94798
39628
86293
67085
97915
12998
18513
15000
83354
54840
33013
22454
17452
34409
88369
42383
73433
24542
82736
37165
97040
99602
34520
50917
14212
78065
2858
30171
15374
21293
77370
83482
82726
91569
9698
87035
52359
73968
72199
26648
80143
73946
87492
99395
92727
70975
25129
52023
35584
11574
74017
54352
76379
48009
61032
49998
9222
18930
2128
50111
2554
31267
5065
26903
97621
4386
723
77262
42650
91346
32874
41144
1525
69145
53698
35433
65498
13548
34959
78452
82490
16913
68409
77880
23136
35706
84628
25091
808
15932
20011
29579
24813
99227
14513
14856
8260
84684
62379
42019
47233
70867
62527
98683
80787
30701
53130
30899
86897
84725
90173
21203
69381
78807
47412
23185
54206
25435
29909
94069
58567
82218
68667
1306
12681
15127
19477
1601
22007
17029
74664
82777
78045
67368
57898
82903
71165
50782
89978
27117
26790
65702
87846
70564
56789
26297
37652
58780
97989
52502
73304
15496
68852
33457
27429
1717
56081
30398
74668
22131
19709
91665
35536
45681
34435
63415
33371
87162
31273
15512
19394
81850
10962
66016
86329
57800
72096
7530
48081
24290
47271
45255
47175
32106
4365
43847
31908
89333
42335
14741
20629
10314
88409
52988
60148
86135
90975
88079
28496
14458
8874
73113
83873
54944
17961
31653
39952
84076
52460
17210
4743
86088
13191
24822
58338
44932
19846
40517
86867
39719
87180
54915
79712
97276
24005
90990
34167
71512
58626
40266
53781
88952
12171
16048
74173
64458
99685
80122
76814
3199
66077
16620
21812
48908
58401
56611
11167
98213
3602
30560
99591
73217
68635
58868
83303
43476
91044
81323
2227
62129
47074
76754
212
16256
69413
12769
93589
25405
79105
83244
63347
89155
73286
48886
25635
44638
8358
15120
2928
39846
66908
95412
72061
43934
64931
40773
71671
24500
69980
80505
58887
26256
17477
91158
67094
35908
61304
98055
64436
94596
39906
96817
51174
1981
68700
333
82812
92012
65245
54422
74091
2741
96247
89034
97811
85790
22373
87799
74513
71559
16112
51752
44590
371
54897
41403
21453
82539
898
99881
73637
9912
13910
68723
82370
92317
32647
66113
48366
51520
46145
47070
66517
5983
50563
86378
34944
79957
71412
98134
19799
11963
51903
17262
80792
46172
99089
97839
42319
61381
79492
63321
4792
386
72447
9207
53840
10326
22771
85803
19688
7128
69922
76129
25688
3424
80271
96169
68466
73939
26822
74065
47668
23305
34930
16636
71872
40402
89995
20848
2592
53080
97698
92427
80253
97499
36424
51248
56576
55575
33448
64244
98650
71554
24343
23912
73591
7767
8422
12546
26852
85224
1742
2356
94618
75254
55884
55742
26531
60635
11741
38529
41316
44099
52800
17930
45182
84139
13650
97131
55945
66520
38470
7136
86622
6703
30086
46017
35099
16230
84488
89449
35956
92241
9019
16452
89003
55461
41901
30833
26952
51420
98693
15789
55514
21494
66800
40087
6536
69247
13380
54009
85062
41508
4462
26824
90424
54975
76234
8832
77368
50412
95937
26199
52127
74272
13941
81775
5969
74592
98108
96239
65665
82909
74603
70093
87290
48374
63276
7298
53774
30147
57925
91960
79968
64640
24085
85132
558
57297
92700
81404
54159
13572
88700
91730
86751
90875
29645
91509
29656
98833
77759
1350
98346
55307
85216
94655
10846
28790
90944
41648
47342
84151
72310
25335
13043
42510
98887
32733
67448
71191
12964
25853
14967
9048
59409
58147
4079
37520
32181
15086
71543
1652
46275
83144
78200
58926
3410
16450
73989
32486
22682
61450
21093
6171
71046
75680
20145
21248
22300
60390
60042
96256
81240
12239
23708
16617
10558
17808
5306
64225
88657
16482
7609
90588
73963
24707
9853
12711
18710
88566
86133
82314
58671
62451
22119
13582
75172
87908
367
35879
68885
19974
34692
7859
44175
95950
19889
65216
83486
39630
47099
49280
98736
73343
6534
92739
80592
85552
32959
90735
57028
97682
52538
27911
41379
64449
39780
63110
92927
46641
87840
70233
84049
66904
37376
86519
29741
24156
16412
60934
33093
61832
61028
48047
769
96074
30014
6900
31945
73854
52774
44988
44886
27331
43041
95548
50208
14653
97717
4383
24842
63059
76796
8129
87867
32178
4567
48705
2351
1933
93670
91893
34279
93663
49625
78931
97397
23437
63816
14831
50587
10289
870
4103
13218
86022
30304
11094
73619
7271
77507
55417
64805
64082
35921
62324
20225
40293
55430
11691
47944
23397
51577
40165
13629
61253
25202
2392
53423
78798
47318
31514
89486
69123
15606
78538
68244
88527
46680
33596
6738
79601
76274
36723
49495
28401
96786
98272
23029
28764
47828
12044
1040
99487
12990
21766
48629
82391
2930
82096
7110
75900
43590
37737
27228
22540
14193
12863
8557
97015
38890
99066
93412
81545
90212
76586
63177
31683
20094
32460
31590
62720
29313
40667
6101
4828
95998
95456
21658
41218
71509
33682
26354
25455
88186
43909
89598
2301
23328
5016
72329
76086
42707
80006
3161
57296
55766
54069
96056
16372
277
71062
54957
93130
40213
69782
18509
72980
7613
89832
82854
24521
74678
80081
30925
69485
47235
18245
48605
51095
90312
40138
11696
42880
29688
72920
88310
40606
24750
43098
36164
80753
8740
2147
32791
13212
28897
15458
96548
21420
72395
9171
67338
55395
87362
4636
20064
81410
98742
94567
36979
68591
15460
82107
46911
59506
2918
6825
3582
26457
13897
1450
79856
79013
12190
43560
51193
36536
79399
7211
49425
11291
12739
53680
11543
10485
45139
30354
87763
47107
51525
30898
52739
84759
12213
69883
83285
68697
57346
32563
75783
75970
5917
80331
88712
37763
63153
20258
99626
73117
19338
97058
80191
71601
9425
25138
48582
71741
4772
99246
41254
77700
28726
71151
72413
7072
29608
47727
80387
29425
97176
26369
72170
50350
8707
19977
39336
96338
35435
99237
35048
16180
7573
65549
30242
50197
43872
42516
39704
71269
11166
60270
72191
92524
81646
65038
32622
19204
87695
17978
91581
73916
13336
61243
95001
11887
52686
42796
37947
36919
26184
92588
61327
57892
2708
1018
12057
67572
7833
4343
17766
8972
40861
92935
20918
83040
94238
8332
78202
95423
13994
78307
68945
48082
95974
62458
15181
65953
8524
89352
60454
20049
38958
66927
27618
10260
5676
1898
13700
19281
92830
50023
82255
99895
9220
58115
25081
79361
8062
36044
28139
42844
97598
85827
42635
35200
42462
97948
40496
96415
95238
72860
85682
89243
86547
54291
74567
50677
40411
40387
21212
21442
14823
44700
44478
11040
97094
50166
98610
28627
49521
78909
27450
79576
23093
92321
11473
44327
40144
93201
79623
63775
42701
26809
26272
12163
67419
94286
7364
67749
2766
28995
66857
90778
69539
65873
99031
32909
51774
1080
74188
95483
73709
99051
62068
26501
34565
85690
13743
65465
97190
9212
89766
94043
30965
16185
78054
31427
20552
75957
52518
85120
96006
22233
67418
6861
1849
22493
33022
91519
39646
66432
66567
81449
519
96535
59959
6924
34276
83130
35338
7309
72630
13050
70025
83200
77729
26002
24965
84879
89912
77310
65069
89513
37417
90500
3495
80176
52798
93611
53111
91482
2509
40508
56859
27308
75252
11342
270
79939
70510
70948
54663
38532
3997
97051
58129
99820
65580
61017
94027
6105
95211
79708
19515
43045
20788
52745
85353
17868
93808
87961
97671
71875
33485
68610
1931
81837
60719
73603
79482
6321
6648
95827
80751
68389
5267
70076
70934
54429
81222
14861
26595
59520
36383
33817
3211
61807
25368
13026
6137
51187
83158
28198
97694
67801
89698
46913
54106
57628
93247
47178
32787
51634
41692
72671
20230
60536
88742
79171
66178
58395
96165
79187
46915
44373
82525
72188
71435
81542
88217
8172
26468
51757
82943
94731
42778
17743
57111
65798
55669
14659
36924
78717
15253
93827
52463
56341
72632
3334
13681
45143
96426
29338
15866
28405
74675
84012
440
41723
52724
6365
26923
44827
76751
48385
73876
37239
70692
43771
48840
56012
87374
20960
52550
88272
97753
9725
12374
63112
76583
65971
52099
18012
63430
66222
15017
40721
70465
52685
66380
82438
36261
99391
11464
37405
85508
2457
50109
51902
96049
70677
28840
73762
20776
72332
29375
26497
33310
6736
11866
61647
97516
83898
69362
17682
58714
619
27672
12053
50996
83203
44453
74058
50605
42698
45101
91907
54088
77055
43913
76625
72707
1253
19648
61509
92088
28921
20516
70136
43001
24551
33764
65739
86468
77680
42934
50873
38612
96396
42141
89176
85325
3299
15608
3020
59137
43663
89617
44424
2164
81280
20718
30743
20633
99957
39285
44623
38570
84551
25195
21862
12289
28066
63796
35360
35452
24569
57576
34434
37452
98858
5903
88622
51435
87045
17258
20577
60133
19048
51792
27685
17439
3705
69909
51990
16955
16108
74501
62593
50014
32333
33082
69582
33692
28204
65973
52101
89277
69158
82091
38547
77575
64772
60978
94900
69409
78411
47056
43989
82670
68210
31105
14541
21821
1337
15756
23022
22002
76301
12836
62679
97531
13272
78112
22440
64973
3146
24844
7760
18106
47116
30216
67316
24959
22726
84886
58556
67012
76707
54018
43529
47248
33066
45974
19843
25047
55191
6030
66975
96886
84120
69194
2124
29879
77123
11419
78991
60595
2630
36110
38684
12014
54658
1582
67897
44184
69504
88401
99494
24225
31234
88743
80247
56399
29052
94712
10099
1980
91840
75122
87866
3528
26628
90689
56024
8662
83675
44071
17242
2573
77299
58457
63141
98707
8099
91990
47467
17013
9613
80064
74012
58557
39736
44511
24528
65370
58911
25035
68318
96658
56747
15435
81793
31210
67203
46909
82226
3084
44816
88544
40985
24314
79061
57719
50456
30457
53828
20435
38006
30237
2787
6094
23585
70771
97594
56151
10614
46186
556
39439
63589
57600
11025
74800
18158
29109
71064
97729
62886
53099
47693
49636
41010
73332
56515
31126
93167
47418
28913
25254
67034
65958
69083
968
15401
60768
81682
7238
71663
69090
90556
71567
91281
73383
51862
44300
33873
8026
43338
68406
45392
35457
95272
84067
87273
49485
36525
31020
47215
9391
16893
34746
51462
55066
22010
83374
55129
45240
69448
87336
64501
38274
20327
77235
32678
99139
61284
72487
16485
69257
2966
62397
38910
47999
39
33713
39891
13358
52820
51139
72854
40914
960
37543
45937
52765
78675
60304
5216
77671
2588
5613
9395
95851
76802
41535
11655
76940
64690
76278
85898
99892
21808
81425
72292
93500
70815
40593
86427
63817
50695
67675
12183
35830
95018
4912
67184
40730
74174
91985
76339
29771
9428
58917
21234
4289
49731
55543
13822
55435
50492
14908
70998
89140
21552
81629
28918
87656
62818
40450
6614
86699
82977
77722
70045
50555
61948
82692
38993
5378
46298
91190
51126
20128
34688
99402
52595
97852
24552
30767
75492
47932
79487
45336
36808
83699
70274
12930
54865
68221
15801
29539
67318
93066
54781
49877
50333
65008
43884
52158
87733
93936
51860
15981
38439
57693
44876
81887
45919
29178
12497
60307
18629
16160
22408
62534
84142
41132
23088
79351
89199
61696
98368
90081
56453
35358
58998
64144
9933
38780
71827
18879
94809
68480
85080
84136
85875
17603
11589
7805
94531
92889
60532
68621
48033
794
24748
45486
48808
55688
82651
21401
56851
34339
13542
23316
42006
68543
37662
91785
23315
69802
40436
29789
55981
29318
2319
38719
14466
41076
4050
20347
55080
26167
57536
43516
90158
88964
30809
93672
3634
79375
19573
8563
77725
45533
60619
2292
42058
31638
92062
75849
79422
70720
60483
78575
67539
29427
89817
22305
19755
52874
64139
39328
96769
31519
42108
42621
74966
79045
37772
26152
31761
32831
50430
50244
99738
31791
94607
6037
2845
94990
67237
51740
81218
15782
42148
62067
59918
37634
3046
37513
26336
91233
12094
1168
85566
22399
42763
71310
94223
7107
11772
25906
62590
36531
63488
53552
56730
17801
9354
77835
54896
83606
26670
34873
45644
68238
59201
7272
16493
33566
80057
73930
7803
80155
44094
11185
16640
5532
69945
55755
85723
96282
72925
4733
55466
64435
81298
79698
41021
29288
70097
22284
3644
85618
78742
40570
1656
50327
66407
5492
76598
31319
68586
80762
62887
28461
82320
55089
72065
64386
260
38063
57253
32019
51971
54145
30996
70559
50326
44872
93356
98514
64646
73922
42660
4298
36635
85153
79652
71985
35201
98161
72857
19911
66599
37946
8637
23109
42089
86624
45737
72616
45821
47638
470
28706
14564
46014
67014
2016
76992
9813
47774
26320
73892
82308
16427
80532
88608
87110
88422
47720
16196
20046
8087
48980
58535
96519
48820
84735
57103
93897
85739
7048
66994
76094
19410
83118
28339
93542
85179
38723
64033
20343
51637
95123
80028
55915
53319
72800
45148
16588
66711
50074
5554
16995
72852
6352
4090
42981
1971
11196
70109
57708
19229
79965
2153
56326
99191
94969
78846
74463
18069
72254
25469
70268
18532
23485
15301
27068
67001
30536
74329
74483
27285
35299
72489
39302
20566
17192
9110
9596
82022
38961
71692
14849
11852
6833
83932
82010
96763
14113
68606
85473
70748
15331
21563
58813
53246
71467
36560
43795
83460
43346
67821
50826
34243
5472
63228
4598
73707
37063
81842
38190
23143
44944
13738
90326
21204
88432
17100
85537
23099
99104
97775
69502
82246
31999
96097
89564
25903
49030
35562
86525
57255
54007
88153
71220
84699
74756
29455
76007
41031
17900
26165
90048
47971
64434
3738
77198
64009
11855
82731
74612
68609
9302
86698
73123
81070
12796
67640
38137
66212
94702
19627
63529
17033
45705
11362
30359
99293
89291
91535
70409
85378
13730
28752
72661
43580
51851
8442
11391
68898
62619
75913
90768
48387
98979
96273
32965
76302
45110
98934
26315
61387
97082
80521
58616
40013
49422
88304
13676
2813
25347
14802
24322
23092
87515
95560
48007
28168
20179
95843
42946
97385
55851
71333
69328
76433
29045
62435
6954
54065
20220
7559
19105
52429
67348
7438
49247
27385
65439
54198
36113
74905
86356
64199
67162
90310
21226
94466
41908
19690
64278
83261
23828
56915
56825
37177
95871
18764
60974
15600
93971
56601
19864
96454
59631
81515
89936
85407
10559
7812
29922
97969
46550
50274
78056
69269
6855
10977
57618
23547
15300
39354
34989
31986
86914
21857
59326
28363
88158
83716
55420
92020
27499
48132
97858
25960
12010
37655
10636
34924
61549
25052
49322
85293
54630
64663
20541
44833
98479
53964
4857
66478
67311
74038
82589
28345
76355
99024
95547
5921
2104
58717
82929
85792
40792
34481
46973
70306
42924
75486
34065
88875
97843
10812
32050
13607
80658
9724
55733
97976
50041
85335
68405
38609
53297
41217
74041
25644
42267
78247
9204
58983
92952
67622
63284
78976
1092
34340
54446
68464
37388
4677
75882
68620
70385
99005
56149
69357
74582
29094
3742
61851
74578
93256
92543
72168
51027
76331
46971
96701
96739
76151
28588
65309
38424
78561
30780
90748
88410
67596
45990
57275
29033
77625
67164
54132
47984
79763
97581
44089
42928
55441
9895
19478
13331
63444
13389
65212
65197
78739
72998
40077
35014
36198
59436
78842
58609
42973
66067
19231
2677
86886
31366
52352
20514
78010
26980
5281
12066
33086
67702
7918
8657
23015
34695
6824
93849
19417
40646
15677
42539
53578
26943
60582
83409
1503
85046
61927
57174
92075
84233
26218
49920
67103
3924
30244
18381
71537
21128
96735
93274
95020
62746
87567
67357
28450
92160
21925
37585
57723
7892
27688
37044
22619
43328
18177
16676
86642
34756
68927
75912
93048
18777
95462
62190
33574
12478
20815
34965
69144
92125
85967
7247
75981
40158
2478
91054
15318
77934
50881
8385
31087
77899
51210
37067
53144
18302
77475
72067
74862
32220
55741
10515
92918
3227
2237
57478
52333
78502
42244
84264
96469
81660
3079
10034
61045
42256
25570
52837
51638
51380
35492
71633
88491
51047
15723
68091
12887
69860
93922
2473
58126
64723
4019
71150
7342
60418
23650
47955
84315
40001
55386
71198
99511
10863
83051
21910
87114
97859
61643
13880
21881
87560
24702
97362
58976
61754
41381
81156
31286
75257
38044
20222
85957
663
38690
38046
89250
13027
85180
20609
62656
13907
18915
47917
71443
31489
81340
61709
66281
28860
92503
15387
88371
83183
56957
95314
52953
1896
86707
29636
19445
49308
37296
23928
58569
83743
10237
65035
4138
8854
87076
14206
44393
86010
4812
55745
37537
19319
84211
6710
46149
16051
21541
74287
15390
67296
89910
51931
16504
98177
70769
34789
34037
4200
3432
16078
14183
42895
30841
17405
32980
75123
22161
14594
80017
75695
65184
33403
98822
99041
86222
33708
27784
83607
8887
25943
29979
67256
92882
67928
2334
33648
62074
92802
84971
75586
56221
98503
932
79937
81688
32928
80103
38351
5036
39661
55887
37465
60088
63837
51882
43477
25657
88189
54122
97760
87184
69610
61307
50921
45044
86455
73640
64988
76565
71197
21848
18737
75190
85864
88933
51217
11020
35526
46197
2246
70060
84298
49281
17388
46706
64954
23479
61996
27417
30295
6405
81585
26653
41108
4976
54493
20739
12186
65284
34474
99432
45921
55424
86255
92910
36419
18644
16096
5190
44526
7047
77245
5035
9684
71500
44759
2240
59023
12485
39045
20737
12240
16397
16487
62550
9783
48136
35801
66369
95845
17612
40678
35401
2856
64949
36750
78432
21034
46811
7005
49706
15977
50374
71973
53019
48975
11349
97866
91964
79697
5988
75394
51889
98958
16443
25169
89459
48265
64354
9975
82059
65749
64857
83507
43735
30808
51275
98170
78357
57746
62580
81442
33918
94457
63941
72975
46031
12642
2583
84722
60994
61713
26639
57495
32837
29390
59323
56541
8226
11895
68034
12770
43129
49860
82964
63564
95400
78851
93025
45968
32821
61078
18538
40413
89503
67482
7100
55117
8800
99281
21018
12951
41526
63800
73983
18512
55317
80308
82432
40404
76017
22882
1248
38459
79617
22142
28770
24303
51442
48099
40984
22248
89119
49627
56097
19716
57305
38536
39993
28945
75573
53350
64836
30872
99522
95376
98975
88895
57957
87547
60957
25327
26482
19968
56609
18070
71906
1844
53796
50727
19162
71081
96671
83801
3756
59696
41497
22514
93117
53918
62004
89984
17160
9974
43201
95615
72815
62258
10945
57763
58473
2569
10417
13044
48977
90112
3573
99611
75446
32360
52917
39557
66484
55273
21311
23756
7750
28485
45719
58982
46484
72733
31317
96171
43747
84464
81159
41410
95519
84382
50240
92781
66242
54442
68992
60775
98933
68669
89515
15338
11257
64891
78476
62348
16953
69007
46988
25964
65705
22716
35891
59538
56638
75571
23041
58613
903
35979
57432
16094
9532
64183
69723
22332
90750
34256
5365
11867
93755
27699
6397
25263
90859
36735
86776
88930
55179
10168
53343
37746
64592
65204
27863
71896
97334
85927
66703
69777
7910
58190
42702
39479
79813
1348
9815
67960
81971
43145
59913
31000
73490
49724
74286
83413
92518
50334
40733
17813
46469
67915
686
13023
31652
83074
46118
16206
20370
54689
10902
11057
1123
56797
9104
24212
34456
78967
89251
94471
64627
31775
71535
22035
46304
82064
66091
87586
95060
96483
93481
63449
95943
30309
85406
37779
40399
34748
33997
59142
47
80561
68246
89058
52335
59434
11393
45488
67526
76750
64928
53002
32418
80083
82058
2524
65353
90864
43512
11544
95252
79383
94952
96932
18298
4884
76918
91231
83877
30608
79803
31747
60566
57954
92373
78178
8635
62605
54521
94587
33546
47760
63002
57504
39352
80467
87532
26026
42185
32768
64879
75661
20941
86388
44695
29142
89087
39540
21268
54168
28295
66615
46211
82166
68745
34761
21607
2051
54968
5324
62912
65183
15745
42100
11047
33986
44454
83000
82653
69278
54925
92541
62800
7696
35473
79544
66346
51756
1009
95987
73856
61446
47396
35937
19853
77289
65595
61518
7520
38748
8575
74139
86264
45221
6873
69966
55903
50547
53469
50874
6210
76303
56814
71246
47291
82377
62394
36248
12427
75445
30323
17660
24222
88428
85188
58489
94517
98633
10580
35850
57956
92413
55248
85271
92249
36879
2839
59153
86676
74009
28939
62463
45215
39555
86813
26135
81776
94590
48028
59855
767
226
79981
31732
57325
8567
11369
98727
77608
58011
89644
73849
1374
38223
86321
18816
64226
86254
25694
68899
53321
13689
25133
23263
82296
53195
37708
22691
41969
91183
56162
96624
90563
76463
59352
88096
15893
50028
99273
40275
39100
31546
22194
59234
5241
6987
7733
85550
7255
30916
93107
48039
96057
81386
31243
48400
9074
90518
18247
10494
63340
21316
71595
74505
17186
4862
79675
12254
64113
54969
81265
87818
12161
26734
98395
52935
83570
48709
94026
39079
88269
98615
39966
90189
12334
33437
10426
78601
76408
69738
50746
96241
99782
95436
81051
38763
18739
36396
33287
93725
27624
86609
36733
10324
97795
27081
64513
81076
10686
50482
46654
56464
45912
69740
64108
94329
67905
50235
3337
64907
70071
87152
60521
12003
70229
86662
14105
88284
44113
64789
90996
55257
58954
1960
85277
88573
56459
84385
29714
70687
65690
58418
69299
68607
9368
8317
21287
41299
91869
72128
78915
83480
63019
90447
88306
94193
46109
38299
59496
16590
81308
3779
69680
99453
21946
28190
24410
30157
38517
7151
13230
61566
49470
31805
21279
97297
55510
74236
38079
95798
70830
57348
50465
75582
28948
8613
8413
93085
75706
55259
69598
65984
10449
40706
59059
65224
92461
79915
24053
42178
5501
94764
82608
27187
84192
31435
67304
12785
77457
48183
94729
962
17714
51458
37535
4320
24287
33306
67145
43937
66928
89639
30762
27657
32075
45196
40045
95022
78485
93884
55517
79289
80475
88751
40933
10585
41138
72325
69775
16684
49609
83341
87835
38604
4155
40893
12884
6233
41641
46219
89559
30839
49177
99306
36175
46207
66046
14748
42394
35924
71630
8767
18486
46416
84880
29759
897
44339
82847
98276
33047
74416
11072
5774
63574
68999
74163
85480
84011
60717
32857
11377
88093
87244
6920
25680
13877
68020
43538
12251
50942
90720
42662
21066
20278
47088
43309
23568
87378
32562
73646
53081
2620
3429
7405
7742
23013
32559
3051
41634
18852
67954
78914
55138
19488
60755
19731
90983
64649
57799
29587
60134
40584
94385
11455
68055
72293
2870
43288
42341
14715
58262
21932
34727
67748
30142
39771
42293
26097
59920
61497
51041
22960
54414
54463
84870
47876
79345
18567
33200
85581
98427
12872
88239
73028
86257
89962
56929
68079
48203
62116
63640
86480
39773
98883
50754
14337
51571
58894
54131
61203
26110
87296
52553
83732
74233
13296
76946
92837
75725
82103
44428
99840
95603
20365
64864
43344
17561
9500
47176
78747
1672
86517
47784
80584
27381
14368
3166
18991
32304
22928
27970
15271
72306
27999
735
12917
65945
70445
25196
61721
46876
43034
57526
60037
90913
92095
92686
41914
48443
47192
35886
82013
56493
40333
84459
69884
47721
66650
77421
90636
40186
85291
47942
74111
77631
25730
85810
60344
31331
73780
28407
46472
10765
1948
66480
54470
39789
97928
25292
78464
29989
15131
63624
54633
30512
11833
11972
24779
23518
86691
95790
451
40909
80530
42996
40378
25935
70246
34000
2375
93459
44356
89406
49331
2793
15069
98715
87810
80293
90146
70817
21752
27318
23560
33435
40637
68324
91489
42277
92169
86401
57011
47762
2213
80860
71035
99388
14555
25888
23871
38545
50965
45759
49307
87709
24859
1972
87214
97167
5292
21249
30389
60034
26190
75171
64761
3061
77491
90075
84502
55241
26928
72336
21983
93522
40316
67839
19574
12999
28586
97435
88602
27349
96920
51833
77788
69387
42137
96540
34216
20896
83822
69931
20320
18473
12358
21201
56244
2993
55712
20606
37406
5738
5955
43777
7925
24624
61949
44287
26172
41934
66461
1257
60803
17530
59140
24509
40944
34682
18057
32685
74906
22755
80468
60259
46529
77996
78190
97683
17697
38546
20285
86571
21598
22608
27098
26798
28300
78776
32118
8035
33312
49595
12588
62623
21180
37428
46485
71207
81208
28142
50405
17636
90380
93461
81385
35504
30712
54941
5448
559
52157
13402
69254
55899
63910
79874
14262
24671
26309
26682
51005
13117
93006
26872
31202
155
5106
65366
15704
80749
32153
72919
87598
42761
44617
60289
670
20478
73693
78407
74027
27620
43111
25126
96685
62687
1245
51209
89672
54569
88509
44629
65501
90530
30251
92921
19893
13370
36232
65721
52060
2582
76547
42114
12165
38903
56293
37026
99941
69784
3148
83580
13002
82980
47640
92256
70128
6915
22568
88197
88542
14805
47599
44465
17481
76729
74415
12942
48430
21266
7080
26400
40751
94432
18773
55302
56217
53261
54489
8261
24852
75472
81029
83099
97588
68827
11417
50610
95081
11601
68913
56259
27854
90559
2687
17443
74743
12981
22000
53612
9715
76121
70574
69318
77320
48484
95639
36300
60692
17601
18729
44707
54143
77258
83397
19283
52566
94104
95524
48068
74042
29915
91070
96557
27973
84316
15686
99263
66288
85331
80935
42395
15410
18172
93935
74847
45861
78403
59173
93483
37632
48742
34759
29786
17523
32095
19320
46397
16208
61668
54766
48814
99671
21199
61238
51822
20816
836
46991
63163
57361
78615
10708
2253
54651
68115
57641
61270
35634
91353
14338
19409
13914
9820
46584
38839
57142
77142
27422
39721
37280
61507
22680
98524
61670
98748
56617
70463
44781
45872
27151
55877
11859
58866
39881
26107
71666
95878
1316
23707
21976
44752
99180
35948
11313
62701
94921
11974
23343
67778
94815
89525
7581
366
29254
81107
45131
26139
55540
58132
98889
70390
72456
50077
82958
44851
44101
20997
8862
99147
83140
10491
58398
44463
68892
28281
32547
23705
2959
65578
49076
69258
30403
12475
21880
55523
6844
53876
3342
49260
37857
15424
31147
67999
23873
26433
6793
14405
20994
81007
95280
78741
42723
38372
52050
5956
46919
40060
34799
46962
38270
41675
16166
65895
38916
53304
12656
94322
86786
40488
49191
51135
72012
5710
80276
93344
17032
80406
84357
60220
51791
51526
10597
26917
77812
61010
84593
75874
63708
53898
5224
3625
60593
91756
77732
30950
55206
17671
33366
85636
69377
69101
41974
77242
99464
15761
22570
18946
94911
95929
11071
74202
25228
75671
79980
43007
46263
15502
575
91745
90486
63769
43256
5238
61954
62707
16845
36304
76738
86324
68941
39118
10573
46327
66991
93834
88919
3437
93306
11519
61401
46398
7224
77112
59276
40550
27507
42546
66335
75088
14427
94234
66790
39281
73840
50538
23034
95663
14194
78159
93138
92919
38162
48695
88014
80287
47155
97695
60236
64643
18952
90238
33889
93125
41394
15139
48957
91126
14901
27750
9635
70694
81441
67068
78728
88287
30178
27395
37242
38468
41065
77938
14565
91023
94899
75185
39692
23696
29230
90105
85091
17618
24033
88370
46830
92631
92656
97719
14649
89435
77983
84710
19469
50421
62012
30797
20506
27096
22303
88633
98505
63940
30614
52244
99467
7590
71490
4925
81296
72463
59979
33003
59062
50118
74744
49918
24282
28486
20142
77819
43075
9439
46622
37284
72270
70459
5334
64708
46875
66602
97526
92452
86279
53295
51504
15929
15317
11618
43684
30749
88174
28653
37704
13110
4225
27371
26318
40941
75007
78927
83529
91801
57260
97173
91606
77696
31413
23097
83636
67637
21905
52110
34922
16424
13438
44192
39938
34094
50694
43687
5981
89035
22163
26470
38498
51091
72442
40743
35969
79950
17275
1650
68572
90054
26816
42695
49681
63381
44297
1477
50964
93792
83350
11007
73683
54743
70169
28620
30820
21136
77911
85328
52900
63776
59525
48697
50401
22887
18581
13490
14645
98445
58816
91050
71345
40560
779
40202
1786
36684
41302
908
96942
83552
43720
1220
9301
74682
32104
20104
71853
28427
99962
14407
35970
86117
96326
59872
33012
29962
65764
47327
48114
93252
38930
93293
3045
92755
90269
31457
95502
87488
73033
26532
5307
9082
58565
42813
36405
3772
72725
89888
19216
64027
13259
34988
38080
63307
3097
90501
41830
57133
47574
54578
51406
45653
21674
17631
55793
70591
84077
21786
75835
20346
17776
68434
48283
91630
53250
90564
86503
23049
70022
26128
86494
30257
58582
50257
66584
25912
22050
5431
69076
93952
78356
52245
45557
73493
5727
9487
51582
13351
3224
56982
43622
43643
14450
55525
35409
19160
1586
9928
88990
89618
71809
31355
65752
94128
43378
69132
74710
82528
17189
55671
23487
20861
46123
92999
62276
53390
71484
67078
35652
6962
77201
38940
90467
6190
4037
89020
37077
9027
69674
82840
16543
85529
51969
36070
74764
57204
74597
95101
25606
57859
13958
86978
18241
59674
43444
37240
46361
64509
32967
96643
60238
87596
95425
86989
94231
78943
39573
32889
81068
39121
9384
81969
8544
42920
91871
51141
57894
7215
4659
84903
64363
93379
11295
56048
9340
92604
47782
70048
25066
3335
35573
77040
12859
14414
42806
63076
62461
23352
53146
28824
31008
93631
4433
30934
94682
34978
86670
83654
3223
39373
67336
49946
56945
54683
80536
38906
56169
31597
59760
21992
49098
26332
51729
11515
18926
41759
38444
17582
55311
31339
88676
87537
85204
26407
24939
30036
1701
55490
29821
49207
90407
72484
36664
76363
60365
80494
85272
71252
33846
43626
81758
56102
5964
49586
13875
60645
94570
8389
45958
83481
9989
15272
34010
73861
97324
94890
2023
75526
34934
63368
53206
54477
54576
75267
33468
92204
50457
48059
5445
94190
92161
6106
47263
68876
31466
68830
55516
32586
14532
498
44760
10685
87137
61071
83613
75997
51968
97787
19901
31623
77749
25171
34219
71723
60436
93021
28449
44718
63185
22122
70056
15398
72929
52728
32983
44025
11925
60648
75461
31322
10012
49020
2418
51033
3857
62555
53740
79394
19888
66659
40189
24272
39524
17518
32699
10382
10757
25770
60250
77249
48158
80458
67995
90334
40053
1788
32036
28377
85548
95907
87919
37251
99990
36678
28009
13157
50310
24744
86349
77267
44207
63528
95075
90533
91884
65190
81484
64343
24060
28438
13147
5033
81800
47106
98407
79406
77297
50278
27551
39668
713
94562
76745
32189
67873
68429
48252
84020
56991
17568
94060
76167
51823
70680
51447
3118
1318
42884
28720
12221
25716
72795
63154
62737
9866
37814
16873
82335
6959
44323
96084
7345
27901
61567
35855
10634
38393
98019
84752
4616
63625
23104
37902
51263
4871
63616
19476
86016
84824
23615
8418
78348
40963
96495
85114
77647
35662
96431
25534
72967
70394
29225
92577
48792
15719
30249
54363
7584
1465
38625
20892
43077
95491
17863
15486
37757
75307
52681
78568
98022
58407
11156
72288
6524
14612
98812
27745
67160
49481
56925
3721
17407
10603
74276
21726
96532
80407
97828
48017
99186
23801
68187
12928
1548
43423
65292
26674
79750
97797
77626
80162
80928
89660
35744
5410
78942
74854
68030
87640
10024
77859
58200
75109
7630
47926
50631
52734
27670
55905
35120
1071
61062
90708
51572
16765
60108
65006
65290
64141
73535
70214
10556
45747
70197
88391
20255
58644
52567
94277
32357
92820
46430
30630
30831
1576
93315
3935
61476
3458
19455
86335
73757
77307
61352
28969
74217
35191
55926
36406
6436
65357
49823
29336
37099
60237
83681
84422
3457
75993
50709
69939
26767
76498
63724
70773
31990
69164
69887
34168
18470
18669
95183
21251
49670
79948
10538
40827
71675
42786
13429
7968
82295
67648
96177
79752
13317
62624
25772
77811
46544
71839
85012
29779
5095
21581
15026
66782
59949
83742
11864
31467
92223
51386
98162
99705
62118
456
68668
84709
2772
31973
71966
8015
2668
78869
92226
1995
96849
39651
24202
10321
23746
17798
62561
71826
9130
83157
28210
15167
12582
20614
17783
31615
87813
34093
94610
80055
66546
62668
13414
95030
58122
88625
42629
66687
74797
75086
56978
31235
56805
65089
25381
80007
40003
38464
38404
36437
57414
53951
32365
7880
42519
28106
97677
13992
58900
76882
45315
22144
59168
69248
5653
15156
72102
84266
31387
3093
26699
26296
3074
76610
24101
4176
95449
88102
12956
16133
3455
34932
34225
54981
17025
36266
93738
28201
79246
48178
66540
86563
73142
40151
27960
15465
20006
98290
70514
94525
66992
80667
61981
43962
5363
48245
24310
16384
95455
5569
13301
68686
55542
77777
32349
26529
88740
92354
18757
76502
94233
61711
25851
28559
42858
87891
84197
190
77328
61079
2852
71139
56242
67443
3039
6705
42977
95214
31275
94966
67958
63483
25342
22541
18875
84406
25698
73805
90159
45064
415
59504
8040
67333
77566
1967
52741
67169
73179
53023
15732
99898
43948
14124
51908
20361
62371
43262
5123
74092
50523
37824
4233
56043
12757
82880
82489
70208
36952
34063
67984
27906
92638
82839
63502
44809
53242
87366
57109
79828
26981
35094
31472
25797
38242
23276
79986
65636
83701
20292
23823
77264
68984
82683
51646
48960
6385
68308
12740
89392
34954
76132
70762
72963
94103
37413
18238
21671
58547
25672
3548
47602
99345
62163
16875
29484
56253
40345
58143
55126
85759
70327
63205
64255
66423
41935
35506
22780
57184
97701
94853
90178
71358
10370
88250
31499
57921
39591
18810
41601
45383
93944
23218
80192
94369
44097
23959
7890
82436
56040
81446
31062
37910
85454
37473
70787
60293
51703
81541
47358
25236
98021
51291
64332
82814
81413
2066
18191
7517
36346
2614
55751
47921
58614
32945
15185
81368
23451
82656
89045
20557
98806
29939
50024
42872
57023
63367
88590
38564
2763
28433
97491
14520
56581
41722
57694
1177
94504
49544
1573
99291
75365
14602
48651
65098
79694
76549
43089
59309
25934
47430
81354
51722
91942
72406
67147
8130
83759
6747
88265
95854
95044
80654
3140
15611
27599
54271
44844
51202
30710
48109
89296
98308
6203
59553
52788
87262
68499
58655
13817
92703
65133
98102
94806
85138
38167
43491
55780
59345
31099
70005
49750
11884
62365
8703
20812
14927
81016
64775
75832
1091
14298
15193
79213
25832
38500
2149
91989
35796
58297
11157
65821
19817
16081
96299
68835
37073
61137
81194
15095
80187
56273
60283
17199
4848
12006
29063
48803
85692
70020
21724
73700
92429
6194
48468
635
71379
28525
63166
42188
22355
64603
15217
79985
55576
17293
4803
59660
39402
6085
90584
95675
87670
31135
4597
99435
17392
89889
66757
52340
81414
36647
61615
68106
25766
10899
50987
94633
48207
31611
21284
32520
91173
15428
62314
88195
21048
14750
27310
42310
9108
24006
3210
73590
70526
54835
74500
35747
75838
55035
87983
36611
4156
12192
76892
30617
63355
96079
73955
66165
67453
9455
46503
47182
50691
93158
56882
10218
88121
64297
66472
39218
69593
67064
67642
2030
66356
85205
95368
39481
48231
12515
32541
97861
91012
5712
97781
32032
98140
36395
33161
6076
1375
19786
24165
54030
33162
21908
32131
27449
11992
98203
69917
5083
88616
20376
96987
46386
27489
10073
80481
26573
42611
62858
54379
29718
49252
6090
90553
30069
17641
20642
19233
71588
49054
35164
41473
72080
94120
39087
88001
3395
99092
75449
95712
6754
17712
93346
2762
55601
3628
77650
35383
15846
82447
8789
80980
32524
57753
27841
39296
11376
21214
48913
89703
62983
95661
9092
65126
60476
95824
13109
47132
76002
10247
28199
24027
48649
12982
520
27682
2412
90239
95490
954
51342
85715
7717
17858
43737
93821
88828
30003
70742
4799
51085
94159
94514
88011
81193
82665
55761
28445
72624
33091
84417
65398
16749
6373
22342
98387
10927
69452
30667
41565
9848
10710
23037
30475
14550
3674
58872
66043
54877
41054
12831
21841
23502
68475
95731
96460
83810
79395
35302
64118
98032
19768
50540
31190
5087
15268
60773
95546
11958
85620
30662
72605
1529
73727
38623
1141
95025
46528
90130
99374
82527
874
94228
60801
79615
51714
89490
53048
85033
88382
44212
2453
58916
57073
80345
95767
39877
42752
28138
54022
17606
17304
50002
51629
24983
82987
23195
22987
45726
42421
7273
7040
58890
82843
15178
28697
44896
26014
49611
39534
47686
18180
63820
42109
61659
48903
48972
74915
37106
71399
28970
89903
69930
26740
50439
24661
89545
85603
7734
68342
65337
24455
14483
74842
92023
27626
2317
36065
5905
42060
57434
73746
95364
74667
83122
75425
51060
35394
69976
99358
81395
86708
82206
33942
22995
31423
67227
76265
94299
39249
18334
49619
23915
31265
16997
72123
11158
8311
7579
86557
30588
21143
62327
51050
9246
9120
600
92477
1917
83454
87774
9872
59914
18061
72163
13890
60039
95522
49210
6360
87990
31397
39942
593
69940
31255
47639
33607
56145
81565
32010
66648
78780
80027
63470
50836
19498
1149
25173
74726
23117
68819
15402
22807
20016
29540
49970
38151
15078
92555
14393
95982
7297
56418
88211
67508
34404
81693
48155
25839
662
50134
91906
32097
5589
77036
16750
35350
75577
5580
13291
40326
56935
88951
2846
16288
50499
14104
68037
24686
65088
89436
5957
80541
95156
82704
22777
20753
50360
89024
81763
1892
5596
51331
46265
25152
54716
35849
89227
79112
81522
33855
80403
17372
44946
78938
54464
26077
98099
93221
84116
86568
56446
32397
75366
3260
60501
3942
53595
44885
1047
11697
27077
53290
35464
28715
85919
8195
39874
62093
99322
4368
89950
71108
86087
58627
21087
48995
79251
51568
17197
48971
59655
86320
31740
57817
32779
24732
10435
64196
73848
84084
80644
89679
46955
79725
48294
95194
30966
72220
92853
20344
66013
44527
50728
84937
62640
38434
26561
4853
3423
76514
90466
79582
96472
54000
22693
54829
3536
52773
73460
34036
55862
79125
14636
90798
84397
69085
43162
66760
15175
21109
11890
19613
41007
22742
48964
16218
88480
13879
39020
36088
82674
49514
46612
49652
2199
52887
47427
84883
2973
36093
73068
63310
94335
92138
731
57631
48585
86521
28572
28577
86132
64970
44543
45072
69838
76652
77927
54130
97044
1106
21272
25093
7774
44955
55578
6202
45622
5076
55147
47073
95994
47753
14038
97132
85703
47495
45797
93764
68504
95216
10463
45395
32500
5350
23657
68163
11276
39362
11225
11787
63568
44774
16306
54949
36318
21849
85639
99695
83940
49952
45069
8301
31021
65678
80525
36674
45107
86844
22556
34346
61570
73086
72475
39568
9685
22203
15182
73973
22976
49623
72779
16946
89518
91082
65913
79447
52653
72229
84510
61465
47474
35975
59912
66808
15528
56197
61444
62967
15861
82470
4378
3327
53487
35606
33393
22973
89852
9242
83686
5686
1988
7153
32184
66089
15132
92308
19956
67350
34411
68453
56691
3776
55608
72367
8912
51644
10663
62329
97669
36575
83981
56344
3716
95452
82984
33405
38326
2211
77172
32597
41328
61612
31361
24643
61947
8118
16332
29545
74532
33678
71706
50451
80606
43741
70439
17417
72584
78142
23113
12011
15207
86417
45168
41606
3783
74833
80696
82513
15467
85832
20110
98214
83774
81732
70936
40448
64767
60462
55271
52777
18615
33311
63991
65417
82908
77169
1497
49887
23869
72126
87943
2660
62138
41115
15687
9208
49696
2717
46012
21028
86191
32952
90010
33548
30218
93692
19643
79190
41846
29003
29728
21438
85168
80583
20125
77464
52740
90092
76050
45527
64762
85019
81745
88886
92750
20485
86131
96388
993
15376
72848
18934
76070
62847
86532
72948
61196
257
79995
72118
61662
70012
27817
46642
41204
84945
1928
17994
13111
80586
32954
44596
71961
76354
24193
76645
7505
64100
90496
35345
61191
75768
70632
17078
20068
2476
39857
85349
2882
27175
72571
49062
90862
63705
97088
87979
75317
19030
82029
49556
31037
63573
94180
90528
16144
58682
1103
94970
58237
11577
9959
93362
46750
21195
1725
74438
89652
60805
4364
97899
26977
52315
49991
8083
8745
85788
78136
27809
91090
62946
7356
94754
19898
10192
43185
5130
12880
36269
76057
19336
21051
99724
45598
2040
64189
83587
42652
17909
46627
8664
53761
77164
58080
34330
15225
73584
25209
8552
21047
63195
25863
84272
44520
78617
2511
1729
66918
92449
8794
12864
38835
41315
96354
50148
21670
49781
51143
90744
34172
27666
67736
75374
92419
69816
78972
46161
90076
64852
22535
42347
8359
17924
8898
45291
83333
67398
4297
73367
73595
34639
4952
83315
10059
90604
73896
30152
22938
9224
33691
65422
27376
65135
19729
2764
45528
13347
45450
58763
93060
40306
98280
62447
88786
60053
36086
62518
82916
69375
45813
86531
76654
45834
57046
37602
22763
68361
1600
85276
51623
29489
96979
45509
45071
89675
93747
15118
97461
30741
2780
87461
21355
66391
72317
53117
65128
67079
68510
69764
64192
49744
63510
52295
13099
12878
96319
73317
87364
27959
82190
83006
53802
90884
99359
41694
45967
44109
86229
73720
89141
51464
50676
78589
78848
65009
3391
9825
4697
48578
21629
11341
47798
58285
56122
37088
36297
97372
49803
2445
35836
84070
34504
79206
56246
26023
44883
13531
18650
15739
16293
89695
7902
98648
96117
35603
89106
53042
71873
88600
43986
17205
77461
32840
47198
17990
53187
93213
57331
74393
55830
79083
46658
4718
30900
13886
55044
27882
70251
4610
83968
79323
79216
3983
53322
68939
69913
59342
25731
25086
16314
96315
25752
29839
40878
36544
25373
76579
97327
72124
64148
95263
15635
96922
61276
55415
9643
97584
32740
51656
62696
62390
57411
51566
18677
32191
74958
26519
55329
15119
88062
37985
41152
65013
44336
51511
33714
44056
32089
30404
16797
23198
57821
32934
34134
30458
9333
85304
11810
76054
31429
68468
8689
40204
67301
31230
87994
35561
51070
72607
13861
93353
41352
99018
55412
52877
86030
37852
35500
59785
67611
7881
44898
14247
95889
8159
77649
36122
73698
9431
76364
4505
99812
5233
48062
87886
38800
62940
7526
10924
60182
84802
95766
664
86747
50594
96930
39879
84360
99741
12790
35674
27594
25432
82648
57678
73809
90951
52491
28687
56389
88028
40922
32729
82642
97217
27419
89869
68089
79650
28119
19832
57780
40802
31980
15447
69190
84813
2347
1560
27703
97223
37477
27956
28909
25002
473
98664
69458
51923
11785
54637
94225
28914
27255
38138
10026
45195
90084
59717
3802
54236
48026
52184
23743
49985
50090
13382
33451
25118
21328
97316
41710
30520
57861
5984
1420
48514
85017
57038
90258
49576
31928
24587
89702
72651
58072
72291
79533
26974
79958
15061
53962
37370
72089
75229
1940
42153
65518
14784
20599
47210
41977
94581
40913
78217
33491
77460
37958
99902
40456
90374
12856
7114
39430
1715
36526
55180
24751
97868
68114
22627
33138
79377
43363
17188
92595
99278
12832
18042
65985
75451
63087
48287
65755
89280
31485
58157
59527
38597
75415
24862
68802
24122
29054
30428
49746
85510
24183
75924
33315
49463
20836
7713
17394
92729
84894
33048
13938
8063
21642
36281
28283
75311
23411
184
18912
53803
80230
84341
4977
99394
46498
83223
58653
93096
99224
94740
27879
96064
59642
71277
82744
76703
42670
68589
98092
76049
76928
56052
52822
37620
15499
79438
86866
28261
97920
44119
93341
23266
6479
67520
95139
55781
92436
29395
6097
25038
58142
31559
79768
29299
90534
27355
52958
27360
2415
67556
78280
80805
41038
59774
47285
47797
47413
69023
18409
41450
69181
39284
15315
988
5085
39641
90470
93911
24657
80369
10116
92879
11004
59420
85646
86177
16760
10221
32040
29547
61732
93776
42511
53444
48918
31583
37807
74204
78069
31807
60198
26945
3047
52168
76666
62740
49880
12635
67855
11558
8765
48638
6407
71614
41852
43078
20119
40882
420
90459
32676
59125
98764
79947
32017
1163
46865
37144
52139
51865
91542
73078
33006
75370
30954
91282
80640
34642
32171
49439
12127
62358
20073
42724
44409
44861
12480
46703
90616
56591
62873
79088
34800
20513
51636
29363
55869
62427
33717
18782
81846
28226
24373
88448
20808
41215
92434
73452
48194
44427
92275
19894
80095
82504
98608
43220
7697
29285
8430
777
31956
4696
65556
32166
49792
39042
2776
73512
85583
6404
51034
90251
20928
6798
60945
32244
54041
1639
92778
4969
91097
31619
20988
43970
32668
81167
22356
78796
10622
61671
31786
65600
93563
21578
39587
44766
85885
9589
48057
42615
98918
99045
79371
11019
57421
93430
70541
76208
66348
6906
47488
99315
55494
43885
37533
44120
96878
75677
99686
18320
38364
77539
65027
20334
14569
68123
84038
79812
12973
82671
42354
94719
95230
97126
1377
46807
21187
60244
8455
18448
63607
77162
85504
84473
93236
13470
18293
8255
60444
31727
71112
28746
64320
27628
74180
87416
23366
16991
84754
6420
97814
67700
9528
6886
2449
85137
16811
29607
60352
96220
54232
61803
36182
94153
32020
34876
18120
48533
35243
12007
41706
51242
31657
21096
1806
55863
99296
29693
55069
33208
8676
46610
85270
24818
46166
3568
30787
59266
39449
27917
55448
79758
76093
65572
31058
77052
62468
63361
79000
5863
11340
22513
94077
50346
30093
31689
51421
39115
67972
31789
70107
55467
73642
12426
16825
94141
3815
84629
28310
11308
85573
6473
25660
40745
75051
48724
57145
31439
13292
16187
94826
27712
88238
40068
22100
82110
6724
51346
79574
39684
69209
78794
13510
12154
139
60071
12120
8534
44578
66332
99826
38400
91141
34528
95372
49733
29754
21502
53335
9070
10434
80
21206
87099
92443
45268
76021
76356
69311
25659
13225
6175
58721
55062
6387
20196
52451
9803
13591
48817
89090
59798
86024
91528
80582
55993
38926
60841
2900
96587
30660
23007
16851
59368
30611
82799
57054
50299
49901
63485
56475
84812
1065
70690
90463
96686
41467
72048
22924
46607
92719
72356
28595
5649
97799
45260
14811
24726
99084
73853
93616
75895
77704
55810
31594
63603
22864
40884
34220
89207
38152
25669
47220
75792
60225
43258
73401
88120
80372
22925
40703
41417
92084
28528
4604
11180
39231
63585
20540
99479
49657
52328
9436
22034
61661
3212
84073
23359
23684
50752
30764
64044
19252
72044
73536
76515
42071
89668
81687
80381
82138
73404
25602
42414
85130
81239
51081
1617
20601
77799
64698
12900
11079
14201
27076
22894
88267
63519
37196
12957
29877
83433
38215
6955
78899
70860
63916
82099
55610
51377
65441
63559
89196
41353
98415
72588
61546
2345
17642
30527
32132
22258
84326
91815
44145
30177
62882
21378
44882
67823
62823
15036
63256
58723
4123
96086
23018
203
30191
30910
51162
77111
99414
672
86019
26901
27188
7840
14932
74026
86638
40881
26082
53119
88203
47372
11363
20311
56144
54487
38850
32747
5882
41642
38682
761
66299
67335
30412
80906
95210
34147
42183
93272
86611
43900
34182
84598
56767
11959
29155
48253
18108
47026
47432
21818
98369
26013
94577
58431
70000
47878
60598
24279
89388
96839
85644
87220
32492
34976
19727
70820
52548
82318
32428
83921
19089
61762
66559
28920
93471
94038
2817
27024
54669
74487
20091
34718
57865
30150
88934
50719
84432
95631
60972
15042
58264
46576
73974
33735
66507
32223
40621
87713
73308
53819
35779
36499
93741
4793
76062
86590
43399
31958
86212
14168
93111
33620
87539
27161
30596
95604
39597
41555
38036
39040
73783
88105
14184
5330
25796
41741
83372
56927
88763
27783
79743
6518
83894
10893
81941
56276
35648
73838
62157
19297
32498
98296
50258
59340
91005
60633
47366
88846
97333
80324
79685
32348
94028
39447
17084
30220
23556
69979
73587
63159
25304
57598
87970
69113
80913
99217
48661
552
38582
22086
17455
74540
61282
35306
65767
36629
46922
89138
14672
55008
61373
75000
6720
49166
4742
24800
52276
2825
34312
81360
82708
82177
80065
56890
38016
22362
31375
5503
31437
30362
19232
88932
54171
90751
68688
89081
69061
1621
18730
93798
11615
81174
79016
98750
17294
75456
22559
89517
23522
59459
60074
30410
99972
57229
15914
58516
900
74117
42013
56441
83129
46872
86883
92478
90499
71434
13425
47383
57228
79554
76600
88753
66886
54586
65124
27653
88935
89588
69625
52330
5197
21394
50865
4548
78609
84794
46663
90316
95956
35712
11149
25201
430
87779
50769
14263
30047
47264
6541
88315
73055
59939
91516
4264
11470
3107
70373
60119
4272
43250
75520
15064
74792
35822
66661
89323
29812
64614
65553
90678
8580
4322
41926
7626
45343
61369
83017
81785
31117
27258
25978
35215
30262
90329
68541
79975
2218
37934
60196
60290
69474
8839
19590
77646
78222
1923
24146
65452
83056
64660
31027
37810
86482
4120
27643
6152
81777
31776
37182
19484
71673
34862
60763
15721
75146
76713
27460
60752
72623
49170
16232
43985
30497
36194
77178
27025
5337
43528
75095
62175
71427
35804
42379
36244
68678
35638
72109
19707
1096
390
85201
61576
16364
68966
56670
60060
57575
54001
77034
7249
42593
50999
56336
64444
27339
19828
32734
33610
71181
10796
11971
49209
81105
57455
65037
11491
77405
68419
18445
74781
10093
39385
69774
1176
80348
88038
80597
97234
25990
66453
36217
32287
39635
3330
76324
55744
87647
10895
17232
38112
14506
49320
98673
65905
15742
92158
36298
63229
26745
60997
80185
34580
73209
49622
67790
67341
92565
84232
98076
55513
61350
79516
81665
78756
62110
80479
24734
26594
89705
36854
748
33625
66490
64115
93095
93961
55678
4851
44146
7265
20685
35663
47871
40607
66167
45358
7922
20131
19200
41447
24415
9175
46684
26617
38706
10500
52830
64576
35178
14211
98948
57100
42139
3023
1880
21731
69518
39220
89997
7184
73361
47371
48558
83489
15179
79942
96834
59777
16840
88433
50481
32938
56055
40015
63325
99870
40631
81975
4559
25128
75523
87410
56340
59563
4388
81700
59843
89450
48031
72962
7383
64608
22084
57012
43438
41683
6618
82827
92637
4036
66354
94803
54545
57530
80343
96894
393
87270
69634
68693
46406
6009
69435
51929
48151
15784
48232
38834
34879
31991
6160
78391
21878
65379
86145
3446
76431
8858
42782
29411
53938
48816
39266
57287
17861
43694
53399
63677
79894
79305
45775
99510
42167
81133
11430
76448
94915
42821
2007
55177
84147
89208
50842
59734
12876
37049
40088
75829
95158
35454
18153
12724
84242
33983
74623
46713
32260
80109
69690
24507
90393
75921
25875
8507
90408
18250
97247
46490
2446
73972
46897
51107
26879
44108
95328
47515
81906
23742
90214
57623
32922
47960
34523
13797
93818
63481
57416
63517
8005
17540
29680
55303
89502
84729
81450
78658
81581
78163
64331
83034
20204
51645
58528
95093
96791
84713
19644
27468
33461
44647
16265
65924
43172
54439
60818
93577
80973
60160
81268
37128
80291
82716
9275
57507
30022
10886
27812
41788
27201
65729
10664
62716
14233
9033
92786
45288
32005
53426
16080
83102
4693
92080
1588
86150
32320
4560
97938
50349
45287
69656
12527
998
78517
48433
46429
85572
19741
92809
3374
79898
35315
18919
98712
9179
65211
30516
13286
95820
57681
47735
19862
98474
81703
84470
70682
43487
20395
93091
91031
49538
27091
56295
50527
45948
25051
53546
60721
86834
67205
56727
5798
17837
50352
35534
27015
67918
25904
84847
39426
98132
29554
26828
14772
45712
70199
87257
43690
16528
23870
54841
45995
20759
15591
1901
23773
97114
92170
12632
89944
30529
17625
89928
72141
96705
90362
84780
54646
1674
34448
17023
37963
58399
10563
27455
78081
36621
86128
92965
94007
75397
70248
58677
87542
43728
14835
15881
84412
13375
19687
18389
99604
77572
31299
14339
80925
43108
46682
34255
56205
77935
61751
55592
89423
43148
78292
88356
70959
25558
57490
98084
11008
42232
57498
13344
79002
47326
10214
95642
27261
33619
95147
44042
73981
33535
98549
78761
41136
65308
12247
51119
74884
4275
82100
11331
36004
84577
12759
56723
49971
25594
37489
58539
44579
2099
62469
59050
81902
17898
87215
30434
93334
13640
37096
10145
39221
42112
64050
99181
83586
55731
3920
29618
2455
90163
83139
82551
4594
28408
49375
24292
17554
25235
43270
47037
17352
91593
59483
88486
60712
44939
15229
22129
34343
45123
20656
7084
82330
17958
76441
89092
7754
13397
58313
10582
6722
40463
15391
65907
94634
70619
99212
25847
52293
14633
61886
36722
89479
40813
35912
33367
15192
49201
34878
43661
63684
90416
17936
9243
26081
78445
7086
74738
72898
26331
20699
30603
34608
