9048
64192
22100
4297
1626
46693
52429
16127
28269
12461
77721
26156
22193
95627
11999
25822
3089
5730
65002
66640
8093
8771
2767
89513
91705
41704
72680
30376
41722
97325
79329
51269
15141
696
47642
64081
58037
38708
24427
91037
39091
69421
2293
54333
54045
69680
81225
99634
79603
82621
66035
92586
30230
78460
50183
91821
93425
88981
65684
47709
31806
45905
55929
76382
38409
42148
93893
58099
99108
29974
81821
27361
53902
70560
61862
65819
14494
13915
78668
91671
99561
89738
1469
21504
47597
43685
13100
47566
70619
1835
11388
31236
66441
46268
44329
66752
33327
32414
40031
5169
45217
73752
32560
83368
91263
49183
56218
82845
82569
60435
98347
56985
22673
22585
85509
16722
16115
6715
38113
50343
22334
12276
90077
88768
88928
78035
93690
99150
76522
27232
95093
18319
75985
20067
79800
62206
18272
61797
38125
50490
42389
95253
81877
62128
37681
38907
54690
71254
66926
23436
29287
2915
74932
47503
77429
10464
79001
80137
66255
23483
57717
65787
53185
58106
27006
11283
16556
92043
124
56873
9917
66352
76819
10408
5511
60696
56136
55872
22940
60074
68535
95506
56223
69992
47235
71372
18985
41459
86656
31827
80356
35675
79099
21364
30242
52307
36669
95891
2229
63457
91047
34254
33923
83251
15308
52848
69081
46871
8325
54055
21831
41929
44304
54750
47930
32942
67610
74858
42625
11399
15943
44312
35899
21055
21711
6340
34270
98123
25686
52862
90845
31969
81210
80115
18685
19135
60720
45124
65610
24070
34921
44478
49296
75835
51611
45987
38678
8024
74330
57481
70012
68675
89701
92928
79406
81268
97510
47470
81795
92466
59292
18167
56869
93011
56249
79639
73309
15430
96089
55238
90060
3625
53879
98854
63112
97397
5040
40309
54222
19845
61522
1615
63969
15215
24013
11472
50309
18992
25024
30297
25369
9057
39855
99638
37037
68860
28355
47347
91718
47694
85228
93706
91723
73258
28055
83264
84575
4516
58569
8113
59554
87500
93255
31801
62933
51293
32704
30474
43874
77681
83637
32087
6880
25397
57443
8645
22401
41294
61288
48382
46674
46566
41143
38021
70854
56864
66221
13927
6678
90465
19318
94658
1013
52313
96406
75188
95724
30152
57582
83225
10422
60378
24838
79452
82199
51367
53292
30733
54569
5955
68103
14191
4260
18151
30086
965
28684
27724
151
6579
47964
45353
85392
97626
94880
69055
53862
97903
74556
89627
27032
8809
11885
54002
90378
89420
51902
57564
74421
88551
62173
99540
22190
53609
67133
82128
97771
16144
40193
13085
60009
20745
6832
28308
63818
38999
85516
2000
96951
17524
98505
39227
24046
98814
62100
89236
9772
90908
32737
31339
34353
91659
35533
36968
41878
20194
64145
12155
64458
739
48644
9461
89915
59086
13786
76275
25050
5560
88227
33190
26622
39171
14860
50731
27208
26283
71269
12284
67750
31077
94081
89084
13254
60830
25074
728
10164
53447
27025
19871
25501
32336
3019
72981
60273
8387
53269
65773
54314
10433
87819
7253
33268
14334
3475
85974
7086
99297
73103
25388
16226
24476
19810
80179
58109
94693
84186
20921
49573
31378
25277
23065
84053
74297
81527
90321
62435
41287
48311
42970
24245
43541
13296
52765
72179
53805
30593
33881
61642
85426
79837
6630
26976
66833
40903
68318
12833
8196
87197
71924
99577
6776
93381
41436
55856
66728
34305
30982
86114
13291
39769
41847
30160
15902
42829
44115
79398
95569
89935
48310
12196
6915
94322
42126
78637
46282
68323
42358
25743
3326
9179
94540
682
62909
27819
43164
57455
9427
30228
20497
46157
22328
80885
55558
60130
83314
29504
36224
45872
74380
64874
33942
62004
46603
73252
3963
14431
72809
60623
59551
81152
31746
10222
63173
78983
14641
37452
54470
36350
47849
17855
12371
38248
93684
64003
54009
13390
71995
49337
63798
24178
56636
59804
65640
25731
91433
33865
14601
34594
23252
39477
78791
94403
15072
51274
19494
64711
59875
67322
16547
92549
4693
6157
27109
77494
51699
38703
52328
77020
80247
65314
23300
95859
91084
69452
75405
95098
71539
16333
63620
67636
8389
64339
41882
38793
76851
77883
28507
65700
75626
94673
69305
35786
73790
11257
74142
42260
74628
91504
8751
6145
76853
97552
38802
19439
16240
63029
3140
60606
79376
67049
65933
42387
33205
99915
26422
24606
40052
40059
90342
80536
93379
7193
23319
93746
66875
91606
40064
14595
75830
9597
47435
69756
36868
63953
55278
24702
11832
21069
78088
76654
42930
86164
6274
94357
13417
20483
42402
91016
9234
4827
96462
74181
28655
82348
36005
24445
86489
42492
26114
11084
42398
49224
47035
78138
59910
26085
8556
36780
35517
20108
5245
56896
867
38624
76997
9327
87957
2123
67559
78747
35196
74926
32962
31381
40510
72296
79660
37217
65654
91501
17846
76931
39340
88883
41774
88853
29451
9009
42819
25151
77481
47518
74197
44177
31017
16381
16515
32493
92521
85635
34213
769
86396
20975
96453
71925
8868
86758
32082
92312
66880
41051
50561
37913
79436
18266
71042
86291
36623
27121
32088
23056
7060
82612
29695
2929
31030
36406
50207
19931
40138
250
62240
71888
22873
67853
56180
89486
47021
56978
95618
51189
22711
32711
8752
79986
40579
91264
44227
68565
31224
35771
71967
78663
18138
73283
95088
11284
92082
83433
90921
74353
45599
67058
93117
39952
95050
38423
91112
89169
57773
93433
51152
32419
33971
80567
73470
31403
66009
29496
16139
18185
66263
53398
694
90509
27849
8259
93288
32835
13626
34029
94831
58416
96584
99055
19139
23754
7306
47283
83327
91352
22206
72944
46370
36857
43992
66214
33045
96058
4191
90010
79709
12646
39507
22587
53286
31323
74559
43482
56116
66356
45625
75504
35531
4601
29627
77682
54177
44399
61299
12474
11952
84933
69448
31074
23038
53929
94932
27068
39582
67869
88719
93084
92944
17857
83342
39323
31451
55760
11385
6798
90590
99547
979
88364
20398
47552
95467
12356
78269
72140
6039
18434
68831
48983
2446
56578
60347
65657
66855
82952
85787
64501
68060
65487
93030
84064
80340
70068
98008
25774
95431
23303
92018
21752
43630
25645
36494
5866
54328
46717
80016
70092
86622
55963
40185
91313
40470
52293
9190
88790
4777
64257
34377
74538
54818
53924
72739
6112
95107
75179
10440
77126
89469
69768
24823
14869
12049
96979
52118
86543
2857
87586
16824
62471
50508
78840
20296
3066
18774
94896
88751
90578
25402
4536
58457
5068
72671
90773
25606
39592
62180
44462
33478
11088
52754
2737
48686
72708
97892
36432
69950
97390
9441
88905
62400
66373
3590
81958
21741
32715
43367
44863
61479
95538
59473
48887
1948
68916
18111
79498
83567
75743
82958
23113
12999
49161
10716
1168
1164
85900
2262
44982
94564
87480
88987
34740
36070
9530
31125
9352
81042
48624
79920
75065
79344
21057
1889
23361
5829
27831
88449
35433
31270
65921
51273
65976
99196
96811
56802
42047
58154
22324
29139
44790
45192
30263
28079
59475
50002
24361
11683
78825
65707
55086
88910
26867
62029
98409
91131
97227
56803
57907
24788
65216
86562
27040
85356
6169
42710
22626
7255
99263
33280
65718
55636
84030
56644
88979
83792
7262
73215
86153
82977
57431
56479
76212
31334
64877
74164
48901
48143
16575
41102
5086
13118
64053
87554
29088
57018
81307
6980
2054
51799
47892
31200
39110
19549
32342
86204
73981
4566
21607
70051
82393
64940
32479
81955
14245
11055
69172
19946
33828
98343
49159
27029
40605
5032
8471
16047
85032
48312
59310
41592
21719
48378
29973
57678
66169
37601
15164
53024
33716
52632
26734
25877
83652
21669
52442
23420
90368
41638
81833
23214
55859
10251
36548
44557
51080
43180
21994
70494
1208
95938
16314
79899
9460
80102
26125
15035
3768
90740
52167
13717
46096
32669
49900
93964
94475
98922
46243
93554
86644
82411
33234
71200
67661
98980
44707
84050
88659
41508
7031
13171
75652
78956
45733
74577
24032
15635
510
61845
45153
91193
81991
83990
2734
14808
69076
9494
36118
81258
75986
40980
68906
61669
72115
15398
87478
49386
72768
48650
66229
49176
53118
34628
96938
47488
34896
7637
72994
62420
76999
89822
18868
36268
11732
3410
96746
12777
54548
13911
25270
44843
41910
48031
96120
52241
46356
96908
68497
50941
33761
65553
44276
28740
94785
81683
93196
85239
87118
17586
7192
71152
370
92294
51874
66111
61696
79363
47619
35490
89502
31165
12401
91796
79017
88972
93616
661
65845
49605
83881
48142
40298
96189
60392
16015
4928
55365
64320
86903
28781
11205
43066
15316
6638
26522
36899
57134
53143
31631
86684
71545
73594
18584
15025
49743
16379
9580
23747
98451
37080
9692
62056
66448
8542
59666
88454
86271
52422
67695
40495
46402
69601
38628
18122
63136
17842
81581
30129
88016
38942
5288
44889
50867
23422
99526
70625
52438
50966
94537
96499
32177
63615
19208
12098
41341
90594
53498
16808
26415
78450
68042
56986
44120
20578
29373
91073
86414
52454
19348
7415
90146
59253
93613
21406
97563
95143
71333
51860
73097
11298
90334
7975
19227
91854
36986
13122
22561
97383
56945
27004
4926
91393
76963
65867
43598
41250
4036
84526
89067
20240
90832
80263
13834
5715
8819
6368
27253
42393
59504
57867
5937
83991
37855
60343
88372
14348
89208
20947
26455
13818
34903
18646
51591
44175
9110
93402
45808
35630
16429
24636
7238
21668
4407
97111
3396
53851
39095
21452
6987
92762
11070
20302
37509
99864
81851
76831
38447
43605
76988
53745
71531
97801
76182
3935
82334
20341
15684
13265
97165
8181
68879
16368
40524
90315
47817
49977
7851
3148
78721
51552
94111
55575
84398
97894
50589
80106
88031
63678
88285
45141
76428
26472
74420
94195
92372
45633
74798
1667
60161
60324
52823
6779
20047
18904
51288
12132
17158
91711
40967
70772
83456
97612
20993
22751
98821
19852
53014
13574
24993
52049
75963
54077
16468
69389
66674
39879
93953
3051
63214
75341
28051
72184
21070
89385
95911
48850
13074
37441
46932
49908
41356
30419
49326
50921
81810
21917
26602
9892
29498
8127
99548
49164
29437
68059
43382
32848
50137
29475
30507
23533
68629
670
77665
69514
19262
68359
71962
487
5230
51445
25491
18593
82131
11520
18286
12153
90766
21912
67561
11226
33475
27644
32332
40151
54146
88942
97887
91492
49621
75880
10014
75402
33767
50152
14487
59894
54386
99510
42990
84094
73228
53197
81483
60319
33884
97109
49339
23373
59758
83914
21884
33175
97589
89488
17299
93600
69953
22209
85870
60657
7796
87429
99433
99414
81509
2198
85538
74346
73748
57872
63086
55002
462
5200
40765
55079
90026
90741
10281
97310
43362
98773
1454
11201
61103
80480
83295
99961
85043
47529
36159
182
9694
44254
32934
78412
44799
83842
51817
80654
34668
29134
2779
21060
42514
96657
74699
4553
79844
54960
76531
39553
93086
55200
7445
40409
90089
94619
4314
85125
74984
2306
67239
36571
24721
3774
17873
42424
80801
45004
3178
58604
58329
68168
67297
69960
58391
27583
19505
26299
91822
26675
66670
63578
90216
92942
50229
98230
733
29471
21659
29862
51422
84130
47908
17104
89186
32074
47563
21951
10624
85649
43419
31018
40656
86613
38717
54034
49971
48943
14125
67342
85655
16458
93016
82208
84075
99409
50685
96481
1233
53191
67336
33848
12493
18216
17809
3252
6177
83728
67796
34381
38259
34136
78275
52677
60361
92533
29100
15548
35752
67222
13276
75797
64913
29991
38000
95871
27767
51868
81544
78550
16728
33554
77580
29180
39977
36710
13890
55946
85841
20765
95520
34682
62403
47603
87071
91994
92460
8598
48393
23350
59346
8947
50900
36479
84291
18101
82741
17009
37939
60375
32149
52275
73314
61260
51665
71905
34851
79806
55156
27852
72772
9724
65179
30103
32958
63996
3864
96538
95500
87560
20633
89278
69308
63325
82000
96734
46278
69856
47645
75384
92768
87977
18300
25636
7918
65993
52449
47278
76347
52881
48681
9452
2960
22452
89349
64637
77709
74313
9097
81454
94716
68585
43417
26796
46180
55284
37425
47139
98285
97581
26571
48216
80550
13714
51742
55056
11490
74927
4342
24101
61411
34606
92417
33704
13298
62518
57140
36677
41190
37838
36569
20642
59501
86938
16169
86659
15942
20834
55728
35907
11636
72900
27637
58241
28247
52561
88729
34586
76797
72941
52315
45512
78190
90897
63231
63301
6720
93037
26737
22081
24892
86205
47451
9735
98558
94454
72057
30807
76435
84667
16539
25838
1551
65393
12588
35370
11142
18147
76767
92413
79912
15036
23345
4722
57866
33463
44905
40461
29118
42650
67934
53075
41293
20547
75971
54456
61223
65434
46035
36361
79733
25483
18670
86206
84870
32045
23191
81359
29587
39915
59204
16775
9551
876
10255
73435
85053
84668
45540
72249
44849
64982
21615
80125
32994
36140
75734
80971
20854
51529
44757
38440
24026
87877
22356
83627
37269
31789
7550
92233
52973
91872
78448
40938
2428
53852
28685
97698
25020
10601
34745
8248
21935
76436
50512
26651
95347
57981
65511
64269
22179
15145
87921
75914
48929
44136
8584
41486
24628
69320
6462
15530
71634
1538
7688
27951
39832
7341
60015
52705
57628
46999
95730
56170
9765
12593
80511
5124
42019
97501
59556
40644
33623
38980
73402
17247
32018
93947
4691
6492
52571
8844
48736
36833
2128
37074
24870
84562
6163
34257
77783
49467
38179
4346
43944
57886
89021
49646
69476
54648
95672
61963
29649
81072
49402
78934
8407
3239
2002
10335
3167
261
88369
50954
98579
95653
36962
24302
18139
51691
20883
62433
53596
11267
88870
61571
35158
56447
82234
67310
27821
76445
58648
86735
1613
63542
45711
51922
67642
67680
75045
75326
8736
28116
3695
18175
23697
97098
14320
41718
2233
12029
93640
22537
12912
17057
9132
41307
67341
14042
95758
22080
15704
68976
60065
68949
11082
95634
70429
25943
24822
33070
28693
41608
9126
40033
41981
66847
79956
11617
32881
70602
78432
33891
38667
9073
20061
66106
22147
4686
44178
77868
85919
53893
34702
44046
14536
50047
50850
9008
49696
68430
27039
71229
460
10991
72881
47043
46433
62561
45092
1943
25866
39801
84190
12164
63404
42442
61323
77762
42823
8326
1903
71909
21856
39145
9204
41941
32217
24891
54602
30444
67111
98293
87972
90234
61718
72164
46489
26596
21093
9019
93963
4535
67189
15007
69037
31682
78036
11342
75726
53555
2625
73209
77057
29410
53798
85888
55654
66706
91455
98847
18608
31279
64093
85170
27692
22766
62866
78762
98795
91232
25324
78781
49140
7480
39427
28722
30816
12403
54306
80118
77344
18891
96930
50615
92908
86289
54072
86387
51704
91712
8171
57969
92230
92750
74983
47836
88570
27952
76878
10552
3729
24282
85117
963
93235
97574
53511
7845
59625
10754
91566
37391
73706
97802
46854
42802
75509
27516
38005
16988
12849
83458
25390
4100
30919
36330
48512
39128
68812
58132
64933
98187
46905
19080
17918
22114
65306
34782
44801
97648
82715
36581
13687
77160
87329
17448
80153
11024
58014
17232
5299
85034
59828
79649
57586
92850
64816
96854
14850
23983
75636
22285
50944
99147
74973
46136
78801
11738
44413
63905
96253
48626
64878
24916
1130
64832
50329
62042
34195
34902
9563
28583
16989
16489
72065
86866
9052
50253
1047
68198
61842
39581
38417
754
4983
75937
15507
11021
77393
76739
11136
32296
75501
41366
49347
33324
29465
6789
74301
87165
48585
16002
21051
93404
67956
12181
21881
34828
37411
57554
42908
5931
41367
16161
92430
74720
84001
74308
46716
25655
47208
89197
53755
63797
34474
92496
44289
27984
9018
16353
82889
62192
5966
29716
91081
22406
81431
31501
48919
54094
42862
49930
39351
63853
76755
63318
60228
16753
86493
86016
42899
77848
1999
12888
95109
32314
8361
26959
651
52096
2798
80300
38081
45107
87189
46757
99250
18435
78834
46534
86482
76686
35125
19989
74970
26181
54538
31948
29987
72223
16904
44388
41490
37919
83298
34334
12682
33735
92553
17660
63296
83426
74487
8379
82792
59634
93052
60455
59229
35673
51348
15784
83194
13121
31678
70109
71777
59703
84285
64154
2639
75912
90508
34856
77298
57701
79285
89412
4971
15497
21632
89451
205
35316
38786
95735
36242
23221
61645
42015
96445
40435
50445
16592
27812
38476
16746
42
68913
47858
99100
98146
34453
57165
57382
42076
65851
58143
69746
85602
18264
23798
79984
22736
5606
50430
56345
68289
44014
12730
68258
63515
10469
68736
20515
73235
48974
30130
69586
21075
47692
89964
33302
68771
81913
34237
25396
25986
47599
92125
52524
5369
36172
70947
9951
98906
82028
59642
52094
95234
686
25914
25854
97088
76525
26990
24390
978
67068
73565
3483
27268
40429
51563
42795
38772
52538
9888
31407
2663
83431
498
7608
73265
8359
24551
43879
46677
33370
73287
74928
76703
87741
85213
8680
19626
6141
24285
5170
7120
76547
81827
45293
42232
91553
27716
48274
6331
35826
16444
583
83114
96326
65797
67167
3598
22498
48855
80388
52590
80182
76900
2760
61263
84329
45646
76439
6855
22488
83525
61191
96002
5998
4456
54758
90608
3276
39964
57895
18513
71090
23679
3342
42316
50382
19180
71573
53657
52168
50600
13535
34458
40500
16763
2541
40372
38262
24596
85779
2611
1916
91102
21561
53259
6313
46289
22896
12106
70158
77801
77803
39954
38111
56867
57191
59422
46116
68416
51828
28642
49599
94967
57244
12719
96232
45628
75951
37823
64534
99512
47375
2501
37889
54042
71127
31756
89040
75294
28230
79085
46896
27760
17658
25329
54105
74925
63563
97444
86019
77905
10248
25201
89825
25462
19832
65015
12201
92480
58133
35841
43642
36860
15366
57405
74845
50239
18510
69181
15810
94244
70732
89678
76127
92609
74859
44658
48145
54995
56865
68749
4778
15506
59955
31638
99484
61632
4236
22949
87520
56684
74899
84530
16536
91422
36355
28214
86600
57011
9335
5229
89516
40988
46836
57030
92243
32865
64956
94665
82257
50062
33150
43564
98625
48661
99328
17659
29999
87626
37134
55796
28620
71534
96357
61628
19483
38068
92357
1349
5838
93561
82439
50962
21597
51158
52756
55034
40261
30476
57894
63064
11704
58572
25080
51792
64402
34279
73045
33564
97746
86081
8464
71419
50111
37684
25677
69153
13388
85299
78087
96288
21497
46877
17930
31095
83430
89821
56018
98753
59871
49220
44647
22398
46728
33706
36638
47689
92735
17197
25844
27520
63669
72920
86219
26113
71500
85776
89139
75230
46482
23705
31244
72857
23399
56497
57144
55201
82458
1173
6531
529
17877
39266
83923
17566
93620
58701
22947
99888
21253
21424
37365
44800
56268
11870
27432
58170
72520
37144
72469
71533
3362
33806
65928
63317
84145
27638
20821
90145
3644
2848
75609
57938
88111
5119
8217
6111
1302
55550
62680
86791
27950
37971
88232
27003
21339
30841
93112
58184
16748
24566
80099
58247
60823
47250
60530
38091
64807
61521
34162
52843
21107
61843
20419
60282
22382
8717
63385
85815
53364
96054
18508
81199
60840
44404
29458
94393
30138
5700
32077
11571
30052
84116
316
91769
37501
74039
96911
67377
72442
72855
44264
88003
5547
69446
71579
29431
8918
8708
49732
25518
39467
36728
4202
24900
85526
10504
21276
47561
16331
79872
84647
38363
7725
12871
79684
47946
57994
95119
52737
19373
46574
17899
97516
13589
91667
32092
51406
91719
70907
61152
29268
2569
76620
3815
40501
7591
15495
53351
42409
23557
60261
42978
40471
28699
42383
75824
31573
77397
95980
94119
24091
14477
35927
27841
58573
58276
55439
52893
23761
43696
98674
42553
83139
21269
5919
7378
5193
82928
4552
60023
10990
68601
75328
40137
24027
48241
27214
48445
29746
79476
46838
22322
51855
2596
50641
21931
83534
2010
17122
70897
12088
42665
53203
24246
26022
88087
56834
96624
47664
92710
29751
94858
37599
323
28480
97056
45259
22219
21765
38513
31332
7875
66312
5413
4635
35386
97443
46766
5308
56868
79137
55888
71493
44224
56195
99276
12041
83435
76276
88254
87160
95796
72394
90196
39256
55153
41829
13548
3897
87609
84810
14111
71399
34645
99511
50708
90737
72510
42175
85682
65886
40070
82783
38265
76302
37154
19935
30466
36364
59888
60919
99835
2136
37117
33819
46077
75272
48472
30327
50140
14155
46005
22635
23896
15764
14523
54835
73002
75816
12459
67594
52048
62448
19178
27281
2811
13854
80598
52943
21954
47660
24511
56121
75663
61121
77008
92929
18976
21792
51408
50545
44267
73916
1305
27966
84589
16082
66556
30648
369
52649
79036
90217
64124
31333
95894
37185
60297
85722
33132
48107
97382
51747
75279
87918
75029
15378
29076
11685
37806
46660
47268
92937
70094
47699
80498
56808
75787
98439
1079
64630
33245
9414
7853
98305
89664
77574
76007
79730
58442
80668
65020
36718
35911
70692
81297
90302
67433
717
69328
50609
91604
19769
57363
4157
98029
25192
22543
79555
79463
26513
5922
91543
6142
67193
8637
18624
76670
93076
72555
5024
81191
80957
33501
39500
51285
67353
92822
77112
82183
91510
37587
78958
34797
46721
86580
38114
92543
71044
14234
72662
25191
45285
31432
96384
15275
3470
90357
61593
80701
19487
76751
66877
40659
54695
58708
88466
11057
8691
70270
64818
34035
13241
16070
62643
15934
87261
64333
43970
44294
12407
58799
81002
29819
8392
12005
84009
84954
3841
43112
40473
4587
53574
3287
50158
26378
50822
83672
66393
11133
23408
86530
50192
71119
82812
96137
49401
18967
32404
60090
29805
57288
99792
8430
51259
21969
43338
56712
97152
84961
53995
54285
75125
19612
42565
14677
4393
82739
35205
89247
49898
28882
51689
96202
13917
52416
71098
47081
94853
85180
13559
3358
33863
90226
22746
27155
9111
45907
23953
33585
87141
47210
63823
93748
82470
10784
6353
95910
25027
14462
57013
51531
13449
83047
53636
72436
50981
50417
32171
38131
46923
62241
42670
46040
4690
52468
8460
64451
91351
97879
88612
94370
66481
91934
22802
18924
98466
51716
95602
79271
73722
5131
38043
45426
72678
5366
82069
5880
5056
55457
57407
89181
93014
53905
40914
52730
49204
90101
39303
67182
84675
53747
48618
6770
34034
9141
28996
61246
38082
30288
54381
54294
14516
68213
95138
6784
99408
45396
93608
9549
55621
52960
46863
44034
67993
27330
89452
11997
73500
85203
68215
70309
2400
81021
32499
24583
15747
97564
16586
15748
75016
26065
41637
1755
74678
767
99465
79117
29056
2844
69861
28056
68366
25065
61346
78504
93324
18557
80416
64237
47133
2943
41231
5681
16795
38054
89924
94877
73242
91006
54761
32120
12083
38422
64662
6569
85592
23002
26163
24403
26620
43354
68050
96053
18245
2361
41225
18888
91055
17553
63377
98933
59369
99796
70753
1103
79801
41396
16943
98772
12308
40182
78933
71353
33041
73756
73775
45624
18844
52969
98604
99648
2839
23968
53129
68701
95192
23932
34503
78045
61044
66358
84949
23710
21149
7599
87440
45782
91404
54218
17201
60049
48162
13703
70654
14943
80235
87964
69972
50590
9908
84208
73362
7449
21753
83320
68271
57517
45133
25995
13861
88085
98423
11023
95777
34486
6277
1695
74533
52412
49415
18642
51712
73626
63665
79598
87968
14531
6090
5452
50783
69008
13758
22198
14828
92751
28121
17175
12433
70945
41318
48680
74289
90081
20220
85413
7489
10119
37372
41781
72764
68845
28745
60876
85692
59441
58250
62508
70735
37968
31611
72751
99271
20091
45000
15050
61379
24084
92234
79272
70298
71944
53949
18155
39435
80420
85303
24493
28146
23537
4072
1201
5665
4659
76503
7777
59419
21731
33687
52498
98125
58751
42087
37565
68594
11744
96399
97667
31967
93548
41859
90137
32867
48963
19402
14728
62969
32580
68051
48333
44901
10437
51332
23189
52193
9688
31387
92600
83356
16501
97012
45706
23650
75189
84637
16286
86910
39465
84274
24729
57276
17157
77443
32152
72144
77116
96030
22559
67897
29531
52583
75510
44236
33545
46149
34975
70287
12618
6444
11652
899
18073
89954
72947
8982
621
34498
59537
47725
7328
72147
57358
67640
9880
70402
36698
11965
8760
2057
6188
85520
14721
99251
10942
82121
26936
38289
5887
28258
8678
67731
69805
56860
20413
27115
7828
89937
23278
45329
43206
9320
42169
28680
86606
53360
26812
61633
11462
97583
8291
81059
38967
20686
95617
36515
35474
74127
9554
81805
61202
37493
28681
17370
91672
72605
44507
53102
35137
76304
9535
98349
95337
62324
26457
69843
47940
42400
47230
15403
97962
75591
72143
54112
74250
19653
93231
50218
45486
87081
90703
87266
32681
64817
86070
35190
92658
81373
49127
97135
7260
6520
36678
48364
6680
80652
73400
71887
29863
14592
34477
40279
14783
71337
97724
47038
81553
58001
53050
87844
10775
23787
79216
52039
98296
33640
20407
5503
1827
56475
96025
74311
68313
23063
95105
97784
47630
14031
12994
33230
93810
96926
56418
7639
89757
30889
11178
27160
30269
45411
75632
85399
66519
81353
84141
12092
52122
44229
79641
17263
95024
50628
19096
20856
21879
83344
75639
56710
45095
68685
56399
78549
58671
46559
79845
21299
60110
4001
23449
85103
53957
33999
38696
89828
93972
48897
92703
14
67668
94457
31609
1766
87020
1751
32833
7282
28327
59424
84480
97438
55426
54955
23018
298
89672
87221
32677
86499
73323
56137
35455
95552
91984
93846
70237
8740
57972
81469
89359
67394
59091
63974
49932
72075
92602
37636
76662
53579
87093
75387
95358
62015
2259
36786
8942
41233
23470
42135
22428
82983
85511
46440
5502
17642
42703
58493
64353
17742
57852
66340
19496
83696
10305
99041
68217
56044
47896
1283
94969
86692
17955
95707
96883
2051
60259
59870
80827
46200
94204
70070
33750
82505
25054
9155
60060
23362
24426
95266
84923
13659
79449
92409
31837
41084
72449
21351
42392
24019
15645
69628
42916
4220
52967
14886
2901
45919
95067
92847
4605
566
85685
39713
86864
60213
53017
11966
83387
26020
53816
12206
63784
83722
36935
9169
56470
78586
7006
33789
47280
28960
8476
46510
23054
82351
15421
95973
98373
46601
30440
14697
69732
23005
24450
97752
20890
68708
71385
7145
88475
28200
47869
91083
70963
83203
78159
91169
66797
64262
77872
28872
93499
84302
83754
79877
99818
72583
22102
62058
65283
8789
17245
518
90506
64346
12298
47277
86629
75172
96434
5052
93004
96842
17690
15567
60909
32029
19676
66837
52361
75981
40457
40051
94625
72163
83942
20029
74967
45125
51574
77871
47340
57562
57419
40417
66074
89955
30843
79370
39193
11370
36009
14078
35724
63872
83070
94042
15909
36939
29546
21438
32987
2551
3490
22203
25237
85842
59984
99038
29094
90996
91040
5041
37568
97131
62808
76802
86918
15431
23562
24232
95472
52916
51995
87529
58706
92546
59047
64646
11850
18202
37542
39949
8798
53315
63191
17792
71810
28954
71586
27255
62337
72343
47581
77485
52686
36326
94517
43008
83152
14858
76363
24874
10090
814
77698
53094
97074
10302
10918
52
27857
12609
7108
19267
63512
56108
61066
26585
82296
88133
81487
62854
26280
70792
7020
74267
19337
23939
23997
89544
22155
68165
5587
80861
26664
99934
80098
26157
90002
23524
65532
84893
8315
75044
13677
18551
776
33022
70775
31014
77268
71210
60289
51333
359
72886
17848
58846
39729
85177
13583
40010
26382
6056
92273
56786
47310
34667
3731
15339
52150
2775
89812
43873
97414
99161
66582
6412
39575
52980
34491
29452
27618
48755
25355
49628
13914
29978
67197
68137
12292
69761
39788
70254
36042
95831
39524
30562
3011
41762
42129
13228
21639
80014
7132
28793
1318
71255
44259
9151
88226
98009
87072
84428
60648
35863
75537
24602
9373
7772
23456
70788
11139
16625
97540
25549
30961
73516
40746
7596
85109
86739
39817
51732
16356
50684
54207
46849
75363
37987
36769
95531
90569
39093
11691
39669
57656
52803
34639
54472
52499
93053
2221
14950
98799
64491
38277
69825
59807
15545
9571
88944
32240
31539
66934
50538
64537
69571
14095
71530
68925
7371
10171
8221
2835
50474
8162
62628
79796
62398
3955
39594
71445
78370
49985
89408
39027
63
98375
25728
30059
52714
21693
48862
59114
89786
78287
90903
97350
84884
28916
37649
83427
9660
95474
23447
12463
53477
37551
94380
84406
52395
97150
71328
30193
48896
90362
69179
92379
7471
8615
24239
80635
96475
55775
26213
52709
57662
97769
64853
21516
41712
99537
86877
87996
53280
5465
11782
26803
96536
58696
42183
26584
9915
24379
79315
13086
66382
18497
63913
79112
47291
30952
91737
21040
21335
40047
40485
7878
79328
47368
23053
44768
64248
10287
31693
72819
16614
16027
88478
59931
30669
65160
3843
48521
98485
2747
41993
16756
47852
5970
43260
21880
38168
48174
67432
22065
70084
49302
46326
8970
82916
35121
16821
37131
4911
9004
57354
38697
37276
50313
81769
67768
36283
93169
89944
67937
4088
26724
81459
50063
58339
68200
91583
86979
72098
16357
31045
71591
45803
7447
29681
96621
68762
1952
56144
19328
16652
76924
80734
88990
42915
81995
90167
18751
35735
98892
42123
59565
41974
13146
42778
14559
3548
98014
98109
51696
1790
65469
8012
12760
92120
27151
6930
82317
56224
41260
33351
60966
3122
93532
14730
25187
49873
24719
94532
89130
21252
94644
39638
60766
3960
57674
46998
9982
14108
36114
95063
20519
56564
83718
29918
29394
20157
92436
52347
23881
5430
78579
94520
55051
36937
88464
3626
99065
51397
41395
81247
45052
58124
99962
14168
29683
26558
42940
88625
77490
25779
38947
71298
21226
83169
84697
45121
51925
67022
49576
61783
15118
13976
73774
85541
40521
56257
64628
81031
25350
83432
1018
56299
18715
42012
93563
55998
6924
2251
49825
12109
88540
56312
97851
51083
93990
12322
96679
43089
90078
7400
93407
357
44405
57553
117
17314
50
14249
17667
72281
85329
3134
1608
27447
86325
24308
35326
11915
57719
56604
95410
92420
24380
62635
42256
37324
67627
89532
34222
28594
66923
30257
51684
24198
16064
10835
59829
47136
24591
12855
38738
89507
13363
79426
33630
27483
44170
98111
8823
30732
48471
81409
5016
49017
17492
38655
30912
10066
15643
53499
39583
71313
60927
15110
70182
15263
29846
43151
92256
45999
60463
93133
46358
45708
57909
76929
93570
68886
24237
64653
60024
86409
80516
51773
52806
24957
45399
82849
46028
68891
98889
54682
65400
33002
33087
42399
93524
39885
22728
8703
34887
71781
24601
27756
44461
80983
70500
54411
87105
9060
30463
6082
36078
13859
53625
35073
30908
91125
24914
23755
39409
63020
64383
17718
41497
19442
17810
95537
83287
72463
11224
464
23967
58709
23680
70028
33835
60441
54749
36519
2088
55614
22679
83370
51720
5974
57790
92340
79597
40422
4581
93344
65166
69101
82364
46893
44815
82320
70082
39593
56120
10870
45974
48421
95169
87177
93079
43504
61785
89559
4476
7944
83585
83759
69931
22887
27594
47115
90023
68537
47140
40576
63131
74067
46113
85194
76340
14053
81799
19831
37400
38540
60717
22756
50594
33916
65349
58233
10684
69870
46816
23277
88363
86705
51671
46865
95760
33299
11368
81764
91085
68902
50178
11010
99929
76808
14891
36946
91779
26826
75729
45466
24810
45013
8897
11493
26292
17624
8110
19395
55131
51464
53664
37160
59844
51561
93646
22419
21825
15795
93156
81411
68025
509
82566
25145
64200
86021
85518
62919
20857
12786
29520
58598
70605
65196
30904
73143
95319
88780
21015
20845
36334
58715
65132
48134
68308
87115
80718
35782
52142
42450
28011
37616
28161
7764
19844
96897
55843
59276
1277
8465
28224
9438
90661
13564
44033
42495
1275
45462
14341
67926
29606
28112
60570
15105
60500
62477
18574
95589
52321
8285
26671
81170
584
13518
62408
88766
51140
21345
16390
27960
14178
86359
54931
6436
92153
79005
69453
66404
84803
57515
16123
31021
15570
50709
23666
72393
63036
88845
89324
2527
15250
73009
26665
16846
30425
79768
57804
47224
37705
2877
17538
37307
42069
1379
92873
7330
9523
63680
95258
21400
47270
34652
92076
72903
15360
57112
38747
40163
73598
12858
97781
86955
3693
22995
75625
89901
77902
16851
41271
27707
68056
34536
44667
98842
3682
83272
6993
16046
45118
26742
28478
29699
30691
3712
92214
13520
74060
81603
66686
8086
41647
60780
19204
9984
88403
28208
18983
66008
83178
2248
7531
42432
25977
29356
85852
97238
45219
30211
91333
74075
18206
80833
54784
37821
82119
24176
58570
32134
1482
88424
97867
37732
1669
97201
55854
10545
5618
47917
51131
1898
11379
43678
10295
34614
6480
13285
91575
67629
30315
43587
41005
81285
19215
62813
29883
1024
83170
22666
23792
42659
15610
1651
86894
66244
57170
55701
74827
59058
43003
14571
17816
1846
89556
2433
64076
6606
15412
57821
99468
8384
50237
21179
56010
48725
20588
84449
58449
67020
8695
53857
90830
27350
62105
31727
77261
39983
41121
82366
65422
62936
7028
80581
45316
7888
98743
684
56862
39623
17917
57126
98016
19711
95391
70815
13380
53122
43771
56102
61823
89198
79524
56713
22628
62212
25651
89767
9324
6961
60363
98666
39185
98572
211
22494
90629
68791
26604
54236
47752
64495
23343
91397
61179
2425
28541
70841
25553
37942
11820
11356
66879
12104
88426
40503
94203
24904
84100
90479
56445
14075
83560
78724
48737
73983
32880
20245
35354
92901
88832
39146
9480
69093
60892
33222
10239
98675
33061
88461
88149
22888
54667
66598
42065
78197
6755
91031
71856
4101
30386
8564
91843
22336
16781
27419
25007
24547
55394
82682
27137
45132
85693
11032
56576
85720
40329
32940
61846
93884
53599
41120
85513
4786
3119
6991
74072
60906
34358
75103
89434
82415
95942
74764
28467
18444
95120
8244
5355
11769
19969
90636
23753
51418
83937
50883
92713
61120
42512
42325
1923
37099
16613
33480
6429
3911
90927
13234
64841
57362
34489
9820
12427
32844
90605
85542
84951
64825
67043
45716
92042
24798
79631
30411
8699
36297
69673
79119
8463
21738
17977
2544
81919
4877
22202
51734
32085
35661
52467
62300
61778
54863
31697
55664
59578
6572
38383
24937
25090
42340
75874
23994
25107
7549
4549
70920
83543
24845
4293
14272
11531
8182
83286
15074
63374
2460
2754
44607
91509
23633
67814
85322
20190
19974
16973
53467
31878
53891
96804
21401
47801
36175
58445
5760
96411
18321
80363
14457
45074
20863
14040
86755
53837
52419
51078
44125
21234
53039
85947
23659
36454
67205
48090
93798
92371
80241
89295
30091
30955
72420
39796
89105
92985
67545
37847
29739
97096
83501
40649
68638
67312
68774
88904
2398
12411
14218
52032
69413
19003
73321
11753
77195
29383
65754
57240
37423
16224
72151
68375
1783
96281
34696
25207
1543
79882
1573
70032
88488
53067
34738
96611
16020
25440
97885
80407
88982
59354
96514
44721
37381
18766
91483
29834
18603
36468
59271
6943
54996
56794
20125
56231
58259
6824
1842
40900
39067
56682
87717
76957
62363
2011
90164
28447
90893
57149
52155
21495
23236
13078
16766
35252
21989
63074
72229
76217
51231
35192
12168
16497
32582
44519
67721
43575
44174
61401
36265
31154
18978
60895
29740
89311
23205
60901
47388
23704
65865
21796
29399
26349
83858
54136
57306
32271
85497
80699
32689
58898
43945
95037
73238
36576
23954
39369
34931
92819
55851
46611
67067
18883
87778
64743
15554
35296
90871
34523
17184
89782
96618
72626
57024
29455
51077
39211
68960
8630
9424
88471
12173
25482
63899
84314
63160
50715
59160
66960
26569
5378
66325
52165
14953
57237
1362
50817
96599
43638
34971
29913
71379
74629
93662
47416
30898
1386
41179
49631
15157
85510
65084
62107
74444
28103
5077
52158
61895
77581
44693
30409
32146
54910
75316
87024
44303
84778
56393
63048
65412
10253
39533
14329
82842
77139
46181
10230
5080
87378
34199
94325
23161
58225
54407
46690
89633
34131
49505
82047
4267
3404
13869
7924
68905
77538
71012
93587
64785
70644
30597
18004
37878
10452
72988
97424
77501
7181
44412
65758
93914
72
61226
26359
46120
8512
73915
92765
79375
51013
48268
15953
53257
79369
27310
12059
62467
257
73296
43515
71832
24560
52211
77145
93797
45949
41270
55314
85232
73514
27882
73447
98361
99476
44569
42976
86577
74003
44872
55806
40660
28219
65353
96725
8938
24865
92674
5777
61337
53132
82406
81009
23885
27528
44382
92898
39443
5861
96126
78763
5387
608
89085
11506
84549
82380
61864
68575
33117
550
50066
3433
23207
70058
21985
46272
7818
96424
15695
76653
17101
2367
47544
32110
19618
50596
45572
95173
62438
19568
1090
77063
85460
18879
44155
82085
74567
85836
29850
28540
90159
64381
84621
65346
95626
97592
33693
51263
28479
34306
12332
44212
8616
86579
12023
64477
52181
6998
65187
7391
39989
92899
835
80952
29590
30936
55807
77607
99811
15474
91996
52787
65328
4184
64634
72607
63444
54174
28351
36437
48837
89979
66939
83904
84639
4946
11300
6206
48213
51326
72072
86834
88011
2207
30201
35868
95652
60914
80773
60941
37198
78620
20465
24564
23088
83577
36336
90232
64921
28771
97421
58386
2517
38027
83573
91908
23341
70750
66515
14106
81332
83173
20592
67575
31923
41952
73173
97503
61989
46153
3427
32883
44361
81050
89288
72542
74063
88465
41938
33405
17166
36179
97987
67428
65347
28232
77003
45204
20536
24971
98228
63421
32122
31480
90819
6883
72757
51384
80369
47246
47448
3348
97423
27202
76644
28353
41075
40347
72787
44460
94686
74668
9835
33882
9925
41114
21874
50176
36418
77997
19163
76128
69112
35411
76457
51715
51585
95341
92610
13645
68127
73220
49318
25092
61477
43783
76157
42947
54137
30119
36692
99290
43750
17320
68898
94065
2276
9902
93763
37335
68703
52344
48905
58060
16848
44026
89603
79630
53981
15433
45680
21667
19408
41743
78682
95260
58540
7299
48454
52932
42016
93150
82499
71174
58101
5844
88413
63765
71390
57200
29953
94533
52873
43647
14548
2347
11063
71987
35540
77684
34129
60576
84007
29469
72837
43219
41129
67761
18384
19527
98697
27293
28721
91230
24300
40090
63800
28451
39137
97312
45258
76258
61110
13537
34223
15175
72288
43643
56949
21713
69165
34660
53637
12775
86637
37892
68333
23425
7617
57043
64489
7080
65165
6862
81927
50146
37439
28076
10805
25184
61599
48482
66938
67390
33013
86431
22040
2412
74249
63787
60784
64872
1849
51519
16492
77328
15525
19386
36675
9257
45405
42249
8948
76639
50464
161
61881
15034
9841
54802
62230
24609
56046
92007
63805
8849
11847
29524
87249
20437
90147
54522
40837
47516
99296
13229
3802
72123
14480
95754
82073
10323
50516
50793
18164
61810
97237
15603
65181
1684
76812
40754
45161
8688
61229
57858
50141
53972
71911
17912
75072
17947
51330
78604
24429
46522
52596
43392
23878
41286
16633
81748
26898
48434
3661
80995
13488
47482
24193
48037
46101
78496
20957
91797
54203
5819
36371
82508
30971
25326
39837
35279
76011
12577
43401
80455
35569
5072
10051
83574
41278
79970
40023
51415
87914
89501
74772
23564
73715
82092
37804
89398
49822
39029
58480
92334
91476
4791
13496
2619
52861
52308
91735
378
95654
19874
92257
24090
66306
15622
54245
94314
65579
51601
5240
24754
29477
33965
31388
64497
47823
10319
42914
22848
80674
11435
76773
22891
57434
40165
55352
41535
19534
73628
46209
28901
17359
13669
48586
88991
57432
31379
82560
19453
91216
28198
7821
84727
73292
66806
85405
75021
88493
85414
70048
36229
72704
86759
88082
56213
63929
73254
52854
58279
26890
99780
94477
8102
46211
25018
55319
47114
52069
14275
51786
86946
703
55742
72803
24097
18011
64801
2029
25269
41041
65451
46338
13203
54384
62280
62457
64058
69597
11580
91038
97813
67338
14900
17242
22071
37820
81415
30447
59747
6209
59455
1286
18278
5158
87965
685
57445
33556
79731
14114
71287
39937
52451
54547
9182
66258
84920
55686
67579
73322
91788
74194
3416
85418
37500
22862
9646
7039
58275
85752
52117
86130
40300
7578
84797
52248
19050
9920
35098
68513
8877
27979
1612
18799
98232
14762
82162
70709
80975
58990
41447
64979
11903
59126
40404
63715
12237
60408
59155
40353
12584
22098
64143
37379
45162
10497
74620
90074
99608
87810
62380
72079
39687
38196
25692
36463
56317
44169
5010
96209
2677
89173
35853
82581
12887
32912
84766
51316
90920
92723
70378
7220
42017
69424
9582
88250
78508
52345
21292
1658
6276
49902
63137
71528
39861
92524
34182
8466
13909
63566
18145
53442
6988
71142
94742
84964
52939
38773
87498
20429
74034
27653
30123
37029
53969
33485
84311
85465
94320
99168
16100
57983
44376
19578
47792
67632
11237
96553
25481
52630
63205
41333
38662
34688
61069
40216
89844
11935
87142
67150
37347
70946
42575
22034
13656
96373
98610
69512
97379
94522
43159
6651
83325
54318
18361
75345
88437
26832
38987
44534
17342
43166
70000
44703
60999
20564
35439
23404
18908
93727
24737
2905
84390
99765
64443
86591
3921
21042
9289
81778
61197
87613
65064
61574
42165
21024
10197
64310
59130
18922
71037
1367
56886
57811
73067
28778
88090
11978
82599
92338
27015
53605
19996
97927
25471
35655
52221
51710
36882
17938
10409
55107
77541
82881
80309
59805
35358
87153
80220
38960
39233
68649
71499
70871
60118
59077
53695
11305
87591
45099
22965
99508
34230
77059
1422
1332
47893
51907
6696
11687
91980
77141
98338
86691
27669
25878
76114
95775
19712
63483
15502
77817
1244
21206
26822
49400
10391
45665
14600
11791
5361
41320
48601
1076
37550
14061
42078
24639
9454
6271
56971
15737
48720
77634
38475
92479
70465
77163
77462
81400
38075
57646
61368
13875
64541
14840
1690
71107
7757
1267
35897
4266
92870
15321
47519
7896
39352
79954
29970
42001
7124
91402
10526
82171
35259
30424
34298
33476
72567
53140
91818
63364
29558
40770
6885
11796
73982
26757
14758
52249
60861
49084
82537
51992
35226
96010
66578
73690
46588
5066
23507
11369
19841
27028
99844
73198
69259
19378
2418
97371
93311
98985
54946
7788
1322
28755
29364
24454
87701
40319
15663
17309
84055
28976
41073
25026
28804
44258
11444
37633
86784
70267
22056
23611
83522
40727
35960
13893
70904
98794
66961
13420
15312
84282
73908
84448
72516
91973
29314
25716
76750
24855
70710
4300
32360
49035
66090
22584
35065
56248
46840
83267
24199
86770
59713
77593
65320
50614
396
73643
27995
81720
61307
20379
9766
88681
46126
20054
41701
11485
60571
67419
67011
56335
8812
84743
1358
11495
39040
27104
47122
63299
13563
56727
13895
44532
11675
5462
45692
32195
47265
57316
84844
60493
78235
14454
53568
12633
58371
80958
58104
65171
99632
36157
18327
46799
9248
18727
59907
83488
89170
87676
54543
72521
7022
5482
78315
65090
13395
35936
27443
34787
37519
27540
79987
82782
58002
15368
83371
92931
12184
7843
72252
26131
54259
32725
60817
25059
68030
71268
19891
61480
46679
12093
76197
62607
73952
22796
74240
67730
7663
50280
54186
44291
33531
72303
43073
37716
61310
61313
39610
85024
28496
33973
1253
37627
73458
88069
10300
33211
53400
58383
15841
19306
95790
48701
6303
42711
41838
18534
2206
89097
58301
49034
80427
58161
96573
10699
74073
71936
39659
99232
30303
74891
96369
91474
47762
43597
36074
30240
82540
76137
35694
62262
82035
66183
15607
1922
92212
17280
81275
29202
83931
81171
37213
4348
36358
75777
58932
7026
35448
49792
90979
31458
23924
78708
39412
31760
75104
19362
88873
9877
87616
61566
89531
75592
4497
66301
45889
36743
65087
16818
63184
27589
98716
42668
35679
87768
64699
95068
58613
99445
86090
83948
12644
66997
79493
73522
27371
27506
49596
23301
92087
38486
70650
3160
79281
72232
99887
17689
40600
69636
91756
53771
42086
24269
99467
64329
89794
75511
48690
91364
58317
1986
97778
94354
95071
74024
27204
69658
70609
34123
10298
62277
30844
28252
9365
43557
52489
85810
37094
71603
352
40591
34521
19949
44708
37845
48965
55842
71985
34499
51669
46989
37274
32466
14717
93992
81771
48903
79072
51149
2497
48258
91480
28439
38221
76129
32813
92003
26139
38430
68654
22654
87928
57004
51030
82647
72462
21102
81126
65863
56409
79749
62373
42704
41386
33015
76178
33985
5762
76198
84796
9591
770
93821
80391
60825
5718
29965
5786
52607
60453
40132
63565
81506
23454
30241
9799
75520
39181
19523
49544
7684
93165
20859
3447
44284
2052
22264
84504
3269
65235
77052
30372
44356
10001
4153
81681
42234
44609
56563
23203
88546
99448
46756
17196
9555
7737
7302
69893
82150
24878
46018
71536
35711
71030
52779
85302
72602
69174
13595
42935
25186
10801
22449
333
66531
44606
92410
23854
42274
13554
43633
24310
51336
36671
86511
64888
44854
20340
56330
87313
30359
1456
27552
61342
81248
63536
16651
21222
12185
52915
97394
80672
20521
82920
34041
60173
26605
8021
15662
82771
58956
83660
42772
1093
52874
59030
9670
29459
47958
65406
11780
24496
13136
63370
84661
17102
63234
39366
33333
52470
72283
83051
47793
48070
55485
66998
23354
48140
11026
38584
26644
65277
28375
16665
54138
47247
78273
55452
40197
68786
48744
42431
56061
93928
34862
63701
49251
60752
46787
72868
31975
51253
67927
69182
8619
65408
49351
33927
34443
27471
43480
15628
75246
48833
70057
94591
5141
97526
6104
47233
25565
56642
94571
78277
58834
49265
78162
58467
98525
2178
38202
79336
44087
11204
83334
9085
82507
20059
69778
470
13109
65436
87200
10848
81239
21593
21178
47453
95117
47281
20218
63658
15385
77085
54223
62484
59143
64685
43509
87049
81682
8180
64307
9794
82925
40851
58649
50630
41556
89960
72228
90844
51280
33517
95235
17447
58403
58372
64830
54084
6699
20458
68788
23989
3374
32636
49016
63482
55905
10808
4002
90724
29102
30876
29034
75222
21755
22083
10689
31602
12370
22493
88160
47146
95786
80683
53470
65737
81366
493
71791
34657
32928
34841
86500
92743
95968
66803
64744
79651
3418
32321
78161
17153
28068
47866
57048
7666
23684
58810
30724
15134
23049
65092
69459
1731
97832
37016
89172
3355
64015
19416
71982
54624
67746
26256
76839
12329
50036
62228
48592
81835
43336
75111
47383
95680
77255
87559
1451
55104
33637
70785
77654
92131
46811
74312
78613
70760
56158
57020
70929
6130
36870
99768
78020
79359
75340
4026
49412
43469
69693
72094
92403
21020
13152
15659
44959
37719
37218
87900
20322
94902
99070
81250
35800
32996
53728
18388
33609
17137
67816
4164
11880
15649
54998
98650
71400
56661
16102
94640
70194
46283
7195
4620
43616
45493
32920
821
47292
40355
48773
66316
28766
26222
57482
4344
97058
8271
73676
66632
62577
90068
39018
20926
93582
90829
62828
33228
7640
50653
22023
16049
22105
10254
43631
91665
61561
62818
13673
60263
73649
57437
65734
60122
39235
95548
6965
95695
25155
1627
35652
35684
52514
91104
46725
15064
21353
45710
15730
75580
28859
15364
30028
395
30934
33515
78846
53145
23718
33066
15093
37199
37204
54509
58909
9726
50452
7521
43537
87546
57623
20124
82374
49784
80881
62720
53105
90849
96549
89581
67817
15218
8525
33497
49946
98488
91885
98819
19286
40560
17068
61353
97765
82873
46643
13857
70081
43542
90974
65783
24356
76446
6472
65396
52933
22447
22898
37628
26588
9422
43593
25226
93872
48829
70066
13319
32701
20158
97537
93354
93447
633
89059
99436
71732
28106
95580
95081
66276
44018
28649
2396
45218
56452
81181
28065
95097
73038
13989
44196
3512
66552
51744
15996
58592
82619
91005
3013
42830
34138
79472
67392
48305
3370
3258
49228
64564
56942
59687
60327
3811
10002
68516
88358
87796
98518
41864
87985
29289
78334
91847
76981
91731
93732
83034
95484
16588
28975
69718
96463
19926
14662
96623
3008
4219
7076
15247
85345
55155
55392
8262
70256
90454
86904
39685
42656
22675
92855
78547
45668
35342
66451
8666
19346
93481
29067
42991
75186
49903
5148
67763
62563
47076
81588
40778
73878
47926
20351
18364
9756
34039
79330
69092
99446
65462
78803
13222
83910
61630
89756
32741
81350
1764
64794
84825
79140
52294
92926
7361
84105
94948
25961
2918
31315
77649
90907
30800
27459
12486
71160
57530
31918
8337
96011
49336
88772
38961
25985
87
89140
99996
13071
85368
33771
21367
47436
27178
49967
43530
38579
51867
19113
84444
60315
56272
23476
96641
35330
39337
65714
31705
31714
77938
33455
30886
90452
52610
34297
83013
98550
53216
78991
11688
97428
65940
84159
51754
49718
38672
35240
72368
14338
38073
26144
49520
76362
68751
64678
42527
28044
37415
12120
22795
70726
57996
4049
25760
25873
11544
57491
42557
13769
73714
57180
98647
42021
94046
5493
13883
12311
41761
20230
88857
1837
81092
81439
16629
30620
98151
91180
48040
18374
17806
42586
61394
86196
46058
12670
32622
60822
13490
41321
47127
5996
48208
50693
48474
43275
71839
362
1709
27889
51193
43831
10153
36829
69125
69663
32674
41037
10478
90809
71760
62619
67255
30205
36661
62167
4299
29678
413
54564
96090
94890
54260
7754
18742
73869
70649
89971
89442
37297
86948
32706
57702
7655
89855
56265
41983
58138
2294
96484
75032
6150
18490
44571
13599
41330
71275
37704
34445
38438
14535
16382
62266
98162
66424
54185
24800
46454
76487
53530
71401
95377
88458
38127
89303
58873
57177
87172
96872
48276
42268
67291
24840
81981
19818
14407
81155
23165
87366
34431
73167
9992
1689
51515
70134
43801
46732
34504
21264
90600
52360
9638
4498
10098
66978
42779
65638
69908
57063
68257
18832
83623
9630
43441
81747
84947
12304
87333
95110
94084
52303
74714
72312
69952
6042
53795
10980
98828
58358
10663
50177
25149
23331
76502
60170
85928
68053
93991
8899
37577
63326
37036
59392
38062
19944
89459
29235
43779
5925
72370
25640
93056
76570
66809
50536
38586
51480
75071
96610
38591
8215
3816
79565
4330
67361
96847
19584
30951
12418
42836
15897
82604
26013
23478
4707
24578
85622
93420
77846
77866
81283
73727
28972
76785
92700
65691
47209
44106
67752
13845
97067
60061
732
53284
41684
86472
47326
72984
26285
34322
57735
67059
23021
88041
38200
6786
16650
13371
73017
70064
40766
96474
67925
69488
95306
5792
6310
59223
77197
8540
88051
84629
94934
76562
28386
35873
65423
80021
73288
76367
99347
64570
8366
63829
82972
58213
14823
92635
47096
73084
72068
98633
44256
40024
98238
23826
1299
27317
21543
49705
66593
43189
56468
35394
70104
72297
98807
69370
73053
10216
8511
72929
88131
64619
21340
78135
75010
97634
27200
20141
28772
37932
95434
41141
48336
53020
15590
47608
40220
92861
54493
40127
18156
27369
14055
94838
31701
714
10538
86763
62162
29772
37507
82327
3094
9945
52645
21160
10718
32538
67900
49880
40488
76719
7983
13365
8576
40756
18880
41876
21552
77407
78475
9769
63030
32467
97656
63561
8109
93978
22346
79042
97686
69279
35450
89779
57119
96122
23198
25937
69027
60246
4327
46133
16373
9948
86850
99285
48308
68286
27000
72468
29566
92644
36839
71381
48713
15750
49760
42252
38037
12143
59494
19239
56030
77957
82924
13049
66740
46182
2283
88694
29600
70930
27152
76861
89495
89886
59657
83565
59686
77039
15061
34098
710
36291
18394
31769
3265
63607
2427
3098
69872
79862
21611
67525
29841
11239
13176
67885
39644
21895
61915
15781
68443
2073
23109
24994
31308
49651
62213
43747
60260
8585
58067
91190
93911
89462
25168
97846
46938
99395
96407
86515
5669
10892
93586
24036
28013
19201
82251
11092
28193
94865
51159
26019
16881
43728
49246
17361
46980
99785
65251
43890
70530
4056
76852
36990
67174
93437
97683
73217
24885
76194
4916
94079
81463
78194
18314
19146
27634
3756
53068
48739
92425
2048
49424
53913
79457
77198
55096
6258
69267
54984
21374
13081
713
74656
54178
92149
87622
54992
8090
10605
62085
86564
14068
40149
38749
68867
56096
90812
3152
22129
68452
74470
96945
35884
99440
83867
18979
2299
66498
69296
6767
33795
57988
3467
64517
33316
7727
86780
35458
17432
12589
44453
2847
59514
90354
81221
81642
98043
68652
59361
74367
17815
53466
67367
15995
86754
92071
25951
59628
86508
25281
49046
23444
21656
49560
59808
36146
27647
70483
66408
18016
6203
77486
71449
49500
29387
18585
73476
76679
94372
27683
60113
95887
24233
91540
18977
85577
21112
71423
63602
19026
88771
61467
36687
84330
21689
11950
35750
88774
27549
80464
92958
15673
82430
43060
58150
70799
7070
63513
7667
6807
12762
21313
56529
94068
87869
71821
90930
46294
18415
67434
75008
95681
79608
44190
1685
74187
87058
15546
49245
33315
10340
71725
8091
85530
20176
68536
82271
33662
56653
96081
69251
56342
75523
82445
42919
11322
7509
14210
2520
31081
63287
11860
41409
50395
54364
22293
63819
90108
42752
6935
88903
63063
70598
32133
96168
2518
20490
78535
1150
44277
25979
33904
85895
34857
91375
54336
32686
95818
56573
45418
62879
74690
52461
86392
43284
76074
56665
92022
35553
90134
19625
17793
82328
79973
4008
50384
25639
76982
66747
61100
9505
43461
91806
73234
54443
72033
55585
3379
70273
54935
87608
98195
20257
50999
40768
16540
83508
18704
99498
85982
51606
51329
10270
51165
4880
42810
25343
73134
35566
27570
97684
5388
37768
63579
24045
61547
31950
55903
61212
56415
53424
40526
3373
17752
50175
64157
63982
33339
69288
24752
82795
97295
46059
12252
44439
50808
63344
19695
50523
37010
94461
69776
62562
97219
68482
25701
77014
27626
86529
8950
48814
14563
34104
89760
77311
40408
10046
77212
5247
34808
60199
56603
11982
83100
78117
10450
19367
78090
26807
1797
10825
42379
64001
75415
36475
85560
41856
16143
72162
75980
89593
11568
25717
75500
83181
98511
89705
30373
62052
12316
89267
15437
93835
51382
84780
50479
33946
53312
83326
36626
40400
56199
2873
77303
6411
20342
16996
25060
36032
61235
33543
20283
47751
82582
5882
39036
75367
20843
14091
12218
90564
12512
1777
11553
74986
54287
10294
14647
64275
75061
40979
96672
76965
84016
67165
43409
64006
46344
4629
89215
99443
75528
38568
44516
20666
54156
64712
61619
25093
88911
91990
84531
18749
74994
29663
12966
14540
62368
58244
40920
23682
39498
59775
72095
33334
22263
8
47401
95622
65379
88912
72551
72433
3445
59715
2599
78112
63937
35835
2958
79116
54657
51298
48029
28534
44961
70255
18722
94933
83609
18628
37711
30492
73255
82468
4353
96181
42059
94428
66807
81689
20733
17302
78285
78538
51762
23367
36329
88907
83215
21189
54424
93921
76684
18622
39106
43287
28445
16921
44139
26377
24637
3454
84270
10983
17657
88134
83302
86011
1475
28446
72345
53930
48319
79397
36849
78191
65709
50892
20762
11879
74524
7831
85619
32641
63731
11638
91931
17273
77519
99105
83064
26963
65413
44681
56028
50727
98119
81638
70800
48178
26687
92939
79162
82765
49733
19005
26811
385
19256
4097
56133
38072
81036
53942
58972
68510
25861
20778
39775
18839
6984
99008
24756
88921
63947
95609
24303
70600
45148
55398
67540
214
41871
82815
6838
76155
92664
52883
32547
59752
67529
92696
27978
18847
26785
35859
19436
53169
30561
10430
58726
97856
31960
7173
40263
1146
6072
21344
29186
46608
84588
88236
54429
28245
10746
30422
55980
25723
50939
34986
20530
73793
36008
80828
89991
37906
83822
84930
94720
70045
31911
32943
16855
74424
88704
26972
42932
19343
67220
93251
94897
82214
68391
91487
73158
25683
77726
68809
29730
85415
12035
6582
13356
643
82442
31138
22863
92099
73762
55138
37759
84750
41666
21564
68739
29604
80517
65312
89732
49720
64031
51007
54887
82884
7952
56660
19877
55041
38019
32454
49123
77713
287
19254
61425
92815
2238
66687
43220
64509
6698
24925
24724
73129
19660
95199
26860
3655
19284
2289
22216
13711
65144
48299
62956
13546
80553
65044
57816
23549
6417
75356
90887
6641
78483
37766
63434
90257
20892
93028
43870
983
17837
34860
13617
94781
56517
31442
9528
87243
53947
58235
17436
37052
101
50578
3990
80667
68358
33907
17258
170
74466
12306
55675
70108
11945
65520
53150
19862
75394
26473
44530
36950
65016
71250
17319
63107
58122
51829
12451
48645
10483
71085
454
32837
41845
20478
2194
38598
80121
5274
41483
23463
30925
58402
32381
4125
67676
71344
71787
36020
62068
11882
70218
87392
14366
25330
91490
64127
51130
53519
81725
19393
39697
3247
51818
6583
74526
74509
2659
16742
87438
7454
11077
59109
72472
35422
3371
15058
15438
80243
5394
40498
65885
4319
2919
89968
45664
15714
4411
69850
66295
16543
59074
37591
3121
75566
24731
36130
30580
22210
49895
92727
31794
32960
53558
65923
90596
89729
59967
24970
33089
82063
17459
45833
78118
54280
87185
20447
77531
48880
68950
92026
96931
84500
46188
8060
76909
15187
86902
3317
86689
45186
82418
82213
39947
67223
69964
9950
16327
11056
1338
65980
79277
59180
64797
42490
48052
83575
40395
77372
8214
57390
66182
11926
11755
55725
94421
47538
69611
51191
50659
12764
72361
72136
40890
31951
95028
77874
35344
51223
62047
61969
46609
48721
56440
84767
79075
55114
1487
55103
17919
35467
86221
18573
89089
28639
88597
54936
55117
21006
82256
32174
51225
82011
5521
97234
70046
60496
22103
49435
85869
35775
13771
35331
66839
30070
55639
77284
61444
58288
79943
29509
75161
52535
72606
57862
4956
68191
20328
79052
45818
16622
62397
796
74182
49003
57760
89166
51145
15010
3437
36914
15755
63127
57567
51970
18220
15415
26146
65117
58509
18863
25537
60521
30394
59969
99258
34258
64661
6620
20866
48511
51707
9802
5090
7090
30414
69689
68401
37201
39974
1224
83601
27714
89919
74981
74958
93378
78518
27198
