9186
63318
35378
722
66468
67606
8264
5738
77651
86080
63723
88000
7629
65391
10090
54185
1145
9683
36777
21566
29778
46776
51485
19312
45587
771
90285
85598
23705
22489
18846
26324
91113
64400
37757
66542
16836
32771
77243
22333
82106
13570
65956
903
9188
20863
35927
7711
14888
56810
77673
31593
36044
82368
93917
62434
89874
82980
84089
46779
30913
75461
50592
2850
40679
83609
77419
9134
80511
69278
43155
72338
82961
16228
22008
86912
99194
37629
45136
41516
21032
21946
96459
31970
45176
73497
43679
65024
80444
61462
53368
52569
73661
38948
72196
73798
57438
42446
76780
69654
22470
39442
69635
87223
28141
72465
22076
13798
59945
73229
16217
13496
12601
34897
45618
93646
14306
35969
78751
999
15841
86537
30852
87667
68691
85792
13778
29191
71963
10042
67843
36962
99838
16439
86282
40446
61236
10588
85623
17425
6461
35018
56371
10149
56375
79505
64833
64531
30728
53558
69973
2191
82210
44420
99924
48759
3862
29846
56422
95855
79787
53814
67701
24387
3856
32437
37724
91247
16908
34087
11393
24788
19142
19069
37896
43228
22842
63364
14697
41316
37218
18763
39445
77350
45112
9429
8819
94870
41726
86188
33707
10301
54335
53724
88549
95948
5851
73696
85553
88642
90886
77105
87234
32077
70003
94863
26978
13211
85817
8513
99785
72304
84243
85074
91797
96274
55753
78825
53781
45379
15813
42683
29635
15308
37161
81112
20562
77869
2550
90819
79820
91961
48435
35599
56398
10737
96903
24939
57591
72971
68016
6894
293
91934
63769
67696
50777
66696
37293
61950
53622
30604
95444
22773
81951
49137
72563
12389
91183
84580
54978
24427
52635
82393
19960
31642
21493
55327
77407
57200
27157
91123
32978
61059
83710
9836
98631
91482
35008
87435
66298
93999
28997
56055
12359
35985
2116
80128
44625
32611
18760
86858
94916
52562
47821
78003
37416
25664
68756
12806
44892
15302
48267
30484
99429
43951
54359
16386
45700
72319
84053
6191
51869
10547
15379
87278
46415
88697
1904
41044
57058
76094
36120
41042
18555
69774
35691
30486
66666
99486
66951
10792
23051
30903
3552
38061
82299
9423
93848
79459
95166
17943
31087
42644
66734
29029
97471
66733
67832
67036
17377
27342
61987
53766
7678
89460
89716
66134
24163
63831
89093
67152
62658
5688
92316
81848
94231
2700
58480
85489
29688
15956
89028
67876
19888
98156
56477
82641
62919
32967
73005
54455
91667
63097
54593
59365
1130
37919
67599
15126
23224
96967
8132
98952
56544
58269
21003
46624
87937
17791
87531
62569
47667
30838
88583
9998
41150
3725
73161
38903
86558
68561
46890
59905
81320
59773
91791
64601
12638
79390
129
4197
11743
43029
93570
18992
14988
70895
36407
5795
24210
18792
19606
83482
96181
58213
10443
55451
95698
44626
60373
34937
94929
1392
91431
93749
2765
41790
87499
11800
43199
73574
68194
82708
58335
75248
93753
6485
36524
95018
63187
76808
89914
35200
47752
80014
23850
43768
88532
5871
47912
45792
11410
29379
24003
58130
15025
90892
35333
63178
67060
85761
52807
53650
44863
39117
35989
36048
72989
34807
35468
47348
48673
32651
39723
26931
62330
17111
29764
94415
54797
78136
4060
50349
62331
37317
71357
78407
29079
99012
71090
13892
38641
61208
18248
97436
65488
63305
61976
18938
76617
87230
65367
88610
27368
37040
27392
20716
39194
16398
8644
31996
13451
94977
66627
76467
81818
78849
46313
60286
20634
65919
17649
78405
79810
56856
76673
13075
51112
15429
86103
76008
11007
10489
84686
83896
37599
25719
94187
60973
25548
22179
39070
32276
65611
68509
9873
64615
78548
90078
54721
19689
31096
58529
75939
75283
1103
56536
16234
39708
40430
22000
30651
18213
105
22428
93620
916
37892
21432
41402
44548
25129
28012
67399
54568
72531
42237
33920
23574
23674
11538
63202
93726
70922
45843
39225
50273
83831
32991
41236
76874
71933
8286
10057
81112
33503
37565
32097
16073
53006
45341
92952
80862
55386
82219
56689
54430
74166
92004
58143
40852
66676
64943
22736
27868
91776
87330
86356
63442
17558
51698
68681
2984
53899
95237
12565
64919
39494
89686
96016
53383
86514
15504
92537
48054
21725
17235
48650
89572
52194
22340
58908
56834
35981
75572
86204
14232
67364
95250
77421
14920
69010
76163
79335
58986
5615
58510
59962
55931
16978
2558
3217
83266
88035
39778
88575
28287
12819
61715
50312
24027
99966
13406
58835
86825
32035
59080
63912
9564
2055
36537
49733
6489
88956
71474
5839
25227
79924
55006
47763
40102
59086
10667
35880
95990
77120
54820
95749
91890
94173
70293
55281
81096
86376
56558
41295
98681
46015
9693
53288
80260
59518
54957
8060
54591
53642
18097
87180
22427
92515
56324
27063
74316
33065
3353
30077
34611
80476
91636
80344
2932
72301
84714
18812
16521
45384
16168
8198
69568
38706
61928
77164
74067
77500
81910
31870
4651
86182
34011
63985
36000
25211
82090
51697
29369
5226
66246
74207
54174
34645
24181
2326
69318
26641
45008
17109
77466
65451
45892
71187
46925
13615
45341
56372
63114
21575
56128
60236
94002
70133
7659
76045
34363
76510
90869
45164
65084
11781
60806
64859
81268
30081
77657
98683
8336
72172
84971
84783
74030
676
95998
2909
7452
20866
95007
15700
50552
39767
99949
76628
98242
50146
29347
45823
50785
164
76355
73388
86381
54877
30116
11889
5355
60825
61591
32782
47564
8795
21802
71756
59656
55417
82957
10022
58862
30469
36290
35486
48170
52000
85673
28106
74361
64129
50268
28156
51581
21533
71124
96133
63147
41070
71582
3318
54822
92138
93367
1825
39356
39785
29751
50475
35729
59168
58255
4703
2486
12533
87135
95047
92348
3189
97449
85322
88006
46486
50072
95133
10896
87530
28095
34653
57572
9386
95933
48644
61479
30659
39616
79135
14798
64721
82706
38322
86418
15245
78777
25625
26345
57514
4637
12299
95575
27792
58983
35627
17931
72197
66690
44985
53105
82804
39068
64532
39406
83132
6003
560
51844
61257
78250
59964
83539
62792
1469
49563
46908
22383
32831
29856
69781
22463
11408
12442
19902
64595
55510
83393
48124
11979
49331
4716
68898
82172
37172
50425
70026
83568
9695
10219
23126
55112
41464
65752
55062
44577
87830
70142
69725
38638
43856
52460
89574
28717
10289
39324
17524
32507
34166
66974
37516
93206
92138
86228
27788
4744
30247
29296
78386
85905
89536
20160
67661
75364
81585
67751
16402
78965
4718
3381
10756
70499
75014
90346
67808
11665
22683
51678
27496
96622
27555
30425
99079
72519
64895
57977
60716
75670
64291
67926
5766
61993
30320
1488
51159
47740
58021
12652
70226
74312
98989
9688
58300
81155
8195
39826
29880
97027
94327
16984
15044
37619
75023
27045
76144
94908
10135
87129
6775
4135
27252
72845
54945
1017
97402
9088
9545
69942
96741
66602
66473
37890
77977
74843
86756
54492
64355
8838
32913
52477
15565
19249
76739
26668
47303
90329
3284
89880
36366
63405
60281
42107
6424
68943
26398
67021
51523
59988
78563
40066
97377
89282
87756
37511
92342
78214
31749
45944
63137
69394
83978
40349
49999
27548
56169
1294
96247
78734
9655
53081
73876
86334
62555
90249
32055
64159
97047
80803
83537
66145
14289
8782
5301
95384
12047
27871
23484
36482
46319
12
2331
2762
59338
82506
13669
11110
29768
7367
54379
39014
55552
51673
98924
48537
48077
99385
56750
65141
4703
78180
40920
64903
91294
65400
85840
36270
49553
84687
58924
29911
58926
27910
76100
64570
35325
55391
25166
86528
25351
83701
48839
22771
34130
94830
89002
35655
90922
72888
42755
43839
88520
75878
40533
96165
98166
9661
90773
885
80233
25547
65368
12028
8204
97726
15116
92184
86089
8134
49477
51690
88884
36613
61377
94435
46587
58015
17724
80111
73148
66257
12336
91452
92043
54498
19956
46641
56858
14325
411
18260
79701
33052
93878
14813
64534
493
14053
43208
672
29394
98803
51041
37916
82404
43498
96670
14743
85196
96782
6175
84226
69987
52608
54890
30471
45930
10222
14450
20283
26459
8954
55784
73006
72686
20765
79879
69076
54315
65011
63374
1130
43311
48674
22847
19058
63456
47110
44893
46864
4430
67160
40263
14811
71319
23638
93148
57589
13384
67400
2986
47961
73186
1913
5893
3239
16148
39100
34676
95926
54328
75150
6944
18163
23832
41380
62993
16002
28598
93282
77768
85186
71474
56136
40046
83669
98726
82371
84909
55711
85566
61687
3352
28678
42941
18284
62927
59199
91821
39472
12537
76767
54502
36725
37273
59989
17143
86844
29277
60347
11266
15983
60281
90556
10024
19761
19821
23543
52115
92171
21190
36099
97959
98328
97324
48059
99615
54616
59468
22900
64845
35073
81833
32831
63716
2330
1606
51046
19590
98670
66637
82304
90518
23208
87758
18594
11308
38726
28852
70615
11202
71146
86844
20199
42827
66795
39245
50465
76689
72212
93259
8221
23933
51989
92299
81707
30322
52059
49889
75980
92434
82746
40752
23477
41369
28886
99067
62953
97392
1499
1228
35695
59549
41299
78917
86249
13871
18212
57204
88154
3560
4072
82661
6940
91096
93696
4540
72339
20526
2112
2522
31650
29375
7152
69957
78791
84656
18574
40422
12126
90727
19204
63387
97184
14155
33722
87840
99725
3515
76059
99850
16461
83078
90169
28209
85875
20488
96520
87383
67747
91339
36987
7081
35558
7140
17508
68110
37
36504
62679
73053
89792
57103
31415
84358
37535
38086
46672
16641
33123
91304
37644
52726
56975
52615
44884
41300
61669
42352
96112
23406
97626
2983
21903
74344
3662
72027
75156
78903
63802
77373
32712
70072
64630
67224
89031
23640
19071
67234
35793
71976
83909
39060
1023
59582
95446
12841
7737
74802
39454
1756
90886
53523
60972
94237
24232
99475
74071
64549
39391
94079
11411
74456
49945
82940
43223
51372
54686
66970
18625
95943
83522
50435
57609
95509
62421
77615
94000
14343
57274
97900
42290
78243
74062
89206
2915
84838
18152
22670
43157
64318
67195
70599
19202
16600
43171
60109
66673
64126
86323
96520
73639
28730
70978
80678
65600
70009
35544
14585
37376
22941
17581
75700
89301
49447
9540
72172
45863
43465
77329
45727
10675
61519
75452
96610
34220
92694
19926
35455
16974
64894
94483
81079
74247
91762
76198
85188
75608
48371
78960
89319
73030
58891
39461
28129
57160
43090
23928
46404
34007
97835
62996
47438
6877
2658
87634
78933
24344
78505
1978
8081
75995
71402
88261
17746
20742
81710
52607
93437
10242
45681
30718
68210
93794
70720
55500
8905
51625
72044
78530
6288
5039
37017
81372
28475
46831
30357
10463
54893
86923
89569
80661
72528
78695
842
26534
1334
424
23644
688
35865
75676
72230
15521
48539
6709
96562
99212
50724
24857
52420
70847
3889
22934
21827
64847
44323
30905
95708
5443
64099
23278
13901
85510
71051
65864
56552
43919
14054
13657
57297
69274
53289
90040
94040
94845
43803
37259
94706
20001
348
63090
71863
2459
57896
39021
54195
72279
77639
43708
26815
36637
68297
34676
78631
13987
39665
20861
51241
69352
80699
60121
66851
4032
51023
99151
44317
67411
71634
47383
52248
41274
98940
97881
80233
53826
77385
10916
42162
44796
92545
25008
29564
47157
47122
12693
99757
40329
53609
71804
64647
89863
68555
59723
3504
82641
95760
73330
45475
10175
22478
23137
25658
3828
92109
48784
69468
42603
80484
48610
81582
56459
49136
9592
89636
34593
92446
71920
51745
64834
71877
41898
19984
21591
45993
88412
65589
48551
57164
97862
47848
50494
60003
64104
27503
29611
7013
21623
49670
57992
83066
87595
55155
59152
66292
79792
20493
9197
8123
17584
24035
33879
6839
96554
21405
77661
66502
22551
58367
5068
22664
21230
76418
55464
56009
81199
40706
65084
50872
61708
99407
69913
96480
65920
17539
85875
561
80106
18901
82618
89465
73274
35333
28848
47777
11062
44937
94635
92624
27105
30423
20169
93984
94317
66459
58863
69838
93144
5049
50181
80500
67684
64352
14183
81023
50168
65668
39899
92056
11045
85384
11177
35197
51053
11588
17302
14104
24169
79995
33735
94117
55559
53677
71009
55974
3163
13593
17578
99658
90673
30874
10757
28287
82682
15389
84962
41960
44289
34813
27624
35701
53574
37063
49573
84698
69946
56003
92600
71373
55683
14652
12247
60739
76139
18183
36806
27378
82364
93403
25373
86079
29271
23304
94401
54080
2977
12138
96165
26754
81377
36114
89535
71317
51536
3466
28736
94601
46541
82871
48647
88542
37362
59053
548
98635
70884
68190
62408
55680
82813
90894
64545
74937
76266
21308
25240
78418
771
33150
33048
77963
4967
74193
40463
51466
71511
60397
67308
65772
36525
65973
35311
71121
72419
52923
7705
5544
17192
49763
5528
52728
80044
15473
49784
45902
69575
62709
64177
59932
27477
71654
14344
7332
8477
20922
64600
95322
49398
39719
13534
14786
61266
70781
42772
32252
47178
34537
57221
70507
14147
4262
6297
64504
90448
51037
22824
29349
82530
98857
8177
11826
29907
44423
35759
19650
9495
64734
93421
5569
68865
58807
87262
75620
30911
48928
79612
21851
26426
69520
57619
91236
97174
87272
48205
29831
45200
37624
73527
78013
55418
70215
74725
40596
13763
20006
98520
39576
46311
77726
12138
98280
56401
67583
2963
94725
95373
40927
29454
61590
19151
96957
52551
41511
14979
27973
52391
28756
63615
36613
63589
45472
79842
79637
8366
86474
16117
69521
88783
6980
84172
54915
55688
42553
87535
50194
14393
2782
50641
87481
97442
60870
32880
72317
38254
44704
70549
95877
70094
82658
27245
67658
13052
81516
95742
8466
35918
22689
1661
55022
97593
23195
19209
20317
36824
8971
84974
64784
47792
29030
59675
8021
23469
11591
77520
6186
78973
56132
52087
79416
62743
38431
55366
70698
93680
3683
37748
65078
83495
74518
55675
80430
13445
57388
25972
84024
79633
45886
33741
88516
10315
17133
79600
68615
30910
61067
91192
25309
13994
982
38629
87790
20173
32745
19138
43818
31509
43471
14402
64212
16915
17604
6344
25407
5001
7356
33714
6984
82026
74469
1598
93278
85340
32484
35993
19589
25214
66829
48617
72958
17211
8227
93254
23545
72136
48355
44983
7256
65367
45751
74677
66297
67438
93095
83871
38016
42053
19793
48166
1434
62357
72367
97259
95862
45310
32818
32830
85868
8951
91510
28787
97618
86745
3349
93336
50824
44691
2402
90806
69980
64293
97911
95519
29807
65499
84267
44134
86970
74488
4923
69160
26357
26216
59452
93638
81640
83595
33932
80951
81263
49577
32381
34601
92580
86141
85395
43364
78978
75900
41260
21614
99554
18458
70800
45459
55755
52467
23370
50887
25662
18465
98719
82585
55779
16635
75492
83335
45247
4777
7641
29119
68583
64842
27068
10377
49797
10822
35596
38087
62189
38311
14837
4661
27649
31141
55446
33763
82477
28713
20873
56873
8572
11972
54160
31808
45036
46579
84223
74049
84603
21381
23300
46266
92184
26334
57236
27315
19694
8871
63504
29567
14460
39341
28255
99218
70068
4815
20079
32552
13003
37585
82028
20221
24144
18125
22151
35951
2531
12850
41574
69319
80453
46761
88764
58473
3007
22868
96128
17800
36073
76675
9639
13343
55733
41881
91317
75787
51206
39532
13319
25683
64546
38867
8492
3616
49604
52877
8127
69559
56747
60432
49374
61965
68648
6823
48570
12902
55252
52608
43560
67103
77920
16247
44107
8557
52907
23429
15283
20270
65615
65507
19717
58106
94647
96099
49395
39138
2592
26623
9498
13873
12605
27077
56467
33358
36177
65457
36569
1087
65623
73039
82110
62593
25712
20735
62052
18379
8751
6874
34741
77932
7633
62005
98738
54715
76087
47724
30795
35163
74345
31532
96943
32156
76632
53117
47044
28033
1910
78214
95881
39014
7096
19188
90270
80902
44458
91460
59501
73885
78863
47334
92655
88119
18537
53241
41767
81394
51907
63904
90250
61973
49194
94706
29880
16645
68787
51566
45518
79317
49690
33970
69852
61774
9155
63117
36576
19848
19584
18149
35102
54635
25746
31559
66455
84962
93144
40342
44603
50578
3588
66390
53522
28383
98309
78717
89333
81806
82535
16111
86558
69283
1693
38098
8991
23499
97856
47196
3110
14458
24269
98603
16597
31431
56732
30740
2381
9666
79914
61158
98694
76106
55382
54777
23416
21885
94695
43284
32701
40554
92634
27345
63716
81326
59449
3602
72665
68888
71577
78476
98459
88158
58079
55304
43898
60003
48953
92194
44766
5831
5930
26770
49369
75306
9658
9548
88059
79991
49427
93266
70693
52233
47892
10795
36435
92870
42897
3362
64323
7036
59366
87176
68040
36844
90252
87299
44393
6797
73679
51127
22248
40888
45236
63535
47830
38875
85550
70576
38090
92128
56293
16831
35280
96951
88997
79733
60445
96605
57532
62229
17250
27118
46225
88653
70326
69781
81841
88186
86471
22331
27284
74309
66186
28473
86797
20332
92310
26129
81013
62381
73109
86911
19839
75244
60396
64384
71124
13866
48875
91442
37056
50618
57057
13977
46911
59502
70447
6000
7338
75958
15559
22307
3377
79556
47884
49309
73952
53768
30999
16185
34215
26150
16622
70875
8713
19106
18429
34416
3130
65741
81092
43894
70379
72667
16456
60808
18683
99893
79153
46051
87458
99586
32017
15589
44789
96894
49498
14448
60210
38732
21171
31693
18753
14327
22180
97848
43703
63733
8789
91911
35143
58540
9715
55985
54880
38377
36268
20189
88442
56267
42149
37695
70668
46443
86657
25929
50757
74846
49881
6209
2575
84418
44782
42808
32733
89087
88494
49205
2771
15162
6696
23839
31706
45542
99181
74054
41406
21879
87288
38939
90869
36620
74839
12484
36081
51109
98885
95622
9535
47592
4330
46258
44827
157
62293
32283
43661
94460
86750
32187
33457
21146
85939
40101
26069
30438
84824
61136
13505
60592
47181
59825
688
94995
54052
6847
68000
14331
75645
5648
69942
13724
23217
25950
2784
23
19896
15958
72963
74154
50112
19873
10042
44233
55024
23730
39295
52686
24787
84420
13691
98584
47581
32282
27659
63470
97382
65101
88488
83174
56060
6498
69518
1434
20698
34933
41191
66045
47084
13929
39201
1091
98838
40213
31405
76429
25692
62325
54822
40806
64933
14289
24696
94709
96107
94085
82575
74329
44270
38321
672
85275
21605
67349
39019
18200
8553
13369
96935
61905
71651
36898
50566
53773
95300
77367
5175
77056
21642
34918
14792
37398
68949
30107
53091
55994
28336
84276
19978
83700
55796
18812
65560
71112
14383
32421
36612
87544
82151
54850
64507
24085
4387
25045
95417
76657
57462
98858
32121
57611
15570
81187
22552
65934
15420
36542
12169
20168
14258
68114
328
10379
66608
80779
8824
98220
35818
81477
61371
15501
45431
46105
49248
74668
76526
80140
79888
21253
66410
70265
29571
91330
79898
97757
91584
69506
28295
89914
42884
80339
24192
35730
22819
61122
97299
34694
84028
84070
28239
73646
54409
87026
88899
42920
97067
29272
82149
27013
47264
53003
38971
33376
27496
86091
4919
12155
50355
3040
21073
96890
8137
38440
66
45032
20520
65725
76278
99062
52362
9163
94334
74775
44465
78813
65737
82937
21050
48863
80551
14932
86607
73408
26988
57816
82069
4507
25672
57303
31631
10743
70227
20333
18445
39840
60611
84471
88065
51715
45010
14703
45169
8113
13807
61083
77720
52249
43634
21174
52275
28116
80882
28326
74124
80400
14001
62758
72063
8741
61834
59915
13399
48619
68030
92532
91913
43091
47889
29944
48170
38110
73974
52930
28726
37467
51647
59536
95692
55251
89711
2931
58541
65927
13633
4080
96577
65948
3053
52061
43839
71819
38059
52100
88579
56262
58483
74383
88804
89760
2077
54491
48271
29266
86456
32088
17309
91162
82429
89417
68191
52379
18252
34799
77719
2656
40088
7889
84864
57907
51927
65331
25993
733
33608
15091
48107
64916
78475
62537
70076
13079
74436
13487
69271
4438
76305
52769
28470
89217
19471
9840
2652
54071
79381
13226
79604
2024
62191
97289
98835
37667
46343
38759
5911
99426
76983
45501
62193
70030
17441
94085
55604
72351
35058
23107
12977
35461
21781
76822
82105
62766
13323
32602
3463
82161
81618
88955
50377
81468
69713
23024
43837
69841
37614
36695
77493
94908
97094
5121
93057
54041
66295
38707
39140
19969
24803
55306
70581
24367
95654
30432
46265
63450
83156
20419
27472
78445
14717
63752
34989
9514
26788
85973
68744
60143
79592
36581
29476
36450
38280
78488
45908
22548
24417
29222
47731
48159
42576
96743
86542
20082
21501
2766
4855
8817
19871
42159
7616
66258
67
91890
76053
50439
69812
42195
17622
10607
36596
97828
98949
44120
91385
46654
94127
83598
61203
35051
13100
87653
49294
87802
13078
72486
14520
43729
3074
93285
95775
78670
59443
64976
21206
37340
25008
43996
43923
21233
40798
12530
89718
56634
13682
49229
92164
79696
94758
52407
48698
55439
32472
16366
89188
79018
30290
5109
44379
88922
32165
89061
79645
89203
92242
78542
98731
68034
79799
22654
72168
58247
3516
5589
71057
61008
12873
45809
524
15628
41818
94051
80011
4799
16019
70957
23714
66210
6668
13541
44063
53136
17624
80015
52230
65002
76558
66646
19012
85519
82134
82131
10862
9510
11317
86378
29748
6897
76320
46527
21537
64606
19549
39804
36743
239
65523
82706
85830
31325
57765
84695
48593
92817
96579
45979
50773
34763
5021
44202
52581
3791
30978
95369
73683
53470
67081
98917
55033
5225
5875
11982
88270
22997
37833
30895
75062
56973
72571
7415
67339
38136
34618
36240
66905
50841
95559
47820
90263
68884
53471
36091
36782
27673
71758
45911
39079
15973
31543
80471
93474
39758
78905
64399
27209
8212
72878
33463
59438
12806
5596
31288
85726
20372
44791
34262
68015
38631
41468
62897
91398
16943
57876
28773
94147
55613
17906
18233
97057
48925
49308
46457
81632
15430
76914
8039
22034
72739
21418
76120
33118
58971
47254
90097
19165
63874
17389
12307
80200
49213
18023
32680
80717
71818
46982
86187
69940
73706
90664
41634
7288
22991
41488
9839
70345
97654
44307
7465
45975
99300
96167
50973
36181
80442
95509
45036
37763
50192
53913
35884
32125
10249
91129
69130
61935
60500
42690
69758
35472
46688
13598
95814
45706
74745
10466
28726
3152
744
95213
86368
50806
89602
77942
10720
98267
36694
47954
64169
9329
85830
53175
91648
76972
37402
5247
88574
94835
16308
53279
41535
17498
79393
82899
98172
39546
50182
66979
81445
88765
93579
42835
74134
72457
48357
68772
35371
61298
8027
98353
86723
68474
61182
72915
36868
37102
52345
20025
47200
25794
71253
31052
63407
46530
88591
66775
21652
49084
10543
53446
896
93314
59137
4252
3627
59392
92316
20080
67521
15466
42134
91945
10060
53834
48300
8518
23687
46499
37027
67007
77322
77159
59739
13282
9236
53029
54083
237
61536
6027
97536
88394
13387
20870
54762
62350
32435
76160
19409
54745
15368
70801
36672
77681
38508
49092
69061
11711
60177
25995
78936
25326
1193
96329
55315
63970
34732
53073
82227
85458
36711
95209
4761
16414
11175
48702
15594
85865
91227
67362
9237
38048
72760
66067
41756
70368
11380
55204
11072
41646
52557
51387
979
10133
52882
92626
93186
85076
33952
5186
936
37615
62420
49362
9289
43287
89348
84491
35798
13274
78760
94675
62285
57203
90087
46844
75508
9908
76729
72874
55608
76265
40886
9324
41056
99107
18405
50822
78664
95202
820
13014
71126
32278
54613
81623
12436
95890
1986
6085
63942
63963
45249
86123
96557
35443
8858
9512
75299
75042
43372
65542
30856
5361
53905
37878
75871
33476
57331
62364
4938
63161
68819
32416
82014
97681
47517
88828
14445
96551
45540
65388
50297
84148
17058
84308
59422
71164
27700
49799
86673
1272
7429
77225
4161
65518
35221
57407
26180
31597
68670
54214
71686
56777
87381
22425
70874
93711
45348
10718
28291
85660
63398
79900
8387
46338
95999
82091
61507
82807
96759
58287
7684
25751
70357
77234
36811
48515
61487
14398
30202
46908
17541
92666
11153
27695
74605
53849
41210
91169
64497
72895
89272
43232
93986
56584
13646
34715
56787
34700
79100
29597
6526
35115
60442
18571
95
27734
1409
10049
11072
39593
67417
24233
10135
88682
47385
1233
91794
78035
29701
83015
39940
15072
92106
79379
11345
81738
76532
61341
26276
74659
46638
66642
74672
81273
54928
74223
29973
43160
21719
10623
8168
95998
21354
96681
7552
92880
3841
92594
91826
25635
95928
91520
34778
21780
37118
40238
55437
23210
70021
99782
55594
99132
13327
6776
7314
69908
99943
23937
57624
83296
29902
92200
36380
16712
3067
68626
62168
99300
53022
61900
24412
19220
71380
34416
89123
15507
42987
27790
18845
37145
76355
43213
88018
84941
19407
89249
118
56233
80739
93627
17390
59081
22816
87021
11684
47576
13837
26625
30634
5849
59912
51216
69439
9030
92780
55763
97922
33069
47515
13612
70864
16618
23734
93304
6585
22670
74097
42076
77061
86230
47474
14392
91797
42773
53979
75327
24944
22596
34838
38188
60613
45811
57811
97389
56672
40688
80353
44844
15477
98476
24872
41784
80874
67383
12461
61319
73907
35792
91442
46761
67942
84781
78943
38697
82842
10082
33201
86700
34748
9519
69896
91536
51233
3182
87280
5715
23150
51523
81161
84034
32609
53454
63639
23160
31206
69444
79977
81984
74496
38312
54541
9067
59534
60225
56753
65642
39378
50200
68277
48523
41313
5030
15035
15272
65738
30294
45827
12083
41406
90175
36984
27452
64893
90633
78455
86096
19882
41834
66841
43917
74457
26305
42070
77547
62251
75674
42466
12198
74551
36578
73542
17237
35870
84576
74403
92809
41649
14346
7864
86396
89443
82564
71648
11714
96306
31571
82168
45831
28704
15005
8920
42030
43860
22180
29189
64603
36641
1204
77660
15633
13839
3508
98692
3319
64176
65112
16753
70020
18663
40040
11774
35281
10515
17784
95761
22924
11930
27512
36210
41908
49419
84927
45326
6122
98217
10479
23367
83121
65655
92573
85610
44819
13880
39298
83000
75133
33139
48900
11891
65830
97408
93935
89080
8983
65147
57781
95064
79258
3950
88098
13200
96365
19021
92680
66918
85186
50243
12119
4968
66698
71811
2929
22827
37095
37771
27090
7331
85843
87729
6750
35401
63471
47692
39312
68739
35434
92587
9364
47721
7334
10703
14202
6115
67048
47418
64279
88576
87539
48594
66759
19258
87341
96777
20720
61157
79641
42744
67410
10881
14878
26636
89262
54633
10591
17650
28986
69211
11517
93187
73770
3099
93565
38035
63274
38440
62101
81516
81649
26874
98655
62139
88203
192
42194
49075
89697
7231
19958
51298
45812
58250
42462
68547
74353
10250
97018
20775
762
55052
75942
94736
36658
41689
13970
85640
7796
27392
11418
31105
21724
5449
71728
92333
54336
44911
22184
9269
88397
70676
45896
28194
50957
61331
52069
66920
69930
9591
79185
99289
42664
77483
10645
31460
35866
51240
24968
14839
45891
78052
86497
42819
4553
45706
46802
85247
9782
11770
87061
30313
76697
43988
60712
54261
73352
63296
60788
48205
21007
38744
57257
2529
87037
79916
57158
42648
51208
27180
13386
33424
27074
22016
53607
92986
73051
97994
18410
39380
76055
24651
85653
32131
24824
57414
79303
91816
11934
4688
41614
60779
82609
4467
36461
75364
56049
13501
1255
90162
85243
76876
20513
1939
66219
64038
4216
49211
62703
32682
52198
86297
37051
291
81881
25782
22515
41912
60683
3668
30030
23403
68232
77255
68145
67923
23432
90564
52099
1774
25130
48298
40046
66260
20157
66166
98176
69466
86790
77925
38439
6606
77635
39522
65224
92955
52545
64840
35338
46637
28048
72947
72683
99908
77928
80571
82277
7639
1140
42190
60123
54460
25362
24026
16453
94413
12480
99675
65145
76125
33500
47287
19263
72072
78065
98862
90736
81415
57809
37137
48577
76830
15082
38087
46108
76077
90807
50426
72202
55394
59372
20858
18315
12499
76581
20601
69516
35243
51273
15017
91148
99513
99710
12437
60035
25037
22479
19891
77625
83243
32750
69642
56530
16857
33988
65735
40141
18817
67188
90713
94826
91947
61019
39174
31160
68386
99369
38906
70358
13665
80474
9165
60826
63697
74314
38393
36866
3319
66559
31596
36623
77202
19227
67823
98321
35188
49693
14521
60332
34851
22551
9871
33175
35832
56737
30228
48733
45447
15669
66330
55945
22667
34892
56472
31042
46403
54945
33520
17930
11345
32605
19820
38489
63780
34377
95103
29432
94526
35208
42326
6125
64874
62844
94909
72615
26775
64685
49197
4703
17934
86570
95709
79470
18442
25126
68
77439
16778
82333
48849
32320
85501
76345
25134
70869
49903
3290
36436
90099
34564
61986
78060
59251
92367
1107
84803
15969
63842
80955
47726
49672
27642
17512
59310
18545
17072
68823
83452
92955
14332
4643
72664
46100
95257
2396
40919
46068
31773
13354
1274
38322
28737
19051
32763
89224
64721
88238
85261
92500
38987
36551
78362
21502
10
43373
60987
94709
28146
18688
64277
6051
7471
88997
96688
68780
5122
52633
2733
37990
99485
28611
46700
18983
15880
38798
32281
75208
66175
84691
38188
63495
98379
68595
25786
36562
8400
50899
59141
6888
91692
11887
59529
40475
92547
63664
59421
39880
68110
44737
66068
33275
71921
3985
72394
33327
72745
64366
26383
18019
73351
99029
28758
7939
30873
84081
68508
43806
97142
26764
25646
48427
53465
4808
71513
11275
5058
43022
12180
43885
27687
35663
98425
17500
22747
30843
15709
57451
4995
8083
66918
6617
99071
99662
40408
68201
39060
57507
59093
70357
75543
3018
9734
5730
59369
42051
3790
34821
20292
74761
56260
56061
27706
84626
31747
56475
63680
11746
65559
75981
90631
91169
75983
67611
36604
89024
36905
26068
52071
17824
78545
3807
87252
39593
20006
134
71940
63212
1142
2998
1102
36720
80677
89105
98193
4107
39769
64446
22480
53066
18652
54776
60804
25981
89168
1718
50738
54398
25228
38031
11775
46550
66235
21917
54316
42501
71861
65820
20573
7715
49567
14
405
74183
97474
30731
76364
86566
30426
39685
99556
32703
7344
51244
1108
56972
11631
22382
95056
38588
85387
73056
81343
55395
93617
14617
70085
73310
59536
15139
27563
50945
94976
29645
86864
23877
54322
93995
22822
24541
86881
52425
47243
37481
76719
86682
37354
35976
58427
66379
2496
71963
32507
78962
67938
88954
31137
85663
70384
56051
39811
29080
15268
37962
9490
58647
83203
25389
64698
69128
15675
92558
29698
32425
12205
70550
42193
8264
56827
83683
56840
93958
33182
13938
31417
30299
76568
7697
66692
82693
53437
20159
7717
22905
71847
53867
25782
99711
16886
8378
86890
14094
65013
98945
3280
28893
44187
98193
61254
99165
67896
96982
5468
1996
65666
44181
39735
24976
96635
93060
60401
95620
58066
16638
79848
50831
39327
82633
59757
97228
89329
36323
42037
90348
96074
47443
43510
38448
55593
56234
99277
8437
65758
25881
38889
17424
79953
34551
67176
94209
15769
94566
30026
76130
82303
62731
1108
5778
65072
1372
14717
83560
19030
30438
58069
13720
32048
54193
67023
24902
64384
8362
82039
95996
55117
94285
15669
21486
89152
9989
6763
92188
42087
46471
37164
55491
998
59668
7897
20772
50808
15616
52971
27862
14129
37632
23885
36209
4756
48513
38668
65844
77372
1406
30150
19242
49947
2651
72220
81366
18482
16795
81872
19519
19002
95331
25293
35396
48658
73831
85024
50950
81720
38860
60305
46458
12254
17264
67041
66458
21784
49356
48575
9364
54144
89428
23855
62902
15442
71681
89914
61918
70297
90101
84437
39682
3485
19330
47716
39682
83410
21147
8041
80045
2606
88835
15554
39258
94361
68669
29830
68667
55976
78689
53406
28308
2148
63285
59834
7976
16399
6159
12784
21881
76311
86097
68003
8985
5410
66277
33063
34840
97571
91241
51646
74510
90329
40225
55791
36166
58585
81657
33958
33860
30187
21187
83737
46877
76825
87579
46542
80729
29276
26130
2717
78609
28840
96274
97345
91805
29303
54912
31101
94810
56638
71307
76047
37882
55227
32630
79369
42035
9599
73099
93149
78113
45548
29793
39354
50795
87051
78297
41988
98358
91388
86047
41566
39099
5388
59110
1724
89426
85398
61624
47529
45461
96594
48047
34272
64901
23964
57814
20670
82252
765
91520
56096
92640
24199
52872
92202
22693
15712
16947
98200
38188
47343
42243
59587
50342
82022
51812
24312
6443
92091
58405
79207
64896
98707
44774
31785
47199
59684
16237
80927
8584
59545
1026
10388
80416
5761
82080
51940
4774
34143
35572
21688
35631
88251
41208
1885
25847
48506
71630
43815
51252
27829
39074
8021
75761
44000
76937
6309
84071
92694
41935
72071
28254
20862
86953
23980
12057
43124
15066
40255
81921
87910
85460
779
80784
81627
86957
41772
19178
23504
19381
52762
63592
25749
55327
91317
49492
35819
43583
67726
741
66103
51907
2389
60674
56623
13147
64018
98641
27313
39054
49581
61503
55475
11081
14793
82003
96795
93490
69666
67464
39076
49256
48180
45270
51147
47556
56934
42861
47531
55858
69644
43075
99730
9014
43970
71334
75106
16951
65694
14146
82171
81546
4342
84593
21388
64936
25916
96742
44587
97778
85443
36061
5209
95370
32625
55277
17039
84160
60861
11329
14906
3652
65379
14177
82805
62238
10300
66984
9583
76144
22745
18905
80354
60634
5833
27291
2076
36646
61304
24636
93201
73788
76829
81573
91464
61176
55772
60142
73531
99242
14977
21325
8452
1967
12333
92811
53952
82220
99921
5124
73328
81931
38988
52765
49080
54382
19464
73932
78536
83123
78695
68021
86429
50417
90633
21783
41200
81358
85989
33324
46791
14575
31893
16237
29692
20841
39138
23437
87644
26662
72754
22948
41232
64192
44058
44999
63647
56511
60839
98307
57018
23965
27276
14517
3598
3511
73625
56799
71493
8139
89271
65463
29174
38287
13824
8954
63495
56388
36492
80015
91625
34634
4712
37125
83866
22207
25927
21631
52503
61107
40412
33749
73127
47014
11358
73236
58634
49815
71532
48524
87506
6377
1295
64270
63915
73732
89035
77227
54220
29919
5155
60699
45527
11625
55416
8815
1011
8144
94214
65662
57055
76069
52583
10025
23118
54567
76873
33658
37548
48531
98106
97148
23807
16270
58619
40108
78973
85220
5997
53625
16057
60019
70989
29859
90543
18906
63299
18322
32860
86469
81488
10482
71626
55385
39276
58569
53925
7480
87592
36769
82738
1284
28752
26338
86093
32131
60071
12536
97967
83897
5463
5648
99225
46263
38538
5877
61616
42711
9865
27716
92991
41080
2138
82285
44337
69114
6374
52444
36341
53304
6058
88974
74193
69819
24380
63350
61322
51718
66481
13245
67110
69220
64992
97410
24966
9811
63554
60032
4382
84465
70931
84182
56759
87237
12268
52433
81691
61449
77495
70538
71285
20577
22771
32612
17382
65607
26333
87216
19971
45294
38454
6536
30246
46688
40947
90645
90621
35192
83299
44
11948
53357
53207
6317
81731
43497
19455
88358
45829
69500
9316
16461
48361
84095
77486
26618
634
5457
33467
22280
22866
92590
98661
25316
67783
69030
98628
89415
45397
44541
74125
38999
10009
8476
75989
96550
28858
52787
20179
34243
37214
57355
61987
90786
40316
2710
19369
17728
11282
82589
65385
95589
76682
82992
5687
82040
12588
30053
409
83082
92395
4313
8493
3779
43018
14909
99916
79943
6103
32487
53028
65048
64639
57135
86570
27810
9220
77031
1457
48968
21547
67814
97648
11730
96398
49088
54649
46754
78875
52331
961
49645
11869
13168
73432
22413
1516
61502
73177
28800
24766
11583
57478
84342
1279
29649
39185
10950
87566
82350
88955
55053
8035
11318
59149
78701
43387
71329
21371
10147
80603
1974
49451
62043
94854
86668
13877
89265
49132
5300
57713
70715
99941
65215
67587
44429
16988
96729
39334
97747
49401
48994
94675
60354
7900
73583
59199
73957
33850
56605
79399
4813
51987
77425
11749
36621
41362
78759
57917
95107
94296
38700
82926
134
79670
2824
18730
5938
39374
56352
67150
21667
63427
19905
97686
21970
45858
84054
73659
26335
69888
6606
20594
35540
25650
40410
3960
61010
74249
5559
67740
73691
76038
6763
61411
39958
92521
64831
33981
4202
28391
86665
39306
45942
20709
91978
18298
28276
13861
29919
48273
45202
13202
89549
5049
97099
4575
70398
41683
55933
83920
5914
49569
77655
4502
85415
21902
91125
75125
35763
61115
72920
16544
82186
31995
91871
92164
64209
23142
63708
4458
89890
49362
29683
47939
17172
18421
92947
10582
97643
45477
28527
28876
33515
31231
51430
88298
65182
50752
28266
55846
44495
14375
45704
31099
29746
50347
86227
62119
94012
11434
75461
26694
16805
19177
83649
76867
53078
20058
86279
85133
15729
92513
75430
97458
78211
34443
25600
41341
47306
86793
42481
94507
86404
81544
73313
20741
96270
29049
87570
35030
98974
49613
31408
6310
45551
38662
54809
29338
36825
27145
82743
29459
43603
8826
70345
53397
314
95515
8492
9226
46021
92996
21821
6403
4733
18689
40454
55062
9497
65031
37946
4641
58700
44763
96996
82017
63453
80402
69278
51760
77119
73533
34742
61583
73814
56475
14215
57314
9282
29281
4553
14071
78638
73854
5078
48986
80532
34972
8306
81023
23933
83531
80618
59831
52515
7685
57242
79615
35053
92576
16074
39816
30486
64358
64081
57146
63353
59024
60282
73086
48917
86396
50652
82490
70762
16567
26956
29733
15
15923
92640
45579
6177
72782
9553
48904
43056
51818
71268
21986
59570
82298
26370
92230
27704
59532
6626
78748
95475
52375
15381
72125
30757
2581
16543
61095
8343
31107
59475
83384
76446
98103
96510
98499
97339
12871
33861
49595
12925
96744
23079
97530
95933
42015
27575
8775
55923
11867
41588
27701
44350
87156
41999
54601
70944
74191
67631
25959
78537
12649
92133
78018
77058
2637
37301
88150
75432
56765
58635
67154
51174
51734
91949
43137
41018
80561
42634
85393
47324
43857
59416
56881
81672
31218
52906
29180
89832
65822
52736
8382
95515
17510
86609
12084
98541
60459
60895
4240
8099
38574
35325
44448
92282
35195
31469
87603
55930
64387
67578
52046
72247
56177
71624
8227
13133
10763
81696
26308
49534
98220
71992
54703
33062
30198
76257
89762
27259
59740
88221
31203
3064
46149
88676
37338
16963
86012
24368
62517
76558
24221
54190
19774
70911
39030
78157
12429
92819
53382
94073
84543
60199
69192
81294
84604
32096
38148
76186
3148
85494
79304
49158
80095
32423
90902
69921
12651
8642
97659
23652
92120
41203
78868
77793
9806
65358
55567
59086
45532
58605
40160
34450
13878
73801
930
31913
56481
38336
62328
78374
56969
81556
8515
11221
5800
47468
21699
1020
24448
77293
8487
4619
37326
85900
54931
31446
20223
74024
95990
54161
82810
2734
11973
67785
70530
90226
66875
2147
19818
8044
4894
14614
68658
63829
63065
60724
70785
8383
15182
45035
99018
82209
35924
55159
31987
96054
32412
63019
54440
60254
2733
68341
75350
24154
95666
2144
94113
70819
24632
66890
56559
27123
13642
91981
10017
27194
73713
19373
40007
28880
85171
95136
49732
38381
2864
75237
4166
89876
853
67354
16290
39468
69896
81461
65427
19008
12814
58629
63869
48445
86118
43336
25505
404
61454
39480
37159
96173
14846
25256
49537
99334
50281
15832
13589
41168
39764
2985
26509
57953
73364
91723
16119
57243
6817
62339
10714
40428
51533
75230
61579
80580
1253
2770
6748
80690
45025
30085
10883
12986
86781
41958
28533
54964
36363
89510
27017
2028
61502
26580
85293
40385
44976
55745
33134
4376
65301
5467
73503
63947
76898
56094
1017
26316
65152
42308
72294
40538
59816
61873
67332
47974
16775
65968
75830
43708
2084
9556
73893
19224
90757
10348
59931
57864
80586
46844
71522
69530
80342
44508
59449
71961
80156
69164
99942
91482
71779
856
27294
48645
38548
32335
14125
76314
77253
81412
80679
41789
16030
807
36031
1781
43699
80262
32004
94268
97085
43895
49163
77465
57131
63920
33724
80706
75288
37425
80021
87429
65865
65679
43287
76520
2971
87170
70660
14084
35393
12171
42212
68155
25900
76514
23113
67250
6422
93805
49899
64958
21188
63245
72952
60000
91439
19809
26439
4959
14899
53312
73482
91489
62145
97494
99083
74180
42569
84492
76071
40639
16142
28039
599
67053
47110
50819
56032
16305
79643
81892
42813
26671
74510
85244
57694
66252
86129
31489
93920
48483
81513
15711
99409
64306
51596
8325
52806
19944
90047
79235
99122
65895
85355
48276
27591
22756
38640
58170
19176
92491
50042
71733
12624
33387
49048
24814
76978
71323
53647
88252
78356
22012
49043
38795
45747
17150
1013
83975
69254
65145
74442
83241
14734
72481
91624
24601
89008
1819
59919
14974
79787
71327
3297
34967
85183
74335
10201
10586
53509
13572
65623
85181
36093
99994
71978
16553
83653
97656
96578
75365
78502
75241
41116
8226
96722
5713
32077
74016
49994
530
50106
80343
27921
67690
7614
16085
36804
411
6418
31042
28009
10028
92158
66739
69543
48457
22824
6481
74481
70334
63803
89450
35533
45562
3944
65024
10260
13569
45125
32699
94976
46463
1045
68717
51994
39969
78318
12818
17905
87962
32629
84361
66547
11305
8601
53645
82851
80743
22989
72619
6040
60424
32037
39309
69492
55557
38625
63183
54792
54253
10051
55012
72818
64499
28727
35444
9840
18213
21256
44271
18159
15159
21500
14748
53142
10513
91821
30715
8000
60205
24700
74877
87127
14272
47708
89923
78606
95308
17012
31620
41367
42827
82265
14845
11061
76909
41376
42183
24982
49901
38606
36115
45663
62330
19954
25840
33596
33455
10477
58689
34611
17284
69111
16818
66131
26187
38901
51380
78532
69312
41641
38149
95457
10633
96974
5386
9199
57571
89657
14512
34938
33890
83692
13069
39125
18580
83864
74346
87435
64738
35957
52483
34806
3644
89589
91003
985
21422
63323
21474
44541
81057
81377
60324
97964
28268
88595
33905
58653
97547
56129
84031
62622
84459
43123
37878
30207
85513
31849
47776
4768
20979
5715
60067
65446
61259
12157
59713
21405
24918
58297
70214
59463
41867
56948
49007
12579
71185
63750
75572
60796
87470
38584
35430
93418
95123
86790
15672
70752
35298
22731
66534
67502
65851
22393
52883
16447
19426
29419
32025
10639
69176
71860
27289
61597
23365
62709
39279
62108
2870
36707
88457
26530
30068
25207
48838
52692
76810
6914
577
81154
46101
82962
49090
93007
65728
51830
11260
79200
10465
8937
76658
55788
72612
16141
43258
41995
27713
86418
2562
11016
38197
39833
44061
26105
70580
48044
21729
93486
29517
36644
21893
34712
76293
59353
29275
69492
54628
55425
13303
77756
6102
32746
544
53328
27255
25681
69482
99614
97908
24587
25430
8952
9802
54625
32924
51081
31440
70448
54328
34218
73753
60032
6623
27156
67506
37079
84387
93672
15123
49844
41399
23546
48911
67088
12187
11117
78948
33756
85418
18015
41183
10692
20098
20375
52426
68211
80588
77578
1655
80132
73941
81651
34721
45784
74496
72703
84651
2760
181
74981
9897
66385
82747
9244
79517
76015
61197
8951
53183
76646
92070
18230
30355
16329
35546
49299
97965
27877
86520
7224
85944
35779
56110
46017
64340
54623
30624
56655
12237
50394
48187
98125
61159
27367
2406
37855
90838
38981
51691
54758
30366
47336
88389
43276
68601
50336
8072
19644
17270
24131
60442
65560
50996
93309
45801
83549
10246
8378
37514
94728
14621
118
95004
58352
61581
75525
63515
50098
19144
93065
43328
55231
65996
88417
46878
86035
8889
5185
61092
14434
60710
5043
38302
705
62411
18670
74585
75203
54471
8036
78346
47220
80196
28098
12856
57966
80372
95800
33686
20526
9699
5515
44539
60255
32996
62398
59329
18986
35634
99543
67514
6129
8706
83124
5336
444
79017
67520
24748
13596
13310
99871
79231
97995
90532
63633
15369
44360
30392
5722
23647
55501
39375
60215
32895
96025
22074
9007
24112
20793
8016
49520
18948
84628
39288
82825
11054
29105
57757
32789
60112
92042
55589
49663
24627
2396
24391
14575
48874
26307
27864
50074
50327
36492
46630
76961
82804
83884
71118
53757
64638
35094
32893
79130
48530
9823
84902
30602
40810
33177
58149
3703
13131
18687
28053
84686
6604
44170
87360
51879
44054
42696
30537
27981
88106
67399
29707
98562
80696
3925
24780
18920
86868
22694
80836
25808
82568
55858
72948
99407
8378
91891
1116
31993
55153
11716
16927
18123
22040
12726
64170
28629
2713
46223
22069
60778
9604
61088
67486
4808
59845
51832
24880
53293
24311
31866
54009
1521
3930
10013
34067
48631
93055
42457
38132
59087
9621
29226
73367
69687
36870
12041
7258
43029
35560
99484
1349
50350
11098
21163
48133
5053
49012
97297
39287
17005
90968
83782
55261
48639
14329
42597
43648
84977
86286
46665
4931
26299
52628
3847
59076
34707
28887
68593
83179
87417
70046
21703
68726
92527
13407
38205
19830
43045
32484
22353
22007
1372
90186
65722
35369
17135
4561
14302
21969
5696
84194
36347
59785
71439
87617
60224
70262
47946
41027
85381
42358
81987
82514
50747
87010
78879
49842
98844
96709
29117
48801
78170
4908
41017
58234
17450
18111
39188
49796
4999
99110
84371
58508
61667
45031
64412
71648
33763
14902
39391
59770
23447
20774
45027
30466
1157
72209
41277
28790
63793
53604
44988
35792
96540
24606
57848
20790
55196
12024
73730
10637
45330
9931
54905
53595
48687
67559
38629
23903
28504
2053
7140
80757
40846
38679
66317
71730
10355
84703
49437
15852
54681
29561
51901
54684
57567
35553
87046
61422
51129
78193
92981
60017
4937
24162
96435
66308
53568
1952
92040
25405
56572
6881
22657
22591
67828
63
99240
64268
69247
61301
54702
69418
96805
4145
53041
75824
55123
98138
39788
61505
88219
47901
11209
64166
62615
20525
43414
19949
80033
88690
29651
72672
9758
59608
23481
24741
80941
73957
73448
80267
52337
30833
1069
93911
48659
55493
30907
59376
14914
42993
28063
62705
32889
13861
71244
80588
41908
95759
63147
33233
95083
827
91010
56254
21138
4960
48119
69922
98227
12519
39554
16987
16616
74285
27977
82894
5797
94074
39343
35511
12007
22865
63826
30564
86860
19427
7784
54580
60382
82072
36731
92023
68714
41051
36889
82624
25654
88381
20316
46616
73051
46587
85233
76503
22883
93946
80800
9761
31822
69937
78363
86577
90558
55604
87226
52833
43691
57162
30413
2735
48613
97228
84897
7311
88620
14116
61361
7938
11801
70665
35215
97810
6711
50324
62777
56809
80293
14035
72431
8322
84991
19810
30502
8697
27049
8626
85783
15048
32942
20033
23039
92350
12899
57247
78207
73587
22062
54687
49992
47593
42132
94437
94466
96602
1599
49190
1202
60011
62020
23473
52282
87215
41786
84526
13912
12244
96397
89246
91453
85310
54648
12935
18737
62192
58788
15410
38077
56288
87712
32714
51346
10808
43056
25775
34930
92045
34446
68718
56589
6679
90134
53985
61294
39010
24227
70438
15436
97409
86819
75820
54022
88129
43167
51949
42609
77413
23268
60156
39486
95815
93951
28434
88257
23056
17319
56521
189
36871
42101
44636
82880
57054
78059
52318
79918
86832
20017
45765
77366
42645
76772
47916
55093
50082
48887
77620
32243
17839
44208
72572
23971
56494
32685
20678
61459
30732
41115
33190
43957
30494
79954
63742
41066
50906
55862
86219
70350
5323
90340
37006
49271
1879
35837
18413
46710
69192
3501
95298
80401
79493
44523
17443
35954
81689
56697
17386
89731
27741
51038
89825
24409
41161
4333
63498
33406
66783
15054
1843
23854
31416
28535
12166
33383
56649
35773
92873
71173
29982
36925
21238
60901
34628
29950
82212
47844
63468
85768
16096
49360
59524
63774
54793
97231
4114
3667
56168
54526
69315
43362
83431
73601
47902
22778
22397
34659
35821
46682
30092
8112
34337
73603
48296
65395
30014
2968
46956
47819
37871
47180
23214
6902
6361
42583
97044
89159
64100
69739
11578
83407
62834
57561
87388
78010
59343
76006
31912
66716
54888
50523
76072
65502
40392
70081
57185
79213
41506
33628
92530
96857
53379
39815
13675
91492
62633
87996
48019
53109
8732
17351
89663
39202
49031
59190
69787
67511
98895
25835
59084
44156
69641
35203
67457
48544
47229
19880
57006
97774
36107
49667
19494
48825
70291
74015
51710
83117
39255
31754
33540
11933
37104
86180
95180
55630
83592
81249
66623
68160
40580
58018
26697
11293
21504
2578
95800
53655
40588
53716
40513
64199
19634
51850
54614
44690
39306
97307
19084
77481
9090
5500
20249
21210
10157
62816
35176
57658
94947
32569
35537
73450
34356
60073
67528
15528
56872
45271
89776
82587
39291
73892
3857
6339
69912
41220
612
50763
71921
17555
70000
39038
20951
89463
14052
47153
61708
21483
53957
81630
98723
95594
11474
82232
30760
80213
33782
81635
17919
86613
71141
13763
8807
81304
67634
38045
88084
60848
63509
4900
83961
20627
10283
25395
45196
12465
896
97493
69075
3498
43071
5968
39122
68251
3252
86219
29887
27521
50614
89481
47813
96763
89932
61912
57605
37408
6213
98288
677
72870
44826
94556
18966
95689
21064
63198
72345
5178
62860
83696
66376
71094
56726
34839
9253
84680
44604
46874
45963
67137
75848
75736
4299
9926
55499
16406
18617
74210
78362
55544
91523
71139
18558
93230
40271
72582
1221
98440
21860
14046
37941
13914
62753
54252
17710
47882
26382
50081
81581
27553
45108
25412
36980
1624
16434
7713
5361
8614
68445
68265
62235
89819
38486
52945
62690
85330
83029
83384
98665
22063
13942
16058
83127
14110
18379
99358
36691
92178
26696
92933
69059
71125
94025
83329
31249
22677
97204
73883
80097
35056
80011
2068
3328
83650
88971
95355
11775
35825
68688
51154
18569
98208
28851
50459
14149
29294
5255
53584
7407
65392
11778
70205
68420
80290
12321
61461
38271
94389
63304
54117
44364
34736
82942
32302
39127
39159
34878
8490
45411
75190
62984
29408
33644
27133
96651
93011
94802
59219
8767
62698
27515
32299
96595
52146
38562
7178
50578
96602
31926
21084
91916
864
92618
70695
14413
68721
90570
70483
86124
46728
67363
77905
49071
6434
37621
89993
87354
14488
38085
59933
83054
77617
68606
53786
71603
80541
42113
53617
93304
41397
41682
95230
61748
90394
78681
62908
34219
55583
58103
26838
17085
73345
43820
77527
58329
40064
58711
65254
63758
28075
64297
55589
86084
19956
30709
75415
61479
20250
63208
94037
98248
81593
25255
87144
14742
96287
8673
95259
78409
24782
97652
48824
33354
74609
85983
71607
65364
32613
22775
11678
87319
17752
84266
23677
27592
49015
46053
93829
4237
15638
61424
30327
34002
51767
95930
3123
96188
63016
17220
48740
32152
61582
78224
52350
75818
13390
98007
52397
47833
74649
13404
2820
7387
60507
63005
32130
37733
33958
24763
27013
51608
37473
98214
17921
23106
71821
31186
13664
81947
59755
3091
39083
33420
32820
55669
12131
56307
96624
7519
58869
27967
59112
58233
52761
47594
41058
92740
23048
4165
99935
28503
53704
13598
50605
88233
62102
13765
85333
61723
52718
45007
4061
91793
6899
327
2242
49698
64484
37547
95530
17562
81356
29887
64880
18841
72778
7430
39889
66822
30924
40554
37165
22980
52332
28438
80920
641
36757
97673
39437
6468
44050
47715
43586
52471
64852
17778
2705
99493
5374
50345
82243
25981
26174
41463
755
92622
52453
1686
91810
18702
3695
84052
91523
11837
60850
77731
53328
24572
62525
6453
38066
10844
97496
29459
1827
8725
68080
55925
47222
49746
96309
86030
22388
22432
8150
90595
37546
71659
73069
61590
791
59762
42682
7761
4156
9977
46098
80639
97599
61342
42403
34328
13592
28655
9454
37760
82568
58146
61271
81304
3983
29346
56031
6815
94112
14193
26749
90814
93356
39683
3328
43630
90988
24045
37660
54019
74816
12988
26172
30903
49036
70385
76923
91627
7279
21660
4850
90166
23723
36876
53963
97252
94558
6426
50892
35716
82011
81280
38657
59693
86405
24472
82616
3966
84370
89237
88900
16535
57430
24661
91781
74041
60129
53074
76040
60192
48675
35480
53615
42716
1148
8468
57071
99133
11660
49487
50120
55741
93188
87215
60622
99347
6552
59568
88103
86032
41791
23776
19826
74995
67145
57815
86607
30448
1092
96753
42803
14826
35981
59027
10396
14646
53226
26136
6554
27358
56414
70659
57133
1964
92364
90183
56
39770
27266
47665
31681
41869
33244
91865
49145
96782
45930
13960
60887
1716
48978
60415
85383
37054
4153
73789
74128
7079
58122
73352
15840
59683
17679
19194
17443
93968
81950
88119
6368
85074
26130
17295
74670
4493
81039
48512
55909
66486
57231
48306
77254
6878
63173
28833
95125
59641
73708
93707
46933
78549
94422
37458
86301
31768
58704
57952
45345
68892
54109
19998
11918
50996
87799
76093
9657
63853
76122
33467
43611
64632
11846
25270
1310
64895
99410
59759
28446
74525
89516
80862
55960
52377
92083
27509
27086
10346
47563
53629
66743
11588
93589
5122
88029
30411
64093
51933
7040
9321
18867
45977
99262
41970
61142
12730
92403
91346
34294
32421
8963
48491
44144
21950
23432
45997
73748
25620
72562
60155
21839
31213
97594
51905
10273
5949
66638
71694
91150
23056
68756
88056
41928
61112
30820
19172
2384
78471
20881
85483
22018
5352
59654
47545
34331
91254
43913
72350
49932
72330
92458
92932
89461
15476
54270
3140
55964
32695
36390
85156
29451
36634
67270
28058
92146
26695
37089
4515
2472
1753
38949
91429
17512
36063
36447
7547
35719
31129
442
73436
83013
20143
448
28862
97004
23732
43957
64186
28125
94945
73991
79559
81302
25773
18581
12671
93810
64539
46541
87066
60697
3125
67600
15891
23971
63677
23668
79975
39987
48949
39266
79870
99791
42946
65451
33482
60368
14205
65105
56872
26278
70095
89809
49598
18782
66208
18470
35314
2188
39798
94481
32736
6294
88910
14489
28401
93071
88378
30926
68410
58802
36578
60377
54074
24844
57408
59292
41704
54348
70308
84990
51364
74441
41855
58287
49246
78085
97868
51913
11750
90032
41060
3164
99043
58590
78488
35290
62585
64571
35399
89026
45820
90471
97595
58395
65210
8411
3353
85775
56973
51828
40230
46775
26536
86465
45931
74698
90357
65594
40475
68057
94003
73323
57713
95879
70022
55301
44119
70215
21109
69656
57656
18702
77473
97419
20501
80079
63990
97225
35527
49965
21258
93850
50065
2242
30272
71352
84941
85171
24713
21472
44689
57028
76496
5103
47026
41059
67868
52491
69915
13818
17500
35415
69135
9970
30007
7127
65844
94599
61811
47851
7879
60656
1084
82342
68772
91392
21972
8093
53596
21711
24948
58551
7186
69689
1040
50813
79395
21492
60773
35714
55148
83733
32142
73418
91055
3871
66031
37422
45889
11041
50056
9144
20802
98262
61571
93517
6319
43317
95895
18372
4749
28739
41628
60566
85221
42658
14483
99909
11586
58934
58256
4022
60344
97704
21142
20796
72697
58129
15059
62218
31424
64952
32338
22132
8117
47724
15389
59445
7842
80045
21817
32494
62938
40112
820
60020
99333
23
67742
45796
9359
30659
663
69619
13995
45374
3450
88982
92180
1077
7376
44641
74386
70605
94418
87391
28353
87777
91219
72272
24379
33171
62245
21479
53236
57134
1162
33108
1397
27431
26085
17832
41080
96444
70601
19322
34463
49879
53250
30900
32559
79180
43429
11863
1347
12130
57601
48506
90096
53543
24364
60108
88602
12898
35444
79269
26897
72354
77923
99205
51854
80557
84798
72408
83999
85466
48632
36159
84195
36427
59148
8753
24561
70104
26711
88882
9327
96823
50711
15696
90091
35208
262
37652
11736
47026
75085
52566
21249
88987
34459
41446
75533
55517
59433
88739
90448
78220
99705
79073
26166
87639
37502
38054
11354
8536
75948
28596
71201
29474
63150
8757
12684
13261
50944
63405
63913
92720
74002
73078
7086
69255
49023
13224
62756
15474
16709
11329
93029
55332
44218
883
29387
26050
5368
99258
74524
9594
68252
83405
69107
42098
76917
58122
53572
9917
88693
89919
72765
84665
17446
79180
27617
72406
85933
73771
97015
31749
75790
1812
6261
20014
39875
73182
66831
27923
88498
63992
39758
10358
60182
95060
43339
5483
44633
18951
19984
38167
7908
26189
80275
9623
13900
27935
77582
55585
53252
38867
10438
3877
88013
60938
61819
80161
5307
84136
92000
62760
76921
92439
77167
62576
62452
81738
45000
18354
65887
69094
2671
78273
88442
60500
85626
36307
80926
62076
70831
68925
95114
97085
34453
14653
68390
13483
37185
90090
53451
31108
38597
52692
23529
53747
67596
8343
69390
5838
47533
74980
57879
17134
19040
81534
82745
21919
57869
16898
63492
10769
79587
72367
40511
17463
46565
67617
27254
16553
86795
5977
58035
42070
13190
20901
38903
47991
69748
8534
10218
91633
55841
11201
59678
21457
5438
67951
20464
51564
1498
55062
96193
1548
34150
70660
28739
24270
10915
88567
37045
38968
18346
77357
41201
44328
83463
91499
32909
68207
2476
60071
29714
80376
43419
41176
37476
21556
90297
60526
7752
74915
31902
92248
47924
52545
77664
93990
38322
42703
86966
91374
96
23214
30893
62995
32166
6346
49379
40141
53461
46830
8933
99549
95567
59764
81461
48995
91263
62708
18601
71143
66341
56796
77665
95536
47434
49248
2217
74497
54512
16522
99595
41153
94354
15820
50362
61921
90547
61231
31434
74630
52314
16994
61041
71567
79585
11733
34154
49188
45988
1739
81253
67932
45373
38193
84064
5907
7193
44163
52287
25577
34049
63458
90347
44047
18166
29838
320
71509
30660
42762
37049
1622
84420
79875
67719
95964
86039
93295
3575
27164
96992
46224
94419
54580
5067
94258
19767
32181
64456
40869
82802
46795
49198
28660
43698
36376
68166
66992
74890
7809
13149
81131
70234
53280
78446
57794
2040
42157
30361
96355
47642
11098
87506
4819
56016
97076
45926
11461
50634
92019
41
78854
10623
33737
81059
17843
79525
59971
77325
49955
47611
66105
93692
79864
37734
12921
65592
87222
85673
8550
78755
73177
12199
90294
75816
39872
43912
91337
11550
83623
92714
17978
63670
40437
39465
97723
14627
14776
56865
51830
3066
57845
13513
77957
75174
9667
50568
36635
51332
79214
28895
71205
85765
35084
56861
22302
12926
96686
73621
55657
20675
48305
11200
75148
32197
53608
3684
58533
49035
73277
53703
81629
50594
28477
90262
91504
45921
42037
12482
84197
97420
34464
50249
72291
66825
82616
19360
59015
63019
45667
51426
11710
83555
44580
46066
45612
51251
9982
87580
99075
94199
58821
31590
86057
33332
26583
44645
21503
78165
68917
15487
96791
36984
50373
65827
93193
52074
34287
48607
93644
34333
88095
65727
33252
91344
14004
28996
89602
55655
75106
28820
36254
76971
26343
25647
71376
44440
48598
25333
90600
41275
43250
25353
76279
45435
78464
84124
78094
96171
73413
85543
91879
85386
