10363
53782
41372
87555
44763
77710
59804
79929
23242
35564
21358
54457
42421
65170
84013
45735
24498
18907
74589
38160
84218
5960
48486
31143
78821
36778
306
6530
46362
42083
99535
34459
28201
66614
83194
98881
76080
9689
47438
87800
83627
36998
25441
18856
20665
97207
25298
48999
22618
70706
91814
20339
99629
21618
45859
79341
91932
47043
97644
70573
61118
80583
35076
120
51721
95576
11576
44660
63878
41894
96977
74677
50766
64747
79885
82006
39002
59834
61723
15405
93050
26094
80295
46030
19407
97797
2429
56254
85835
4065
5226
51596
4266
79429
8691
4439
10352
21918
86260
54269
89603
88415
49009
9788
57866
83007
44135
65491
530
26850
73520
8230
28529
73474
44064
20049
66920
36727
65405
35606
93444
91464
22936
12487
67178
80154
66640
83648
4995
78694
8344
92505
10115
73369
85344
29460
27812
80773
11050
59188
55034
67813
37029
69861
15584
66955
95272
60841
50944
36674
99271
10136
84721
69601
78899
14235
18550
27130
8570
65275
61412
70355
26908
6877
25175
38854
60031
51881
79088
21343
23454
5653
78811
67499
20061
24522
23884
53511
78838
31452
64881
674
73659
96683
90955
54955
50099
54212
5126
88906
41293
48426
16029
64521
17369
62260
90930
14697
194
96419
61165
42830
52315
64667
99824
4881
7806
29260
35830
66592
16484
24118
55838
87740
76225
35681
92325
5136
16360
72139
55449
29496
23297
95461
30900
48339
65303
37161
86241
51864
68227
49138
9021
52893
46055
74181
67376
11807
49598
89513
57072
11326
70803
61879
11800
25486
85497
83411
26054
89439
59095
91204
56199
41379
41361
55634
38543
31161
37897
40333
71123
64249
36729
61508
29158
31594
95133
45105
13793
58112
35316
40253
14408
41199
24208
18274
71400
30884
92275
56439
46757
15137
94853
49412
71378
10657
99622
4732
59125
49356
39186
96479
15881
97727
24441
88705
4851
43122
5671
45935
85729
59109
79812
68645
40848
36541
70467
70303
26922
64914
31126
95891
98439
63104
80630
42982
89070
67539
2226
39191
92810
55691
19727
37368
60861
49123
95909
25686
55121
94816
98231
15324
80515
57050
75333
77758
72613
55943
48837
79290
19459
79468
23373
76006
2575
8097
81505
44555
44044
92495
39243
53965
83643
78029
38635
51761
25978
8556
19091
81097
41186
55236
90376
87472
40289
91237
83989
28408
24282
30635
21224
45109
89307
88441
3907
64792
49340
99598
63314
31012
82741
36827
35449
59603
26824
62332
19723
87147
41975
82387
99004
52290
35200
93201
48158
58362
62884
73472
68291
16719
17902
80047
58996
18518
23299
42950
8358
38886
65055
78753
38800
72359
70912
43172
8618
49338
5314
46675
84923
32778
39426
87657
60603
7519
530
33193
53759
28706
3634
64812
33577
43306
33831
15633
1383
54989
49877
47558
13181
10226
96119
820
63052
25424
71757
83267
81469
24657
3176
70971
70184
68424
32244
62308
77917
5365
56964
91820
93475
81010
21186
46638
92267
31771
17754
79123
2722
1383
76966
16436
8626
36880
9336
93784
65675
24925
64771
13577
70913
34858
20717
21193
78835
98663
59287
20758
49541
90122
79309
33291
68563
67304
66584
85660
34460
73641
97143
55716
70722
16650
71039
30536
20522
87565
16616
15747
12654
33837
68009
29604
67138
80679
76332
62335
26849
68008
69906
372
2563
23756
41675
21684
75887
24843
52927
7883
83330
60511
3502
71452
53758
89230
6949
25850
78450
31175
19700
87539
46833
46338
73307
39587
36406
22203
33582
56110
60554
2810
67055
73582
24684
63224
28247
36304
13340
11347
82133
39277
31705
55092
30803
77119
54174
82397
79898
48520
64699
57618
71790
13115
41602
26910
610
89967
78253
43118
91039
78015
90970
28021
91011
69362
57400
28353
37058
92603
95282
71605
83127
17909
95181
8500
16861
30497
65087
86396
96790
96230
83305
97885
46969
59708
8590
40599
64656
55195
21630
85945
34173
45220
61577
47937
29208
29970
48641
79068
38935
10795
76330
17327
86173
80523
24331
70563
29798
94166
64649
95965
8407
15924
10623
82437
28357
60251
37853
67549
65906
36215
4100
22255
42726
84873
77281
60709
8286
76269
14145
21294
66102
59560
62371
82277
82770
4697
96646
19818
83515
27348
1534
99207
61165
24192
66052
13804
20716
32552
50101
83160
48376
38262
78381
98371
47248
78938
3967
65571
32088
81105
93030
18697
64712
56302
12191
80431
10545
42299
84799
769
91765
46253
70809
36307
79954
25820
62026
4965
19670
50976
85583
12435
85589
32953
57396
13543
92932
21538
67786
80331
20533
37944
86209
96841
94687
89791
32185
73056
49299
2606
8444
33323
66906
84432
9023
69615
24703
64525
90145
5493
91422
11076
45123
44940
83594
81642
9078
97882
50271
66896
81315
74385
35379
8266
49091
34875
64719
67912
92749
26413
23111
44805
33690
78814
12560
52187
83728
6413
33321
24152
72143
73028
42722
95954
18019
885
8367
19245
2700
35599
7890
41352
35283
5542
9881
96972
2283
96198
45477
31260
17099
37236
21362
13387
80031
97152
45137
33779
68000
29182
35639
47081
91113
40330
21596
24882
32424
51078
47246
2066
22146
7182
72461
43786
58180
85819
71592
41194
7804
27783
16190
15654
55079
12790
87446
49332
23641
82008
77846
2839
34311
9740
58522
73138
66548
2960
58507
94810
19985
13248
42377
21191
58936
14685
52391
28700
15137
64517
33468
86007
23971
13847
28208
32871
27811
6852
96709
97169
31340
57195
22686
57901
77614
11576
13058
64576
98166
84161
31451
92884
26
20892
17446
54053
25726
35446
82015
78528
93362
93489
90242
10216
77714
46990
9512
67906
83511
60550
2933
9874
36479
45422
19729
13420
8447
54992
22800
15112
20721
14140
93718
46581
56706
10763
20105
16907
26702
1714
80987
48378
24921
76929
40200
57028
30081
98259
5260
30302
91372
84250
81183
64757
44542
92348
23781
37927
80491
91487
81429
89317
85861
48161
65934
84571
3034
43960
42968
44061
20861
76941
60321
93722
53026
65302
12131
41911
84200
39996
54677
10921
11500
11350
18916
53664
81660
45526
56519
16708
7687
20487
26990
75029
77993
93270
16167
4984
51156
50632
56257
75741
14233
30107
62603
25954
78846
85460
85959
50149
33274
22679
75187
70291
442
30336
56240
26095
72164
46342
30297
74993
56509
60383
53763
33394
91354
81525
61831
62141
96326
15638
60925
91924
13757
94247
31493
69228
57436
80204
54915
42596
59283
2382
44966
19961
59956
24168
69798
38971
49431
2725
38405
86598
42492
372
64819
754
864
47740
33227
66896
74564
44133
99801
74815
55691
85146
20003
36602
67122
13224
99239
19779
81991
25878
66525
83050
50486
68483
62864
92642
44965
4860
32676
28426
11569
25386
75956
18323
65803
44281
71086
57663
32504
85188
4472
29061
51985
50776
54880
61707
83179
90798
24077
86190
46951
95380
95878
43423
39073
18056
64940
37969
97048
41048
15305
51764
93110
87599
31580
7276
26224
743
68391
56016
42759
42166
55345
82106
75647
39086
42277
19280
83559
24673
20379
66536
83407
31015
19609
37259
88705
87644
23027
58176
97812
12532
96296
30139
66028
2170
13461
85080
77129
22866
92093
64440
69026
24286
73980
8526
18895
78046
41949
44379
29765
61396
99513
54246
89833
97663
43316
38188
71574
7274
11763
93027
51532
60231
79459
3646
19990
3232
64594
98357
99578
49037
7285
88268
64563
64312
8358
66389
58796
53433
15482
28994
13023
15989
24275
43230
53052
61420
39074
27145
57261
38553
91841
55427
59490
717
1579
54526
17053
25962
50201
52796
79466
64570
18122
24125
29464
53178
63183
51039
42137
55393
80108
85588
66548
75950
36576
93931
41063
49545
47323
58369
92164
86125
57027
25651
36109
26094
45080
89001
41557
43641
91409
43295
26451
71730
11889
1654
83586
86372
52950
78913
52891
77707
73383
9647
50543
15152
83983
95883
13154
44010
26911
29428
43056
60225
32709
61222
78811
17173
82641
94073
91072
36919
45343
896
38644
75429
38531
79225
16334
46280
88875
35662
27500
97084
62430
95858
58057
35611
35282
20158
51814
55058
66340
26313
58366
56396
46184
90033
6522
89665
88645
3710
2676
76818
30148
63701
57630
98139
32887
58542
97684
2341
48336
1948
38143
96597
24273
401
7447
66837
71408
90156
17611
63934
29560
98336
62862
45344
50594
82333
76991
72122
88492
65229
48043
20974
81780
67321
15719
892
94814
94844
6745
86587
41550
60566
91046
70300
85546
2902
41363
75264
88253
95726
37186
60380
32702
96364
6064
10285
20106
11823
45260
41501
1841
61304
32406
91655
56838
5412
53859
88653
85463
5206
77364
74147
32744
60599
58254
27142
96866
88785
56699
84871
95259
70810
30830
81814
85710
68426
30242
18369
44045
23611
64616
40194
78665
88691
64130
787
44470
28670
74448
33176
60083
48696
77086
17401
63819
51280
3623
95571
15805
91097
9648
20181
91184
11897
57128
8096
95730
50300
28391
37237
69777
78485
20504
12540
89472
12914
82778
3249
14921
20248
72150
24807
5149
725
19989
78061
35097
51660
26434
9716
79345
8855
78229
96753
24
76318
970
59028
82868
45735
83455
51260
73000
13436
19004
81341
99237
18566
59884
15198
79874
33485
92387
95512
95827
34884
37682
97886
24038
88009
10441
21321
79313
33389
40941
83367
40200
76418
78101
73913
70915
64473
33640
49231
89386
9437
24396
78676
23198
31710
29694
48874
189
1607
86333
41315
6095
37489
74235
4915
16123
29733
58858
14170
69007
68484
38364
9566
74394
26667
33217
1818
92568
43267
59423
52808
5558
17099
64386
8589
16015
35822
78936
14151
8074
60349
43329
69408
36552
40380
5931
73380
63658
16326
91082
6469
88
49698
72854
54578
48833
41009
15605
97976
25577
482
66378
20625
77108
61415
85101
29134
82042
32949
70413
50097
45805
83257
19640
8466
99845
72436
59041
63806
89897
93584
83332
56344
25149
83877
73225
25133
61421
38632
44156
14846
21899
24667
47442
96690
82994
78491
33160
46593
59345
58500
9090
93062
22627
96388
46089
23849
37809
15635
12928
79116
51754
55412
7340
92110
90550
83621
67415
60925
73550
94729
5090
84073
23044
53937
11091
33363
97049
8010
8401
84630
36544
26519
94933
58449
26661
11611
71353
7001
98254
10144
12174
26979
77254
33088
94935
42814
60520
70674
4259
67291
20094
78771
23402
22450
40290
39162
38759
28242
3412
46567
16621
18854
88588
5245
87246
34709
32739
34930
36912
25008
708
74862
12920
41955
25816
35043
48792
25981
26296
99884
17188
9439
58570
81098
39053
60726
54418
92537
77196
35018
82738
43
35617
41016
76571
57182
2053
44131
18547
3232
65348
61249
11130
43289
30225
31092
88194
39829
40695
40348
32350
55351
48325
1428
56735
28801
49854
96198
64990
74931
10075
99710
14428
10125
21805
1279
55232
58877
26111
22479
161
2344
78848
78596
90190
20220
33188
68563
84820
37308
17699
20277
89940
98693
44324
54709
31850
52576
72431
28003
12604
18603
50231
2202
83319
55093
21781
35215
79604
44388
79320
68184
27780
36100
30212
46716
4396
50554
89697
64845
48876
17487
76050
95169
40581
95611
57707
48136
75801
63760
77031
69752
10182
46773
8154
44465
74527
89044
60841
24956
76906
49790
67351
1490
68390
85085
73628
78883
85643
24619
53529
41590
11310
30841
40814
44556
50722
18753
57306
19519
36979
25485
47956
69625
24727
9173
80370
93330
81551
2320
67728
21994
60528
97053
2268
70222
28279
51106
39669
8067
40938
83918
78241
65767
62562
94265
94558
6168
48041
10986
9785
95748
65868
72133
44145
57148
20153
14496
90966
93942
76762
67645
57027
67867
47369
4129
93128
88062
22327
83225
92244
98518
36570
18749
86615
25899
58254
77194
37383
50938
96466
77487
47112
36045
65973
91740
69222
24424
16213
13025
45367
8857
39589
94814
63776
11855
15247
62538
28372
35718
14389
61675
25779
21124
27117
3852
94212
93698
317
11538
65522
60766
52969
68651
19976
31208
14078
59312
81749
9925
90840
37049
92604
35688
89978
98512
33345
71920
23319
86520
62318
66667
89242
21194
64880
1224
86728
56436
38426
68112
99219
17846
73908
81525
89506
21908
78250
62295
43024
69678
48804
43559
49792
83156
97634
90381
54060
10137
67802
24026
60972
32262
92529
66383
90357
46329
59199
5978
26968
63966
36243
69574
88087
50489
26723
55877
88178
8476
10701
18983
11036
99559
71031
16667
80330
47750
91240
63742
50143
90191
45028
63895
99773
76713
73233
42941
94728
63231
69116
53046
82352
54199
10215
3425
54957
19281
61486
9534
61470
82761
43912
93382
57041
86941
13261
57374
88552
68544
6831
24504
38670
56117
19896
61755
96327
69352
76822
20537
12819
49400
22903
47758
14092
42912
66254
25540
16743
13247
75460
31165
79768
98225
81796
51418
37104
98332
8921
49137
78440
1889
70247
56568
91295
38445
93213
88897
83293
76450
95757
91834
14783
94676
13037
45376
6327
79152
38422
13987
34956
24856
51938
58582
78430
31206
63517
56399
77618
99104
23518
62129
53397
45468
63075
84323
69389
78193
96048
70609
534
19035
37826
11144
92525
3135
68859
20282
71596
2580
2465
15207
73188
3406
37776
97691
23551
28490
25638
67283
84030
14852
41619
49849
75216
3389
25136
10805
16332
60771
71195
77758
35445
40394
14174
2662
58448
53822
22726
36990
284
2339
45471
53217
89198
84328
98342
96940
37321
90557
83969
65380
1309
81433
60879
53314
50633
16373
15441
59560
57702
15606
80788
64907
86224
46839
30432
45832
84954
93080
56593
28503
82688
12321
77398
71297
26222
13384
59322
74998
12885
10089
9511
70084
75471
42663
29016
4867
85981
4599
90825
7225
12382
7991
56014
56035
81536
7002
30065
77735
4345
28789
23018
43269
10062
1361
93272
12054
72403
48218
36983
13804
14014
46262
64053
90639
77167
83682
54094
3947
91142
5641
67502
1723
39879
15043
41402
3476
80747
31236
44153
86147
10167
85910
73201
33803
45781
52846
77902
53234
99691
10608
87901
76632
87633
71027
94618
17528
43717
91030
99918
7451
71388
90093
87567
32564
97754
27489
89188
58664
55108
26740
66317
12094
86077
48640
87266
14075
71464
84420
77976
50294
22881
22267
42872
26776
11631
69834
30366
86346
18493
90553
89663
71975
93515
94294
28969
90143
94058
83839
69468
39612
72096
19482
15532
37820
26212
84023
21036
9884
42526
29678
88617
79329
35137
85605
21960
38235
75742
5702
73693
33111
6533
51614
82484
96054
57733
11244
80944
66408
24472
62704
39851
35918
29399
38555
18318
84067
12285
60876
45118
86360
53559
69817
87322
927
39498
49006
64780
86690
18045
15818
21657
40548
37085
98357
69633
91059
88263
21725
28504
73305
56400
18644
45012
66629
37059
99800
73999
57007
42456
66768
77569
78819
54962
77689
14321
73871
60779
59935
78549
16368
61732
66418
36882
56515
69643
79943
18125
3301
77069
35074
4111
9190
78037
4035
70721
48468
59501
89794
53297
90503
28363
88627
39668
43606
78287
35018
61945
86442
10548
98095
5017
67905
26859
43218
37175
35739
64014
98872
16434
1722
5484
30117
53422
60121
27674
12615
26640
98479
25539
24754
26620
79211
68204
91858
22667
93772
89469
5276
18424
75941
40177
99571
17629
71613
47747
96804
14712
94689
64964
66632
23147
8188
82513
94924
57927
46890
55017
33103
17889
49288
25321
17427
33953
48963
76994
10142
25667
37820
16433
11250
73197
9632
17586
44838
5419
90719
84283
33690
5633
98085
91084
43934
53661
49207
3189
62790
43505
28307
11109
27770
99728
25588
55517
67322
88019
55185
37142
1686
73730
40203
76125
49360
45964
99665
49378
25244
47405
13417
94599
34780
51654
11564
55641
95499
82029
64030
42421
17904
4956
33615
6879
63660
2885
87832
13499
83521
22388
96094
79409
11666
86975
88277
44516
74491
37710
1466
38866
44704
44612
79153
96165
33147
1124
50149
31162
8853
69125
85050
51517
36080
5284
12906
95855
65656
24778
69126
7918
70825
41606
11082
84202
85410
13312
34289
90462
45480
32849
21955
58052
22105
77728
66418
98964
88137
12162
32132
4859
66843
38296
19211
14292
60220
10080
18656
94664
72332
49382
53041
20860
15194
24229
51867
4447
47436
4164
59241
32257
65097
97721
24859
77604
46286
89891
17350
49851
35513
68148
88948
23219
6816
6241
39692
95759
71938
27659
41018
77924
23752
3952
94784
32513
36320
24528
36342
845
79292
24428
97740
60746
78754
44421
16286
6566
52113
15052
66188
14547
10285
56547
12277
32288
49922
31891
92912
25365
46239
79741
58375
67130
93817
26154
7272
85915
93281
85271
39415
84771
7002
42238
54354
50819
96267
91494
94797
89332
50203
41970
61527
30825
62996
19092
57806
64729
36169
98595
38938
9689
25461
9625
97337
12892
11011
7220
89716
56589
17170
15888
22729
8676
22286
99748
30359
49366
50345
9397
8661
62569
70440
5299
88188
37041
87089
1502
97206
46149
46023
89622
21021
1153
86327
89886
11461
23097
76657
73498
87839
59544
50940
84531
12107
99531
72722
48287
38487
7879
6536
9346
20597
56546
90360
38827
78672
40824
23381
64828
5443
65188
75891
4113
35415
68222
13256
42944
48959
43655
68187
75169
67548
63777
71209
61176
76328
80026
70204
50603
795
41988
70827
64127
26937
80338
82846
82779
57317
97444
72537
27300
76815
51460
16243
1467
80276
58391
62529
97720
85830
14793
69677
50729
44862
27645
68527
35741
44294
74124
94097
64769
74267
53156
86195
66246
99756
95915
11302
3247
29616
7232
31860
78784
12694
53738
45153
88219
11613
98943
39240
23414
99594
84482
10178
14156
3812
14659
64273
62841
47016
32705
56854
61534
61514
96841
68153
77260
21988
27852
45510
71235
28374
63374
24784
37066
82540
32357
20838
80557
96398
26325
96910
20245
6990
4538
14580
32459
74346
87481
84262
96972
39403
54366
636
73017
62046
51399
36537
97037
14041
33124
29321
84108
59148
54956
34252
2649
23260
89519
82769
59783
42351
99322
53953
26236
2532
50404
15639
71584
85561
38750
70695
53148
98209
97931
76599
55051
22213
14621
70849
18052
99390
16983
32778
5860
98893
50521
38735
17508
40863
23345
42260
61824
37653
11207
40614
71261
83970
46027
6751
14300
29606
94020
27649
78220
47271
56302
2932
18732
462
13979
94772
53912
95982
9558
13706
24044
85874
94285
28628
1352
67883
15497
46951
29177
21514
71099
83660
49594
48267
48352
17855
75018
55833
28496
96878
46146
46381
68211
88954
93547
48248
8752
6229
17541
19712
22720
70491
62573
58792
64426
45134
22192
6862
39653
90345
72375
24420
21037
93483
87451
75446
65218
96703
50878
57388
93876
12339
57575
81567
49242
7827
85361
16431
30638
38836
24387
54453
5849
54519
25752
14511
77700
4125
24901
12941
3630
41357
10140
2072
26301
52933
45514
20269
50180
32384
17263
36446
36924
24569
84642
93820
34015
62387
17651
1606
99235
81342
54893
76641
53426
39808
12945
11365
6781
12339
3565
11224
98555
67682
5588
40281
48686
52306
846
54828
89566
84470
44044
78743
63623
69368
4891
69033
22860
18416
43006
45105
73689
44328
88763
49908
8642
56160
57190
66980
88187
11586
33899
4384
26880
37929
45636
83742
81036
2967
90427
49181
38784
57034
38043
16555
72620
38324
30420
77665
76751
56463
14957
31557
92694
82881
90517
43952
52683
25038
89427
58536
58703
10081
21496
22152
15358
25284
97346
74983
55095
82902
83787
81555
94683
45343
50552
10174
16216
57215
8787
33675
19785
25390
92465
62131
74465
53852
59192
75994
43798
79072
98980
12830
89859
59718
80237
99219
584
8583
5482
40493
45940
25709
84694
56766
11200
66860
24354
82192
11059
76530
59215
45306
61645
64258
51500
37786
83587
17400
87984
83574
6478
20593
64542
96304
6462
18898
33629
79800
776
37960
34371
80590
66843
36061
62636
89262
58452
2093
15056
83134
7971
29277
64552
84060
75609
99603
77646
32114
349
4207
85546
41093
54060
4470
87051
85551
96476
27643
27633
58026
15027
83386
65909
2328
14427
62095
41507
82765
97879
24993
47591
15923
23205
5945
6473
57620
41214
51597
17130
17075
21754
69513
88806
84928
46101
83078
4077
39969
71374
79835
59059
72230
29675
57068
21200
95008
80293
55496
8308
53669
56216
85922
92000
52340
85689
22936
15393
58179
57046
26952
47329
89282
93370
17611
38504
50588
18925
34347
86775
92727
42518
62680
8000
6300
63470
16781
67170
15252
60214
79249
56311
68962
33394
9000
14947
17629
13877
97908
762
72857
24292
66609
73105
91098
6695
11872
89797
67960
89137
10831
4022
18474
63310
2755
70642
10872
91292
47350
47038
24720
4737
95430
21961
4185
23945
7229
44502
93099
18695
10439
93515
55166
88240
71793
77102
81612
52352
73991
26149
86976
10247
5317
14291
26143
735
56477
34044
16312
61287
27283
46434
68215
81113
54133
88586
77790
22275
21998
84091
20050
56535
93144
32618
8355
98741
92786
54661
11744
39169
24596
70759
71669
20469
70014
29715
64956
23159
47079
63077
1523
31919
56192
67076
10984
89552
93045
8669
5359
24764
62104
48530
61423
99761
37051
5896
32263
65240
46136
68628
24125
24030
44707
42408
17941
86679
96955
20930
56493
98723
63485
51670
25482
88785
53715
74512
77187
25805
21877
57496
21937
47673
27467
18236
25149
20358
96722
89288
43749
85847
17812
47734
16319
11461
10998
45365
80268
54893
47749
95962
13134
25339
25069
75430
91914
28708
87527
3179
44843
31844
84165
66880
23590
69752
59258
78366
32783
24149
89854
50150
72155
81092
17627
18952
38731
89808
4073
53111
77259
52223
42965
76879
17691
13687
18761
17300
67415
38811
24692
22638
53244
30339
84120
66738
90359
35399
55692
48589
85774
33463
51088
80449
44441
88247
78965
41542
29862
41047
88654
34352
43293
53277
49733
78303
99498
19834
30129
98012
45038
15705
59462
64756
12585
90746
1028
83499
13059
49530
13362
29182
64860
2947
46094
8486
64853
45823
74546
39197
66351
27029
31196
95436
94516
13013
2197
40775
23875
1998
90369
37010
75092
94884
38537
98007
52938
45156
40435
36181
7027
26911
26172
83457
19842
8592
73014
17972
61819
25186
97686
65599
86246
72332
49970
16731
16931
93553
67957
32255
85802
72698
77723
3697
38529
47907
51557
57120
15284
26282
38266
46117
60930
63217
40226
75592
42517
11698
370
28450
90826
4672
25962
47243
2151
2263
32104
95135
84254
9918
32880
63115
67257
96781
24710
90490
18723
79070
62019
16081
72083
23430
55137
53771
62003
49686
8103
40171
30775
86621
20093
31766
47214
17048
2515
9402
77339
26377
99778
54219
79217
67504
31740
99805
11053
12904
48467
68513
71692
31032
75576
40353
76831
43430
45147
18648
49380
43233
40472
76791
46514
21921
30221
63671
74033
63127
77888
88417
27837
93220
99036
48267
8274
98969
36181
26680
67430
5198
42940
92429
5170
80136
7815
94064
42245
11884
24628
43210
47345
17590
61526
39196
54665
62951
55004
78982
98907
21848
91864
16279
60156
41264
99528
32980
98057
7127
71778
75363
10621
25708
23552
22733
40207
86705
79077
34983
96114
90492
61734
78769
78530
13530
64638
7114
40951
80634
61550
48159
48509
58918
47367
80346
52427
74696
44475
90836
22340
52105
60396
43933
6636
43019
26583
92530
54398
46730
73555
97343
73313
95535
47222
81853
46932
51797
18713
3503
56501
46760
6208
53991
20070
20294
66428
86197
65860
51186
13701
23391
24071
726
92796
25217
3966
68453
46724
40188
60091
27717
9135
3776
62512
26560
55272
13941
25343
83963
66358
19060
14128
48917
78077
6264
60131
74186
29612
31396
44969
7060
85043
44398
3786
67740
44699
14362
49313
97885
57998
56522
42265
2164
40949
58221
73438
22444
66156
42175
88323
9036
71522
76046
54222
18044
46325
92653
24042
59629
21920
86389
43888
40599
65782
60052
95927
79555
28171
72916
80998
52529
50994
70940
36022
1700
18590
17432
17912
81597
37910
88522
35094
57460
65291
11473
89192
79832
67948
38930
70861
89196
61531
33731
87142
38113
43259
29788
34402
15984
66457
12369
54678
92126
37811
43500
22605
16695
25685
29507
74112
85621
65313
24901
64873
61693
36159
92119
19593
3789
2961
24523
33695
59708
22305
1512
21903
86784
40649
18950
63552
7693
85503
27171
27507
17163
56078
76582
9635
88602
86108
30984
85848
10132
85270
38621
64856
16478
57780
19964
49307
79774
32852
10725
21641
8603
72291
96619
80666
35376
14309
24101
39646
32314
18904
89309
63825
73722
11974
28664
74838
50150
63420
64501
40621
22888
34261
14367
31500
19449
78658
6069
91228
85176
35992
49338
7190
87112
35974
17448
19986
96241
97932
51255
12325
67954
51212
76123
61303
95126
78905
56532
5714
19887
77271
78175
9086
31803
2303
97236
52010
63327
18657
50837
38704
52108
24175
86609
25601
71787
39163
32348
96720
54069
8275
64083
8584
86784
64990
68066
85929
23214
87501
4710
52120
79789
52530
10693
5117
33131
11305
88939
14725
8780
59372
27717
64619
87079
85394
92346
22893
81514
18100
40384
27649
89715
45870
87501
56237
96949
2209
25851
91831
32941
51755
60862
11213
66407
91427
57144
77951
4313
22974
92331
53890
44199
97105
68447
27860
47236
74722
59862
87940
73968
70229
36807
50526
42734
82135
57368
85239
75766
89824
58108
59593
11390
74357
258
96688
40624
7693
5486
50650
39649
38143
23814
91020
47781
97530
102
19042
81103
77384
87878
84876
24135
63303
95284
68249
86799
3860
4056
63891
66935
59945
10284
31220
50812
78157
98550
15609
65130
65193
88355
21264
87078
94805
63399
57552
10388
87207
79989
12433
55229
54882
90020
50736
16103
55239
63056
47540
91118
61752
7696
19106
35932
90565
38100
70740
21086
99495
45231
84794
22462
25267
39130
59400
12325
26312
42571
35980
71605
67304
63649
58043
30604
12536
66622
11857
72112
75550
31779
12936
74691
91667
19892
73455
51077
80497
3328
82644
89032
56365
40815
21085
75613
38448
35610
785
84752
90921
51014
9586
88979
69470
81849
79978
88392
32804
45527
84581
87620
116
80260
55819
31300
63238
8867
27895
25000
54076
70208
89879
42263
15209
86407
1026
97036
15343
9161
87008
91193
66819
74370
79016
84000
76737
41185
7504
97794
99400
48966
95662
82414
4890
68041
83310
25501
51031
36702
59031
43806
83680
6851
27874
95071
42588
57754
80776
93084
80328
57031
13953
15728
89898
30185
22941
64034
81212
18954
45617
29215
62126
65770
11532
76893
2948
20843
39790
42860
41379
70905
50265
23273
72154
17628
67004
90453
47893
89975
8390
53843
50808
54881
65440
23377
26051
46858
26484
66736
49886
82401
49140
91369
61181
58415
47427
3827
63111
82560
35802
5487
17577
12117
38733
44224
53535
14428
91058
57282
81457
93730
48303
76042
84734
6683
11438
7461
98842
38364
44414
74194
47509
47927
38457
46721
88700
37457
75397
92021
16634
81970
53403
16814
27801
8435
91030
45091
5403
10383
31018
90209
4222
8206
99618
49510
60359
47244
31887
72780
25088
41071
15897
49857
61099
87112
2520
63907
73798
33570
46649
62919
37856
73173
62690
84275
30361
89603
24861
90383
79605
69963
59172
21606
45561
47729
44480
47121
44854
38811
52387
16564
47740
25669
30857
2986
94150
52875
13310
24216
10117
92497
7516
33537
49279
56364
51501
91385
90311
7999
47662
56120
83060
6782
43727
9288
48583
42849
73747
10797
44178
62740
87057
83265
98682
61849
75540
46522
15402
4913
61830
896
20273
16543
8453
45445
37824
77738
19024
88988
14990
81983
55140
84908
14565
92768
97139
63758
64812
96556
56848
23512
23799
59356
56865
14944
55424
82433
21941
14817
45002
13853
49708
36244
37384
48936
71534
28709
12882
28626
31399
35072
66561
76824
50769
58924
83301
71469
27316
81417
79676
7696
77729
12024
55423
55539
68504
90756
27796
57806
88347
92501
25166
23460
2056
81766
38376
33714
2245
81751
60997
72467
34932
72865
51233
69320
39880
54426
21933
35711
69818
13059
87548
4541
27509
58593
12264
96255
76207
80054
12502
70594
9421
86775
85190
6877
82882
83831
85555
39188
13779
98723
7805
86915
51134
54859
78327
47920
63602
90190
37142
38349
98605
62509
47402
73868
10756
17230
71269
48834
34660
30882
38805
11836
97347
51312
69071
63718
77874
65687
89592
13937
11156
55622
94774
38185
99294
8777
89347
10763
45671
85052
79682
34719
7723
6118
84433
98354
18383
69037
32565
91459
63111
16986
8761
75785
15327
80401
31263
30382
34737
99598
21761
7028
57359
91610
64646
59579
84141
76373
23792
18427
49073
62590
67411
22079
99823
39670
10386
29934
7016
37450
64010
37641
31352
68042
10768
47069
36481
24447
6284
87343
59217
12691
9454
30678
42303
5285
53896
62172
34657
5961
56390
17139
58919
26940
71190
65389
91259
28839
70864
88663
72807
94012
12396
11324
60795
68703
76302
82165
7264
83444
22720
79367
86854
84272
68050
30044
95138
44986
2236
17003
6217
67540
9860
77525
69362
93527
91981
32853
37881
33857
71175
15408
879
67284
72936
75966
44836
9557
3846
54580
52731
42862
86312
89459
68670
83117
36848
30221
82185
72301
56814
7133
38504
41033
72700
22926
9430
60923
46192
45861
65194
53098
10337
66956
75583
70674
50004
27717
98222
55976
2994
53801
60952
49777
16779
97546
72448
71897
14773
40108
12756
86048
24064
41060
75245
27061
48891
74300
6234
17474
91540
69327
62732
34448
9809
4170
79962
82028
94278
33654
82486
36922
48106
1137
63798
90186
63826
89693
39290
48853
24554
50715
54133
31722
69827
64966
12768
94185
91009
31633
91197
74300
2560
15726
24748
14083
90088
88897
22695
46821
11911
17463
60171
1338
96287
29924
99376
77148
13947
48507
23348
47176
31927
70552
93585
24862
40050
73096
60040
1449
90004
46101
71011
93377
86375
57286
96415
93259
68203
11429
26591
11256
97830
20105
75723
30646
44307
65768
97163
55267
9437
17184
52321
2641
35195
6657
84928
43747
22502
6472
36286
11387
37370
16227
97753
54983
94405
81703
95719
96239
56929
95851
31249
37696
11860
86248
13155
79258
20039
6680
35810
87119
69107
508
43655
7921
26475
55144
64859
16242
92990
77192
33756
88995
85857
18376
54388
59646
57519
52744
18355
96925
22320
38234
1757
91971
44678
42317
5110
92192
53650
95850
74198
34822
14559
60632
53842
78967
72719
51449
21179
46408
10550
12745
62274
83353
31661
64891
41428
83069
82835
43318
86786
83904
79353
10745
60271
11211
99187
76138
57696
33252
15973
34143
74647
14239
756
28978
13808
20749
70881
11925
73810
3697
60012
49162
38915
76411
98914
77425
17352
90146
81071
53941
41932
13539
81999
55482
70686
12167
8647
23558
30658
30035
50535
85037
58438
26779
22013
80216
9952
8577
55036
48415
89836
54009
82432
84670
54948
99040
67681
79533
5751
93936
7843
84426
65236
67850
94941
89847
3567
81091
44069
31328
2482
93636
72487
95256
67385
59372
72983
70113
1563
51020
61369
60590
81745
10360
71879
17646
68866
26329
4839
90463
17329
18795
38402
90397
4890
98320
95508
41501
84467
36966
43436
55061
76786
84837
69391
45736
32421
54852
61452
45810
73454
84546
78881
71617
6112
89575
68270
74938
19842
67211
15047
76890
34172
72673
96693
30248
38813
1748
55400
53790
57937
26665
45525
91137
30501
11955
94139
43294
12310
42826
80392
38235
21694
38744
89478
93885
46774
81208
42580
6608
11130
72259
7020
3320
59444
36098
72428
455
1759
91307
69140
93800
23839
3127
17337
97117
26712
27298
68254
54305
91807
81590
157
10500
41099
70854
42384
91412
870
41012
96467
62075
33779
48248
47238
53274
65931
17220
86855
32144
79446
77127
1741
20057
9813
29789
65092
43881
1003
9121
34925
97375
71469
82806
70499
2610
90483
3970
57447
34048
17451
99750
99534
63688
9250
83160
11968
80922
5550
39934
75706
31742
62001
16164
51593
63809
26785
18965
82707
22749
82648
41336
74269
18098
98326
77459
17118
49863
38877
23711
38189
20111
72155
13945
96776
23797
3147
21809
69116
74061
79269
80662
25918
13853
77310
22929
89534
30148
16842
39036
45415
69888
71279
61107
34080
38116
62392
84901
74447
7423
31301
71324
29979
47855
3710
6688
56227
69745
24787
88544
94081
66697
44795
57156
30026
50454
62033
37621
39328
25363
88251
70106
35710
11557
96082
6452
53412
86007
11098
41261
57961
77698
75294
99458
34725
80900
88914
1755
92448
75981
98865
86239
41795
85275
51407
6755
31504
47028
3016
93980
74029
47792
83727
76870
67154
93341
17753
17071
34590
59329
54923
1169
68095
84018
89212
36885
42714
94702
21251
69871
47418
27530
67817
1478
88134
1141
68611
13728
83352
6328
20404
62715
2646
82059
87044
42010
21656
59569
24022
76651
67860
53065
1416
15209
45253
83262
39693
8779
20034
15780
67361
18727
68108
31383
21193
55398
26777
28932
19278
77656
1496
38006
14408
16755
39333
59937
82125
33915
8169
68950
83258
68275
85826
2534
5173
19882
44253
17645
33283
65784
83379
52289
34974
20712
81091
34307
29939
59261
20385
84253
36165
69527
52937
63845
4326
21755
63371
9786
1453
15247
18034
60202
84995
78955
72332
15819
5962
13759
86619
27579
456
1522
29386
41854
72062
80871
76604
94548
9917
53559
11193
90352
44549
65672
50842
44747
28905
42044
88535
69865
22782
57058
83997
15891
23798
74880
81660
60309
77705
95788
3370
75411
35074
13463
22721
67572
18046
21740
34895
57164
80236
57313
17596
88055
19561
6005
92900
87824
70262
29901
44660
53325
68546
89009
63065
97269
25328
48581
41922
94221
65026
20629
55612
3216
55302
36917
24240
63260
66460
83720
55096
15623
74891
27721
72267
58416
61454
15184
40195
28192
92983
42785
6776
61808
63125
63654
42120
26745
32278
4575
2603
53460
70252
29055
63933
61130
81619
56525
75855
82818
72349
28905
9751
69738
24701
67747
1827
79851
50928
7920
2373
30580
36127
99237
81298
7038
10386
5346
4779
27831
14368
33632
58924
71627
70985
50326
17347
57280
67145
57571
99590
20833
60339
35362
47742
75843
57427
56031
3181
53178
96657
10001
45977
46157
34135
33210
42067
92075
7265
95456
73066
34164
37527
48108
73136
86579
90581
77914
49587
33956
84444
72027
74567
95832
29327
2169
98331
90712
93382
78013
6608
50358
98822
71910
76648
35761
74277
59760
98844
35516
97703
5552
58679
39723
16949
35512
25120
87396
25106
69566
44337
99490
92178
34882
43505
24489
99311
30238
22799
63409
89809
86879
15790
97942
81099
48711
81641
75792
18387
36696
58128
80458
70560
30545
85385
74886
26985
34538
54969
15532
55988
58702
52880
29155
12667
62787
61225
35921
71526
16097
2771
51788
54845
27397
36938
32629
53508
50206
89
15445
1017
19122
89067
24296
14875
24998
24957
80518
57672
31280
28785
99712
60908
96047
31606
74270
26757
35397
25951
29070
29208
95640
65110
19075
88961
2855
90074
93597
6692
35949
73766
99727
57365
88245
36830
48344
97055
80284
63126
50158
49399
37237
48283
31613
13584
8379
19956
45872
56566
24648
33767
18783
31254
588
99815
95321
61613
69014
1987
54332
9821
8807
44867
21556
71242
21964
16245
63283
39689
25218
98044
88964
59305
74869
5085
31996
82873
30150
45013
80631
75019
51186
35262
14378
1751
67053
28733
17984
45874
45433
29745
75123
76025
3582
62977
414
61412
21220
22195
87277
68930
68774
38053
78252
76717
23565
68111
90982
65014
53779
63661
7199
14522
15234
36909
29134
29532
70918
60083
17542
22921
90258
98446
2614
45917
29748
78894
80311
91015
10380
93121
20360
12029
4680
24130
31844
59572
49381
18753
90069
50617
21173
99042
83983
52474
85312
49816
53366
76568
28028
63072
48787
69867
5909
44829
68251
62735
35292
55052
80639
90183
83611
48415
93560
3879
70354
38010
72638
25110
83255
1231
83554
18627
16322
71012
99576
12004
5809
52475
35136
93963
32612
15904
43327
79318
82496
34104
53924
60111
46761
25787
63208
67138
33664
34802
79913
53928
3269
70220
79803
23575
87347
5595
9422
94215
47723
86025
76536
42964
78214
94621
66555
7293
96898
38222
61260
29611
42163
7219
2639
12141
24078
98202
5689
69556
2057
1975
1949
27067
41377
48681
78260
61687
17155
64822
36283
24148
19836
81908
60
61352
3780
8976
66932
41382
87350
4344
84419
68553
91439
28425
67011
52217
71730
45772
706
29652
50056
3538
56082
15149
68187
49785
34629
41385
81812
53947
78941
71236
18981
56593
4710
85910
97033
19232
53059
79827
83977
4516
8949
45355
17121
23047
25650
93447
56692
4081
3851
75864
70221
86387
51821
62980
80866
47348
35404
47838
70652
62975
41032
98990
6927
47824
37222
56423
10090
69918
89271
36140
69056
85926
9549
81682
91949
26533
62240
25452
46747
26726
83483
57275
50057
3845
15076
98434
86334
86721
25327
1813
33208
99550
86412
19309
56786
92146
42488
81658
88563
63247
78577
70414
98026
49002
44347
90148
47784
46569
87096
60921
88555
24950
53918
95901
52154
71191
35820
46856
29572
83954
96262
84020
69489
25316
30002
82532
66560
15289
53299
12581
87714
71084
55274
93416
21242
62178
96106
26993
13360
80055
43767
60667
39558
11002
67519
38819
51239
95453
57685
34307
12139
61841
56759
64740
39514
85256
44000
44609
61989
39641
71195
5127
61692
33696
64314
26557
62342
99800
33958
24163
52661
45474
77285
43167
23783
946
29071
54944
72464
67681
37388
72735
63182
92536
3957
55684
89981
65755
82789
83123
37481
80415
765
37487
17963
64081
71893
84808
36047
96912
65154
382
42509
76341
70875
16992
8909
93667
95892
5475
26130
73341
38819
84804
90960
48391
70728
14724
17785
22519
23884
89920
64474
49840
17932
93932
56755
78955
92334
81839
56231
55769
72357
64310
5221
58213
18429
18147
8734
92140
16384
85364
958
2632
84669
25314
74686
50433
66688
43067
65195
1226
45452
84682
28465
18669
49364
31353
37401
56268
13483
5239
1972
39394
97166
10948
14107
83400
40583
94437
91507
78433
51744
4697
48445
73006
50275
14408
18271
13779
17363
7520
57324
14737
14207
43897
37741
25397
89270
64333
78102
38817
26119
68425
49482
61238
66990
99632
46315
58146
44940
68158
74947
36326
40361
47186
97707
15004
594
24885
7179
78245
75726
62034
26958
80687
42381
41759
19088
53048
74747
54352
23008
59514
7130
76586
75423
21563
25230
60790
53397
76456
67624
37341
11579
61076
68563
73254
54578
89692
51520
81229
51540
72843
22982
87936
16400
28157
98412
96315
88053
31165
14696
15686
83173
42103
32439
72873
84293
44073
90476
29426
41279
44884
77073
92217
21794
89863
86479
48009
19812
51821
90311
44401
82597
65106
47644
29109
22633
95999
94342
6544
14753
67869
96278
74479
39791
30061
75261
89066
17242
14587
690
71518
2275
15963
53594
58336
20965
63293
47088
70971
38199
10191
83504
46372
37160
13636
10153
14155
16618
61733
34293
44946
62532
24572
34432
99522
60172
9149
38390
60944
77587
64654
98277
25544
48556
90465
45614
68772
45267
18180
94366
16547
93362
10518
62020
30075
45952
4345
67686
77587
15527
96962
7395
4060
8427
35664
21165
53943
81999
49923
46348
59512
26948
65777
16304
13401
35542
45847
70750
97247
27400
68721
14497
86352
9815
83954
18698
33713
92294
97889
11376
59455
85360
4347
37134
75088
49494
58115
99692
92602
26884
89724
63575
72314
59026
16440
55722
4044
99915
31193
47363
6777
89601
21286
69559
87375
23842
59686
35287
64101
15820
42500
76540
51579
84894
7178
53318
53727
4389
58464
8860
16645
91601
96275
63905
86150
90489
65451
99732
41451
77599
14059
86023
72008
287
40706
16957
5891
90270
43873
85464
98643
83015
47756
87412
6823
43311
86896
58667
97702
47214
28619
57116
32629
96487
18051
50626
28423
10408
46504
88032
87714
63793
86849
18507
11254
16079
99456
96114
21825
36111
78682
95840
22918
84988
23409
45493
66126
26417
96200
53205
61457
60452
87326
55958
97047
76955
89732
57476
12591
9803
10423
99030
34637
74776
11631
28712
88828
74364
41212
22348
70633
38615
43367
29101
78902
67627
95910
21124
39102
30280
12617
61527
50529
37667
27212
4878
16944
90671
82907
86015
31113
47953
18169
58287
39030
60769
67549
44232
63286
99724
81176
82388
13514
84822
51805
64644
74128
64613
66540
79466
42654
87155
59003
17367
24548
83461
34688
16232
85999
51078
17505
93047
57924
41979
51458
36241
36223
78071
99335
87996
30008
90589
15469
88363
6331
34583
34653
27424
99625
70177
21233
68859
37371
54266
56006
21227
47344
43355
55757
41986
30911
99617
14322
99446
9234
76691
11551
21480
56435
86360
77704
82636
90344
74638
16499
92126
55334
73907
37751
15998
83131
90914
87730
4653
62738
15152
38156
94092
44177
15749
51499
7457
90416
80507
2173
99902
60165
361
95813
77769
48500
58743
4107
50607
73951
38937
23111
34226
26172
39656
83024
68249
77993
16494
57361
92945
11269
75237
75936
45739
13380
3483
83319
5683
10014
66278
11365
93439
11332
39619
2823
74486
47841
43040
26247
61113
46499
76861
78715
4233
36555
68840
24513
28291
73244
93628
36844
97553
87798
59020
70994
15742
64767
61198
54994
46233
56224
73006
11283
60741
85068
59316
69858
83988
90870
33409
53664
8864
44984
50343
75936
97680
89424
95669
487
59586
72342
98310
12795
63433
77426
95117
56950
16904
41076
38703
89438
29090
5266
98809
41715
30121
20040
43697
7241
82748
20399
64210
67876
71190
85007
69947
93365
35832
35819
2921
53119
37048
31492
9417
82072
84747
46089
62437
31896
69757
28436
41762
25952
98773
78092
80231
89126
73404
34660
76371
13955
96057
36736
88319
93638
17537
19595
27531
26924
96086
18421
71442
27322
69593
23226
18715
14468
99762
17300
4529
46895
98114
168
61997
16824
16894
75014
76423
74450
70487
59827
88361
46416
22459
31056
29005
60052
54504
31598
41063
19870
47676
14885
14915
39516
9370
40934
98811
24339
12246
57990
5866
10956
15502
8726
59190
87706
17150
94461
38482
65548
92021
62132
93437
47930
15217
21078
5696
24707
34112
78511
46888
11139
47675
20250
88213
33565
61847
92636
7892
70628
87614
30019
50325
92409
49203
83314
65162
85986
98636
13766
28993
42624
1944
30588
64415
41760
38836
30371
42545
18433
2481
79519
82265
44
8981
75859
61993
73112
62729
92918
20450
75851
59478
61494
86669
13437
71082
37090
43427
40723
25949
93627
2460
32316
52456
17278
60543
3196
90392
91364
5980
51503
21109
2372
88402
21864
81936
26860
88202
84237
62535
74743
58074
37263
39107
60902
32797
82618
56009
14446
10968
26375
94166
90943
32714
13045
73179
10132
33365
59124
55608
1751
3801
41752
1376
78110
12092
48650
37726
35352
14631
24920
94028
13651
45436
11969
91494
34220
14462
51108
9749
36226
68173
34296
50297
18576
72311
54747
27293
89705
51655
52554
23503
48463
94166
42690
59053
4843
27803
82580
17685
83036
58026
11248
82060
35645
27205
40007
93311
46832
23728
59827
19494
47058
89495
57596
23508
50882
10025
74094
40159
38036
53235
86172
18029
68686
16447
42148
24009
82958
89070
47300
94765
53351
8548
47375
45867
46901
91608
4490
96679
25835
37057
70333
93348
42562
74128
45438
7750
58407
28370
87557
30244
4458
63321
91508
65597
74343
73640
33614
79925
67402
31007
51333
18992
16756
84442
77626
42193
8362
64099
36787
56171
5949
18633
96500
2030
20527
32287
98701
7135
22150
89240
57897
43578
34813
27731
71598
43370
39454
72119
55422
36623
98593
31473
74936
8376
26697
98880
68306
44934
56017
98637
95382
42588
9772
24610
61702
87355
93552
3663
47129
48185
91351
31587
48600
99763
67483
88718
86452
59042
70593
10721
29733
72313
20941
78113
57401
42477
21902
28801
15126
84585
81766
81114
81440
33495
7671
18915
56172
87551
75544
7175
7790
71727
32834
52484
92218
53739
10433
48412
43994
3503
51463
10480
10248
30044
38162
36385
43828
92579
66857
94342
74162
4259
72144
3414
42414
37273
80663
76588
17058
69543
2028
89837
76747
28957
21913
82372
7853
70830
90245
65551
79437
19972
51595
64607
15826
96547
97240
52536
88164
89525
47970
68696
91685
1368
25319
73573
69702
50398
46437
83438
45273
63443
50045
61583
5969
86419
86447
97836
86604
2236
84424
24324
87766
66839
49730
13683
24133
24953
25715
24309
20887
86546
44091
24033
10731
51754
79722
67335
2140
69144
68463
90645
47807
42994
38041
7071
57220
25489
21099
96853
36304
39650
48349
47868
36494
40459
64124
59202
68197
88044
52947
74265
93947
85024
36008
37088
70012
83969
90275
31505
7977
19253
74203
72956
47180
92516
69301
33343
74631
95487
41049
45488
19199
51787
63781
74177
21333
42727
92899
95603
30646
12649
92351
30082
71283
53917
74312
38576
10172
16366
70783
6365
81558
54522
60539
84285
40617
64108
33476
56005
3191
94040
80480
29631
86104
86906
84993
98188
55346
49929
19672
99381
97602
756
45402
62539
43377
85560
5583
48803
12555
52329
33080
30277
35130
29476
90096
12958
22213
87408
2464
59968
8534
97323
74689
14593
52522
15771
3238
44787
87008
90805
14660
27689
49684
29207
6530
59941
3055
29906
19299
28547
1446
11460
86726
83490
4523
86475
5563
87759
86215
63107
8274
6749
42925
78837
54504
75066
4452
51622
70853
88558
67924
89602
86346
42295
22730
43105
92347
91635
5208
41197
9767
433
95483
22893
93112
65792
60299
10520
41422
35670
75722
56472
71771
73522
53244
2625
48032
6972
44026
42289
69243
4914
43764
73702
86118
37395
62777
65644
67634
62873
67014
54990
18708
68816
24009
46101
23106
98391
99484
30420
84443
61981
47143
20582
63309
1574
19704
13140
99579
6782
25550
75419
52048
87161
35008
1621
65731
48806
43696
77075
76276
6438
10354
8688
40891
81152
36206
34581
21004
31176
44572
14350
55685
68258
17817
11145
32560
66697
27747
47948
50505
17620
16716
27049
1521
74119
87750
48466
86468
17136
10838
35749
63314
74631
1553
85711
26697
40869
51160
9710
23044
48174
10450
20282
78809
82393
314
80897
24603
53150
15668
97577
39898
38183
52736
41149
72172
25149
56854
84302
89863
19673
21933
375
5114
32073
34803
88420
16620
61976
32718
10313
4165
8134
81745
51676
80256
75812
2448
39456
44765
20748
70699
79659
31637
92778
45224
57509
66590
39180
50036
56299
18388
67087
41980
84231
52951
92170
12085
50846
78990
70014
99869
50483
81538
75029
23980
97432
68773
40972
802
34357
44789
60756
71050
28869
91881
77594
56452
79031
76250
44625
26136
43991
99402
96922
96739
45582
66969
72024
62094
87759
68964
66169
68716
83656
36413
76163
95625
47063
71076
52027
35099
50506
19139
71317
65784
62903
97882
36363
56823
89967
42032
24709
33392
34665
64412
7211
22515
13654
89035
63343
88161
28823
32703
77807
49129
73547
72062
63736
25637
21825
67547
77201
7832
28332
77756
17062
79556
95170
47736
80720
9673
25471
36343
6953
98616
81972
70864
39468
72739
39064
45314
83187
99899
3042
7820
65417
40016
553
46156
13244
83788
71361
37647
60471
65170
47733
73867
78566
56047
46300
582
93247
26249
8133
92895
37148
95055
36543
24519
34128
83206
34913
47908
10180
59131
84163
41780
41067
20908
98626
53635
23150
10146
64457
63057
76506
61887
58161
37169
33699
6368
2634
76720
9676
82791
14005
32548
94837
94473
55551
12197
45751
4996
48016
48092
82750
31433
7125
12505
44396
74203
19704
50107
47730
98897
6228
21276
92944
38641
70452
73067
94176
54468
15548
33367
99392
40167
28080
58815
2297
47297
87903
98612
44403
66072
55608
73526
36358
73637
80193
21297
4592
89141
89035
56535
95265
21535
10305
17129
65631
78292
23906
69944
99734
53119
40334
61001
59655
72730
65958
57956
69530
1356
61540
78834
31163
6621
12206
20503
56331
73133
94109
34383
75615
9798
43993
85444
48491
83026
19778
3298
56493
99690
91241
29278
58136
67613
49003
79511
75065
15770
86643
16699
1795
61138
38937
8127
72953
79679
54533
96849
74878
24055
63679
47323
74811
16709
28308
64826
79390
35294
92948
21869
67524
7547
16424
37534
8857
72009
65953
1392
51035
95435
97157
1607
89335
73316
92457
48231
97586
83770
5311
91615
65022
65543
11077
38221
14183
96076
35920
69969
81584
40089
93423
48159
37253
93922
14520
11493
86229
84779
79766
7909
87553
32579
61285
45291
56730
66974
43491
82147
72656
36982
83327
52015
62047
22356
9712
47415
92528
98175
6189
50472
56570
5471
48638
4345
14375
58482
78849
4003
62382
39808
14960
82483
54005
28864
50013
26323
13768
63610
39893
97958
54575
35800
55462
84743
45263
60685
435
39571
95136
38432
51601
17992
67648
52032
51058
73838
76085
1239
59972
78061
44311
1910
39143
32036
93723
90835
51895
35475
6425
16963
44401
49148
68434
42698
96288
85398
87894
92758
80555
14208
44108
2628
83504
49000
85305
75286
34915
25682
17940
12220
32477
55283
73482
89561
66447
21754
14645
44936
41916
39881
20894
29668
71850
39371
72409
3457
25701
26692
96942
63187
52545
53387
12721
58420
51577
60666
30693
77715
80556
18330
59670
73911
38923
67390
81277
76909
18877
95602
50238
51808
53549
74616
97344
4006
47536
69833
38394
34773
13211
37460
61988
6081
39729
27942
25537
83426
59267
53504
12488
57309
2858
33366
85721
89745
92103
86775
37471
6326
56164
84338
64995
39354
45939
35537
53479
2843
12966
46815
77126
83212
32839
62813
16344
5150
42669
90047
51397
70428
41177
90746
74996
90925
37679
73756
38881
53733
24677
72630
37481
56528
19145
86556
87190
31676
68167
65400
50672
22868
25445
53984
38712
46786
81056
23129
84139
97293
8680
21072
79343
47913
84344
82808
26364
52309
43673
26110
88356
74918
70840
93577
41366
9635
84125
76400
71634
2286
10933
92019
46021
90025
53528
21696
32385
14231
86060
95866
27696
39545
21762
81614
7928
64312
87268
57032
3330
90346
82963
54731
3784
27730
42677
45385
61637
55803
42091
94599
35774
6933
24413
10441
64080
82017
60068
76504
12447
4369
40224
31749
29346
25285
77877
20548
25173
7082
49505
31910
98466
13688
82767
42827
94494
14032
92305
32541
1306
17471
49398
2478
59897
34669
38828
22343
88374
13093
99003
59521
51742
97890
27490
62279
52749
10629
89268
18220
79600
86499
59245
67004
52279
48095
84284
55560
45460
3774
11385
52735
62539
40693
88607
63641
92050
89157
34375
40376
6535
60121
93991
72953
32829
43881
42011
9678
24092
30677
9255
82887
36436
27142
30290
66812
81533
50045
71566
77147
95374
71748
27286
47378
19263
41201
77184
75167
91616
43677
57507
91529
97502
55601
23625
62246
69019
12576
87329
32296
8346
79876
24279
54415
63493
24945
4875
61878
56550
55925
80138
49395
37044
44978
79780
26199
31467
5842
81244
54739
98820
61908
56111
57715
40688
19330
26972
50728
70716
82614
83299
22857
57688
59381
84656
99716
33975
44338
5519
35647
47327
82926
13362
94032
54062
20756
32547
24035
89070
97646
14306
48545
67039
34727
45375
24674
1786
8379
47854
75087
27809
35785
73169
60167
62954
73132
83235
25063
95963
15712
52877
6100
65319
6063
34526
44879
77183
11636
60203
11284
95906
92627
68411
51256
78493
63467
39559
68273
69557
23151
40464
77776
17637
73106
22214
61959
34797
14291
56386
64381
55980
36926
40431
414
85568
75095
11119
91899
61626
67923
72114
4137
35048
19372
61077
86561
82689
70462
46424
54979
48960
85647
64043
58094
92070
55457
51570
27404
13204
78927
694
98565
29468
97826
87987
25713
72407
16535
22346
94461
77273
30676
21843
64965
69238
25682
62414
87692
66049
74784
23495
76562
62689
45954
17141
68400
9462
37553
58517
46500
37581
1996
54738
77955
22096
86652
49068
72414
56085
11021
96928
72042
12863
73680
5091
28716
60063
82457
81710
36127
84041
73562
70977
17379
26878
19334
60913
20911
12080
77514
32307
87219
81548
27479
33472
11673
25251
12426
93666
50332
27635
31755
15410
42331
87589
65419
73864
20962
40579
82094
97605
95
57684
17135
5806
10067
83223
30592
68436
13892
85893
69568
16135
94861
63437
1007
45760
30
70880
96935
41416
3414
32848
11801
98353
613
75118
91606
14756
14711
83286
18289
75762
25720
79645
84946
56604
92140
99867
46030
8026
31111
62493
75051
37114
22860
43598
46396
42832
91447
16056
27158
73046
59394
63218
3545
42777
97383
1742
81024
8852
29113
14592
87388
30092
78805
72792
76905
97368
39376
5712
64659
80429
30382
31568
72024
69770
