13766 796
65
86
25
34
6
20
92
100
32
28
5
10
10
46
49
50
25
44
11
89
48
34
44
43
46
42
24
9
61
16
30
42
35
50
84
89
2
89
29
87
94
45
87
65
46
65
96
63
42
4
16
98
6
99
62
67
17
62
17
44
4
5
87
93
48
24
16
56
50
16
95
90
18
31
95
23
50
67
21
25
61
19
95
2
12
32
10
47
66
60
41
36
24
63
3
99
85
40
18
93
68
58
4
9
66
50
10
58
65
17
92
25
61
12
28
17
97
43
98
40
19
21
35
55
84
20
35
33
54
30
27
99
94
18
25
88
37
48
36
22
19
14
68
12
87
93
63
85
100
54
88
93
29
13
13
60
6
13
43
66
15
62
5
84
22
64
61
16
66
13
100
16
1
6
99
95
87
88
21
48
69
27
8
40
25
47
84
23
16
6
3
27
39
44
45
64
49
10
64
36
84
61
35
67
5
54
97
22
88
94
52
52
69
64
29
3
63
86
5
5
28
16
22
27
17
19
53
2
68
7
29
94
32
52
40
58
31
26
33
42
51
93
31
43
33
39
2
48
59
3
66
88
31
53
7
49
30
49
9
44
12
5
68
36
41
2
38
29
90
62
33
61
41
26
35
44
90
22
51
10
97
17
33
59
9
6
4
11
42
95
52
21
24
64
11
23
68
31
31
10
36
57
86
21
26
14
94
19
27
58
48
86
28
24
62
41
90
18
97
19
61
93
87
8
60
41
85
55
1
49
69
33
63
95
26
55
29
38
27
87
17
34
3
35
33
44
61
34
46
99
89
85
32
9
87
85
33
1
4
2
7
96
55
85
26
12
51
16
38
19
58
39
59
10
40
52
30
26
61
40
33
61
39
89
2
22
35
1
25
22
21
44
53
100
59
39
53
7
63
48
65
42
59
88
23
16
69
60
50
66
56
59
11
14
31
54
84
29
84
65
51
55
85
2
7
96
61
19
99
18
25
16
47
4
69
93
62
16
99
42
42
49
86
5
55
4
2
57
25
3
43
6
42
1
94
34
41
13
55
7
38
86
62
6
6
89
65
33
21
37
64
48
54
61
65
23
49
11
21
84
3
1
35
38
5
40
59
88
36
69
69
91
62
36
63
95
88
88
62
94
30
4
44
15
37
40
15
61
29
62
52
68
86
66
25
27
87
35
84
20
24
51
36
67
59
42
17
19
60
1
40
25
48
39
49
18
37
41
51
49
34
2
23
49
53
58
68
13
10
47
53
54
7
68
52
32
85
28
50
5
20
100
100
40
84
34
37
66
23
66
90
60
42
93
20
88
19
15
41
34
64
66
57
34
93
15
93
29
35
26
21
87
7
66
90
21
60
60
59
53
7
66
64
94
15
40
38
86
10
87
96
95
91
7
18
55
95
16
25
20
62
32
29
50
67
19
46
93
93
93
68
1
97
59
98
54
13
93
56
14
9
5
15
15
54
11
6
16
42
33
46
55
63
26
58
66
35
50
65
66
67
33
37
92
59
1
64
1
95
22
32
32
10
69
69
69
93
64
12
2
94
12
98
61
42
69
21
58
32
34
48
60
21
31
12
69
61
69
64
5
20
19
58
20
20
91
46
34
24
30
96
1
13
26
93
40
56
21
27
18
97
16
51
7
3
24
87
1
61
2
45
59
95
65
46
89
9
64
93
11
67
53
26
33
63
99
15
1
32
64
62
50
86
13
84
94
19
1
33
62
19
51
60
91
62
42
45
64
48
28
57
8
48
15
5
1
69
62
23
18
38
85
53
9
38
44
99
42
92
14
65
90
52
25
26
57
