140307 940
939
239
364
148
293
785
892
783
950
247
154
691
486
910
601
605
65
257
847
602
856
395
570
382
263
718
144
800
534
777
889
745
326
567
965
403
912
127
126
428
11
368
436
56
217
800
887
844
624
622
735
905
336
10
981
636
949
84
307
402
403
398
810
891
70
911
225
346
954
652
769
546
999
432
674
185
366
246
562
310
362
542
634
444
54
363
709
232
671
540
914
254
572
134
70
176
612
670
473
299
242
380
135
504
511
374
615
782
950
285
789
404
488
473
669
117
737
409
153
536
47
805
808
242
245
721
698
250
229
90
175
21
492
691
24
876
80
540
915
853
230
977
685
590
890
816
602
978
111
812
563
11
336
981
418
725
971
644
190
580
160
107
525
461
255
633
63
349
498
82
770
209
617
269
327
73
892
316
405
723
991
314
485
585
74
709
861
447
397
652
958
606
202
639
254
885
551
999
663
396
802
59
289
239
79
300
115
449
491
3
363
353
923
897
682
720
955
24
467
817
391
617
426
216
274
228
856
188
184
136
337
683
269
229
276
585
863
74
974
550
265
826
542
366
635
21
745
478
281
469
555
108
314
345
955
110
30
724
929
619
192
753
393
644
516
489
987
226
740
371
258
495
65
300
957
699
206
827
744
411
217
294
849
702
667
615
913
393
173
299
868
184
622
272
87
25
113
54
677
493
22
101
444
191
530
301
656
336
349
707
708
588
285
645
278
899
930
244
343
649
49
92
872
777
893
513
46
676
552
569
534
744
340
587
964
293
609
322
122
551
150
156
490
114
42
744
181
47
18
280
853
402
278
115
894
603
982
510
13
649
278
252
394
644
414
677
916
549
443
755
948
191
618
14
643
304
479
253
809
384
224
786
897
597
847
483
373
886
995
635
687
984
40
182
352
228
675
731
29
50
548
690
354
704
31
943
985
494
419
776
426
504
716
203
895
159
893
589
320
190
302
671
911
849
436
582
520
890
884
831
424
766
912
441
763
868
725
942
517
479
750
635
336
612
14
990
267
897
588
192
647
531
672
765
456
909
610
413
423
195
682
751
601
74
164
194
608
348
751
665
641
946
917
291
627
200
429
462
785
576
262
4
430
173
261
452
914
883
873
988
701
432
907
193
33
565
939
192
444
915
633
618
431
119
714
513
636
125
794
299
268
864
20
941
190
547
530
876
174
422
137
907
535
997
81
462
787
277
52
348
563
275
771
92
260
800
772
244
928
754
517
204
513
206
750
508
190
687
631
708
595
115
811
158
186
122
193
343
17
193
691
756
287
918
73
306
878
388
685
363
1000
282
633
535
973
677
825
659
112
653
469
906
18
672
430
298
520
24
654
188
783
859
111
912
338
17
434
919
642
68
877
245
315
597
286
823
937
251
724
82
193
15
986
521
846
123
111
244
57
46
452
158
572
656
440
433
275
381
79
390
524
181
959
623
336
900
727
724
895
682
782
800
797
396
566
350
298
659
122
900
289
945
107
973
953
97
617
260
514
229
192
11
41
188
803
789
879
664
467
916
209
186
942
810
772
282
167
334
245
736
599
847
865
669
518
721
584
945
767
509
346
719
806
926
365
451
426
794
515
853
587
747
780
317
877
709
281
504
851
1000
983
560
973
925
256
787
942
160
594
596
711
237
142
997
723
141
547
233
676
30
832
775
231
376
824
69
267
136
908
38
396
366
272
117
693
683
524
291
716
416
225
640
144
41
265
223
133
766
712
97
222
876
354
864
770
357
548
208
215
915
992
216
118
869
673
811
595
101
551
925
265
251
293
347
84
131
368
655
181
306
702
754
823
869
962
239
732
239
125
543
963
350
579
945
671
600
678
912
683
592
432
346
228
439
98
967
593
365
884
429
717
866
682
117
243
964
138
191
677
68
41
605
619
572
627
984
772
535
610
539
974
210
864
493
362
159
699
264
190
831
248
329
364
496
61
731
91
561
800
95
3
615
262
150
243
106
662
286
757
662
866
479
770
56
905
704
186
145
665
803
385
908
673
120
299
575
114
678
801
659
835
160
634
652
958
884
131
195
697
277
231
21
457
838
861
244
5
777
858
633
154
352
353
962
188
275
445
601
121
47
667
656
684
659
803
298
35
229
305
732
256
755
954
391
148
313
920
865
675
885
