9521
79443
70676
30826
75038
15832
56947
81673
85444
24277
78171
50751
85400
43347
3793
23592
27998
3413
42224
51063
75115
62401
44087
54922
62262
29358
16356
82443
1842
77306
36782
77136
93708
5103
37130
49013
39758
28796
96996
59072
66271
97202
79493
46062
79184
60665
22673
11596
15626
66413
92780
23188
83850
29093
52987
49151
1240
58150
29752
82091
86035
66650
94697
5760
97918
15294
86427
81461
82145
43386
37409
27581
51989
79899
12900
73946
36037
35819
32269
24492
23166
83558
65231
30096
19463
770
89477
86119
22788
29246
72850
84860
78848
5218
8771
43790
11509
17471
91348
50468
5306
67767
71507
18901
12859
3916
42233
83143
61620
66718
15937
28655
59351
90982
55010
27570
93729
40848
5698
65468
48485
70552
4621
43464
92558
44139
68765
36705
10841
20184
17402
9937
82331
43772
5130
44106
72196
56238
48280
29330
78410
642
80555
31837
22386
52819
3817
81621
37049
91330
51040
14640
13087
16178
80265
76473
89726
48887
79731
60808
39394
88549
5949
13619
3371
21856
35615
32775
63071
79099
17509
58927
72573
71413
71438
70002
19597
10005
36835
55612
26972
35295
28433
48880
63991
22688
41465
35778
33822
21364
91422
20178
13831
9162
15467
41157
56628
6789
57432
80900
15799
35835
33440
55904
11491
84380
37801
16406
91678
298
96786
1104
78191
84142
40906
67214
25552
73923
31491
48876
5385
80803
40470
53331
60152
99971
19927
95647
59135
75240
56416
7885
21595
91003
17363
81311
32705
84363
30855
39176
72919
24709
64193
22840
72483
12524
71515
40298
98480
75568
17964
83230
75622
78817
29231
68270
48800
18689
17280
92743
25016
72016
10661
41993
19660
27045
17731
46879
97485
35846
96695
12469
55401
48776
83056
86538
17211
68244
16501
84596
43448
62419
16762
9522
33334
39862
18007
72004
11973
63441
71465
22864
47186
55381
63310
65430
92919
80345
81055
8057
90852
53981
38821
4079
11582
81627
57371
32218
72404
36062
20145
43920
50238
4684
57918
32415
92128
17258
51006
39214
88761
44803
26565
598
80456
50913
32765
96228
65697
12982
95933
7971
94469
98564
68416
3008
56796
10222
70911
2049
15819
24279
56374
19266
79998
77646
60162
54446
87915
84650
2008
30998
53416
52113
94506
66388
67225
78319
84777
12623
55043
30244
95697
46510
59183
95021
63112
98467
4712
19214
66846
79079
24787
72976
41319
37078
94913
95317
57612
84770
689
91572
50985
55684
77577
92180
16972
1054
97379
78174
39178
55241
50837
79992
50318
34057
30427
74470
8568
58676
73473
79548
21033
17340
60003
18616
32254
82512
31806
44967
14849
83444
88345
3473
84030
75669
46917
99014
94846
751
67080
53270
39958
39116
16525
72932
60537
61186
11815
63323
95032
45733
77081
5572
11604
30887
59439
35276
21297
95401
21396
87078
67851
29905
72425
25723
54044
7617
70203
17058
42964
77753
33794
12033
76223
13564
96285
66660
50415
66340
92019
71061
342
18
14999
83090
20836
94144
59547
93900
77180
45132
56954
69215
85714
2945
90900
15090
14467
90690
78400
6008
68119
41151
49157
95284
63992
45338
59487
34807
56787
25984
65600
69332
10890
9217
33618
97994
90847
56039
50427
78042
64888
99821
82016
9562
76633
84861
41652
135
93839
93741
33858
92329
88151
6596
52109
8384
83499
76413
13388
63309
67678
78513
21678
53684
3980
92358
11484
49642
90862
7199
86043
14121
13029
45242
41532
92243
6307
82169
59565
92792
33250
32472
71579
86730
68732
99796
35108
23785
38124
52117
98115
3354
98768
91344
68622
26744
21780
17612
39108
13941
6993
38692
34438
74790
27682
91650
55934
66235
69718
55442
76777
37824
32528
67073
17710
2331
33207
58520
35963
88684
9148
34699
421
49189
98451
47264
57711
47903
72862
39485
99691
62807
5248
8859
46378
13270
64834
51473
48663
82621
60839
60000
56205
52387
20870
18201
52161
99648
76055
37835
75910
579
41936
63831
5045
40793
17746
3523
25362
88926
73951
99580
95633
94309
44210
81088
32364
58058
21403
90947
55261
89122
98873
5371
86167
81822
17590
9009
19359
83980
40746
6548
29870
96837
2023
36080
12990
98994
64651
47839
96376
26080
96398
90114
75233
1317
29928
63662
91646
20978
97715
43432
16996
70784
46966
64875
4925
63747
38997
44642
49383
44634
56104
99352
62986
90858
22492
45487
93605
16795
33756
18674
23790
503
14793
30789
56130
39941
40033
85431
64577
73216
92832
73666
30872
71625
16714
50319
45485
74542
86331
58935
71207
83192
96958
84278
63337
38644
83138
79373
91428
50140
60445
7820
96296
73345
83716
22145
5022
15802
28185
98050
83801
17661
59012
14520
9569
44022
55805
35929
11143
73172
74222
29701
64018
35820
86771
172
30986
89558
86487
292
27093
99207
1805
39853
44077
84863
25611
35623
11042
59443
66165
12824
23745
62675
89033
66764
40684
61931
2412
54109
90465
70240
19340
42337
94881
66425
10363
72620
21747
27055
81520
96082
76599
62099
78142
93977
50069
67599
4328
17464
32955
65001
49506
95511
26500
21298
8572
78431
97444
84041
21531
68534
24495
16658
60989
50036
27375
61773
91326
37510
76097
64128
75393
64345
79427
80278
46606
33747
65659
59941
99718
44072
51196
67937
56624
70196
34431
96945
82743
41880
39731
64768
49352
40291
16315
14717
39575
41486
33787
58379
19752
92304
85725
11543
38429
49731
81448
20364
25390
48657
68129
90178
3959
44380
43315
98737
55672
57387
22667
38000
65589
33330
63511
26009
82085
61727
15770
40374
93602
585
36054
80922
30179
87538
4324
74883
13098
36408
46691
42070
34520
95857
75426
63367
91260
81009
95833
12822
48029
90953
64692
22875
73067
95141
97142
63380
22391
65764
55997
43575
98664
75931
37799
12092
88637
7730
79617
969
39381
1753
81667
35548
74126
90168
45139
61312
11447
72435
26083
38609
4208
64367
87094
59172
84750
24308
36783
25567
91502
58616
41160
22680
15364
28606
11890
75386
90549
54130
4466
77669
94603
15998
28733
13930
14420
90425
77722
47076
30225
8795
69225
14509
10900
21124
18119
39374
5137
24858
93797
19591
83354
80573
35195
19224
18980
98923
91539
85141
30620
1621
41476
79120
21095
3384
85195
13449
83783
69502
77298
40840
9552
60870
6922
14937
8631
18483
52390
44651
49262
51724
39004
82976
95451
46757
60993
27041
39842
35046
76802
14586
89188
59373
54237
13203
63569
70815
94986
3286
29607
52500
27637
67247
37413
63752
50860
62086
7660
41589
561
43250
56392
24851
72920
30645
43800
13599
63756
84571
42365
1419
14492
42219
18733
88735
48360
8832
56142
15583
37630
1963
24044
27939
59635
2075
95114
99897
62384
59498
88255
87524
93105
72078
78521
80645
6738
56015
99650
92034
72251
70366
98335
87371
63037
68599
69292
76009
34136
26416
49152
23172
32555
77479
26045
58645
90801
94157
19237
12104
48135
10258
37912
29939
73434
7548
96960
43311
22421
264
16978
33925
72463
92922
44066
98215
27909
67891
83902
69101
60856
5877
62218
54864
99065
21133
94494
65239
49665
83410
80856
72958
79838
65959
29408
39716
60805
19106
6627
55772
21455
93837
35904
65863
41550
29485
16448
67134
8342
88303
79252
44244
70143
56567
20110
85830
47634
37156
69957
57206
20077
58140
76398
21195
65199
90705
50175
72679
85286
57592
24865
8088
10634
63183
83350
83126
3209
58219
28930
28723
72901
85062
54226
89479
47221
94035
96025
6472
73238
2285
85149
81375
97553
21120
56100
62370
94577
77678
92188
78201
83076
10764
71572
90667
61988
4055
31850
52298
66229
9312
33424
93015
8156
75296
70089
7318
33968
30070
12876
64402
74535
49717
90287
3844
42163
98954
69671
32464
69863
41081
71536
77010
400
85934
93366
16416
40031
47163
53663
34286
4920
25630
39791
83774
8488
99332
93063
87229
83424
92497
98267
72999
81850
79040
94269
49771
70226
39264
48993
2533
3832
82992
81963
26520
17354
43004
79381
47608
72277
17558
643
70804
16321
10807
65554
72329
30350
45584
49297
95762
28868
75795
35797
42156
29000
17928
36795
46353
14571
32931
70735
38993
58703
29043
51377
22865
30875
2112
12624
70689
30602
81671
94510
17909
78117
57802
16285
77497
52322
89913
80176
23325
29947
52519
17988
76585
89093
53892
78940
48559
50136
92915
26260
73825
35629
42170
76075
5258
78162
93628
49130
74234
63993
54152
87701
7696
16036
58093
50859
66024
20352
95386
67004
76849
85126
9628
91982
56171
73950
54410
93828
92179
93381
29744
58908
87786
41519
9735
43077
80505
92948
88135
49943
38531
41039
40214
16039
46727
80538
10673
35601
14353
43009
9762
67536
26611
89578
75280
87802
84341
55102
26404
98889
4831
50006
64462
93672
6033
45873
68253
15045
21823
33329
97628
12877
55724
62417
52403
62518
10215
87833
8134
93032
45259
16205
23355
66564
71338
74385
77059
32482
46603
58268
97331
96954
83733
2270
58822
1244
5667
56335
78138
39123
1169
25162
75741
79622
55716
45125
47240
21887
65541
89140
38172
25821
17017
13058
27603
1302
52429
68960
85759
46181
66977
49719
76900
35847
38442
7356
87976
34923
25910
11558
77353
5553
34689
29296
67456
79031
80659
88587
44241
67490
11996
70723
11035
46390
66800
51323
18945
65824
46284
26888
34363
95939
43888
62316
96500
22282
4069
88262
26332
83781
4714
85040
64855
31321
80022
11830
6104
17636
43745
74485
78918
18668
77598
10568
66791
91214
52418
67121
54938
40832
41706
46208
82876
34938
23405
99811
96140
82260
46004
10130
63190
70271
56169
1423
75893
93995
25043
40499
2207
61972
54075
62926
72468
42760
45008
77309
13973
16661
625
57406
51817
80895
18067
79800
6260
55038
50878
42777
57689
34148
15101
90412
87956
86060
4557
34611
93830
36091
72653
71989
90304
10207
62802
91439
71685
5735
85700
55113
18322
28112
50570
98322
3833
47857
73492
38904
53522
24571
97818
14860
16838
34332
32862
79856
87546
23632
72444
90659
79645
39781
77276
88301
56939
99640
68635
10395
19383
17425
98659
83494
14731
37602
74157
79390
80082
61517
147
67870
3790
27324
51423
90505
69628
80705
33690
59067
51721
57514
63793
31105
50073
33754
51694
174
39895
84357
88920
24911
15552
19964
96110
66684
80907
34382
31572
73323
51193
70098
36691
19325
59974
21913
16273
8509
60301
72089
23903
88445
17510
80854
56994
30097
43075
95472
63050
34915
45354
88836
61006
61299
97134
51330
45383
20001
22693
66091
76941
58075
56216
64161
57404
97047
57623
71960
25475
37094
15061
43301
22779
32832
92452
77976
21016
15701
19365
53695
79825
45318
23831
70399
85524
98733
83257
52699
28089
63427
40120
98169
67061
79869
4656
16855
6689
48225
36745
72361
54993
45262
65053
39994
29173
36224
75613
22604
57214
49485
48427
53508
83029
72856
58084
79516
74007
96188
74022
51144
74078
89840
52255
43870
47553
1984
94885
67883
54952
47044
55209
99200
7836
27103
33512
63746
56493
8516
41436
99612
2852
92972
18027
34736
54155
33785
57121
66380
23148
10987
86255
28439
8249
20653
59738
34506
12792
53274
27178
70289
68553
88319
85291
67872
75851
5770
88518
6931
93253
61274
89576
76057
53034
67944
31265
5122
11931
36242
50708
61690
70365
78793
57320
61133
55863
36662
18746
41626
18744
97701
73048
50936
78741
98556
10857
28216
65006
63720
92443
14580
3229
3440
10137
47372
53259
51317
51153
49696
99204
68285
8540
54960
88402
90049
63601
9111
95943
72884
43038
36432
60461
33744
12814
73090
68456
51226
45094
30464
27289
12161
70570
62894
54758
57607
78770
47234
55162
16558
83563
68371
14989
67856
44514
18237
51918
54054
69500
12256
92888
21467
12669
28578
35259
89647
78547
13054
19843
49219
73934
69713
78170
16349
8058
24863
93899
66877
30497
58746
31341
47116
60237
39376
22792
88467
6194
55365
95580
72952
36756
76880
82505
61546
7609
847
70462
57025
29839
21135
60905
79342
6956
49118
93132
697
22902
23482
66809
99981
59935
19919
32034
88022
15922
70775
84496
93860
2368
73052
68299
84755
85983
39677
87925
63227
87582
39426
27964
73265
86465
36970
75110
3456
4666
93479
74507
8454
33088
80003
87881
98714
57948
97218
27918
79722
46467
2429
77333
24774
70635
49123
53933
38001
79146
65152
37621
30799
19487
28456
41892
65406
10032
47242
85921
41301
42068
72128
94785
74255
17129
6300
9184
92630
49110
91110
26824
11748
91430
95731
61139
52467
15599
69264
69582
28127
96933
86148
53626
80551
4272
74851
8318
109
65223
10956
35844
3030
45969
32546
57572
9343
5396
36063
90037
12464
7588
42304
75789
97647
49452
20558
34952
99226
78910
48099
41051
90157
98454
81602
2408
42679
18176
53268
79361
5811
95859
34217
92244
69841
63086
69395
67756
31720
5281
37562
3619
6824
43260
80646
11870
76751
6452
19262
917
56685
98812
47478
43574
13683
3507
91734
55560
50821
39248
2362
94428
41928
73235
73625
9240
8933
11690
83949
80802
1547
91647
27392
77404
77995
85449
99955
31249
63715
87276
35216
61975
28
11738
45970
35560
77211
62225
61550
36758
3662
52266
76704
70898
48271
87198
51976
78193
38154
66366
50173
34246
53992
90111
83065
23527
43199
65958
15365
59390
15611
33126
1272
98951
91473
35401
34547
45779
54772
81828
23783
67032
8376
67075
40390
88076
38969
12034
5213
61231
48069
91603
18060
89839
30596
2678
73029
89174
52850
44226
24906
81887
38282
25173
8616
40993
30236
28897
57264
36690
10242
67989
42149
43378
40817
10886
97515
74516
87535
11708
443
51869
39885
18456
27873
99410
91424
90359
95819
29047
26759
9247
44992
45230
2582
67307
83464
28633
38259
46911
67553
60362
81414
96581
71078
70146
50131
45685
56035
98717
31855
98919
52257
65135
66287
35123
88622
63237
7757
59679
5236
85425
70076
61525
41525
43514
88375
27514
72330
13475
4290
78081
30129
13288
60927
7778
97074
27663
9437
65819
19453
72490
15518
1021
26320
2149
74692
48059
55159
62715
43480
95589
37175
21408
50969
57032
22729
66520
63375
3763
16251
30544
38430
38055
40856
77241
90870
82643
19836
81154
80160
51865
29583
66279
27834
57002
99452
34254
67703
22331
78549
13532
58124
57546
39307
77985
91466
53083
86160
83776
89234
2507
4320
63255
97506
53258
42581
5836
30906
25750
63497
34338
57199
33158
54654
46415
73401
88208
26850
41061
97807
9508
42314
62488
95806
64276
4393
94263
14141
7498
86616
82691
18021
51647
27335
41901
67765
6731
18037
9808
99203
79523
1508
43391
59307
56566
58351
96003
41123
54701
12957
40829
46631
88521
32076
93631
26655
11854
99264
64059
64913
96177
53262
62947
61278
73371
68688
20599
36145
34504
30302
67749
79166
50616
63129
41222
35369
98176
46031
91948
91554
8873
12342
18374
63445
73239
57640
19974
72177
93461
98246
7249
61894
26720
9733
40075
58884
20215
72301
76685
66365
27776
24376
76160
9032
74986
1363
39056
21038
53051
42197
59499
47081
46355
15793
15818
16634
69057
605
26577
91062
14925
92231
39843
5180
38461
35726
63945
69310
23727
28299
52709
43348
859
42162
16512
62092
27635
97190
44398
90716
34362
97968
83596
55836
7172
32052
83099
73557
90159
78440
90918
8452
58900
99752
65041
18120
51896
57014
5830
66183
46689
8161
46238
81348
55776
36288
3569
63893
23788
43774
89155
90800
10102
22429
35947
35296
4145
90348
31995
17373
78794
11059
16009
73510
19145
16459
13661
53961
41027
5980
3386
91298
40783
40421
20823
35127
5892
5242
30013
37677
17713
3785
87200
21520
80987
24511
48691
4524
45418
31512
448
29078
37291
16952
84699
44598
53286
34030
33174
1348
29251
12648
56627
14191
76226
30939
5807
94695
69736
88172
40809
73959
93334
91871
3721
4986
25245
79153
24069
28679
60137
44712
13538
12485
83954
8892
59355
65599
82841
89693
79277
93648
16076
28200
48447
65174
15028
23174
85858
92978
33287
39211
12184
47316
92165
18094
93547
85512
61578
62876
77870
13377
92011
1987
17399
64986
99027
76615
17936
30164
20071
37544
79317
74379
51204
72725
23990
29037
71378
68854
45966
14740
77643
7523
11851
44748
10359
41588
56404
1502
672
36263
35949
97291
71332
18139
25929
29171
88852
50302
51349
334
27281
56530
12815
99225
58224
60161
54391
51498
98011
76200
35765
53670
5036
34389
69642
70714
6642
74179
72189
16684
87879
58846
38260
68833
38150
26024
47905
85917
86474
42001
62131
26252
18041
90921
81364
36933
71358
66387
41858
91016
17361
794
46555
18287
57483
26701
99586
12218
6657
84046
65196
25200
3803
9164
76338
72168
45311
26492
69602
52760
99734
68067
91827
19412
78086
39068
48945
9655
30865
63861
55630
99670
65936
3258
46227
2468
4464
60079
80425
90330
33682
95998
97141
86343
67395
82056
58504
96314
63741
95607
54041
35014
29236
61192
45826
92147
87269
29868
62082
36810
98489
22931
8657
97009
39735
66438
5600
40163
52694
68720
88697
34350
51411
18848
24164
54306
79792
5296
10547
43947
6853
59025
57204
90715
52759
47208
48909
453
25009
84514
74490
49800
59862
89100
15150
81599
58984
76394
39701
90374
72786
97093
54742
9106
72359
11590
32796
92342
84358
25410
35571
46114
41710
7930
50253
48411
62651
28508
8100
78364
96942
71251
94694
41888
57218
78931
76501
16782
10572
84719
72738
61158
74427
51308
65878
19315
75498
25920
57072
10266
74410
56333
44129
15172
9915
16688
3314
39358
8069
3559
22970
72743
238
53063
18321
66902
52474
92344
90284
68377
57659
45237
50193
49467
78354
48374
84439
1002
29102
69964
42353
33352
72532
40149
79961
5937
92982
72247
42082
83979
23505
11942
71249
51019
4040
90731
28029
93936
46527
43050
21556
76052
6535
42761
5537
68729
27680
17356
81320
28137
48296
21211
32972
21220
41804
78386
68607
29962
74506
20663
41562
94188
28763
86799
8435
22596
95565
1572
47246
76342
88804
87460
65736
4917
86641
9832
75059
73817
47004
4369
47160
39822
52141
84684
92507
83380
15943
59146
40999
94138
72269
64607
88739
15880
12531
41579
86605
57243
79968
39020
78562
33855
44372
89160
21730
73398
29686
41121
23145
73602
15342
3621
93722
86253
68313
42873
1658
94641
41681
96126
40004
65404
81631
67854
21853
4469
55815
42494
19379
97909
94163
31267
42315
27337
85075
65644
38536
66318
3956
445
6767
69709
84669
80663
37404
64894
29565
13347
2422
365
23346
38777
43654
88393
70005
8198
61752
67445
63155
2411
14721
76952
14959
3729
70517
80089
74946
92799
88374
68336
24992
53523
486
27064
93118
74587
53784
51771
68858
77503
71968
41280
74207
92892
10115
67014
97351
49775
81379
77003
2015
4364
30214
48760
90083
94750
77399
60609
11009
30361
57971
84615
83382
87093
66403
22341
51551
3938
90585
12753
37557
10174
85810
35346
7531
29889
76474
54945
59363
12454
68064
34484
64525
43100
29723
87247
40526
8659
62188
48282
11793
56494
53562
3211
47408
11771
77037
95172
51583
87102
39383
13960
32259
9526
11688
16993
15455
73466
73871
2977
90522
21699
84154
87064
88299
21042
59195
39097
75073
10535
60378
57920
21500
30064
17312
11902
77618
32766
94159
3228
27933
71895
46338
52903
88863
37706
43382
61341
38922
30404
10543
92115
10274
40450
1076
53583
6941
26936
150
16572
67896
43569
71077
67171
48365
98464
60630
45931
28651
40628
33113
18026
48989
90835
15324
68123
53681
61066
91928
62758
82132
18812
41545
74540
86558
78769
75037
42535
1855
54135
11521
68587
16813
21458
76818
16745
3494
87357
37202
36848
22408
18914
56598
65314
53747
63559
64284
20648
61135
15322
88367
65084
76281
74173
64380
39316
71867
92532
67380
74651
3101
29350
27127
95484
85250
19211
62684
40893
83514
35101
87916
91278
12478
17542
75747
77693
20857
78557
8128
40152
27792
23851
55734
84286
50392
25151
53574
68605
9435
27565
31854
40677
32656
9862
91941
54352
79752
47251
38139
89101
34544
45673
57613
94259
25411
82689
65112
97673
62572
64181
52748
7296
142
66239
13293
65125
36223
43245
42544
32481
56485
98323
31993
80638
58522
98684
42759
8092
27847
30969
66470
99583
18185
7112
21566
71896
96361
28315
36703
83720
2837
43587
74550
4778
60739
90594
13649
63976
90808
28232
37656
34401
47216
68656
40487
87841
73489
23259
69548
42937
29182
2307
83373
56789
15456
31649
22320
6102
55663
28765
31893
47678
11145
21499
53127
13762
99743
90814
27092
30734
72782
59215
31781
56428
1044
31742
19279
49140
12548
55548
9082
8391
19636
30562
95013
23318
98475
38312
69869
68602
6868
13109
12012
36323
89738
89553
60242
53651
27148
39460
44116
22957
21441
14178
60771
71404
77476
17271
4274
6741
59329
44452
62801
44579
26555
5177
77124
39431
7453
47486
66335
67797
8067
17306
94185
4690
31237
83155
87372
26529
64306
84161
41680
75091
54768
97568
91830
38414
62090
69097
1927
11963
14357
64628
3224
35660
5430
53816
41142
96681
10361
14053
36727
62438
82084
60671
56113
25745
68278
58684
69746
95504
16107
19769
8298
8702
11705
83941
55441
22
38701
67435
58745
73957
60495
39864
20537
14097
96151
32573
62597
71021
45023
38044
1557
32367
66775
19449
61156
31086
42577
98802
28867
35442
81783
25448
769
69089
17185
96885
62058
21894
72135
85846
71800
96567
58409
38903
62409
98479
4206
7405
50569
95352
44726
40025
54546
44734
32657
31895
4110
60879
17
14298
34298
75448
66348
93934
11136
96049
14028
83188
15589
24524
18484
25970
64965
61992
81416
22787
55195
66936
2360
97558
49567
35760
2236
67337
38581
34071
39937
99736
55451
82883
1315
13632
85495
82724
989
99287
59696
91988
40634
89001
27676
77360
84340
90809
93892
62855
51663
52020
42059
2232
35474
7404
28195
45200
95102
12983
43446
28516
89714
58732
49746
40283
89634
17840
56391
27618
17486
93465
44506
34476
10026
5327
521
50625
43356
18738
21213
93081
86027
82868
14839
49620
5389
29404
55471
38269
34062
97773
55668
80964
7905
29376
94238
50064
33770
97200
87669
340
16894
84816
5397
24504
42625
13155
38684
31133
70378
65330
1273
84783
78333
31750
7492
93308
75367
61869
92979
20976
78577
81816
59685
48991
45996
1785
40030
41833
6971
19026
2282
39548
24252
61828
5394
22420
76408
73011
50345
23916
36840
95785
10451
58453
91836
20527
5206
74820
21148
74975
60628
86388
94062
27097
99293
31939
81496
69516
4889
96170
93342
49478
11716
23570
83855
58582
26444
69898
51849
59387
801
58248
3609
98846
10390
22628
40715
7088
80767
28671
58845
21630
20685
70181
36173
43439
90018
25269
40067
64146
76960
51454
59151
24361
60066
45863
68499
14957
39866
75555
14233
80997
92045
44303
92734
88577
8036
22988
64955
86726
77586
47492
9008
87594
98964
89984
79129
12778
37265
92573
53280
26950
32542
11439
59078
7110
26815
27158
19533
49065
52816
63324
25958
59382
14476
20052
27605
67533
91411
46220
36006
27397
23977
94850
8597
70526
48943
84037
65773
9547
86003
70566
60881
43442
32816
65484
16692
64207
37964
37440
23982
75104
89064
52912
77546
68015
29259
95421
65410
72480
5141
45878
95491
50879
45246
56264
30670
33709
78472
56971
23477
90851
28692
5733
48827
54574
1473
84846
91556
64007
85164
71200
88019
89873
83195
36942
30733
76782
70679
4588
47030
71890
17165
65899
57267
82716
46583
65525
79397
68498
58165
3937
91911
40091
10073
3268
84711
80135
14975
55403
25974
33039
36919
30124
54163
86991
88604
89451
78850
45007
57416
95437
90445
20090
38883
46674
97891
35504
37850
36439
35328
96645
91322
88276
79206
75783
89142
84679
4803
16587
75986
32082
23751
8356
48330
87894
15507
68174
40299
40107
49349
33104
22894
48332
72533
10652
24064
70910
37517
58353
45636
91065
71171
91689
65563
19196
4672
73973
40540
10799
44140
67829
31800
15237
98426
69394
37195
57247
24178
50791
44489
32014
8143
5946
41878
10289
83200
76820
30990
75189
60119
62369
84714
28721
8728
40559
91509
74450
64198
4991
84085
14435
46600
26976
83585
16309
34948
83820
62740
65440
80021
49251
49779
58123
8565
71511
31314
91111
51732
35941
46643
24280
47995
41140
30271
27677
20155
16361
2774
77379
40853
49341
93290
89481
36940
25763
46611
40727
39471
64042
99396
4337
78535
50221
10700
964
20154
97482
35220
76117
96382
99741
69997
56671
68862
5777
79973
8632
65120
99372
81373
52425
27696
77665
8905
97012
35447
85463
90792
55048
34306
71982
82353
12809
71841
15026
54838
3990
59963
35688
88617
68165
85824
8469
52315
19902
70350
21157
77273
2838
50028
880
6170
87233
19003
24898
41178
31573
10556
61028
65210
71410
86887
39221
93364
22845
15288
8761
61593
66344
61485
40179
70050
61932
77782
6389
87840
95588
17523
359
18108
75819
13315
78843
28792
64210
13131
56775
91059
56030
10852
98888
98814
15761
30900
1365
57803
63059
42952
18129
40181
50080
15620
24986
9759
23413
30888
15498
19808
14739
91477
21159
17702
77979
9208
70457
13926
71227
8019
64173
19220
43524
58837
40596
58945
57805
23072
99660
58826
85817
47700
41599
52662
42809
42187
25493
40659
76384
1634
4736
83086
54125
17160
45113
81143
68088
20361
7961
74724
67114
59934
85427
28919
2420
96066
90147
61946
35869
92732
28490
87295
83402
87823
38642
16571
94182
95736
68546
93863
78228
17199
63867
27830
36103
9770
92969
7348
75929
33282
76182
38145
69879
21189
95638
94871
63801
22182
40655
52502
18632
12514
71591
72664
40759
84690
98038
88816
72961
83843
30050
37436
67028
51300
76268
80708
44620
82554
43960
42291
10506
85706
85316
89653
38182
14431
42556
16479
26342
63239
64482
71966
28702
51495
85613
36987
16138
44699
43104
25227
94152
31549
57875
36687
29559
19104
88860
48587
65278
28371
31801
53231
11076
3053
57867
38621
37871
50580
12680
5493
26233
16608
26058
44779
91367
75098
97405
71701
97750
21601
37325
89670
38398
93029
59392
49408
99401
92107
79588
3963
86115
88728
52373
95973
71612
61075
63763
15861
28069
90054
16840
85854
43853
32984
49679
691
70727
85840
67587
70817
30368
51810
53796
56726
89008
23291
83452
56990
90868
14522
97147
62142
89343
57403
48493
93559
60510
11013
34020
19422
46618
89125
4476
97580
17067
26323
79663
42623
22000
27263
41220
21219
15176
60604
53043
41084
54496
75305
71922
68280
51475
90273
3546
13267
88175
83201
62575
54514
41490
80470
7369
48498
71630
56367
1975
35380
1351
10571
71934
78682
39724
62253
34995
58577
6302
43757
45373
93113
85574
55877
4380
15767
96812
16888
46341
39183
4193
52095
24632
35872
49601
22758
57921
76242
61077
49194
97653
6531
50527
67478
91998
74766
77098
43588
89390
72293
11774
67920
27360
19728
63064
12925
23102
39071
6764
81192
8124
91777
3076
95767
70586
16035
48356
24871
10024
57202
94032
66187
44644
4614
30907
22994
42973
71849
22611
46437
38076
15274
94012
12437
53397
44446
88947
49170
63253
36465
73972
18518
8818
55800
85226
48963
33243
82463
63699
51015
83594
99346
26357
79045
2893
9606
68359
74522
14325
19276
79297
82563
41996
44179
43045
89286
55025
88242
45690
43980
2462
87492
45444
79647
19420
82931
97292
49142
60085
99338
1102
91143
95075
33952
10967
48980
47915
73956
29019
7457
94819
6553
65865
12677
31155
94172
23011
62054
31272
18756
45634
34797
32344
22893
9411
1537
12371
71632
73713
99454
18461
10349
60135
64315
30967
48594
30019
19504
71072
72429
89209
90326
41997
10260
46431
13529
48076
72718
75676
99664
13544
32369
16780
94095
42884
54368
70667
86215
76808
90062
71224
40494
11015
95922
55818
99301
65166
50061
92399
70705
82769
72154
59389
98772
64255
42017
54892
19018
8697
78008
89380
18646
93821
36675
9920
73181
62077
99498
62161
89467
35159
17472
15939
73085
85876
23151
14427
41895
4662
43328
87491
2459
40511
9524
23724
74864
62314
65797
44988
14081
1691
31342
63372
69623
26114
32891
29959
23364
15289
94076
24307
91421
18335
40240
14946
61238
40525
98118
70896
11512
38705
62797
90343
40118
17147
16068
41585
30813
3006
13218
53473
79921
28097
35938
65241
44534
30478
65581
72388
91289
11957
11786
34936
13186
7333
74726
52493
91191
23025
65970
74446
28226
30118
59289
98342
89568
12455
52076
11746
99667
46652
65455
67405
25930
5816
41079
34545
88616
29674
19204
51606
49472
23746
68368
13303
50147
13107
51935
23937
82704
92590
46084
1887
24264
86463
51070
16052
88237
76348
62955
60966
88829
96062
80464
26843
53214
19883
69238
15559
26190
87666
29389
63332
63326
91231
92651
98307
49996
1883
57220
73907
86666
65737
38687
54677
18660
58650
33824
93603
30106
41258
16869
97962
42955
37793
27473
91418
96252
42814
93544
68149
21360
59319
60559
23324
81722
3859
34949
3697
82730
41338
59128
78744
64983
25719
2877
34249
84320
81404
34088
41637
27761
75790
34352
80050
81443
66447
88086
37598
80410
28217
74836
84638
38691
45605
84613
46990
65392
78040
58318
2524
84427
21012
9114
55210
60114
51123
34675
28794
91293
18739
66534
29131
2438
51695
97114
29794
98120
77841
72283
55701
98615
67126
37480
26929
42192
84808
96508
10123
49858
20117
38562
81542
15737
10532
65350
17239
49625
63308
1792
54022
89456
5473
33915
68874
7146
22801
28788
37841
93498
75058
85729
15686
3582
5391
8282
49831
94738
13856
12707
69589
83178
42549
82919
75017
98133
75762
97132
1584
25752
72585
39690
76943
85383
72357
48167
69600
51524
52063
74662
5034
71176
15183
90817
42139
95776
39411
46264
55267
8241
86303
12102
23651
54533
50153
89656
20833
73672
68755
83313
2609
29720
37757
7097
45588
80887
45503
6552
69065
83217
13117
97691
67231
76746
50659
70988
65515
89778
1608
79760
81249
8427
70054
51533
75935
77943
41132
26569
5747
78403
27828
40311
65618
3884
14014
89803
7936
25524
76945
43067
36667
4967
70390
54923
24299
32635
63814
5456
33811
88428
54428
48270
99400
4260
39189
45849
22019
88843
38597
45193
569
33516
15059
42334
42177
28672
15107
83600
23836
90741
4399
3994
66314
90156
43763
72518
88441
22174
82577
89806
90127
57472
95643
19530
49021
87337
66762
90642
89644
32083
53170
95410
71090
49907
45110
82410
18921
41644
19255
17443
16352
26468
65493
44198
1617
24821
54598
36537
53478
79483
93271
42181
49346
784
64141
62901
67335
96085
71843
97607
81567
77181
19899
66992
81518
13175
61631
81661
78320
25181
86599
89636
1713
63043
18819
75843
33776
64091
8166
79323
91720
67648
46273
22759
18740
18033
48757
37981
3298
73997
50792
36822
63120
82014
9203
86342
53797
1043
83789
14358
29187
28023
25113
47951
15405
87953
63174
55078
15931
59033
72356
69361
5449
83927
65305
84392
21428
25197
49888
13335
24146
47983
73982
54158
44377
47586
91277
34353
99758
91409
93089
9656
37676
47731
63845
7123
80011
3471
62361
85948
94922
90220
52267
70223
3029
74135
46346
42547
79895
1464
45106
17881
32578
60126
78990
16286
30650
44007
31589
88221
69850
44597
52157
61403
75474
27089
6285
13256
83929
64757
88649
16909
69777
38192
1511
82315
37903
88955
75640
80753
71753
19257
17934
76243
96057
57193
834
22794
66727
68474
15175
17888
7775
10816
99369
68993
12227
82819
9249
50670
10722
9726
27945
23127
61934
54436
54543
4719
31407
61171
74920
52849
12755
1918
91420
30298
4168
30052
36859
62075
15575
33943
91791
83282
98438
87326
88123
26739
44778
70649
58467
56607
8108
65227
18833
18527
86963
52578
60331
99415
14799
2562
11848
14943
55374
63110
73414
54818
94856
13968
75802
41733
54014
89484
38555
91188
34193
73091
2457
95415
42176
25066
92375
24209
30021
7998
69534
29742
11504
72244
36089
55615
28952
66474
30452
91002
27472
58434
18784
14459
16548
84553
63283
55157
88965
98216
51637
18105
84549
24362
89263
13731
57817
32111
48481
8399
18049
94929
69308
80571
14682
54094
76963
62435
3177
34632
9317
9720
13747
30032
11011
32403
6493
16043
386
91516
6101
70942
11586
74329
28442
19825
79976
66661
71191
6311
66399
21788
25233
81782
61259
86366
25363
61543
97899
43899
49949
78123
51165
19291
75777
97400
67153
23534
85467
62263
77624
9093
49220
26896
40776
38308
13153
90121
88015
28805
67775
72525
41204
37876
46354
19313
78295
76508
12721
37558
74074
59000
94549
31680
99045
90834
1278
66472
48373
28152
24335
72829
11930
82550
45578
35924
60947
27227
44996
60234
99856
78010
67154
22727
45382
57381
71236
613
76069
49416
98209
54481
61450
98352
31971
43018
1172
29895
8450
42316
85096
73833
61496
63210
32994
71219
77096
14393
47771
8607
31557
35839
33199
96767
92125
98767
57360
3408
25902
70299
10833
776
9373
33413
62934
29787
40296
18368
29965
14660
82559
72681
91881
64440
16443
40047
74309
63260
93415
84391
50633
70379
5540
80056
33888
29645
68497
72508
92131
95755
13722
46236
12950
10717
73400
83590
50386
95495
71157
11281
51447
26453
82912
5621
83614
63811
35875
73079
98503
55624
37868
39917
18273
22567
42765
9880
57934
58699
24001
5374
97299
90010
49195
28196
11041
46718
37818
28707
76778
5535
86364
6087
30695
15086
39837
49024
71334
35407
4894
83437
50442
10193
61754
3285
96840
34639
8543
94688
38505
63115
78922
1388
14964
62159
11852
91328
70690
15748
91049
20118
58866
81308
95140
70990
81263
63159
33399
51477
64751
77008
81426
21452
22100
16873
59607
16519
24999
62185
38067
16789
62809
15412
35223
54749
82248
24719
60678
13193
87031
29253
45156
40194
13656
62931
92
4688
35157
55046
50033
29428
32465
70878
83810
57481
26289
1821
34666
95930
31591
27660
83331
73390
37873
99774
31464
51762
49036
27937
69519
64854
99228
62960
12479
69667
58978
9661
68117
17347
91580
74547
21785
11619
49342
57748
5783
22716
96369
54052
38648
23064
75877
5683
60809
41482
9234
5089
99984
99696
2069
40191
4405
77895
51416
72501
78862
62325
81916
55408
71840
86077
92525
36872
42606
87180
97578
83359
950
88354
79502
44569
11429
38305
38201
60895
22696
72755
37843
46156
47061
84042
96488
88312
62972
62848
59521
53762
66358
52397
28289
6116
8769
65609
22367
23521
25904
77884
34548
9140
19865
21091
51616
95952
64425
18970
99499
66711
56040
1983
92684
27689
60912
14310
15661
38372
45741
95832
43255
40207
56193
92274
54415
98985
99012
3713
23435
57912
31290
96505
18341
26783
67987
20410
72123
98655
56597
97803
98901
34590
7764
58405
19601
68683
94111
39549
57272
41869
93316
77342
24576
99636
19695
86488
96384
62593
1669
84272
56978
31197
5712
19618
42022
31596
22064
54358
17551
3613
44331
4509
90771
60104
535
59958
85814
60155
60035
8788
95534
19995
83472
12440
6589
55838
74201
26904
37744
31877
78299
20321
41236
58738
519
17061
254
98499
3544
99519
73549
68476
11334
25601
57096
4229
22982
70287
55820
81122
94940
13527
30737
57259
72352
6445
13957
80766
32140
35350
24876
2152
17276
46483
4012
66751
43527
91903
35344
70055
84513
2804
24590
48191
74459
70743
34574
44162
7170
99081
44464
58725
16644
43373
29107
66266
58914
8056
7066
69708
23235
33767
59684
85992
2219
25554
83255
25520
40534
14084
99197
14987
98792
73521
91611
83693
8869
66953
3607
86590
79039
37243
34798
75663
36356
64175
52641
87448
24788
10756
79566
57903
51291
43531
58546
50743
13797
4008
21805
42766
47287
18533
80064
15231
77457
59717
5351
54615
92008
71601
20761
56539
11167
54288
12745
95488
92953
88183
62237
1019
2914
54461
32571
79734
43151
63773
73097
26319
53281
35416
30657
77426
29973
26359
62775
38742
96838
46853
42830
68537
125
13866
16803
13161
88889
55003
79536
70267
78157
8602
47888
32980
66803
7941
56120
42481
19518
2760
92504
67122
72545
32438
40445
16652
240
98453
38923
33790
71851
17020
87329
87913
55084
29658
49981
34767
70770
77528
3113
22388
15154
80242
69150
32940
76321
86672
91669
31638
89203
48705
96462
92145
35242
36619
57764
47514
87240
52358
46416
65337
38833
29695
35514
65876
89579
8947
34281
89087
88564
58670
71816
78953
68629
77236
75774
30286
17882
4885
59139
9510
54013
34609
70725
60916
7094
7752
61127
49243
95900
99371
34799
76407
16378
13468
34497
12711
74814
84502
565
73229
96752
65153
4435
98688
69899
38208
35981
56382
61404
79667
23038
655
65607
13017
12276
73826
49531
48532
49060
4137
30935
10353
41506
97819
48923
10566
9609
31220
12453
81431
95161
78598
80271
80892
35565
14685
33680
95040
64614
39582
46509
95927
9666
6046
7207
90251
21444
88034
6167
84800
61717
92376
64105
72991
97925
10944
98631
56459
13767
88088
3824
49365
45004
20517
61681
39814
43533
23249
61216
95898
43251
6859
53986
2966
96649
43323
27942
7361
55194
8192
59875
73178
12492
99326
7715
46732
95196
69142
63572
21593
37525
34372
94177
79416
86102
48715
38988
83816
31098
35672
6397
20006
31152
42817
81025
69185
33446
66137
90451
77537
75980
73558
15858
9928
46531
84155
83127
5368
30328
76319
60424
59288
45734
5965
41497
46493
5240
54789
90076
80163
35933
73619
72739
93932
81194
45543
9911
52499
28911
40394
84426
39799
42595
87692
25342
74395
34603
65186
72611
61704
6867
51502
38491
70884
62481
25953
33409
28616
87445
73876
25039
83250
25383
5714
25943
18831
43761
45185
69632
64939
33693
15635
29442
92560
5046
79795
19625
31861
47808
96219
75228
30571
47083
99357
11644
78069
91372
14139
40841
48926
53402
14644
16564
8287
12943
33675
42874
21111
77193
42650
99607
77816
27895
78203
83210
57883
38757
42900
68153
22384
51225
72122
77677
8071
49362
2060
1860
62641
27753
56006
11185
60447
63587
27118
15385
42811
43469
11859
5700
65576
94474
19085
41571
49538
37139
79388
28123
60375
18545
58449
70355
34562
80466
999
67356
24620
41851
50212
94467
65626
55279
13590
15605
15614
15733
90477
19706
3017
77024
4080
57023
48964
68450
20776
50435
96038
67130
29638
51662
88914
93774
93865
9221
20478
28972
47119
63652
98988
80903
3682
21162
99240
25040
91570
11546
77373
88640
43735
94127
98145
89375
71043
33895
24946
12568
27426
11871
74955
79756
82177
42016
11156
21760
75197
81699
73279
40137
3089
48867
55505
99762
58835
55385
55563
91459
28272
18875
63454
1567
82646
94507
30228
74343
42488
60634
85369
55461
59543
56882
41522
72753
66134
96275
38582
55392
3415
29843
64822
14634
23451
94553
56023
73865
33530
74615
50266
71850
23161
98053
32919
64460
86764
91575
48571
20066
53408
69364
20150
65884
56510
96999
41940
46838
98969
86338
98946
50223
96048
10862
738
81217
48707
31548
50912
34509
80441
3848
1159
14164
18308
51392
21060
96756
25981
84487
79981
24298
79157
73627
50624
55497
98686
36283
69322
29811
45795
45990
48153
94923
95337
3971
92417
9758
38058
61571
31668
18841
25666
61302
8477
40224
55288
25034
81841
86381
71183
14067
79499
724
71709
56778
74773
22940
77843
41399
85374
9582
78608
46985
93911
78063
66013
18113
14866
47198
35501
70914
8724
47041
62062
66726
85012
86333
37930
78330
96619
68249
72426
52359
6164
81697
33366
55881
28682
59984
74306
81012
71056
46670
86607
87350
12685
16735
51459
30675
85051
97481
90265
44555
833
25681
65841
61246
95106
19027
44265
49072
97191
93871
2301
20477
21127
39508
23284
98445
64404
89148
55474
64197
50882
98103
13350
29132
72337
58827
14264
96825
44877
37313
54505
41967
51440
84374
80643
38389
97838
55766
41315
95130
88014
37256
71365
77630
71231
72025
89664
74137
66436
26244
39073
51131
65264
4445
61672
2198
60240
849
34745
45963
86659
88528
48250
63739
47875
72364
73645
56401
34147
44035
52899
87552
11904
10341
96940
53401
5131
87038
56305
35379
3037
34454
5866
4020
66741
87319
97846
80921
19790
52692
20305
58737
15043
84857
53010
30684
30001
23811
11021
68740
27771
23913
35587
93053
99957
49867
50589
49497
90139
34619
43452
67869
87384
79486
50046
8864
83798
28286
37881
32851
18961
43143
54827
69626
98066
52379
9765
56223
21260
27296
24470
91306
78307
5812
58275
61497
34288
89067
18000
95215
6244
65898
76092
69769
16173
87436
35473
29904
3254
55913
78444
26864
48912
48096
67392
36501
18917
51095
78590
89300
66883
86071
30333
41900
2252
23954
13854
23337
98971
21978
12299
74668
54412
56258
64642
98701
20877
8763
91934
25966
28768
41806
79511
47171
85513
13061
87772
61389
80019
90909
86382
85577
33391
11180
20029
9519
4225
59754
91395
42141
32868
83892
22820
88605
31360
4527
70441
850
11588
91051
32928
85721
6291
73083
93422
28826
72565
45148
33752
66593
71373
51600
83124
18132
99668
96569
6796
81997
36075
75534
48698
62269
10864
5690
96201
33458
49970
96427
20325
78057
6701
89336
11720
15417
68988
25090
3584
12768
62543
83456
52767
23230
57892
35799
59835
52028
45394
82431
48172
75029
17727
18025
70451
98312
93970
58533
84168
50892
43280
6163
6049
41288
67577
48593
73839
35976
65377
21778
26470
24995
77942
5403
42116
99534
80832
45712
16188
80906
7629
34738
83738
7026
34140
6915
17611
68555
65577
50816
96572
6208
71954
88198
46259
75346
59177
31843
78533
93278
19496
11595
24201
61452
26313
22811
20673
4985
13700
20041
67219
47069
44020
54061
50823
31450
72759
22624
17038
85133
96192
43730
15199
78861
34067
1050
87244
95951
34348
19424
267
64729
44295
10002
68159
91995
89635
89511
76937
93976
23138
18799
33382
84841
861
93993
65949
58088
61191
23237
23721
35684
49376
11876
44629
22863
44415
88379
28090
77888
76277
84192
52533
55515
8200
68166
85275
45501
21296
4362
69125
91297
83677
97084
52803
42779
19234
26299
4592
25604
41640
82004
20528
30962
86780
78633
24603
8110
43639
7436
37337
74856
77777
6411
11499
9180
29462
49923
71149
8351
92579
52534
11822
95891
20156
20331
71640
11739
81733
35686
29193
51397
86953
50648
82312
93363
44187
39746
35207
70993
94602
69110
87690
30861
68796
28916
49871
63269
53728
16294
52526
59493
4644
39234
80652
32666
71654
38052
7275
94663
2622
52804
76858
25387
74454
40822
62529
84834
51214
80888
15335
32206
52226
59724
71086
76250
9258
69662
9319
93242
53309
44825
16346
17545
9153
14018
6333
12821
6061
2327
21879
41721
3146
19109
33617
57688
32935
40547
20244
28615
84250
48404
37217
52758
99767
34875
23914
63875
72828
37011
48364
62937
61153
9095
73125
63837
6093
27817
85246
52212
55592
69719
39400
16753
82373
78348
31206
54708
49552
95101
3035
64252
63642
64537
3289
35035
8541
55814
4716
33872
23584
25607
47028
10858
66153
3047
30491
76467
11787
33576
87283
55487
12550
48981
69043
95006
61834
81866
44277
29190
92891
21634
48548
28881
16532
90395
24582
79738
88981
27187
15468
69184
28149
20610
96183
31334
33464
26732
23242
97498
16213
23515
56315
67963
63117
96690
41252
45102
61936
95307
15492
53451
49121
45455
58488
90753
688
10470
61488
48087
16794
57486
14693
376
43871
3128
58243
11381
18561
34959
17093
96375
51013
4267
84431
99780
78669
36131
24822
49357
22735
74476
81800
27447
52432
33654
26715
59673
69325
576
65490
4286
50164
2712
18320
46402
57873
23541
10616
73487
93578
46642
1139
50897
66303
62948
50452
96289
3615
18175
7740
86298
55816
86097
74981
71346
34344
12271
16466
33018
64827
47958
93221
81585
94433
57628
3223
44788
65908
23859
52696
59004
79434
33344
10840
32739
67527
88654
21362
75007
81837
9350
71580
1626
24743
4766
12872
6898
69608
94195
48737
30199
60017
26261
40874
88683
54602
61071
64740
52396
91933
54583
379
84199
19447
72258
84833
60348
32393
72916
23747
8943
3850
16635
28157
36639
44777
39776
61316
92816
23187
7632
79652
74365
24
83137
52729
69887
8872
556
8538
36446
13733
65013
74800
8394
16824
24453
26376
7654
70764
42883
39532
50155
58175
43939
3623
82815
82988
40737
32719
52036
19438
70624
99701
40648
36488
58131
35184
36302
29725
70052
18523
96749
19741
56066
57950
54934
33315
68186
7087
67511
98224
368
99559
51029
72275
13323
74349
92068
920
88250
69539
15054
7470
71908
89810
26355
39576
74572
70701
2913
20251
14242
90025
40972
86339
44558
16390
52979
31595
90497
22143
28551
60898
93663
28525
73016
67251
60004
84593
6533
33501
4758
70106
20617
65324
14749
20641
64351
14202
18838
93558
74569
44242
29262
95537
45011
13103
55465
92945
33906
80127
97019
34163
99721
34849
36273
99188
6175
40115
10408
43826
10139
24304
97484
79242
24218
63695
41461
24324
94074
88418
74406
19881
93241
3332
26166
48605
92056
33244
56952
15800
65866
16843
56500
78579
72003
60144
60100
7792
87659
4763
5910
85837
46697
26132
74894
48601
28121
93276
75686
66845
4172
25618
81533
43392
31243
28461
80169
71478
49783
6638
87195
49192
21418
91655
76422
8972
774
46045
18618
98241
16643
74832
95473
46596
6247
98152
89036
81955
32995
17111
72234
1289
68042
96851
71036
66962
79309
45692
19604
69660
86543
51468
16374
1154
58269
13754
74332
55121
53717
23157
8167
52130
19338
68432
55789
59366
8344
59011
53662
372
81979
99792
88334
22751
84737
44294
16907
59692
85083
17391
2241
87785
5328
99304
21025
45923
36255
10588
64678
42140
2042
48789
36609
22606
57637
99725
36551
73580
38360
93475
24153
72667
9817
27994
93882
54245
90388
43223
22354
71427
71759
5993
17764
58565
52270
98553
36525
27657
60241
66894
37341
87861
89889
68138
52452
22993
92472
50055
63620
47227
4616
49539
89391
78133
66464
26382
96762
58499
59019
63063
69151
55785
8812
93401
44440
76833
72409
31897
80195
81523
30694
73132
4452
93802
88011
78763
43130
52142
38628
45127
6934
94627
34943
46461
5071
47339
23315
19440
42019
99273
71402
11832
84494
2326
76436
6379
7929
37846
71529
99032
94508
2277
85668
48004
22227
23791
82854
17595
33959
12090
22629
62483
22350
47928
24869
23441
97347
4336
10442
94232
48152
35267
5347
60521
3001
74486
19177
12517
59587
30784
6866
12170
69752
76707
74762
93916
17068
74337
15856
69180
61852
67174
55545
76060
35480
19826
9977
45374
57763
54144
12793
74761
84591
16337
33652
99052
46392
41620
4035
8447
64516
39584
65472
34533
75312
77448
78487
81
289
69575
81267
26875
54962
56574
55117
86557
19645
72706
90633
92363
28197
15634
86823
97329
93810
15578
57778
81148
83052
76679
82608
96012
74238
18130
94794
88440
86869
93139
61624
90676
35356
61997
15402
64736
26978
91173
74865
57610
6222
64620
78662
10352
84367
71431
78488
43353
74767
87636
48697
56486
36995
74237
83310
43093
71393
71741
80695
74807
83515
739
24597
64075
33853
54468
61621
68627
30955
78970
68557
77896
20224
34761
52177
33629
88887
93237
69755
9776
89183
48615
42056
84873
75041
84855
42357
73731
96254
3632
73648
79164
13240
44986
61244
36951
68678
77969
64359
35075
4281
57139
66632
3112
75433
72075
20907
53461
48192
32325
28430
56732
88651
38573
63370
26844
71228
20784
99747
19757
60731
36570
96871
62477
26249
42573
32107
22464
47468
18874
55525
24793
67968
54223
23755
2333
30114
35099
72069
30246
78229
94481
52583
42810
40323
86560
94492
80827
2446
85200
97878
23175
77574
95821
30196
48028
63819
21924
18098
94545
63911
92930
66948
53284
92215
27061
6505
84654
15529
22162
47144
19245
48683
96850
93325
93190
58070
72202
62277
94505
10302
47059
95231
58951
13265
1086
77760
53070
3429
68360
7754
12911
56707
27246
15571
93645
28759
46747
44493
18447
5468
33473
42228
63395
43133
17970
99938
48896
28943
73790
53561
56758
61693
46820
1740
20822
26861
38890
93445
43580
4740
7191
9321
88755
81307
91652
2400
10971
65414
88159
61181
68666
75068
13300
57051
5266
37138
91047
95750
13211
46054
96808
57290
10728
30018
55707
56268
51172
50856
68068
1124
20409
73444
69021
32116
65966
6320
65793
97279
45642
67970
44224
12854
2209
40551
88866
90917
92613
62037
21015
4482
93740
49319
77758
89675
58025
26826
51778
24968
94930
54076
90368
2247
10985
50688
13128
21995
27946
31319
7411
98221
51854
65067
76931
82817
42706
22699
96005
25110
47501
64763
10036
29874
98309
2496
954
19606
41955
55931
62950
5250
14779
95741
9019
6361
33828
43501
47609
19599
75469
88033
77436
20635
50344
73177
93309
4455
31752
40703
58031
88705
32829
13966
36903
58155
47524
34933
793
26709
84892
48390
40210
99558
21368
90480
67390
32066
84588
55235
25478
50024
74930
32439
18567
16308
25116
26747
92750
59506
90494
21503
86492
3094
97358
93643
8723
70646
88216
24583
15617
62486
6480
90336
77257
32959
18218
21931
9461
13372
8462
42237
76976
62748
13830
91969
94619
53532
33178
93749
61425
51074
94375
19852
72928
25136
58996
734
10339
77827
73806
41303
26040
85050
39050
85796
5193
18460
94262
4351
82473
57325
73924
785
14541
83504
3906
8113
2808
30408
42193
74228
12317
22468
42242
47556
29090
63196
73831
10872
67329
18768
33482
35110
1699
83140
26750
89340
88100
19273
57468
57156
27516
17342
4210
52025
42594
75505
40782
85285
15071
7254
73477
38280
10389
14484
99683
59342
65627
60233
76369
24137
93122
43463
55867
51878
79782
87843
77968
14078
46442
59480
10998
46528
46538
69940
45229
88490
13467
48400
93715
66503
32220
83449
6269
39028
42391
57902
57183
16541
81047
70155
31871
14672
33131
95570
26141
73474
53979
46275
65578
96918
58184
12763
60719
44135
373
79837
96830
53497
63927
94877
92926
89404
64535
9867
5455
64122
22670
65059
73174
36583
98550
48511
31821
15841
90914
89515
13986
5589
27978
27136
66689
72514
99314
35172
87057
22201
31831
24526
37644
60245
25991
56999
75064
86130
30183
58290
28845
28598
97989
64605
81710
52870
1746
9030
91792
12159
91142
6667
36961
11363
10052
21200
76744
83476
8884
69336
25830
90779
38431
2288
82111
90443
44901
74003
5737
38448
90564
6249
32316
43355
56004
97884
93171
67890
20953
18263
87410
27876
89518
8274
36423
66152
77114
26657
17317
32466
26201
57555
71577
82483
46708
38724
69686
64217
85419
70908
53121
35090
70868
6571
52317
24599
46984
6780
40276
33459
94898
41419
68004
20212
59063
14266
53521
10256
27207
42011
42410
87526
61718
14144
25535
75681
46571
36226
5158
57878
90039
44572
51699
2250
87959
54231
62605
16562
31956
25715
15282
36564
88942
87428
68010
10714
51054
23602
38998
94187
79580
95737
27407
71002
9300
36496
19782
93980
38831
52162
48676
66513
41057
66986
57577
98423
15079
71026
22913
18982
10870
63321
7397
38117
61980
87761
90559
9314
11579
54917
28398
92830
55651
98074
93703
88182
93580
54517
66656
33278
62508
77765
32989
4009
24737
8082
31802
69430
93717
46926
5619
79584
986
83930
19513
46413
51891
98732
22936
59980
74175
70042
31033
711
75048
87911
85889
20339
72572
94073
15836
36979
18580
15326
54606
82713
51284
1904
92824
67788
91045
86030
45672
51166
15225
6220
19780
3707
95136
80020
21953
17672
14933
17535
94459
69078
78
89417
96869
82237
75659
5605
49184
4024
38919
74276
75652
44369
91254
88733
96242
54685
10598
21955
86610
67010
236
12961
32157
10119
3119
74897
53535
38594
20490
78927
24323
49068
12173
72819
9537
37807
99486
6508
25338
84438
41714
49455
63721
15962
59557
88131
32726
53095
36629
55312
53918
14692
26043
26078
66226
31651
84360
30632
86881
69615
40304
72211
23109
96623
55597
12314
26981
55571
13756
97817
58470
37648
62823
69992
70789
55509
72397
8699
24447
67064
26029
82777
32475
96828
57146
45003
95453
1714
89466
1303
32562
78834
49073
33869
88272
5564
73751
22529
79407
5630
29328
752
54611
7144
1411
83383
34862
74316
83023
73120
58034
58326
15680
55699
24889
43326
18102
20191
12243
22135
38317
14063
90215
92918
45115
10854
57212
26839
52786
28250
18865
50185
13875
47981
33354
63302
75869
99954
32188
53951
86512
75496
54986
5500
93326
79721
407
82595
14281
7838
21625
13296
61061
9687
67558
707
3684
3161
81623
51484
66854
64534
84557
99086
34471
23388
37805
9499
99047
95815
54592
31141
78021
18353
84819
18400
15653
92768
45343
69783
61764
93169
36014
12795
65531
31166
75707
46251
74177
52612
56881
96355
88668
95725
28488
96322
98492
4276
43658
2490
90590
39945
60487
45538
72526
95935
57189
2742
42798
41034
11544
76046
76922
42718
21281
32789
65007
36024
26552
21895
19822
68405
52108
13379
52647
39588
73469
98670
27122
73086
41380
73987
57881
61491
63648
22255
89387
89135
17013
94425
63333
43966
85728
56522
12269
97726
39874
41448
57812
18078
49688
82155
6790
73662
31074
85485
72896
51538
20032
65605
41762
72142
87373
57913
75082
94231
83391
8425
7398
85384
16841
32986
50518
30249
35091
76586
17064
36968
4130
39039
22671
4745
35592
51786
31916
52446
91398
74443
99001
44867
53375
94449
66692
83130
13666
45913
44911
25597
2115
53976
70105
42871
62319
96537
49279
21081
9829
64519
56833
11036
98638
28143
54063
80700
25884
76665
21140
84954
31493
44360
72172
24970
75787
87430
29361
52118
56690
75161
18915
72754
63990
86816
39160
76898
66430
32211
78937
33878
65035
42920
14781
78767
83881
49876
3678
14089
56043
38763
66221
21602
86226
14579
32248
98656
26809
31753
96304
65510
16611
41365
88483
87728
2825
78231
95844
89329
8868
31756
42296
91294
22614
74586
73075
15056
36165
67481
38048
75094
66098
62326
95811
57038
67535
50558
47993
26726
38485
7489
24231
45405
23421
21948
97770
12788
84386
63582
37412
30616
1720
80166
86994
59226
99900
37023
76199
15538
99837
77812
34335
12379
1149
60058
20111
41611
57346
62688
58108
55574
42404
47566
56595
53517
75010
28025
64595
67662
78856
72124
46515
91442
66723
1827
2034
53943
55266
12353
51499
91845
77893
7862
10280
18948
67608
93981
97667
35018
56482
99941
4946
74405
81136
86639
83696
29816
55099
78617
56488
47117
94498
99186
2041
30488
40666
45186
25949
37088
3326
44364
21965
82845
66525
49122
19736
75530
56749
46772
1864
72922
10465
74283
89872
99627
52370
28103
92581
18491
79778
2188
6088
31702
58274
57756
1150
71738
25380
61220
87210
62512
34873
93128
2690
56769
95983
42567
89170
49288
50268
23164
28851
54921
79687
77727
81288
76670
23920
3496
31582
11862
96243
24104
44521
68851
98512
70785
50789
79799
51669
66496
98030
1296
45706
4499
25137
71898
7839
76505
46889
85145
77498
5311
62470
52665
96455
28329
90842
55229
81888
73159
96000
35288
53417
28955
78764
3175
95519
60908
68069
2367
857
30744
18592
45286
4358
42608
30433
63757
85100
62598
94710
14782
2011
94769
21537
91184
34240
19673
70421
59770
18887
39688
87347
16492
68845
90059
61731
89764
21470
59538
79244
46188
89059
3070
94119
88599
98932
96917
25952
11311
19630
12736
79000
46858
13135
93937
27871
23222
26148
63978
29140
17617
13465
61438
99290
25519
97042
74297
7822
51406
8222
30481
56156
60923
16892
21881
239
3711
24465
37310
35381
74368
88000
42282
98831
71985
33052
43703
86351
31953
47873
56772
17648
12043
49222
90325
98864
70709
22066
49428
8937
98849
33103
9958
9601
831
10794
9512
76401
99230
11835
60156
84063
46812
68964
913
54581
2500
99888
60640
33852
18800
4064
33321
32087
60904
3395
99108
27409
2858
60165
49626
72796
39710
34232
65368
87770
76845
11825
43954
89290
17563
50684
2714
35745
85996
33107
66162
72847
15204
65756
26333
57872
26163
42534
85408
6232
58151
5117
4572
16698
97699
57580
26812
92723
24542
60558
15429
87259
31250
28241
32490
70737
94441
8712
80772
65501
22561
81814
44580
56228
3063
64961
49810
35877
46523
48440
32160
71783
6700
95663
57024
97232
91015
58295
26887
9912
14569
5624
40935
3924
5295
84570
141
56912
59410
40357
71947
44075
15219
11867
93397
29228
77718
44000
60397
68751
14545
88438
11918
17763
81440
34342
24647
23545
28179
1126
93641
40082
2649
10398
84293
26515
90335
31424
76740
99050
28288
1809
72849
46359
42212
87865
61547
82796
82438
71844
84078
50942
27723
12738
50613
40204
33154
29649
55027
30988
43108
82201
88742
7663
36680
47614
15758
92213
75689
8366
55620
66018
9954
83288
88437
58889
18172
52395
37851
68197
99710
25574
33985
65770
96539
64576
14893
40645
34280
14315
44068
82580
96531
37794
63872
98727
16197
24006
31025
92474
19857
92856
76939
7622
81145
4315
51390
35181
15696
53382
77674
31043
93768
83361
67260
61154
4178
82294
16031
49522
75348
57130
95978
193
35094
50680
82894
31299
33573
84580
38311
34866
20824
40926
54586
99051
44340
40212
9156
66994
46319
68338
97911
19969
78890
76532
2019
18984
8642
32201
47376
43096
89367
46365
97337
72973
82718
38043
46351
17326
87137
16409
22154
3479
69170
15479
91538
27341
88241
60964
93121
63838
52860
83106
94300
79468
761
60026
53792
1789
95389
54010
99231
33721
97997
72307
370
70121
32915
72942
85032
64995
38337
54286
882
56038
81501
75791
94523
64307
85412
34299
99328
79609
24712
21548
58213
28481
42772
25579
85302
24099
33531
41865
97851
91197
70073
13792
15544
43256
52661
1012
3196
95076
97438
98256
99907
59855
3111
6398
27714
4127
91581
29127
74455
46435
15593
19540
5352
44197
79386
93692
87338
83034
64055
55802
11780
18463
40997
9949
44459
58924
57721
41403
25965
59767
32696
10294
39023
38032
45548
9061
53977
31984
30089
69144
20162
19742
13540
96433
83421
78911
94559
13727
34833
17424
20980
53048
85855
99629
89638
1565
76264
98682
43451
5197
14643
47612
86479
7336
66951
61126
34371
75930
56770
91319
6757
67096
42934
42888
28742
45181
92325
75003
1701
34517
56366
11048
11736
93909
50149
73698
81582
80336
64572
2824
17546
15319
82408
96677
18853
59468
27843
67358
8909
93632
6717
37248
42033
58966
90338
44750
39809
47724
56714
81477
51366
39904
62603
1285
23082
56873
9551
61590
49359
65861
83219
25474
58189
22434
13248
44064
42852
3300
89826
70632
25897
62516
30231
56575
33101
32408
15263
55582
12772
42694
22778
95185
4060
21534
5150
22269
38663
49228
92015
4124
38995
65229
27264
45834
40912
91872
69166
87085
55791
22493
36135
42371
47991
71558
5850
28403
60266
87639
66680
29502
99620
97041
73030
67710
34284
77111
50916
22745
93541
68746
84661
95250
98232
9157
9031
47343
88754
97844
25486
11887
69742
70642
35037
74829
51058
69252
60456
64023
53514
85501
53438
87439
54715
27818
98368
26877
56409
88110
6897
8801
67302
85459
32736
55120
1421
68672
11903
87867
1942
13283
85635
94678
28432
3038
33977
16148
5982
10727
86784
51306
36621
52495
44181
13553
4356
99267
13418
76604
89537
28055
21230
1120
49494
66618
69350
2640
71584
99444
54521
30838
98881
218
11967
75421
60223
65313
90883
56272
90019
51220
18477
89313
44907
89943
49207
12662
82359
89469
82771
43153
87627
70252
47103
20542
4774
46629
56664
4583
81450
18931
21319
34901
40669
72281
53263
18880
85608
62954
25275
28746
67215
93246
53439
9244
43982
26503
25426
5007
99807
82787
84213
18642
12245
23626
4579
13978
39902
10680
96475
39827
27320
94402
34021
22793
15393
545
98789
47647
34041
68733
90375
23165
68624
56943
88729
70358
61053
20770
82821
35492
42816
28309
88635
6460
78257
74785
54374
17688
58192
49837
2839
68423
59992
4543
59274
34381
88583
49733
32590
4148
5140
61522
81701
67402
15798
77231
91804
17491
43561
55362
46801
15972
46651
24332
14022
59182
80210
64215
39326
195
46386
9774
49381
27757
53998
27691
69978
32598
90523
16012
89098
18511
73800
91564
31120
13714
99028
12959
2120
91896
13598
44721
93255
42255
59682
27850
6871
7736
54536
90258
90751
16971
82846
76437
22715
25046
36717
83769
86717
2370
48158
95506
93473
67806
42195
23399
91239
11053
97845
62028
17479
6541
86325
96564
57811
78104
22004
28507
77243
14184
28240
50702
16581
58603
89318
29544
54103
54360
23472
71463
40233
72522
28494
11961
17106
48959
95926
87858
85726
50833
37052
45218
30161
96582
14328
41183
33619
91544
56002
74077
42558
18694
70686
10360
68246
91929
31722
90259
61405
71244
12118
75611
91233
2731
31349
48759
74570
32208
40177
32008
38617
75945
80915
40435
79310
12316
28158
96626
69818
24066
58419
62669
78283
23927
77148
81340
97916
19679
46267
96171
77336
78826
30585
30209
58947
46391
67498
85221
40792
8051
56609
65308
52299
14831
16176
46285
26096
79118
17096
51527
86349
98760
74168
53254
