9298
91129
38422
92578
6732
50148
66907
49581
51138
87144
43466
13292
73492
8688
11080
3213
90708
10069
46416
95197
10370
1624
70214
4997
78963
79223
15209
46789
64583
91288
62309
56468
59811
14165
86747
51897
63987
38631
23413
86748
55088
62137
10012
26986
3295
27488
51907
51231
88610
6496
35350
91253
13919
61604
50835
13635
86477
78830
8141
45624
33166
35433
87106
38422
55360
12631
24089
65465
98586
47886
57332
54359
45823
87783
65605
85008
78402
10799
47730
13120
39884
32366
73767
15935
5494
42787
35490
51150
65773
93119
7589
60049
58973
91750
12096
28255
79465
837
29400
62257
80430
67119
69775
18524
54817
81299
25056
89446
5700
8522
48485
62135
74096
84315
54360
76903
82217
18366
5272
21697
34720
47440
42124
7296
58568
33761
34034
4214
73147
9868
50573
11347
82163
55995
12554
51114
82634
88589
42669
93578
95694
83489
44992
91266
78046
16631
35135
30027
67871
10329
81230
67398
11310
10688
92707
43985
52116
1831
94798
30084
26897
60953
84742
88347
53865
89739
56871
14183
99223
56483
61819
47026
41152
81019
79875
2757
20705
92478
72458
44287
50687
79338
77261
19031
31806
77560
83533
53241
3219
32512
99334
14520
42461
14434
98969
28272
88906
19257
64394
20890
97352
36932
38447
73921
58173
26381
97845
24622
17184
51109
97554
6464
8836
55091
85368
76919
66907
68936
49837
60243
61361
13743
36338
3407
11347
19294
77295
95575
47665
39416
75476
84134
51711
18404
82015
40118
57862
86748
1221
19656
71566
82635
13115
42682
21916
38632
51549
86247
62640
25444
96781
80080
13921
40469
64072
99553
19348
33155
92371
96261
77502
17727
85773
62112
88200
97339
12712
22912
58478
83802
63175
4084
3220
99071
26376
78773
87712
63955
25264
56953
39609
85971
45180
55457
29518
46009
3027
81170
82803
77919
11649
52709
83877
58431
67257
69019
62772
72569
63072
2500
5683
77545
23634
78920
74095
58377
55521
93609
35105
25827
36593
18446
24618
3909
98058
15652
95864
59152
54428
91751
34068
48145
79582
47777
66948
38982
39516
14411
19333
25769
53082
17090
5054
794
14274
31401
49706
97033
13757
88743
11721
4266
97284
11019
21088
39858
87884
108
86766
18513
33192
90162
71286
43542
21089
62388
46747
98781
84991
71284
14468
35314
91077
59583
13810
32334
85742
76534
59409
11650
79451
63040
90801
19200
48943
80756
86306
54361
81102
71010
97123
73968
88506
72002
77844
26870
50235
48528
38113
89222
6114
75364
64670
23691
63634
58431
12393
50255
29106
81922
84463
4076
7531
8841
69003
3755
82552
81473
56318
24294
27271
13430
65670
61495
33967
47729
70504
41539
95263
75470
56181
13334
8834
18093
52573
12553
83987
63535
33139
3704
89333
5126
66750
97239
6957
10449
16337
45276
67968
47281
11873
42684
61863
43775
13169
73200
18094
5718
97798
29157
32926
42053
79085
99720
26987
4423
76752
96507
68110
34997
57223
4049
39421
58980
38401
32050
98958
22773
68306
21156
49780
10017
96823
39421
9745
99347
88935
79105
33795
93571
58265
14925
60988
40984
98656
46862
40901
53102
70499
54245
60547
32838
90707
77894
93951
98658
6382
70376
89280
35862
26234
31133
9184
68442
97855
96821
82417
32949
44055
52117
91704
60575
30029
199
13636
35604
59408
2756
25055
37401
62606
69445
2498
65140
14998
30471
79261
65126
27745
11949
75380
50765
89826
15172
6498
9549
22496
25521
61033
78576
83903
91713
67358
44306
49087
58134
58412
86090
66872
36475
3357
45855
15613
94200
97049
15106
19973
74901
57571
23389
13845
6202
6031
97527
40450
77145
96934
3421
74265
96984
7342
98024
53431
87013
19169
51615
21405
57613
34926
56690
9514
17570
4673
1378
14209
60403
38889
44014
15548
84876
25829
14071
53749
18462
77432
21155
85492
872
93916
53763
70207
55112
49894
99386
84436
67908
51893
38312
32856
47775
49012
56783
11081
39883
84857
42448
84858
71657
46326
39325
50120
48499
7645
20872
5856
6151
86558
16377
4925
97846
41146
25545
25688
72672
39461
31043
45702
23898
38026
84180
52573
6203
33559
3121
70503
61991
67934
53659
48951
16354
67623
795
7881
74231
31425
293
98968
44552
81502
26819
99622
39997
7647
39351
10989
47885
81890
81019
69784
86573
72648
83021
20603
29153
98075
39349
73224
17160
44080
98187
68470
10327
40991
12766
21841
50233
53705
46861
34831
20363
83487
13376
80190
98033
64647
47158
49405
53131
45824
49614
77950
78743
70510
36981
56515
65105
24058
13724
55105
86588
16474
28331
84992
2568
59896
87312
36873
94564
60839
15959
39816
38027
97834
81229
40169
63311
17222
22903
49792
6673
12135
85682
75015
21403
26833
30596
44677
55973
63513
83556
66906
62923
73070
52572
67845
56900
39488
48596
37123
44006
15933
74018
88379
61863
4267
63913
33212
81165
12790
8929
19236
93685
51654
31486
19299
66455
8141
35471
23825
26655
65079
76046
56466
3730
67425
62773
67968
92513
39472
84479
33993
39614
9035
12889
63424
14293
46745
12801
61603
86332
27680
44551
65551
47440
39710
8665
1849
93752
57611
34070
97855
40170
57820
91706
52389
28956
13742
32048
24905
59659
81362
62337
23353
49917
96531
43252
40231
38136
49392
92074
69451
17224
70025
40556
27675
87027
46188
3730
14207
89185
67754
63636
61896
95004
86517
40370
18214
98830
83556
22630
94944
85491
51638
73184
40452
35287
14586
11113
29510
77254
32332
37248
98175
18158
75753
45487
14228
6585
1704
41701
53518
50551
8011
9786
13725
16941
57759
94451
23549
19992
75758
49421
27666
90261
91296
54055
82348
62848
6345
87015
17853
91750
68481
23214
72459
6572
9558
28938
99368
94557
57507
47830
44498
23478
98395
93794
67653
87015
74096
96487
56608
2955
71543
57518
30017
82346
35893
43131
28901
57223
26485
87710
19567
9609
86903
50149
87882
56431
60628
99839
60002
30158
52660
95865
71451
66260
59239
69942
19262
85501
77432
22962
50995
31596
59064
64027
80144
10016
84755
3355
31256
4332
38225
52457
48520
91297
24437
24716
86544
33487
1245
38622
45486
94007
63473
68293
78965
96395
25492
41385
72461
70946
15209
26395
99263
85865
9016
93127
82346
50696
6065
26374
41474
13767
15394
39136
74542
97338
515
26863
42088
63174
5748
48676
47994
72126
12032
12990
27032
87354
62769
87013
98185
29108
52620
85928
47281
13433
64761
47027
39957
56241
34002
69021
36950
17760
72928
88904
69089
18432
6365
89975
16085
94199
56704
29736
69190
65272
63309
70477
15718
58148
79170
53660
60487
72795
15243
61605
56951
33208
5757
82067
69190
85513
88732
6346
6363
3943
50198
92043
9654
56500
45446
7924
56743
32266
22243
53241
97047
22913
19278
38198
88880
35705
75862
19961
93458
52126
88093
39309
92158
49069
53130
90430
29197
29107
35053
25833
14166
99722
76755
10797
16629
55380
46278
56260
68567
31912
28469
66618
63135
39472
53589
91712
199
12133
39421
285
63829
80043
30764
58430
6498
71138
9358
76095
599
75034
55246
3221
48640
70225
33207
63771
28956
88692
11124
6197
32753
63076
27679
20958
19292
87711
69027
18444
81313
76097
5504
21969
14206
28915
46779
13834
68346
45327
94119
49839
49049
89969
26389
75014
50588
27291
75288
38197
42940
49656
23216
16435
27857
58108
30652
62978
74550
86386
31135
32937
35662
8509
75860
33463
91487
5759
73378
95424
95699
99386
5633
53661
85368
61964
23349
10464
55395
14603
90936
57110
55381
49782
22003
88818
60194
793
46202
21412
55197
19349
26912
14950
23240
39107
50212
65140
71732
6112
36522
36558
60087
10876
97828
19434
98783
65751
31411
99506
63986
58861
27961
97282
53056
61497
74785
77371
37022
27025
49116
7237
15264
87870
34257
38788
70132
74936
57605
62846
16376
27615
10549
67910
14572
15731
60405
524
77492
44840
78104
51108
23068
55163
30889
84795
53818
61896
51839
597
27223
45136
52214
88820
82433
89801
54430
88934
26147
63977
86025
49894
20571
47157
90200
16550
50257
28229
10858
26487
54561
79582
5443
38134
75861
22961
53704
15004
57285
51638
9935
66907
33832
88086
96263
69135
95264
6707
62977
41021
45985
28840
77668
96983
45803
21548
1624
12174
92582
8170
35172
75295
81634
71673
39108
56261
45333
60462
30890
51957
67037
48597
36114
74201
76575
55885
36120
99347
99577
8344
35054
59169
74957
7202
39815
1799
97885
78890
24903
2499
16292
29401
82832
25906
63971
50846
94893
73149
51891
31778
99555
79009
55838
26862
78934
66503
54939
93560
70038
85877
74108
15918
89575
52560
84712
84261
26493
96620
29082
49068
85513
92417
11633
59880
32692
1377
28321
33461
4445
10939
61391
29083
7313
79010
99578
43775
16997
57110
30776
86025
40323
42029
30771
75094
1128
90141
92618
37106
9785
36882
82223
70436
84159
70170
95916
40983
79703
47775
29329
13438
52040
60214
38670
523
23179
42455
82067
89163
18996
74820
13159
66874
44993
29347
64668
45693
19261
35107
34833
60546
97853
219
67621
84356
34099
14347
91779
99014
51138
63326
96530
36761
45702
2117
46328
52707
9743
60551
5394
66311
56328
26674
61332
23390
71957
39955
20166
94593
63357
84857
85548
59898
2730
69929
3273
24684
91191
20531
21411
1777
47464
37550
21968
41866
39166
72080
4129
60664
20526
52294
81353
37250
5682
17224
40817
91487
1847
62848
68173
72670
92578
32838
27252
88603
96529
36174
74200
37311
30920
38633
8345
73453
39857
7939
51896
3787
92603
15105
34836
75268
50835
7910
13376
90216
60141
86550
59975
51058
66294
96082
33083
54347
62768
35664
89975
15502
94854
30017
6932
15235
80291
90746
74188
53999
47721
30143
33777
22702
66543
39516
89554
74596
20251
47233
34481
88669
36881
39625
5633
35825
68067
7261
31360
71573
96071
20908
51230
75862
88479
15575
40895
82789
90086
9561
84178
89210
89279
11690
69823
75380
81890
9656
81660
60839
82536
67110
85546
45987
94090
51399
70181
60864
40385
57801
58108
32844
19527
57434
45805
41146
63573
13437
5122
4690
63184
4214
43057
3931
38670
39999
97967
90198
43195
23391
10705
12033
99837
57
39147
36978
3756
35349
87312
10937
81923
79261
63394
17222
14347
63026
67257
41495
2252
40946
71682
7301
85849
83613
10294
87310
69949
96509
50571
21227
88648
71674
55456
1755
69254
4422
89183
43906
25856
31835
46874
46677
38664
33532
76482
4870
30791
43210
11399
59286
25446
40450
81605
6160
1034
36655
53104
15933
34833
56690
7036
75603
54474
97034
94562
22595
33193
36657
17231
6152
83177
3786
35523
31929
34582
2849
5942
34582
97543
33461
10466
17789
3756
33743
34487
39508
66437
94192
85848
89826
4974
97834
14686
10069
84756
50212
84743
59553
52959
46599
91992
22894
74245
16997
70722
41330
26675
62482
68398
17274
44930
93006
62553
5699
36595
31911
63135
62026
15209
17153
71480
38595
31167
31754
12631
67201
81574
82842
76250
9015
30072
33830
64647
45294
88924
23308
30068
49653
84364
64751
36482
77218
76239
66140
94277
44523
21967
48243
31900
278
65753
17396
63533
63805
71957
42383
15161
33100
85782
56741
48282
86092
56239
17540
62798
77793
84164
42071
87063
76125
46475
63534
52937
26821
59555
64223
35953
76123
91474
55105
54617
58043
72569
35288
41099
74699
33155
12334
71745
80844
56870
82013
2455
39134
60193
42531
92377
27203
15934
16895
87856
7764
76237
4869
33832
81354
53477
3957
84243
9557
84165
82933
41567
45929
95253
18228
95057
61193
39350
9035
45288
56243
67518
30061
77216
69673
91002
46251
82934
99505
82832
45706
95253
99224
29307
58429
60838
42365
22704
23215
45701
37213
76123
485
41562
52707
9407
95255
5793
997
18116
39725
74966
86741
18215
29280
67831
15987
83964
81057
58216
92373
95107
70168
35953
43059
86879
49609
31533
57342
25543
58744
91474
78142
80701
66503
75092
43327
63573
86127
90085
18901
25651
9179
85502
39472
27615
19235
45485
91569
37403
18514
74509
42682
74731
68399
9930
66779
525
8
85415
47640
70766
70044
24245
23646
70896
21717
60952
72335
46083
82535
49088
56269
45622
97823
75837
64428
46568
48230
82010
94296
22628
91192
88646
17929
73766
31777
53460
70205
20816
22176
1798
53704
93458
86401
54508
50587
53072
49323
66946
3256
58977
87270
69160
45329
65226
94563
10917
94944
1064
81839
6722
4050
46770
3876
79107
84193
62316
5580
21171
19233
71743
17608
76892
35798
34069
34176
77670
94682
88102
50122
14206
14821
73378
43327
6119
52960
93795
41005
24328
28205
32349
49050
28517
81155
79234
28373
35373
85230
97526
46226
93685
2251
46374
5223
23479
39453
93051
62258
96433
77273
95668
2512
52390
57607
48317
95424
27101
18811
12095
36704
41097
57229
88734
8249
53724
45136
35990
54951
69453
58744
40153
19370
98568
30389
73492
61717
91915
89229
2481
91251
56398
53516
21843
97364
24031
6498
7925
61264
73148
39611
26985
51862
94095
55382
10837
49309
54415
11723
59811
76632
22948
11055
80339
6196
5984
60619
48144
38670
24677
21758
17374
85368
91745
30072
40945
53704
78272
47666
62257
49706
5983
87372
6622
94200
31895
52764
7691
38595
46666
24716
37812
29280
3337
46979
94121
37180
55088
3419
54416
59
45843
34475
73001
92358
90270
64426
52458
45843
68469
51191
23645
87856
48019
79582
34113
79584
53024
22696
21366
46455
54782
31409
90216
72222
77558
7647
33206
18181
27224
72460
45824
62576
65464
31255
14368
28076
72082
93442
56310
37878
32321
41150
10547
22136
31165
31255
1063
48677
60149
14441
13810
86191
17913
44553
77531
73412
79873
88098
92415
61112
27979
58217
3264
75199
75991
46691
58979
41019
37401
5346
17765
9688
26898
49323
34505
792
34607
94853
86230
6383
73750
84763
87732
34018
40612
40830
76574
6721
50197
75280
54869
45411
70622
14183
60195
64737
70895
25316
88130
12664
72460
35357
55014
41611
98393
96937
46508
38096
94001
48803
39438
59275
82098
17778
37215
18228
86233
64392
33379
92076
9870
80691
86559
27615
70183
88923
98075
72115
36480
27858
36170
74617
92941
62578
6497
27283
52011
73805
85961
59187
85167
36511
45711
57177
33100
52329
36171
92076
60086
95624
51514
94276
91193
13855
78547
79494
10465
27978
23792
684
27034
94067
14317
64576
54342
44992
49918
29331
88667
20094
99621
55580
27961
37402
64850
86586
87732
15390
88934
54783
62769
54717
32382
11382
14906
13639
88933
82013
34070
56467
45624
96936
3929
63987
14871
36894
90936
73149
60212
25494
21698
85852
27534
27490
86552
16044
51459
92404
82514
30157
42400
66436
9723
65482
13596
2704
89162
17088
95322
46977
26745
93192
83487
36425
8248
41541
45135
36706
34606
68067
93442
21734
74266
69160
90800
38341
20249
83201
96396
5041
59554
73518
44244
14996
91124
40451
90001
55629
88646
69664
9263
92943
32693
18158
42401
79145
63041
82210
6579
22363
65433
31257
66576
38412
15003
99263
57546
11678
40558
51841
26576
89458
62767
87085
74656
26747
69822
17445
10084
70544
41200
82514
30764
99829
65973
96295
39311
62328
80299
76680
23692
59654
71098
95027
67615
66062
75289
21969
13150
16905
736
54753
78140
64574
18495
74370
21411
32190
46747
10877
54593
60839
93559
52124
94128
8841
79186
62578
960
58155
63070
24796
69543
84161
41147
71590
11102
47514
63829
52068
82011
98330
65588
5247
63173
92745
52185
10839
42619
78908
37214
74107
72445
80081
15233
36873
11973
31425
61383
10083
78774
51637
37104
55948
7693
32626
11602
35824
15612
31648
33794
79146
3974
26393
47934
84165
78643
8682
20838
64284
34729
69675
14605
61534
90988
86922
57976
78678
95264
31481
71567
33191
11383
79875
22363
47394
62578
60486
80563
71571
37603
25515
99642
81311
77843
85155
36780
94054
59889
34814
24677
42233
46335
70546
6720
12098
31646
34738
67396
66438
4675
6046
15313
11056
24685
70376
34602
38973
94641
18430
73184
10294
91781
63202
14348
26434
47332
33954
90986
89434
59063
5941
34523
53104
15725
70037
97885
87106
37012
31596
77433
47466
41710
36424
66119
28974
81380
64762
36465
33751
93949
30709
9560
83683
51091
36873
98026
2427
80844
26410
98200
32694
29781
81898
15902
77591
45007
1627
26612
64039
53433
12128
85413
38098
2604
20703
69285
79262
34681
72461
14442
66726
14872
41415
82935
58398
50075
84159
26578
27859
91251
73177
97556
12221
91386
45447
42889
88904
32308
7344
66506
49582
99135
85048
1829
49049
99796
74656
82146
67831
62079
33328
81367
32128
21588
80528
6733
75774
70036
70724
68291
94023
82836
97282
81996
6731
8131
32754
95353
47731
65124
42890
37868
96003
32759
97354
20183
41004
89577
17678
18464
33088
26707
99367
60651
68771
49792
20872
73178
23845
32350
17279
46393
74322
66610
45931
66552
5272
97855
69964
51746
54219
69090
47064
79583
68173
44367
69775
91126
31648
69675
94296
12710
5125
15716
91540
75806
38725
89289
42027
62676
41496
9101
76681
14038
6529
66063
97965
14571
60620
64851
17665
54306
55805
16180
53622
21242
33489
89970
59627
13261
19656
39393
11808
5107
36062
45358
82473
23230
88603
4343
97100
67624
25436
51902
56093
64304
15234
55682
42281
5645
71830
92185
76374
75807
39060
47442
4031
51747
959
42693
55213
64037
20909
85230
61164
64738
65348
83815
17607
60436
84495
84817
74510
58292
11111
84031
10016
18158
295
97339
12637
36543
85513
34928
11603
25908
66626
66907
73223
40469
79172
17921
17274
40610
41021
7590
71456
11633
86859
82833
9614
19740
51267
11950
46603
81475
8523
52232
89281
89444
10719
16996
9017
53999
78106
34252
73749
80080
86586
36306
14316
6167
5446
24897
26821
38092
16897
56899
87087
39393
98568
31426
24104
97525
23844
31045
77263
7257
86742
92602
75289
9180
6012
40944
7203
15243
99218
31911
12891
74097
42381
38862
3170
45518
14629
60164
51698
983
80844
27290
71928
92091
74106
83680
197
38672
75351
8476
5888
91917
66269
93926
66388
32050
61965
34112
10449
35953
98031
72800
17539
91617
4972
67203
39642
58134
97989
16619
98432
337
20364
11973
60669
13769
35358
41847
53951
46866
76516
76278
8172
40007
287
95314
35793
65775
19436
98394
33373
20874
11896
88128
441
57178
14410
39666
88938
73566
87905
41384
46418
97575
28611
85418
18123
59277
77218
9017
87452
13292
17493
85492
71478
13723
48349
15863
88934
3788
90468
60539
53476
85926
65181
98952
60082
25328
70023
22175
55994
2721
21257
73003
91065
69002
11482
14504
63183
87029
38275
39910
27283
67108
80144
48611
96070
49115
65013
97543
45712
34473
90802
79235
46779
47144
23390
41645
5554
84815
9206
57860
89432
21765
5495
9382
83048
97636
35861
99272
84717
89211
66678
19721
91915
75728
63184
94339
12223
75726
41899
5856
42450
83019
88879
47513
58568
15390
29206
43834
36307
48472
26374
5401
15521
98376
24622
56095
50191
54718
26389
13856
48577
92749
57483
18482
64144
2891
45659
83234
64224
60165
31426
95354
91003
25651
36949
94025
28838
19277
73136
4468
48501
18336
10050
67967
21156
47656
19936
92386
42693
87063
86878
3466
38500
53763
47025
17698
66294
44630
62552
8461
66660
15095
24707
79704
30884
29481
4424
35495
6113
2769
36122
74295
4972
38540
83574
9688
45127
13620
61351
75936
89060
8431
66269
45455
84160
94129
49895
50847
23695
85850
40469
54870
44976
24624
82513
58376
8475
43397
95422
14211
51836
52958
48079
79287
49825
22285
87857
72679
70723
72525
30070
95463
75867
40984
60083
26311
44165
83053
85337
36513
74324
79344
49231
74960
41016
11123
40450
3383
91265
35008
41147
48597
39816
35671
72500
54416
38492
36706
95174
90432
62551
98898
9508
53025
73920
5720
52214
74396
72635
54385
52391
98968
9367
44402
95914
9767
75869
73803
33455
96486
50471
67655
8817
9358
70131
6585
3258
12531
73072
73905
52690
50602
8561
76890
21703
63884
63775
99770
73452
70207
70213
20889
53412
87086
73380
82171
17666
27291
57618
44263
58266
55393
95694
2814
19487
53080
80188
16467
66117
56243
53589
82215
90199
31363
70920
7846
6185
48578
92090
94052
77421
61863
73242
83962
56953
27977
23051
91178
742
84133
97728
5942
60837
86782
78611
4855
33810
5127
24105
75552
27457
293
63403
21013
26911
95354
96962
8170
41731
86477
49946
96287
67480
3221
51182
39282
26611
42604
82159
87064
74786
93158
63978
33137
82881
79203
86946
21964
26993
88923
38114
55568
42476
32782
4342
42618
7995
14973
98897
70827
84991
89625
97637
45693
69950
15547
62135
17151
77114
12334
70451
61121
81789
74921
86955
62309
38341
19030
83156
34605
13845
61515
17570
82222
92142
58568
15611
72649
13371
36934
83941
1798
46186
86091
36062
63777
83588
5215
31909
55376
41668
64575
83534
60435
69174
12586
9380
55016
63735
14562
88609
68301
33810
22249
79864
9704
47295
51955
1627
31133
20187
25108
38730
98185
71657
89104
7763
36231
78478
30264
98202
86956
61830
1706
58818
38862
17186
68442
41167
74267
20891
13129
49619
10858
50750
99218
99071
47672
69088
63972
95590
65760
71451
14411
82065
85606
46780
46416
27921
94094
52615
4926
92706
40553
57225
11055
65433
34225
86235
80497
76125
40322
17725
98970
74525
73518
40896
56316
38911
15568
94959
3088
74786
58235
28087
10017
59409
62798
516
26436
19372
65517
673
92159
95693
25796
19860
22005
86125
36950
51401
50997
11398
23180
15456
70220
63513
94067
6187
22004
68730
61673
71956
24796
72115
86748
72220
5053
11896
684
83684
57048
37603
6201
94384
88088
87767
67582
87372
47027
99387
37470
81923
82536
93119
77128
95463
4214
82125
2777
92616
9270
76753
69615
3985
70621
86880
24903
84177
39147
63238
87404
19256
5011
83680
77271
49612
36704
34936
93290
37772
34886
69683
63988
67872
40816
82077
64422
7120
81994
25107
3955
91653
88733
45328
65080
44368
28078
87872
62927
1932
75937
93199
72918
94681
70449
32626
64044
41383
62024
5719
70224
15838
34457
84878
14166
34506
80725
11723
21774
47719
71105
7238
93008
55116
31365
64166
83024
35479
76967
52328
54818
42053
84992
37471
10461
61515
85256
5774
30029
93157
3639
95464
63775
6382
97638
39349
134
12765
38224
48058
97118
54753
18483
18809
21366
24089
30081
47730
7015
42785
75805
64782
71451
48144
82067
92583
39452
64166
49966
97542
27459
12767
60837
9880
36450
60985
54900
49587
41864
39279
79084
11894
50750
96465
30918
20728
11821
46598
684
25901
87252
34486
38401
19371
295
42089
9597
46011
97972
42088
66644
57715
9264
47749
35661
27022
72961
6890
33577
96395
19257
34833
54616
74056
88128
89670
86412
2877
82786
83048
57285
97048
38725
21339
40383
81974
28020
35968
56397
13000
40322
46398
75378
50472
85316
14440
54346
45135
39391
55413
48717
22948
12640
76560
86913
24648
76573
12838
58544
40468
73273
93457
9784
3942
95352
38758
97818
42691
57662
26983
93500
24647
1800
70323
5748
17686
91476
13744
79079
49050
55412
81634
7864
55892
14512
37097
36390
18446
50905
98108
38457
46544
30890
39820
22496
50147
86781
84214
84993
24437
20530
9179
39726
69543
73626
17507
53518
64143
33198
11679
68493
33953
67679
66779
31336
49230
67754
30069
65751
14792
16631
71929
8521
30776
17687
94535
17089
59063
86947
99640
73267
23308
24097
85866
25494
80788
54594
94563
58179
29199
24481
17912
56500
44975
89057
55947
83803
23354
3280
17767
17494
91539
43478
10915
7725
15729
58861
6125
87013
22896
75199
28440
94592
24091
57485
74526
63237
50573
30772
54360
17009
49523
5394
84956
19972
55248
26380
37822
30068
49706
42073
58723
28255
38725
36425
32939
90385
23550
54286
86945
55378
71025
16238
83941
94053
98033
20168
10796
23214
94741
72928
1062
74761
26375
12588
82146
77920
94853
88154
9654
49823
39123
17251
93571
54595
3294
65257
2480
16880
58438
42456
75173
81301
68429
38758
46589
24654
48971
34607
49968
42618
44180
92313
27439
80993
36948
77091
99133
23634
5889
753
80679
94605
89297
45832
66636
69782
98186
5077
35677
43907
60890
71018
61536
72571
92583
61385
42404
90087
2757
693
94001
3136
55521
42367
87731
8474
93763
41720
54245
96310
5496
86410
67245
13769
80015
84182
73161
57821
60238
3646
42234
21349
134
7121
96483
18366
23844
54683
51617
49324
84743
87857
86426
43799
6046
77805
89739
82614
79453
78196
91749
68630
96485
95190
88126
20046
60526
35171
20666
12535
8928
29207
47142
35955
9929
81019
2427
99485
75035
49586
42474
62483
79765
11403
48057
39454
28940
42401
36169
38653
81581
85798
14697
63437
28957
3215
54781
7925
97828
10719
45278
48146
53651
19753
95058
56719
79346
64044
79651
97990
60652
97541
91125
58367
81379
53660
40230
5344
73948
82156
1829
42054
63535
31713
35007
68652
69090
13640
70377
67004
98831
51893
76802
81635
29159
81475
20064
35471
92006
53240
85231
42071
68303
69782
94297
94089
61193
983
40116
68388
63310
43466
32758
27781
28267
92898
20557
54351
41668
23479
96021
49423
60553
41519
51967
99134
48530
95622
10049
23550
91042
35372
96484
374
96487
93050
50551
78920
58181
66817
69284
92477
14274
15522
76754
3119
3262
60671
55247
39418
45612
79166
44250
38458
95588
73688
26389
57050
92090
93443
9112
6013
57228
75954
86776
15406
65604
24709
75280
89058
19199
48020
13810
42998
21736
98060
60214
8198
48827
51839
61777
22249
98099
31334
46104
53621
30650
19753
46117
94121
41718
44006
98615
81474
22056
46397
50237
13432
2514
84462
34937
91003
80992
97119
36556
94278
17375
17853
60193
92950
35465
20771
10391
19486
33830
6012
78404
38092
83690
82475
9273
3136
81069
72459
97362
60538
42997
65079
6749
91159
29152
84445
61865
56316
36978
38670
24189
22957
57057
47934
60665
73177
77618
28499
78142
34852
9611
79185
86242
6322
56689
17767
36389
21964
3337
55196
83201
98174
20936
53867
31425
14876
93724
89459
7764
40092
29264
60839
38863
63326
26709
61110
72679
76227
93686
5705
48187
5942
57675
31927
37099
39392
36976
84712
41916
97450
39516
13000
72336
51315
60457
91192
6012
35761
38488
73421
95623
80289
94604
72523
44838
94606
77218
61964
92948
5750
91779
75552
46392
82589
33401
20703
61162
92043
92900
56094
69585
63134
53915
68468
66661
98375
75602
80679
87857
24987
68743
17229
60156
22003
14228
26637
7724
96782
98434
50075
78957
27284
30081
60155
45007
25545
98100
515
49422
13808
45612
81579
63027
89977
60527
90935
60241
5758
25901
63026
66626
71543
30059
56547
72831
64849
44682
94436
19170
57975
84958
94193
86747
56316
98584
3987
77116
68166
92416
58413
76559
15235
5247
94386
1830
23693
5216
39507
21256
59374
39856
94592
25798
38576
53595
41611
57977
16518
8129
6065
3390
9689
54951
84795
39325
91124
84815
50766
93052
47293
20960
27459
77294
65015
76238
15611
5700
45485
997
34814
63696
30367
54754
514
29230
79703
35663
40323
23550
76682
98175
24707
11334
71565
70878
39507
52165
73161
66938
93504
29154
32856
93526
48058
9703
91159
33931
14410
63033
92074
10359
87251
34523
5009
34487
31245
18498
54361
44364
51137
36645
36982
81172
73274
15902
34507
39423
77490
46083
32310
52841
74550
75174
96598
10939
55086
83684
58291
44261
32890
95354
51902
1051
19348
67038
75954
62339
20558
1967
82634
62137
87901
59898
77558
45691
16995
13291
50584
47996
17161
93608
57229
19970
14315
66576
82837
41006
51621
44289
38620
36389
52368
2814
42823
7532
61673
38760
691
44304
5738
84494
5793
15458
92708
29517
97844
23896
17854
63035
48417
38575
23696
75860
34356
5400
1247
74697
68173
71538
84993
76369
26255
99369
72700
14148
6320
18495
35178
71539
46568
76613
20872
27156
73625
92358
80390
93082
76046
83868
22003
11691
28972
12710
277
82224
95590
80724
55986
81041
55104
83557
97034
19719
50198
46865
15612
41006
49455
73595
98202
17665
18094
99329
61110
73686
69256
26255
79771
92274
65264
57820
6064
10916
53862
78439
79453
26884
33379
78520
6624
36893
38457
67117
45287
83971
49454
90218
14578
73967
56968
74699
26386
14211
35133
64751
50965
46569
33381
6151
35759
41145
37804
53520
52660
27437
70511
73423
98059
40232
26610
10199
75754
96022
11872
38663
45329
51357
24717
7646
54939
50588
60405
8839
3909
20874
98109
67936
81837
66938
72678
30143
27557
38601
65181
99830
13782
81365
33929
88766
55631
33995
27282
64393
32628
24374
66939
41866
98974
18184
44932
68468
7924
86558
9596
62640
80725
35621
6198
9556
94556
9
55639
30068
72972
84713
67108
65603
94125
51622
2499
6891
25351
70025
83691
32810
99217
6124
34887
59627
92572
40897
36176
68491
46778
32809
27056
77218
73183
44376
86782
10206
10370
72647
8852
36232
29517
34224
87782
58863
54344
16419
40091
81311
62541
38593
88349
56094
35054
48418
63884
93726
3941
92142
53860
8738
69022
66744
48485
88653
29483
64167
72340
40558
16763
96466
36424
91215
62308
68479
43398
45008
46692
86171
6121
63777
35122
92953
23227
33443
45610
60525
17396
73813
62928
78800
89280
79819
52911
29153
54683
5982
82223
98430
91065
92312
17508
85783
11578
73352
57977
26899
2251
79819
99721
8431
57283
58494
33931
41604
97846
95670
20233
30294
16290
835
51056
49673
75860
46473
24809
13436
67117
99775
63915
12836
45446
7382
2850
48970
26256
49673
37471
76533
21416
71008
7443
95576
33557
71137
87885
19341
78644
95779
51637
36233
79772
42950
58436
14605
88767
86879
48784
42263
54244
36449
16761
69190
85511
67218
77066
16599
46245
41720
45693
40556
82831
25833
63828
71589
25521
56327
2898
74056
24247
82841
99635
60914
58376
49674
55088
58817
25438
99012
38410
24899
39726
72004
91737
7693
76277
28203
6464
49947
3262
1391
5854
13618
7749
43491
12632
58323
53820
67359
14790
43749
40152
22596
24437
45261
83177
96311
86126
41612
83232
77271
65434
53091
69134
20817
98640
52191
76176
56741
92602
61573
42531
86410
40202
72959
92274
72125
37515
9101
4855
4114
9848
66876
39641
91178
79773
7912
67677
51547
6418
64305
67519
66660
70844
4974
14379
44931
68097
2952
82787
34836
1220
5706
74396
43399
19299
26910
43197
66905
42948
90431
36883
10360
11402
8667
86742
16581
5795
57108
43209
10875
4019
78644
42283
5863
6462
28615
69001
58976
40816
9869
61393
14181
35968
5123
97820
45692
21417
20065
2343
74679
73744
14820
15419
21589
21968
73423
56607
26572
43281
73273
32319
29780
60994
37010
3704
93917
72125
68443
76745
32334
47965
97884
6768
1063
5775
91743
85370
45825
18336
57677
96783
53414
88101
57516
84957
60001
743
25266
66543
87879
5106
91348
52067
23354
20402
66636
81068
85256
12391
19435
83050
18364
77558
16763
30866
42786
44523
6732
36603
10838
68936
87711
49610
66119
67993
57773
42849
98186
82786
37124
5041
66948
67117
38274
18421
14688
65179
65142
82537
11482
57820
49922
88744
35495
37603
82934
22904
18568
81579
94641
43541
5495
11039
10067
13526
41876
4769
21104
28203
21103
14870
50602
57230
95423
56784
96289
29444
64165
82098
62707
9415
46861
15419
2328
19972
47966
9265
52296
48945
72832
70025
97971
23068
76375
74616
66268
9380
70037
70842
99504
134
19855
4078
32383
58175
14436
2703
58587
31426
88322
52662
68730
86902
42108
62923
15566
9868
23846
47828
24988
35769
67004
67283
83025
70205
36704
9596
30015
66948
19937
20605
16601
51710
31388
76278
17948
11579
47654
66063
95576
89317
45691
17921
69189
66138
66483
77795
2563
77914
64666
44679
41711
33751
80299
70478
76278
26574
47719
78910
11111
37823
22576
8100
72087
29481
84965
52390
98566
57178
35988
46692
59805
3908
33443
99775
39461
60837
25513
14409
88349
35480
58588
95778
73627
12944
39418
39642
20937
82787
97353
22948
16906
73201
78437
94528
84260
64738
23307
66261
5001
75028
11807
50193
59879
64640
71340
13844
13598
83870
2775
28006
31693
74657
72875
93520
14436
13744
2896
95955
83498
95865
56224
26654
45497
21896
15457
82107
70500
23794
88380
73176
41710
35350
55975
51839
34857
67934
27458
39124
83234
10799
2514
39709
32366
91489
29781
84314
39955
21756
199
19862
2892
80430
14875
2263
24931
55184
5045
71340
55114
99335
52193
66952
71990
73224
55579
674
43325
14925
77633
31303
73803
12336
76357
84714
57546
61716
86333
49404
44167
90433
68675
86880
7257
47994
27055
88692
59361
21774
79821
28497
24655
77066
5749
85773
79205
64025
18484
1849
66270
5394
93350
31018
21879
83669
77128
25523
67908
46598
25562
24702
64648
80391
81580
78061
40326
10464
76359
6767
96293
2785
97250
26412
18811
14699
17819
27205
59870
76371
7443
67969
44013
73348
52559
61263
94118
47871
71866
58234
3282
20745
57737
39453
75033
29263
13879
64630
57016
88370
2893
36425
8930
99358
88895
70322
44245
54220
93080
41276
44085
57544
19029
82219
15549
56481
51969
49309
63636
72525
81102
17024
7937
1126
75998
73663
59275
10217
91297
79086
76965
85319
15315
43986
84858
23692
61634
62561
4989
86193
87062
82013
6048
58216
6747
9208
71022
55362
33086
37401
68068
85774
89318
84194
94128
38458
38224
10794
53054
2341
74194
93505
31545
94233
24438
30883
94796
5078
92358
2353
64648
4690
2342
45843
73803
27045
1733
28266
70512
19990
67285
73001
43492
53862
33082
20400
35106
24794
70880
80016
85877
82655
52191
5776
17761
7764
66642
59064
65349
63697
98973
84489
86470
79452
98951
16943
49123
45128
88379
73652
18786
69135
32350
23534
64133
7588
71008
11112
76780
13261
97965
26879
21589
4113
2117
89184
97791
21413
8330
99794
961
61632
60573
92313
2264
40843
53917
64583
67829
52839
37123
89231
55117
6732
84167
17915
79874
46977
36060
835
34738
83062
39135
4051
27438
91075
8332
31410
15170
63758
30294
28903
1704
91619
86426
97049
15391
38313
40989
9611
35077
81891
26384
12945
88158
95262
84815
53651
66506
11336
18515
897
58134
40993
76228
41693
95174
17289
46760
39148
56870
32268
30883
50403
15328
60514
75806
10459
5831
91348
97125
56929
46119
3115
81898
54345
56242
88421
58809
80146
65483
81473
99369
93458
91538
22660
44053
67957
13373
53540
3356
2425
60978
39625
38028
18214
90708
55088
77529
92259
54290
84168
15393
28021
85797
30184
95199
86996
48828
6497
63636
22660
72701
45930
78910
65350
27780
48803
53723
12328
35623
15314
97846
64958
47747
42787
90000
57492
48838
88605
41710
98105
43776
40201
87272
37513
60141
93072
31419
22283
38492
88588
26310
44181
8484
40217
15521
41258
14605
38134
29157
16942
38493
55381
83177
25316
18201
51152
40154
81311
8682
25833
55377
97452
68773
27158
4214
55360
3214
41710
57620
73894
47947
31546
97990
66504
98310
70477
80355
57985
23440
35138
79106
40444
99385
36558
49453
17688
59241
62868
14518
81167
63120
65323
90746
28077
88127
97240
51107
15417
63908
44008
94125
4115
2264
92007
18157
96935
85314
88369
26254
65790
61535
32891
14065
16335
31419
15919
11348
34718
92617
91539
26574
35345
93001
98617
33455
1624
98905
4528
88881
67625
27177
98778
95779
5705
6578
85316
72457
33401
88319
78890
22758
46601
80703
297
86552
20064
44368
7533
42461
61551
86229
57605
80015
7993
51316
73199
3504
7384
14207
25483
10207
88086
94338
86091
86920
92313
36865
5108
64784
69452
65328
61898
52185
14519
1626
53090
85771
1494
28516
68308
94233
35473
21757
94198
45630
24989
967
29143
59963
39146
77805
17278
55103
9833
84366
3339
15725
60748
45830
80145
60859
74598
34507
9831
35860
54561
28563
88378
32576
29329
50148
10447
21756
20009
63352
57569
59891
59361
32514
674
31017
74195
51892
28006
29308
43827
21964
47394
45457
42112
65223
48244
13639
71928
80497
57570
73070
41859
69445
35288
44084
18179
54352
89105
1933
21368
39124
54057
17609
31482
31486
16102
80428
27175
39624
82841
68589
751
68429
79667
17509
2448
61706
4622
2562
6404
11081
6031
14291
43274
84480
34834
39285
5222
92514
17377
58723
16878
34738
79330
72388
9609
88893
54438
54476
51653
27912
26146
86403
58999
76754
55186
14099
3639
1389
56931
32384
45262
28253
95692
43786
13836
42670
81103
20186
30071
7384
28565
2050
52233
59889
41877
20342
57620
46244
39623
25906
59185
38492
1497
26041
67957
47231
86783
26436
87858
45127
61393
87877
18810
21793
30367
7788
97574
78198
82706
24033
29281
71565
61552
94462
3905
17184
71990
55892
21880
46224
48642
42849
29331
6572
72701
30889
6065
72457
136
48520
77633
24105
11756
98411
88275
85168
34362
13062
69963
70323
24698
38447
17352
52183
6405
3468
36169
71407
44403
44682
95994
30023
36458
84366
8157
96530
13209
82784
9703
88610
95577
34113
9173
23532
20665
90383
73003
86135
44686
50966
31257
95974
88322
97832
8339
70920
73225
31691
5003
79205
93561
50238
60010
19236
26821
97450
35826
89768
68586
62676
3115
70498
2454
34975
19726
20045
91086
27251
5043
7343
35123
37668
59870
4870
56515
4995
34304
42113
74229
94461
18523
13524
67256
17443
4020
71684
86245
21146
76515
84176
63695
11384
41561
74775
28525
88937
4855
76755
14130
14585
59657
48487
70947
64304
70961
59330
21896
76681
11678
46598
48836
82693
66870
92603
7382
21702
19198
9880
75869
98308
73136
21702
56399
19238
25492
32308
72801
10295
92008
57977
39164
30889
17057
9609
98638
72334
17678
40540
81365
88937
21415
2117
17817
90917
29699
13877
6167
89366
1754
47949
64417
36113
1799
58321
45951
17352
94068
74107
3274
64000
50686
15163
40555
58478
67467
84796
75469
25438
94554
24098
61264
45657
4216
30144
47065
72680
36233
9072
65464
94552
13779
78722
46601
65125
65328
45292
89672
74677
86240
14064
48521
39473
61706
42450
16600
13113
96129
91505
89280
80723
97303
31247
14348
88880
56326
91252
35523
16879
51089
59783
78604
73686
51296
74322
34887
68427
84444
11311
93573
45746
5041
90200
92445
62768
26884
19673
70220
22494
65274
54819
82147
30368
94593
85053
95668
15738
47803
39327
51616
97240
35894
6121
78610
68185
96863
426
79289
83055
53130
36979
21417
23043
18227
46104
46372
1128
60769
6128
15549
26387
53862
81573
42731
89437
82211
13724
78909
20008
88516
39509
25264
91991
16619
87406
80339
9561
40091
61283
91653
60838
12457
56316
6121
96983
29206
95316
83535
76918
97118
93503
52370
24796
7259
98436
44683
1934
58743
6956
62328
86464
30651
16353
67305
69017
10917
69928
86994
16101
67357
34112
62481
15739
50905
85742
59869
97364
34254
65552
71565
87710
82475
76456
51203
63026
10703
76048
97855
41150
96220
52216
73343
47579
92143
6580
9513
42108
83939
64142
64286
83681
77884
17760
58974
83816
6889
73595
82418
44246
53150
39267
93685
62768
82146
44687
23817
84286
30935
3755
99385
14821
65255
35761
1756
63203
45657
29800
80701
98667
67847
68293
25057
92149
4385
15265
9113
13641
86783
51204
54195
68937
91489
13524
54304
72973
91217
88368
57676
35663
15327
55412
48416
51895
28020
28030
72875
44363
94441
48577
3637
18483
51113
38725
60747
13170
48324
94091
30296
51416
99360
61330
18996
57388
65671
54219
16619
66578
7879
99335
72972
45949
41606
58216
67829
67107
47512
86765
45632
2500
35785
15208
18483
218
74964
87877
86589
68306
20907
72445
9103
10370
10989
40154
27615
24809
12566
75868
80014
2447
60243
28338
92955
86907
6492
3295
65180
82509
17162
94126
88481
80289
58431
52559
70723
74235
57758
17776
84260
86904
93082
99506
19169
17762
83053
41719
29971
10987
53428
57108
79821
54292
33741
66388
17394
14948
93925
45830
35761
94068
76990
33156
75757
29451
40118
7314
27912
9271
44679
23761
41397
54310
19583
65519
39106
77530
89210
63535
12031
22775
23391
97124
1050
28089
17161
63173
7034
67624
25771
95233
11809
6416
66870
61330
31910
30023
9743
98617
49924
53813
46590
46488
94067
69434
37770
74418
8613
97338
55662
38542
39326
68068
95515
98412
92478
92402
46861
18201
67480
66064
79772
43987
62678
70622
2722
82475
17023
67038
31360
13845
73453
55660
89286
13259
32938
94894
49309
95699
6527
31400
79875
49067
4129
7085
31804
77431
55975
49896
89209
53240
87251
64039
46598
81923
46277
48348
75030
30253
19235
15093
37214
65222
31162
79765
60860
26610
6012
36543
31973
63311
12945
76682
36115
76293
25109
66832
34936
95234
73664
36231
27667
63510
75773
82009
79465
74956
79166
19332
45929
74234
43717
70878
51269
26834
69969
48801
60157
24376
29276
82224
99261
84763
3274
53394
34225
86297
63437
82077
75478
79078
40093
31786
60239
43740
17679
60458
72523
43513
14132
6167
12663
61897
65590
67616
40541
39062
47666
2876
80281
73895
92953
45334
29107
6671
64394
57759
24059
81634
57435
69971
63973
2048
16180
36706
20769
68745
99485
17055
91130
79583
60746
76332
84802
15957
36865
78722
71104
70828
62560
34507
43512
45271
63510
4466
10465
10402
78936
67305
92076
37753
82079
61831
3215
55394
88743
3384
95308
30764
2731
64638
87105
38211
57386
17697
36523
49688
73183
10184
47804
29154
93685
59150
52328
86542
59584
34974
70294
65262
73267
50834
10547
1492
78775
53594
27289
67583
53952
71999
94537
1754
53761
87870
73767
60768
52342
8612
36594
58471
60890
2115
14790
63393
76332
87405
9186
45623
70438
19961
33530
79235
55519
5889
42823
21548
5758
67283
17817
90272
58745
52691
54342
32368
52691
32267
29264
59784
23679
10401
81166
6622
20836
49246
55414
76781
17688
52041
34360
9848
16943
98060
71340
43276
42055
31902
63803
36450
9337
58437
17727
99485
91750
26635
12567
76575
88936
17570
14211
68110
69684
3088
28613
78773
58411
72974
75352
7180
57736
92258
11113
52967
50905
64669
41383
17288
11037
31948
9935
41331
76097
45824
17787
69161
16907
93459
67968
31399
53707
76294
51637
81067
67616
30107
83541
80495
70226
96465
62284
57802
2066
81153
67220
89297
58155
86775
50401
67654
57975
98952
31161
35792
41277
24705
3169
49837
63953
39417
52617
59242
44245
91063
81639
4691
76989
30108
64738
43254
43512
51843
47674
5506
57225
40170
65225
29656
89969
84858
4467
31836
15901
55570
40557
64071
32191
67910
88506
51792
26386
12566
108
77593
47599
28972
35769
82127
31304
48519
63886
55893
44306
15209
17875
52248
71339
33461
9832
81500
78679
2885
29208
61989
40499
35356
38732
84763
69784
21011
82896
41711
27914
97590
85784
24715
83156
58397
87029
68068
77595
1035
76333
35313
77090
54193
64667
94681
43834
78998
7301
48077
5344
83940
15575
24031
54560
30153
69342
50571
34928
67750
40991
73343
24616
52246
48952
31836
47817
84133
66093
49954
81995
99777
69584
24904
38490
43742
984
61888
17152
837
79453
73264
33058
30711
90435
47816
8463
84446
42529
85548
3286
42282
46545
31596
46246
52068
92955
96310
41395
735
61263
15837
5504
92573
42235
28613
91505
2454
35139
8012
37812
9548
6957
36274
63426
58975
66872
23043
58426
14210
36468
61006
35315
8689
5042
47254
45178
73435
52617
95974
91295
21589
93501
42137
95198
31949
64038
19371
59359
12943
61193
62314
88019
26884
79077
88021
13433
83857
76482
60618
41878
95697
45271
73536
89643
45949
40612
29799
70945
77935
62869
25687
69002
88154
26236
81812
6168
81155
68099
15654
61865
63951
29242
76467
29658
59286
85007
33057
37805
82067
70960
56606
52709
92943
63424
78800
25855
74189
33699
78832
55680
21404
13336
20530
53860
24931
18366
61515
30389
8667
41257
47599
51461
74759
41497
21145
26310
45292
98107
29309
23647
73268
25522
48487
63325
58148
60890
3637
51900
91042
37805
30884
14317
58306
57435
74729
69662
79260
13127
63077
80390
17912
89364
75754
41876
81127
34738
86995
41476
72524
31895
99483
50600
59652
76466
55641
71537
28183
81021
33698
30263
85007
62389
12570
77971
62258
30017
35990
77933
43490
62847
55563
40385
85970
60239
86903
30770
63999
58495
11808
17249
64959
52207
60990
45951
6965
89366
75268
3384
29511
21766
66541
98432
36643
49406
79464
92339
28832
6013
8141
91618
38973
46506
56869
12328
66642
63971
17818
83684
7344
30083
38488
95094
35768
84169
99262
88773
38641
79330
80391
63217
8485
31388
62308
31552
2723
21557
69341
78044
53089
27156
25771
12455
75279
97541
93373
51891
84194
16467
17010
73625
52174
1033
98330
11401
72926
23759
93206
19974
91347
15864
94198
1704
34356
25351
22056
58366
60437
13062
32190
12788
37182
60627
17697
56318
41866
7238
84435
37010
95972
82587
23051
81312
40322
45136
75477
81362
48347
86296
23828
30711
42731
25055
29308
7313
78479
36893
65779
46277
61193
5681
13002
97970
40988
85047
63216
30369
38033
97726
49917
21347
89318
17766
34036
18494
72501
27100
88789
89975
24840
46545
15458
3134
94090
69017
7844
44767
90435
86296
42939
91290
16906
59374
68387
20743
10200
74901
79337
51139
39436
6463
16326
17538
79336
84716
3121
85743
82126
64051
10014
95005
66482
39286
22068
18157
40945
86516
35134
18215
38457
62604
58148
32191
93753
27681
94798
33298
33186
58154
58217
26991
14312
66486
47393
79167
59891
8681
57057
42108
58576
19236
66453
5720
80994
42457
17538
86452
56899
19525
34727
22696
73353
61284
29348
17921
75122
14065
35988
92949
95623
60464
53532
61575
96823
53540
51623
85154
12391
22594
30709
67478
76781
99485
11123
71657
67244
69161
13743
58861
59806
42618
97340
81041
14150
2327
15095
53650
50401
2703
64165
71021
68654
48245
13208
49919
53915
32757
27664
79078
56183
75836
54474
76375
56241
9596
797
43985
26384
42029
83612
84288
24710
4949
68238
72090
91568
45410
17767
20344
29116
5216
73803
77433
59659
27222
82513
98410
7384
72839
77592
97793
51697
40324
2883
21415
88880
23680
47514
5445
42126
92943
69586
68772
59807
78479
50286
78574
6112
74193
9171
12788
31912
27676
20187
42729
85796
57713
40841
78775
1706
47525
682
54476
52039
98175
82077
38032
99620
76370
48473
6321
22260
72524
28883
62407
84364
83586
3285
55113
36982
37024
17915
89298
28184
12802
50604
58567
5107
49307
28332
36521
78437
59657
80994
22003
86331
15242
54754
35675
33057
12031
89280
64143
74016
55641
14470
49230
71408
40990
21774
98374
88604
24376
53621
53827
9928
89439
61006
93201
19674
94741
16032
9270
70220
70767
88690
55360
90384
87355
57774
40992
14313
31776
46693
73240
49825
67519
92708
42693
14819
72636
17251
9037
1969
42462
9854
6673
31273
86855
43803
80530
47066
30265
21225
98200
898
42460
98330
63955
30883
7442
93349
71866
29737
48187
24807
6035
15418
57516
68166
90719
28617
37024
35053
44376
94855
48801
73345
45495
24717
38863
33187
63572
78196
73686
20728
36817
36815
99253
84161
26607
7750
49690
16434
15567
34812
81575
45708
41845
14927
94639
84802
43467
7313
62954
27662
44402
50284
95955
72080
47803
72080
47512
16476
88654
46666
83858
98103
4268
8665
69941
69433
2253
8198
16355
72560
51245
46668
87353
20817
60540
29969
73665
13150
99721
9878
49525
94959
10208
12836
71864
52841
49781
58810
45294
21173
45262
57738
37880
36645
84358
73493
63952
5127
89217
51115
20936
32939
9595
61551
46676
70879
9751
97833
91505
54440
92955
35433
99602
17272
44765
21702
12803
92743
83905
69434
90504
24372
93372
40203
79653
67653
86000
35493
82431
57664
32050
28939
39471
25907
36456
49391
33969
61285
97323
63436
86909
63512
7121
98975
91385
22971
10200
9103
70159
81662
89281
9745
76682
97834
38890
96310
95263
8834
30024
47283
7260
81637
73743
47331
46244
42681
57332
21917
48530
61516
38421
45885
35170
91130
54439
45242
74056
31900
71545
3786
47526
48021
19974
34259
36061
14579
52571
5442
80188
33326
54871
86247
9853
43253
94054
14182
99776
14440
6708
68355
5053
38097
13002
60953
4128
8850
11309
20890
86584
3703
21105
89222
56705
37832
38727
16551
51655
2605
33489
89366
15004
21154
23406
40444
56238
89319
79147
65792
24099
63182
49612
63042
47729
66312
12128
72457
99069
36307
31163
73751
91617
99329
26380
99770
50192
51843
27914
65552
47936
31304
14097
76376
6046
4995
29143
64075
65255
67005
77948
92751
61349
35730
10369
15739
35373
74935
7788
80015
3877
41565
4322
34850
44767
597
49609
7315
34001
76917
14316
49124
17767
2952
28885
61385
89668
34505
50551
9035
35075
40371
19536
77089
31135
98781
7015
63535
98975
41540
10857
76782
72928
22628
36457
744
45803
22003
13149
73896
34997
28087
29445
3880
73224
9595
64783
72927
59977
1775
73751
29153
966
42618
44631
69962
50572
96222
39309
77633
11104
57772
30152
55993
21775
83667
20828
30888
32626
35799
84801
57490
42136
63827
92687
50604
44364
85875
22241
41898
10368
98376
15104
23878
56689
9405
57435
46490
77529
53129
84944
3356
13526
41165
83985
8486
99845
91538
3955
68677
74953
85420
51317
19721
42904
10704
6709
99263
96467
67307
73454
67306
9015
78888
36469
52343
39417
74511
53827
98098
49923
88098
44552
20891
50196
21966
53750
55457
21932
10393
53026
67955
19972
63403
12711
17057
50765
64039
55361
96863
19991
18337
19854
8339
52009
41005
78140
47776
17572
68630
36513
18811
81924
50836
69928
48230
27044
20936
60051
29067
31358
37899
33211
88132
89673
29275
36782
36390
12222
92581
96080
62976
7789
62483
95807
19654
71407
48678
5889
30610
92745
50765
62286
66551
87781
67110
12586
45658
73176
96962
71659
46476
58149
50582
27222
3905
53393
60486
65106
59878
6197
28963
66651
28527
55115
6493
13634
34871
85338
53827
76466
30028
2427
19170
56742
89827
33212
61675
23044
81443
89286
69613
99274
47967
22296
44994
45180
81791
88480
62409
25353
66650
93008
5506
19347
47253
17727
11125
38642
31552
40170
60770
12095
73517
23416
94739
40009
22920
41613
58589
58495
61678
84437
72089
6493
20908
88421
57056
91295
19862
82880
92348
82159
53861
56364
31411
59288
89288
60574
38494
14905
46278
7085
17160
94562
21012
65105
73346
70878
83972
65078
82209
28563
15503
4086
93204
70025
34936
88587
60456
65226
90262
62800
34488
79145
40539
30473
38974
60487
8611
68301
83489
76124
22919
73147
42401
92090
19278
77845
38311
19012
82098
71988
13879
77460
79765
52913
7762
61887
59065
72125
24904
83817
22695
71407
93522
41152
24330
94961
96261
7182
58577
3420
19255
50214
97823
33084
69173
75773
54243
18523
62977
22702
84446
72680
38410
31712
99837
39286
49323
50122
20251
4384
16897
83542
82013
40446
88589
92313
66752
82535
43163
61034
93724
72127
80300
97527
92341
86470
8340
97728
94125
19675
78546
37309
26374
1629
18902
94476
36149
45691
85258
58568
54940
24675
79288
58973
30390
50752
74952
35495
90432
60987
28472
35894
37667
63581
7881
10182
21337
71956
33775
86453
516
68629
44632
48245
95155
24370
72672
21758
14207
18569
28204
88965
41199
91044
64576
49704
63401
38028
77127
6498
7862
21795
91735
85774
134
94276
96892
11975
84715
60243
61776
33401
3881
69822
17056
18746
41565
33809
88093
79084
79874
63286
39267
89215
68238
55806
22241
73749
28019
56259
28973
66262
35176
91001
41733
50750
94452
84794
46488
52004
31335
89220
65274
45262
46202
20249
55887
27459
92579
57058
7595
32628
75362
21969
4691
7789
51909
16466
98669
74617
45516
74244
47729
516
94439
64135
30028
9368
26820
68744
3680
50572
99251
22242
29108
86428
39269
86235
53595
57058
46393
89056
36473
30610
95778
33751
46588
58811
85491
71025
77421
98781
53130
24480
3369
20234
21757
7034
26635
19992
8738
20126
63986
76295
54342
35172
4033
30157
93201
28938
96939
21243
61634
99505
31364
59950
48500
87954
9852
48641
67306
17302
86946
6029
17739
4018
41860
99637
63027
18788
36215
60552
93192
41699
18744
69949
45929
80497
15577
46872
55394
66436
74294
38574
20612
77597
5887
76800
53461
837
56048
45330
43835
78854
59186
86777
3957
35799
94536
38411
56721
47464
35665
56742
34360
11483
67118
59879
97820
38331
65263
38097
56930
10798
42087
15467
56223
30883
32752
77591
67203
68307
34859
23053
32754
87404
40843
36276
47887
35729
92275
75997
14560
46771
39540
91290
71544
23352
33059
86922
7130
40554
50121
95375
63075
42530
57509
73665
8170
34740
86550
53952
27936
51746
52246
56310
47293
76757
52341
18903
59407
86402
31134
76175
86469
65324
22709
75603
3648
70844
35660
39816
46598
11082
36863
98777
51315
65434
52040
4333
89103
99251
41845
22522
41166
93726
60143
7258
24705
73536
69174
52960
22710
10859
58977
35660
95864
53825
60516
99336
63564
63217
13378
982
28340
6123
39643
45241
63954
3339
64750
57333
27676
32843
29401
12529
6492
62136
32855
78385
24826
3868
45263
17875
57049
42136
96432
93070
21403
2049
5052
64647
52208
53073
16583
29276
27743
60666
14505
296
56466
83972
3973
31900
90198
89739
76988
86193
4870
68743
13120
56517
16178
70375
33947
23761
53393
72793
25481
41865
52005
109
3639
40326
74322
14851
18200
25314
85850
39957
16102
16103
93125
2814
30185
35521
62389
63472
44522
87856
93003
73516
98200
39108
24188
38913
16102
57772
77293
77882
37751
22596
17088
46391
3867
77144
78521
71730
53089
47283
51696
9416
25798
66616
84213
66293
96863
23635
99369
41004
92686
99577
52913
59806
66679
86571
48520
38664
76331
14881
32890
95310
84493
17378
94235
8485
26637
96288
24622
66292
3407
91737
59878
3903
32845
77920
46246
12134
44083
7016
58430
53863
98187
71456
5043
12536
36602
57344
43787
5554
91652
44179
997
72636
58430
47600
3504
4674
98551
32366
82211
12335
99331
85008
91711
51269
34851
34000
57484
99843
43211
55334
9101
74526
37667
80681
98959
88200
46082
89554
30388
8613
38212
31335
45330
92275
96822
30594
48951
76248
71099
9070
64419
60546
4527
21582
62338
15389
27534
73564
92469
63910
82801
60888
77595
42605
14927
93191
62223
20234
19728
14377
49953
8929
41007
14130
10084
10858
21411
12100
8247
16179
32939
12537
78574
69343
93610
94126
44181
25669
25631
89060
38098
70182
32368
85772
63474
23179
48609
7443
85320
81605
87881
63771
86137
27780
99845
24295
17760
86332
13845
9725
26309
16601
79763
3875
61362
48715
94296
38684
44289
2723
74544
21155
19751
65482
81125
87877
63033
38664
12130
31786
71452
35480
62638
3337
21878
10208
87455
6496
87902
35966
63759
97098
79820
86777
37309
33457
79009
86465
53811
34355
60746
26912
92186
52296
77458
53860
95514
64053
68187
45275
93499
54353
4922
55414
23067
60404
76177
74820
73593
87879
29230
42406
68357
23439
34459
5854
55985
74510
5862
43274
31531
55215
71457
16445
35759
58577
10839
4443
5831
40641
56268
18121
68730
19719
65181
89740
85414
52621
7911
61989
76454
73138
91295
1732
16444
26380
92360
13778
5011
20816
69029
13259
74962
64304
12992
18159
13725
67255
16355
96080
83804
49837
81579
29207
26039
36543
65224
26542
80289
22070
52215
10206
74420
48416
16292
32759
69927
55377
86920
39134
49086
87312
51861
30265
70724
90934
29069
3280
17025
72388
6462
46864
36706
79415
42455
91568
5776
46250
20872
85232
48426
43165
77294
29144
64763
46471
39821
70042
97588
46691
19752
80701
64629
76535
98174
83061
43209
3087
5719
6158
76533
33102
67622
97301
22576
62259
45518
96477
71999
37106
93125
79235
85773
93871
17587
21256
3371
72125
24329
77634
9752
14512
56785
53521
89658
4970
32784
22704
34832
29197
10400
74420
1719
9687
81352
4620
75293
25629
5940
81580
27615
16879
77458
15503
47535
36983
20891
69444
69542
72575
22298
88317
41016
46761
55247
23231
88132
81607
48146
26491
83499
31594
94589
66611
93444
13781
9512
42234
89672
1499
54952
48316
9750
56688
61193
95994
81839
61122
64750
27557
85927
62539
59653
62408
18227
73422
15004
64533
47252
62343
84815
65221
77804
89825
89437
29082
46759
14205
36464
41720
26835
9178
36511
20400
28185
32575
82213
68308
77986
5127
43254
15576
48326
14164
52969
34175
43130
294
36150
30884
67753
35107
86957
64762
3339
58722
88096
16630
63041
27203
60049
58473
94006
51790
77592
94943
5506
37772
24684
54308
33993
27923
77114
9357
97238
74922
68302
64422
15900
61832
76276
7597
95233
41709
64738
17008
41147
36583
29450
14877
7051
12943
94529
33185
58543
8841
85770
29782
24707
43253
93156
94124
35621
8172
85336
47158
1717
31386
13438
1220
10199
56784
60149
43129
77973
35348
33275
24932
45179
83985
20125
3985
30866
79000
76702
48598
86853
44249
62345
52960
47598
11756
72462
73410
59063
63327
94235
76468
78830
25437
56899
81441
37550
70160
99601
89286
39912
28470
53723
28265
41561
47947
80842
10048
69028
71829
45845
31044
7303
23226
5861
77255
53517
54595
71286
86242
17055
54219
63310
77115
65221
56398
55117
85705
67284
59286
30109
37605
74935
14573
15727
5983
82653
31911
17911
99133
52369
10392
74935
99620
27253
5748
67957
54415
27021
80279
5740
48243
18229
41860
88587
26882
53863
21146
40322
80042
84487
66831
88155
78198
71016
36473
52165
6964
87354
78547
79078
42671
50884
52912
31103
49675
66746
39819
83218
10720
91043
65272
27055
22069
37866
75201
41014
3904
87711
16102
34873
87406
85682
67870
50620
87954
16355
3388
52690
82211
55161
11872
29083
21405
56243
94640
17351
84817
66744
31836
62539
93348
47577
11483
58427
50907
39310
85180
17587
23404
93505
78198
24375
81360
8667
80754
33739
3280
5346
4692
34018
82935
38399
72793
96221
72444
58136
7
95778
82788
85773
9559
50403
77420
42087
93873
53239
92350
86463
4987
86878
60457
63402
35106
82099
27745
17913
69776
56689
78059
21366
71480
89741
67243
71997
63581
94476
75293
6127
82589
21735
25561
18122
3876
36340
82613
78999
65125
69022
23389
23815
84859
61285
17739
64628
69684
64422
90505
4988
56688
5830
96892
96003
95698
18498
96479
67201
59810
14293
77373
92375
46546
63913
40897
56050
92185
53735
39287
7764
35467
21144
67749
71565
18186
51316
63736
17949
30789
88419
10549
73565
94594
11821
60462
2265
59359
77973
66542
59977
90138
15005
2068
65348
99770
15315
18903
7053
67620
9263
38197
50835
51203
67257
71025
83690
91179
60242
58378
93348
80289
81042
2480
47283
74265
36470
7294
294
29265
2164
89057
35783
80391
37752
33558
80790
39281
86994
21590
90199
46873
99768
84132
9480
41020
51512
8819
33199
428
86191
4422
50191
24090
73161
63121
30918
9363
31305
523
37311
77620
76780
32839
31897
69969
5395
56500
40499
18185
46250
12635
8196
74371
76250
86135
97283
5052
63776
98584
93686
14821
90709
86091
89555
7182
30608
36181
52561
49125
60049
34728
62976
38198
74921
57677
83575
54310
14518
27938
42110
36425
25445
74934
57343
85845
78936
79187
34679
8850
7313
14630
14070
25351
60866
96622
80356
82513
50605
48425
90506
7692
17680
50620
60527
39284
50074
49617
78853
35478
94527
67517
25329
34583
81102
51183
22057
9482
279
96982
26877
87954
83220
67109
53427
77116
26148
66390
2115
40383
76634
86242
12098
54953
74306
40325
18745
57546
23697
97282
57284
82105
38683
41495
68643
53081
