9402
1366
7252
5186
4372
5710
9212
2458
6222
5060
2846
9654
5748
8548
4138
172
4182
4932
430
9658
7514
878
4506
8000
7916
9372
6032
7844
9428
9202
6614
710
2918
2782
7424
8614
6632
2746
3342
1250
5040
5206
2162
6108
8802
4632
9838
536
3658
7116
1814
3894
148
8022
1888
3606
9242
7328
3086
4098
1998
7456
8640
9800
5086
1460
682
4962
548
4124
2072
2270
4822
7112
6530
2758
7970
3594
9994
464
4520
6456
562
2898
1400
9250
6876
6582
8702
1876
7406
696
4608
5724
3390
392
5666
6464
9098
1898
9158
2346
68
6524
9808
8600
3032
3478
9318
5842
8368
5770
8878
6772
3984
8192
5414
4462
8918
7262
1380
6126
6346
3280
1078
5952
3782
7734
8938
4940
7738
7362
4552
7752
5588
6824
8722
2168
1414
460
7070
9822
212
5626
1896
866
7896
7092
6328
366
6404
7218
2998
6404
904
6272
1564
7578
2044
2166
60
1294
574
4944
944
2154
1380
2878
3690
3770
2596
7544
7214
4684
758
5724
5300
2400
7758
3722
7958
4316
7602
4212
1676
6208
9804
7610
1920
8918
2036
6878
8996
4264
8946
3910
5118
7692
6368
788
6682
392
6914
3870
658
902
7208
5110
8626
9236
6832
9650
7610
8690
2520
8556
8516
7064
194
8258
7792
9736
22
3342
5840
1088
6336
1040
8094
7544
4828
52
7172
30
5594
6444
8068
9246
2340
1130
6314
9120
6552
8468
8534
4592
5154
5272
5714
1184
5788
3140
9974
2638
44
3600
4528
1932
7680
7324
362
8718
8510
2556
3126
8982
38
3932
7524
1256
522
962
1222
3606
8218
1308
3986
5512
2266
5236
8808
5152
7092
7832
4216
3308
7592
9996
176
7822
7032
9294
6088
3958
4866
3510
5448
7870
6246
8702
6628
2294
9806
874
1236
9878
1378
6998
9608
9848
7732
3420
4944
7404
120
7822
1910
140
5466
1288
4918
4422
6558
5748
4268
9998
58
3602
6278
526
2074
588
8192
4244
7626
1690
2304
4638
7780
3048
7494
9826
1980
7060
7738
6890
3614
2914
3602
3672
1714
5666
5340
9456
52
5704
4518
4892
7966
6842
3186
9424
7882
8392
158
434
3398
310
1978
6184
396
4888
3576
964
4936
7210
2916
9280
9978
1094
6240
4244
7720
5118
2386
5466
2788
9650
3348
108
7166
538
6168
1302
6064
4076
9246
788
1834
9640
4554
3850
2788
8352
6754
6818
798
4206
8352
9326
766
6788
8550
1534
9636
9904
6266
6348
5534
1780
1724
5092
2252
3636
6408
1158
6102
8174
5868
5264
1452
4148
980
5028
2390
4376
8364
2358
6838
8780
6114
2092
5804
5846
7222
1810
9790
2390
1598
6012
7508
4798
3964
352
2576
7976
5518
9178
5498
9814
8008
2440
6720
5724
7326
8502
1700
9774
1146
3916
8632
2784
3826
7082
610
5510
8558
582
7094
1676
4544
1082
8164
5308
4904
5774
6
4576
2042
8238
2484
6596
3736
8722
3246
6364
3582
8400
7704
6816
3976
6504
408
4778
598
1246
82
6064
5530
2508
6292
8518
9808
2652
2962
7084
8870
128
1894
9004
9094
3122
8000
3028
9152
9700
2
5602
4116
7154
5842
6930
992
8334
6614
7060
5266
8016
7292
8494
1518
4364
3178
466
9844
1972
8606
7422
38
3824
5440
9630
7362
5008
7828
4408
4006
2858
3818
9058
5698
2750
7006
940
2354
8808
960
3050
2838
9142
8870
858
2888
2896
3592
9758
3260
9624
8724
3838
4444
2796
1012
8222
3910
8846
4656
9396
1834
4124
2406
3188
2102
3796
6306
6568
2612
8986
5070
1064
3748
5406
9752
788
9724
754
1816
6356
302
2362
9934
9394
2228
6600
8334
7964
4124
1362
8150
9092
7918
8
4206
7184
2512
564
9448
9762
8124
1342
180
8632
8848
2832
6222
6880
9384
614
6214
2966
1596
3694
6600
5218
4386
1618
3554
6052
3590
7978
776
6016
1138
6594
7220
1290
2284
3058
5206
5450
7822
7772
9800
6002
5272
9196
5564
4256
9326
7292
8868
2016
4020
1660
6014
9712
5296
2738
854
6694
4076
3150
7100
2406
5090
2002
5282
4384
2978
2572
2324
3172
6606
7262
986
362
8058
3708
7870
7206
6692
9996
1422
3886
7610
6942
2840
5638
3568
4152
3676
906
2382
9350
2562
7874
9838
5270
5196
4520
8008
9612
6176
1094
5336
2712
598
3998
4134
9920
2836
3444
2912
3280
9584
6682
8238
2636
4348
8612
5960
6964
4524
4072
6672
5068
2360
4808
2880
964
2384
4646
1642
3162
526
7590
5894
6462
5876
1400
8694
554
6172
4044
6490
9008
392
2344
1236
4314
1384
8060
3752
3036
2484
9122
8574
8570
3848
7768
9996
5980
6366
8842
5144
6378
1546
3512
6864
5464
9908
2764
7856
4332
8270
8172
1788
5852
492
2134
2398
5936
5824
1710
2534
4410
9166
2814
9798
5514
1364
8692
9880
2572
7676
3184
8864
7474
9872
3466
5284
7168
4026
22
4366
8788
222
1102
7004
3300
5220
1812
2148
7698
9694
6852
1882
3026
3522
3096
2016
7504
6772
2500
7168
6770
926
5108
8732
1490
5502
5180
834
7794
7642
904
6852
4994
3326
888
1332
8304
9596
4410
6246
6622
8730
2616
1004
1218
396
2468
2490
4970
9802
1518
4276
5374
6292
8904
530
6344
8668
5502
2712
4854
886
6242
190
8208
7512
1456
5138
5964
3046
6684
4474
9592
2256
788
7872
1348
2434
5874
9440
2008
258
4586
940
9620
7728
208
6162
8944
614
3816
9758
6170
3776
3494
166
5970
3326
9364
9164
5574
9942
952
5294
7462
770
7520
9660
9430
9462
310
2874
7114
7054
8492
750
4764
7322
5738
8194
8572
6482
9740
5326
266
7858
7878
6062
5364
2748
3696
8792
3174
3738
8448
3682
6540
2030
5158
6154
9790
2690
8310
1392
7066
6094
64
9906
7060
304
5434
4234
2164
1930
746
7252
806
3830
6462
9576
1188
8500
6802
4224
3340
2836
5274
600
2876
5392
9114
7728
7774
2316
5328
1544
1696
2042
1844
3964
7970
5680
5422
4694
1894
3538
9538
764
2808
6768
674
9716
6566
3610
3262
6942
7636
3230
1976
3508
8122
6188
2932
6726
4486
2524
106
9998
1660
2658
4690
610
4374
8312
2864
8042
9308
9954
7302
3034
3292
1730
7614
7440
5310
4732
9720
6876
6050
8464
8154
3288
7812
7914
2996
1258
3010
7394
9668
1934
9296
1332
518
1948
6408
8808
164
8010
6832
9042
5484
3798
2258
5944
3890
7472
5624
200
3942
9206
5102
6806
1544
6214
2306
6962
4988
4224
4402
756
2918
4188
5332
998
5336
8498
512
1038
6940
5658
7030
5882
3602
2520
6292
7126
798
2884
8882
3086
1586
6322
2578
8874
556
2960
2482
9172
8056
4706
1126
4912
9974
156
1396
3206
9370
3460
1986
4646
3654
4528
8814
8126
1104
8582
7814
7654
8904
4032
1386
9386
4876
1886
9826
3086
3390
6822
8872
7892
5120
2318
1458
8544
6512
1686
7732
4070
2150
4626
8304
108
2470
4282
2826
734
3154
3598
3350
3786
4490
6480
9934
3178
8848
1804
5946
198
5934
6224
4366
1530
3970
1980
6378
9188
8820
8382
8146
2034
9246
6324
2402
5120
1562
216
5446
210
8454
3050
9082
9824
50
8520
526
8116
6936
8054
1156
3226
4596
9632
800
1228
5860
8666
6356
5858
6192
4246
3660
2988
4568
7364
472
4880
1380
5746
3150
1586
8668
6604
42
6698
7090
3800
4724
9300
4912
2338
8534
8494
5320
4560
9500
8322
8266
8452
5426
5780
6838
5230
4756
3284
8390
2674
1784
568
1140
5300
6670
8126
2332
8590
1772
1244
5510
9256
4254
9648
146
8844
1502
5964
6906
7796
7074
1534
5112
7190
2280
1216
6564
9596
5936
8972
5304
3334
5862
1322
1072
1320
2324
7044
2444
3684
102
8960
5568
7208
1286
2682
7512
4700
7510
6606
1726
5936
890
1330
8532
7266
3432
8972
7450
518
3024
3024
1566
6700
9156
5402
534
4094
192
7870
6254
6802
3586
4426
1252
36
2876
4852
7766
3594
9092
9130
7662
7780
4320
9796
476
9702
7772
5356
1276
7098
900
4072
3604
9400
4946
9190
8080
8670
484
3846
5058
6192
1300
6094
6
4344
2112
2750
1354
6368
7314
9752
7654
3080
2234
5486
5710
3418
3870
5700
5374
4702
4318
1470
8854
6416
618
3686
9846
3378
6844
7994
5174
8346
5950
3204
4018
746
1190
2294
16
9120
2598
9666
2516
7502
1164
4488
7780
7670
2638
9842
2476
4376
8870
4882
8802
7944
9782
5402
8316
3302
3478
8316
140
1184
1096
2462
5244
5086
9226
1744
8772
6702
6896
3418
3686
1032
7012
1628
2828
588
5180
376
1848
3290
2672
4948
4526
4666
9742
3180
5752
2876
4234
9362
528
8226
4198
3318
2322
6602
638
1718
2544
854
1422
5862
1854
4114
9026
5974
6530
7114
3726
5350
4120
2344
3742
6510
216
5558
3346
4824
6148
352
6918
5382
3694
3270
6690
142
5812
8608
6906
6438
4416
7822
2950
9362
3908
5286
4468
5976
582
5722
4952
5448
112
9148
7248
5116
1722
4546
5332
2982
7480
2870
6654
5668
2304
9980
4750
1090
4598
618
2750
5894
7492
3200
7142
406
9512
4176
7138
1600
5072
7776
9828
2180
7784
5578
2220
3178
5448
6736
598
1804
8172
6898
4568
52
4564
3388
3660
3394
8236
7622
6336
4870
8132
8288
6666
9618
5692
8566
9050
5782
5098
3824
4664
9346
5166
4890
7582
3070
2286
5620
7978
2954
7910
528
5144
6306
292
7898
1260
9932
6612
1122
4336
4458
9320
9562
6746
9364
4470
6856
3380
3384
6240
8228
6238
1180
8602
1150
8796
9964
5034
9938
3478
9272
7802
1952
9434
7658
8324
3442
744
6988
5206
9174
962
4168
6574
6988
8714
1488
2518
460
2694
1882
5122
1334
9420
8426
564
2866
7904
7738
1168
268
1292
9996
7032
308
4570
2304
1312
2832
1250
426
2324
58
4522
6666
3016
2650
6274
5184
1496
4430
3418
9292
9542
9518
6578
4502
9764
4606
1214
8054
7932
6936
4130
7786
3682
4676
6664
7848
5886
6044
7888
6086
1094
3534
2848
8318
8380
5372
1646
2564
572
7088
2398
7842
9516
232
2126
2038
7252
3864
1210
6218
8042
7792
8398
7964
2168
602
6664
7962
5480
3838
2570
3376
6770
3612
872
2466
7482
5374
644
5722
2288
8620
1536
9502
8808
6854
9710
4068
1024
8282
3054
6396
8636
3162
412
566
9134
8318
3064
1820
6182
9208
5432
6524
3918
1080
9578
912
2212
1168
4752
3074
7424
3582
3522
2114
6380
3300
6568
6986
4658
8324
8114
1642
2898
9232
1580
2712
924
6770
2878
5532
3544
2678
922
3690
5650
8678
5044
360
7734
2446
2938
4908
6744
4582
8426
3836
3306
9048
9474
9210
612
2372
4654
1338
526
8950
546
2538
6212
9610
628
8676
2438
6746
3228
3120
1864
9986
2880
5508
1034
2390
6128
3394
7182
3896
8362
3800
7472
3958
32
576
1766
9634
2304
7562
6374
298
6480
5252
4442
5326
4934
2728
9932
4036
2392
1092
5418
4816
6616
1304
9352
1412
9292
6262
712
9718
4750
8504
2072
1760
2220
9850
780
8014
3782
8214
7430
1166
7634
5466
8810
980
7314
850
200
1192
7112
1246
4556
9598
5532
9574
4848
4050
2056
6070
9268
6624
870
2370
2274
6924
882
2812
1872
694
9914
4970
4068
700
7540
2010
3056
5398
1198
8760
7894
2446
8466
6160
6464
4934
94
1046
1168
518
4498
2308
1428
3064
3700
3784
7268
8522
6362
1070
1166
600
7464
2736
8862
112
9278
3070
116
8426
6710
7130
5186
6042
2916
2726
244
3692
6558
4224
1500
4714
7120
14
1284
2906
1388
6104
8670
5460
1746
8786
3030
398
8424
5692
3056
4738
158
9608
8922
7006
5280
3750
3090
1676
550
2912
9574
6688
8690
6220
2964
7666
9062
2396
1658
6012
8508
1630
816
2638
8020
1780
4102
180
7628
1202
808
5244
6776
6256
2544
2780
4518
564
8468
8490
3878
7790
2660
3074
7352
4954
4438
8024
4380
9444
7424
2558
906
436
2030
4560
7056
2172
7180
9212
5372
2534
8322
4978
1900
6914
9948
2664
5154
8088
1892
6332
7884
2430
1078
3458
7516
6544
8792
4254
5714
1472
9312
4172
548
7920
3348
4700
4698
890
2438
520
9498
4524
7958
9282
8308
4928
1410
582
50
4130
268
7568
9076
376
4900
7050
5674
6992
1062
7650
1972
7626
5320
3486
9656
7330
1608
2600
4254
7990
3730
5030
2040
8948
9122
5624
246
8336
8126
2220
7942
9348
3852
2390
5086
2478
6316
8914
4354
6840
7666
6602
5130
4376
4182
2612
1176
4554
2230
5668
2760
3100
1932
9606
2430
9912
7196
672
9058
6112
1908
2846
4288
710
5920
8974
1540
870
5356
7860
688
9040
5286
8048
4160
7030
6430
5176
7518
7070
3800
7442
3316
7238
9054
888
9022
592
2848
3614
3726
5388
2754
8806
4296
5156
9092
3378
1744
4608
1150
2680
698
2136
7346
1248
9992
7166
9680
234
6992
2584
9888
1566
8090
9986
9248
4718
9300
588
8652
9502
4740
7934
100
1582
4462
5660
6432
744
1518
6858
8476
6918
7920
2570
3240
8212
2016
6906
2268
9306
9648
2802
9986
3972
2878
8222
5494
9918
3584
2456
8774
1876
984
3558
8714
582
3180
2214
8524
4568
7870
3692
5788
2244
716
5928
9426
8378
3942
5032
8572
6288
2490
5998
692
6078
7540
1988
3228
3320
9608
6098
2830
9148
4672
8228
6862
9510
9912
4336
8806
9196
2082
3396
6934
3396
1920
3358
7366
7216
3372
9932
2806
3222
3400
4014
902
2104
4342
232
5896
7908
1234
22
9384
7430
6178
7592
3988
7384
7028
5704
4246
3166
8478
1922
408
4984
9338
9828
9790
86
3842
5102
5800
5642
3950
8598
512
6462
6002
3512
9102
282
4032
7480
7928
9136
6198
848
6258
6862
832
8622
5190
4058
346
9444
4244
4216
6906
4354
8578
3944
3240
3702
5390
4580
3534
5168
7198
5218
4950
9560
6986
6384
4316
4072
6336
8678
8516
3038
5514
8970
6926
1198
7634
4686
9544
6208
1102
7596
1724
9776
1172
8896
9154
4388
672
1100
504
5210
1840
332
2756
3688
3064
2846
2224
2094
1632
4782
9918
1344
7436
2758
6638
2288
4954
4330
156
2494
2360
6782
5942
2268
6332
5654
4820
5258
9536
3672
8840
840
5256
7712
1192
7770
5600
6486
7716
2372
6358
4270
6202
2298
7560
1134
5632
9850
2642
5818
8282
1962
1898
3458
3768
5590
3974
8912
1316
554
5070
1292
8434
1616
592
7918
1680
6696
2362
3606
3190
664
1318
3788
4276
8216
9364
22
3960
2516
8436
4822
5530
8360
2036
9916
7830
8740
3044
1712
46
1670
866
4222
6834
660
5414
9624
6934
9320
9128
4790
5498
6614
3716
1694
3870
5658
4832
4390
4430
9802
5992
992
2746
6334
9804
2304
2340
6454
38
964
2548
4182
6744
7808
38
3888
6324
7148
6616
1386
2470
4592
6540
4640
4210
2522
7980
1648
3544
4774
9790
2852
5720
5770
6148
6500
4862
4162
2596
9554
9618
6346
2412
4282
2714
2720
320
7706
7124
5292
2420
4880
298
340
8254
100
9030
2174
7444
1932
3344
964
4544
9710
5818
6834
9796
2480
2054
7322
1516
5052
6930
9472
2406
3738
9700
8718
432
6784
2244
2020
822
7222
3216
4742
9262
7034
7456
5818
4868
2598
2592
3662
8802
1272
8038
7248
6820
3872
2566
4418
5624
9342
6472
6140
8254
8412
7186
1070
1140
2352
1356
1388
7270
2034
5228
3802
2868
4492
8060
1212
2500
2492
4196
3274
2080
1616
3684
5424
7304
3906
2860
7744
9672
5328
4142
9610
1736
2136
6566
5814
762
328
4366
9372
3514
6422
2902
2558
3198
9130
9848
8026
9314
756
5892
7384
3658
7470
9758
1642
2710
8642
4632
1324
1726
3784
3018
6486
8568
9992
5502
6754
1686
7776
1778
470
5144
4978
260
7158
3808
1062
6752
838
7288
6998
1514
1580
5544
440
602
9014
6082
9006
888
1490
4952
8182
5360
4776
5014
3062
3670
2084
2324
9080
4966
8464
9808
2692
9412
8916
6094
2738
6832
9322
4888
8966
1152
4394
1712
6766
864
7004
6820
2956
684
4998
9920
2932
1192
2642
8168
1308
3060
3154
2222
8392
3636
9560
7534
4934
464
4728
5244
240
5504
7806
4054
5070
3226
5330
9384
2778
2568
2490
2164
5928
7514
694
1284
5058
546
3648
1338
2558
3190
7364
3296
9140
2692
6586
3710
36
6224
9754
1378
9636
2840
1970
3070
6712
2204
3212
3878
3562
1874
8580
3800
9878
1482
1428
3244
260
562
2340
1588
5226
3632
3662
6832
1920
144
2010
4092
4102
9500
4230
778
6862
6044
3960
6780
2206
3736
5054
572
9048
6472
8662
8672
7552
6028
4764
3750
4460
6152
1566
7334
8252
9894
8734
2286
1110
2718
1924
1496
6212
4724
5710
8
794
9118
708
9782
3614
9204
4772
146
1774
6444
4502
3572
1216
8002
4134
5972
5718
8932
4236
1322
4312
8136
2230
7226
932
7626
5490
6490
3646
7680
6234
5922
332
4684
9060
2118
5062
2668
2048
8196
1576
1286
8216
5798
4778
5108
9102
3034
4508
7952
4100
4204
8816
3300
7654
3394
6962
850
8778
1878
3782
1286
868
2542
2650
8192
1140
9066
5784
616
9348
8668
6060
862
1336
7254
7982
7874
9388
2642
9252
2970
1054
6248
5880
1966
1260
4030
8522
3418
6080
9432
3436
8194
1318
9980
8088
7706
3218
4316
4192
6154
9836
1122
6074
7436
1240
7156
1232
6210
8620
9586
3800
4340
2832
876
4438
1176
1334
4268
3218
7538
7620
4670
6928
9788
5716
852
8948
8290
7814
9064
6180
7922
8320
9652
8816
2490
5476
1652
3872
7634
22
8214
3840
8498
7872
5812
570
1050
8146
7888
378
1056
7422
6890
1328
4070
3538
9730
8154
4058
9044
9990
9338
798
9548
2928
7652
7004
6156
1134
1782
5074
4230
3892
1018
1678
4658
9368
648
3214
9230
9536
3680
5162
7158
4962
938
6208
5254
7512
5876
1700
4330
8790
9562
750
6492
2662
38
3980
9762
3576
8282
6154
9040
6534
7514
2616
8156
452
4950
1154
4468
1296
8936
6660
3828
2570
3758
3604
900
2092
3894
2648
7118
1702
8678
4472
4618
3584
314
8484
9866
6036
2546
5706
2878
8588
2284
3546
4256
9966
7974
7412
2756
508
1096
9672
5492
4372
9196
8306
4454
7470
748
950
7806
9396
7300
8124
9812
8552
4168
3910
2720
7734
788
9634
900
4908
7990
3906
9684
6832
9420
2770
436
2242
8856
4854
9680
9508
8002
2370
4546
8268
7432
5248
8994
1022
6946
9360
1880
2158
2892
7932
6770
8584
3050
28
7472
9440
2540
4650
424
788
2940
6218
8572
8734
2232
1336
6482
3822
2808
9424
3776
5440
7154
4826
9216
9030
3780
9608
3150
5346
6822
3416
322
6932
6026
592
4504
5274
4078
4532
3226
632
4204
6836
8898
9334
1714
5310
6122
5152
1670
6500
8126
8126
3084
5690
712
432
3098
5094
5684
5406
8484
2670
830
6778
4798
7162
2076
5330
7136
6536
5168
454
9052
842
4132
4908
752
7792
4358
2874
5442
3640
464
7408
2038
8230
3700
9702
2656
4564
4042
774
9430
6362
4182
6394
4192
9352
194
7192
8772
200
9374
1232
5334
3058
7708
7292
7862
6036
7644
5766
8570
2582
188
7432
2174
9928
9886
9402
4400
5626
3718
5978
7928
7290
2582
7102
142
8314
1594
2202
3800
9474
2360
4364
5686
1754
8214
6688
1952
448
3784
9040
962
340
6750
1224
1648
9168
2876
4218
6132
2076
9798
9002
3822
2228
1612
4510
5056
9040
8984
4396
6940
5252
5288
5962
1206
3542
312
4350
3770
4500
3796
9694
5208
1346
8548
3884
2344
3028
9624
4766
162
7942
1066
8034
9194
8838
6460
2398
9726
8222
7684
3128
434
96
1068
2656
4866
7410
7618
1348
2090
3978
8168
3030
7164
4202
8606
4516
2134
5366
7890
5396
3806
2906
1180
528
748
8164
3982
878
5976
1566
4246
5752
3668
6306
8100
7164
1304
6816
1498
9738
2690
1442
842
1334
7498
3038
9432
2800
5650
5658
2158
1054
3360
1748
878
4546
158
8852
9600
8234
5996
2318
2092
7950
3012
836
4946
3940
2624
4670
6788
9804
5600
7518
5160
9218
7864
2986
8632
702
8726
6190
3268
4640
8246
6186
3014
478
4344
6774
9440
3226
1962
3310
7372
2182
3596
5880
1920
8142
3260
4560
316
7822
2722
822
122
590
2392
3564
7176
4106
1548
3694
3738
8230
4362
7452
1634
7956
7858
5448
2390
7448
100
4556
1074
2522
380
1406
6734
242
5090
9350
5572
7404
6692
9326
3792
988
4582
4778
9622
3050
5736
5462
884
6274
9842
9410
8400
1490
2076
3662
4514
5166
890
3420
4372
8270
5532
466
9344
5348
4438
3186
9484
8408
4950
2038
5922
3872
3374
7490
7800
1034
2224
100
1564
3254
1444
9262
9126
8702
1318
5604
8944
698
916
4874
6846
798
7156
6606
2050
6998
4910
6772
3610
8456
8336
8960
1982
4908
9500
7874
736
858
5402
1758
9330
3862
744
3732
8216
8188
7020
6908
344
1188
9560
4748
2732
3300
8710
2500
3764
8290
6368
7668
9182
8772
290
5438
2352
1070
1768
5914
460
1214
1716
9652
5210
1816
9376
7684
4182
4882
5446
1914
1048
8822
3780
2584
464
3210
1774
6840
9494
4234
6118
7910
4838
314
1266
3088
4034
1128
8358
4352
5876
9080
6098
5824
2010
5690
4886
3140
4420
9750
4098
4754
2116
6344
9056
1364
180
7880
742
3782
1232
4414
8406
5924
3494
5352
440
2340
1744
2118
8988
6798
2504
4958
94
4434
558
3156
7668
3888
2496
2816
8672
1212
1682
450
9552
8448
7460
516
438
9042
8028
8842
1814
4062
2202
6742
1972
7480
1852
3828
2484
7918
9872
10
7266
5794
6174
5994
7390
2888
7062
1302
1416
1020
186
3656
12
8956
4668
7758
3728
452
882
8306
1722
3446
1438
7370
7878
4744
9138
6280
386
1948
1240
5228
3804
4332
8808
4944
1164
8892
1442
8806
524
4098
7762
8852
8414
6368
3248
3870
4458
8370
7840
2800
2922
6364
7166
4236
5344
8032
2012
5684
2934
130
756
2510
6864
6188
8416
3678
4820
8370
1336
5818
9242
6210
162
5202
4902
7814
3926
6600
1728
2414
68
1158
6676
4198
1710
42
1722
7512
412
7156
8502
4552
3324
4896
3192
764
7770
534
5270
5880
4764
3200
1360
624
2038
326
9192
7446
3412
198
4906
3896
4196
2630
3810
8350
9762
5996
4310
9594
4876
1242
796
6132
6102
4900
3896
7232
2420
8342
1266
6068
6842
6122
8278
2514
4076
732
9390
7404
6862
7930
5030
5580
6612
4436
2134
6494
4120
3782
3544
6946
6046
8814
2882
4976
4828
9074
6266
3710
8698
626
9688
4282
9820
5808
256
1570
2986
5982
3694
9266
9780
1168
9038
5300
4128
3606
9828
6190
7774
9302
8692
6166
4666
2282
1006
8394
5492
4300
5288
6126
6304
2138
2880
546
3702
4500
7152
2130
2832
9360
6372
8262
144
2204
4240
6166
4688
2048
1930
5622
8052
5464
2888
8274
812
9470
4188
68
4662
1784
1190
3988
5138
3524
3444
8052
8152
1060
6788
1442
9640
5832
9022
4420
5040
4014
7748
7302
9522
5710
262
3012
3272
4098
8568
32
8900
4734
5246
6286
8450
2352
3512
6780
650
374
2320
9096
3144
452
3214
440
1526
3322
9460
6634
2208
9522
3912
5762
6920
8688
6190
6160
6280
2286
3964
7756
7048
1456
472
6018
1364
9762
4966
1532
3022
1340
2252
2136
9324
9852
2008
734
6250
8422
5848
5224
6026
8494
6808
2120
7972
1038
8826
4202
2390
228
3428
1330
142
1926
1480
358
4874
8902
330
9574
6850
7582
4384
9458
250
5762
2418
432
568
5304
4982
2462
3312
3806
5150
3044
8856
1446
620
3004
9750
4526
2240
4290
7478
4972
1028
6658
6032
110
4486
1474
6944
5226
452
3424
2724
3138
5190
2112
3562
5426
5470
8578
3868
1716
6762
970
4412
9030
5460
9378
4604
9940
4950
3336
3090
2028
1376
6338
1988
2334
3916
8078
5692
1584
3678
9242
6236
1868
5924
582
8332
8180
9670
7820
3768
356
3226
9978
8150
1488
5884
2600
4122
9822
4096
434
736
4738
6520
528
9124
362
3022
8204
2228
6834
3310
9804
238
2050
2666
2668
3966
7506
2126
9300
5648
7676
5722
2264
9660
1758
8632
4066
2070
7872
1056
608
8534
2246
6178
9180
7122
4686
3176
4560
2256
2470
7910
686
9232
7078
2950
7822
1100
2412
2806
2334
4686
7822
3122
6208
2662
3908
230
8542
9736
8954
3420
3990
7708
8670
4974
1344
6178
5590
1602
2194
7196
3566
6444
578
3462
9938
7382
9188
3752
5982
336
6028
2166
6458
5538
6906
3470
6448
1524
5012
7484
3670
8150
1026
2236
4494
7780
3732
9636
5082
6530
3206
1060
124
8346
6690
2950
3060
5452
6172
3400
3806
5142
2018
8352
5986
90
60
8066
6926
8370
2360
9776
2246
4896
2756
6206
8094
2596
3474
8592
8968
3684
644
8102
6940
1742
5464
8678
3466
9826
4154
6278
3262
9386
952
9370
7240
452
4750
7238
1670
4644
1566
3232
9640
6724
4154
9774
9216
2078
800
5452
4740
9458
6214
8646
3208
1120
8844
9470
176
8366
206
884
6562
4936
9864
3664
7774
8306
8838
4982
9666
4424
300
1386
6174
2250
7138
782
582
9938
9588
2018
1624
3484
6
4132
482
606
2692
1202
4990
8926
4726
3868
1408
5798
6018
8106
6556
904
2568
3552
9776
2628
3834
7152
7544
5304
1338
3218
8782
5370
1230
4056
166
1190
3776
718
1196
7300
3502
5046
9188
3124
534
5654
8212
9486
170
236
2388
6658
2740
796
4490
9622
9898
868
9320
1048
7228
146
9432
1450
8204
8888
8438
6520
172
6128
5414
9640
2064
9550
4582
3916
4696
1620
8276
8024
2662
9518
4428
8674
8376
8268
276
3754
6608
1160
4094
6812
9136
554
4462
2976
2160
6300
5936
1620
5794
9612
1416
136
4140
8950
7142
4216
976
9800
5828
728
6738
4366
6434
2916
238
9480
4166
8944
2090
9746
3056
246
7294
3234
4040
2314
114
6510
1240
8168
1994
3472
5840
2620
5522
4452
3536
2442
6190
8094
5406
9810
826
198
9982
1140
1576
7916
9322
4324
1702
2026
5898
9058
984
9638
1512
1672
7768
3420
20
4836
2500
2388
2920
5348
4624
9610
7086
7542
3548
4780
1336
6672
8110
7936
6736
162
9570
868
6802
4934
7420
4340
192
1290
5370
5684
2832
6202
9138
2824
6108
722
2312
7790
4702
2374
3860
2748
2772
2160
4200
1378
6936
5618
9800
5546
8294
2082
4456
3970
2974
8518
3176
2740
5284
6134
498
1834
282
1774
4454
9400
3526
4234
4492
7730
5916
5844
9102
3136
1922
3088
3300
676
7990
3518
1666
9846
1966
9610
580
8476
2904
4492
2360
4006
1684
9116
1840
9260
9650
1606
7678
4118
2944
8576
5524
3692
3744
606
6896
7416
4866
5082
6226
5588
900
5658
2176
356
3322
1274
6932
5774
8990
2752
5320
2906
8670
760
930
5606
8940
9364
7484
8868
1356
9354
8336
3778
2952
5904
7076
8068
1394
3224
3448
1144
4790
3414
3020
8326
4926
7188
4776
1380
4086
4474
5512
952
874
6980
9242
4474
2228
9778
7246
238
6466
642
2044
7884
1290
5806
3532
7472
4734
6490
2432
9982
9638
7030
8386
2824
9558
4784
3978
9310
2786
458
204
7418
4382
5260
7504
3856
5534
6742
8964
238
9982
294
2826
9274
2618
648
78
4106
8026
9712
7152
2720
1444
6868
2086
8848
8284
1834
5868
5946
7896
8422
9362
276
4258
4126
7482
9974
372
5580
2560
5902
1176
2668
2936
9244
2690
6190
4130
1060
2946
2350
9858
1860
2174
8610
9238
1192
588
5044
3508
8886
3568
2768
5206
4288
7850
8594
3664
8696
8926
5430
8498
8068
6668
5792
8356
4072
7544
7482
2838
766
6240
6246
2756
10
1884
8290
8956
7422
8188
764
2950
906
1292
9358
372
1184
1688
908
5350
7996
3314
9228
4162
2020
7458
5556
6494
7710
7042
8076
1652
7156
4530
3466
6580
1364
5868
2414
3470
9810
8072
9218
2556
3906
8098
7706
3714
1146
6768
9380
4044
8910
2572
4636
640
50
2622
2670
24
6022
7734
1690
9898
9224
3636
7686
5212
420
5736
2026
4026
8802
6524
8920
9362
2858
8722
202
6208
9112
8560
8144
9552
7996
3544
2616
1930
7156
3198
7432
3598
9642
3534
2582
8984
6028
5594
7230
6898
8534
1794
4512
7970
5508
2204
4398
7920
5202
3078
3098
1866
2982
8804
2550
7376
2462
4280
468
6014
3034
4398
3670
2062
6180
7728
9108
5948
82
5288
9220
2690
1298
9060
9718
294
8780
9456
4550
1528
7032
8668
1046
3016
1308
8436
4990
8844
8192
2648
4170
2846
3996
9600
5584
9708
7812
7934
5862
9658
6976
3446
3372
6594
3612
2558
516
3640
6074
5328
6336
1280
8808
3968
3042
4190
7122
6012
6252
9758
7690
6172
1188
3440
6744
9008
4636
6088
1594
990
4290
6394
7364
3050
9214
3222
1062
1144
9028
4046
5616
8692
3146
4566
2028
5822
6494
2060
1070
4172
9574
7572
8074
6432
8030
286
180
3026
6122
870
2714
2866
9844
7272
6626
1220
6662
8584
6816
9344
8038
7380
514
3648
7352
768
3584
5496
3662
7704
5828
3022
5220
8746
1588
8064
1464
2650
38
7954
3008
8124
8686
4256
1386
5036
3442
8432
74
6648
9738
8158
4034
278
558
7224
8394
626
6946
9210
2550
2374
2230
1774
2520
9828
5322
454
8470
1372
9834
2478
3054
638
8618
1362
4264
5448
6588
2562
7964
9872
6734
5712
3418
1624
9530
2460
3256
8494
1486
1088
8420
2116
9028
8536
4942
64
1684
4444
5612
8608
5538
1108
2960
3218
374
496
976
5958
4940
5260
270
9298
1546
2378
4772
734
7894
9142
6946
6558
7414
8500
2798
8238
724
3252
5992
1630
5262
5432
1998
4052
778
796
1826
5908
2112
6610
4292
6708
6084
58
7536
3296
252
5912
934
324
2772
7068
8010
9702
480
1226
9884
2200
3612
8402
2410
8852
9374
1344
2096
888
1830
6406
1644
1046
8540
1872
9036
8310
2820
5738
1972
3886
7112
6552
8536
2060
1294
8018
7088
74
1090
2466
6
7268
5966
7734
6514
3938
7150
4410
5396
8612
3906
2754
9390
9680
3332
3414
2162
4870
5196
6836
6182
3804
8694
2068
8654
6714
2812
5582
8084
2840
2868
9494
6016
7656
6702
8582
7764
5022
9088
5934
4042
7214
2374
3302
1764
8504
8414
6670
5668
2654
8714
4994
4986
5660
9112
306
7734
2374
1430
9778
122
7100
5632
4824
9334
1296
4926
5906
7398
5084
8380
6680
322
7486
9242
7304
3260
676
2862
2474
4706
232
8050
2580
8882
8310
3452
2110
1684
4614
844
5714
162
9282
5614
8730
4464
5804
8168
8578
6688
1002
8760
4294
534
6098
9240
5328
6012
1384
8714
9128
6330
2108
7532
7260
3182
3094
5644
420
8646
6332
4716
800
1676
2118
9118
9102
1860
7478
2668
2956
3448
9802
6320
276
7638
448
1818
4296
9204
1132
78
2952
5850
2276
7228
2154
6536
5118
7642
9388
8982
2754
680
566
5290
2934
614
3044
5798
218
218
8402
9754
6976
1272
3596
1428
7002
7270
1054
2056
6026
3826
6282
9386
1752
5042
9512
9120
3450
5304
4424
8552
4490
3186
2996
2700
9468
2372
4952
1708
7948
3388
6082
214
9028
2226
2798
3988
5840
7262
1608
4246
2070
2360
7706
8370
4822
7344
9816
5680
4432
2590
2484
2558
5026
3986
1108
3232
710
8926
7206
7670
2702
6986
4844
7068
84
1520
7150
7036
1264
3756
4772
3316
822
2156
8916
8406
3012
8716
9136
4720
6546
3916
2822
4706
3398
7332
3310
1988
954
9120
4094
8480
2876
3644
4386
2350
6966
5448
4164
5646
6148
4666
4064
8204
9206
7936
3932
4666
5144
9364
5784
3778
6046
2358
6806
4330
3100
150
1240
5900
2630
2344
3120
8736
9640
6284
7168
8126
9270
3132
1496
4434
6924
5194
6624
2326
4380
2458
8904
4806
5450
5304
4620
9482
8984
2940
3206
8640
4742
5964
9592
174
3056
4646
2576
7536
6392
7550
4924
8702
8798
1892
2350
5590
9232
8890
238
2964
738
1666
6026
1620
6380
5182
9898
7220
7012
772
8536
5192
2840
5958
4188
1232
2442
758
642
9978
1482
7032
8332
2640
3504
1730
400
5582
9442
8868
4820
2790
1194
9280
6984
9464
1182
9410
4872
9790
796
3770
9560
7962
1170
5384
7162
1882
5696
2102
7964
6444
6976
2434
3630
7260
688
2560
1854
7672
3392
7562
9418
6902
898
4184
3360
2512
1530
3976
1216
3928
5774
7772
7646
306
9856
5528
1486
8422
5152
8822
1134
4220
6930
8174
6460
5436
7762
1818
4232
5190
9740
4974
1278
224
4472
3440
5410
4996
8076
8528
2776
1372
1188
830
5252
2624
4184
5420
608
7928
6002
6122
9184
9058
5012
1830
9102
9320
9794
7508
6566
444
5060
9676
5554
1430
900
9980
8082
92
1324
7194
3334
4532
3312
4692
9546
4646
4716
7930
2768
8878
9742
9040
9466
4126
408
5210
2274
1286
574
7876
952
402
1008
3786
9926
5308
1862
3900
8988
1738
8300
9554
10
6538
4226
8234
8840
1442
9690
9448
2658
8132
2596
5488
8912
4448
3184
104
64
5182
3916
5550
3174
9498
312
5832
8068
1812
5996
5820
148
9322
9826
6176
7350
9174
4800
6274
7588
5058
3336
2130
7528
6884
4508
8536
6088
3026
998
3666
6406
4764
7872
7770
4984
4584
48
6890
4046
8670
5908
1308
1276
1678
3076
1060
2270
3434
7610
6286
2566
5694
2946
3958
8512
5216
3196
5808
4110
5388
784
4332
1104
1986
3680
8926
9582
1440
7708
2022
834
9760
4110
992
7746
3738
3686
2412
3632
3300
6868
490
428
6460
8942
9336
1270
544
9300
3370
4404
7106
3032
4266
5028
3416
6142
1422
384
5800
4444
7070
6360
6468
7354
8508
8736
9022
1672
9328
4950
8092
8014
2078
9170
8386
3436
5142
2120
134
2862
7844
8570
6906
6846
7036
3308
4052
9524
3736
5482
5212
6894
2580
4042
3920
1236
2884
1474
4112
3774
1038
8456
9292
510
2562
120
7584
9294
7886
3986
5224
656
5514
9362
9450
1778
5558
1118
7044
9074
1994
2846
6136
9670
2682
104
7922
9268
5356
3674
2134
4498
5050
5668
1830
9076
1258
1548
6970
4360
1510
4422
410
278
4616
8424
7400
4766
4862
4156
784
7176
7962
1202
2038
7766
7748
2016
3850
6168
4306
1872
9576
9924
6692
2710
8630
4358
3586
8668
4078
2228
138
8320
162
3560
9842
2510
1910
6524
1002
7564
5392
1114
8234
4722
8832
7784
1790
7048
2664
1676
314
7746
6786
1948
5106
1938
2536
1588
5670
3824
4614
1914
836
1286
1090
7260
1790
5980
8396
212
5736
8754
1358
2472
2382
948
7552
1318
7364
5610
70
1262
3732
5602
7142
7798
7834
2566
5352
3378
7070
9698
5552
5232
1278
2240
414
1940
9146
1904
8868
398
4480
690
2596
3528
1570
4038
1832
2554
2458
8292
8348
3456
9342
1362
3826
7670
3236
7664
6380
6798
4198
2122
9514
7168
4750
1252
5860
3976
6208
394
958
8672
3058
9450
3496
7098
3504
6126
1390
9138
3114
8096
4214
2456
2162
8536
578
7316
940
3370
4636
1516
4934
4542
8030
9738
2154
1972
876
638
7974
1846
7624
5976
1718
1480
9548
128
9592
7130
1596
8524
464
6192
8684
7408
2142
4460
196
9240
2576
7194
1368
606
9930
2272
8968
8736
4480
8430
3964
7402
8064
8894
5674
7328
9456
1686
2392
5516
7408
5060
1568
9368
9134
7226
5334
7738
4176
6114
9792
2970
9594
6772
3566
7958
5698
6174
3372
60
6726
4720
7976
6116
8984
1966
9828
7630
4924
4396
6392
6106
9348
7010
6506
9306
1768
9094
1572
6040
3684
9654
1284
9232
290
3652
9044
3948
8392
2372
888
6344
3032
2116
4040
6930
9026
9556
278
8880
8796
1288
3066
9860
6968
5050
7556
718
2774
2258
4622
4820
5046
6410
8732
4532
4232
7810
5022
848
5684
6788
4018
7510
7386
4684
1924
7848
7810
5310
2408
9756
7378
9812
4352
1662
5324
7896
5106
8798
7146
3912
32
6852
9532
2918
7876
9542
306
2022
3966
4786
6944
70
382
3080
9972
3726
8768
1110
2300
8414
266
2124
3208
1800
2594
3000
2190
1128
6838
2778
4648
7084
4788
7382
1406
1250
8876
2802
5890
2932
2608
9174
8842
790
9904
4256
5796
7574
4428
7302
2510
1534
144
1790
756
8118
7396
1638
2784
5184
6758
3438
7648
3686
3520
1502
2138
1004
5634
6100
1814
4272
8362
4854
8126
2970
3894
4960
9910
6978
7776
4150
3032
960
8908
1996
2144
6454
8038
8104
6936
3864
8812
4648
9006
5352
1508
3232
5614
5330
9922
4352
6974
4724
5182
7144
6968
5324
3044
9728
8878
7646
4356
1872
8638
5882
3794
4208
8614
8178
3608
6284
1008
1918
8658
286
2508
4338
3168
8850
6716
7934
7190
7186
1838
2252
710
854
9802
5672
850
1898
498
3788
536
1590
4732
9874
8742
5136
1264
8058
4716
4864
3524
974
496
7820
4592
8548
4616
7426
9812
4542
6290
5478
9660
8704
9638
3406
5590
8154
8538
6460
3554
7336
9048
8734
5884
4556
9090
5602
3280
7600
8104
1522
2880
862
5874
3830
7344
6796
6212
4060
7326
5480
5338
594
2840
336
8822
58
1536
7968
198
8114
2788
6978
968
3958
1602
6722
3502
100
7372
646
2188
3034
3586
8478
1970
2404
5698
8920
836
224
5364
3948
2518
3438
6074
4256
5922
7176
9678
8370
6704
1178
54
9182
3176
2900
7612
4268
2006
9488
7094
5380
2444
4446
5484
5856
4002
6
7896
8038
4994
4318
6238
3494
968
4848
3428
3690
5468
8596
7702
3560
7930
9222
5674
7904
318
3862
9350
4700
3200
6516
2526
6186
7916
1254
1742
8304
6246
7282
9296
1378
5902
1704
2552
8912
3116
1170
4880
2178
8034
8540
3746
8886
7696
7206
1104
3706
5406
8556
6176
4694
8108
9516
1542
4960
7468
7448
4480
8626
7186
2022
8854
9984
6686
3012
8802
8524
9952
4066
7398
8718
4184
2576
1668
6924
9712
4816
2312
9064
4840
5106
1408
7742
6056
3838
5138
770
5596
5276
8838
658
9300
2652
1560
1242
2830
9440
9492
4390
9020
3542
5120
6286
8716
2744
3472
6306
4268
3094
5644
2642
7664
2176
8374
6130
9894
4254
8042
210
5508
4904
1566
5644
1304
4332
3136
960
240
4434
6778
664
8204
1028
7428
6932
2228
6206
848
2332
376
6398
1498
7884
2452
2328
8508
7390
7354
9718
8560
8012
4380
9826
8316
9178
516
416
8134
774
8014
3096
6790
4706
558
6176
4560
5362
2332
7446
2636
2300
788
1226
5646
482
9172
6622
5508
1840
2114
8782
9528
6882
24
4036
2920
2760
942
2492
3200
9498
2858
8484
4696
3880
3334
1268
7234
1820
2132
9720
1204
438
5124
1076
7412
9520
5520
2938
6170
4702
8130
2208
3998
7910
1352
7554
6238
9748
2708
6472
7768
5186
3384
1466
9280
1322
4204
1798
2356
7296
9086
9298
6942
4422
5756
8684
7548
1154
812
1026
304
1902
2762
3222
6276
5240
8804
9412
9258
9672
3908
5752
5750
4192
6036
5094
2158
5558
668
5920
9596
3494
4892
8408
1670
9276
9384
6558
7532
456
9136
7464
8322
678
8844
7608
7010
6210
7332
8764
70
372
2386
3926
9606
9430
6080
8264
4500
6788
4544
7820
6444
8600
7576
8878
8480
9978
8038
2588
2954
4852
9446
4892
3946
7770
7848
2020
5982
1382
4624
7356
7806
7374
6892
8370
6618
6074
164
8594
9016
4464
9496
1742
4608
9636
7930
668
4422
2544
8828
1414
5328
2960
3744
2690
5814
5762
512
1616
332
8012
102
9926
5276
7402
8748
5956
6236
6332
6550
4298
3396
1480
9796
8252
1388
5396
6228
6962
1830
8388
2078
1532
4846
1688
5974
3472
3384
4706
898
8370
1936
8068
392
2072
6116
8588
4660
336
9052
8942
2750
8240
7894
2072
2736
9856
5936
9324
1008
9064
6816
466
1812
9540
6898
8754
86
1260
8282
4402
3194
7628
5924
4096
9774
7454
504
4794
42
554
9454
2892
4380
4096
6190
6802
1316
9130
9662
7326
5004
6128
6550
8192
716
138
6066
8228
9566
578
4446
1286
640
3340
3188
1274
5426
6358
3464
724
760
4974
1526
6054
5458
4752
1500
3924
7392
4908
3680
6910
2878
1724
1750
6136
1378
6844
2174
5836
2288
9724
5302
9852
2624
9568
9124
930
3330
5698
6650
1732
706
7552
6032
7922
1370
5394
8692
2478
6646
2754
7280
3062
2156
3332
1324
8128
5490
224
950
5560
838
3140
8770
6506
6452
798
6226
6590
9922
4140
106
4236
2536
3102
2262
1988
6224
6450
8342
1818
5140
3470
1574
4938
9160
246
6658
3192
4342
8338
2164
4748
9164
8092
5858
7310
7596
3178
6500
3264
4766
4978
2288
8340
6728
9730
6594
2924
1368
2610
6002
3618
7188
8844
8744
5120
9228
318
3778
614
4108
634
9954
7134
7098
5596
3702
9324
1842
4724
8296
5148
7062
3444
5174
3984
9014
8624
6316
1192
3730
1134
6000
3444
3618
204
2762
6134
6232
3444
9512
8204
4248
8150
4890
2766
628
5918
8556
3104
3938
3874
7568
380
7744
8738
5124
9618
8906
5252
7462
9734
9846
9010
8896
740
3932
7096
3850
2620
4088
9000
3680
8214
9014
7582
2756
1556
3204
8982
1654
9118
8372
4752
6034
920
7234
9114
3714
5862
4714
5876
1754
9480
8088
8164
2250
2358
1892
3584
9180
7840
2758
3976
6200
8162
46
6580
3774
3780
9700
6568
132
1844
576
8194
646
724
5524
8484
9066
7058
4660
1292
5520
7318
8846
7592
3800
8406
1562
8158
164
5668
9168
3056
7122
2926
4228
8656
7218
5604
1992
2856
7158
2522
7716
3974
7472
7268
4454
1250
6486
224
5784
8714
4588
130
3340
5702
552
6088
9076
5692
8710
2600
6794
2114
7852
862
9246
6650
3880
6778
9586
68
7128
1258
7288
7904
4516
5088
7552
4422
7552
2148
2412
248
7372
7180
5910
5622
6338
8022
4148
8516
5992
5258
7256
7082
4950
9882
8800
7864
3244
642
7762
4508
9324
8856
9876
9144
9430
6316
8390
8064
2222
4466
8900
3426
1988
6566
2760
9956
7872
5302
6952
1240
7182
3442
3096
1044
2784
622
7062
1826
336
3568
2428
8914
5542
1272
7304
134
5372
8336
5998
9052
2600
1942
6514
540
190
9230
6572
5396
6500
6704
370
4178
6856
9382
1738
8000
974
7734
5150
6278
9046
410
2526
9048
562
128
2300
1996
3886
514
490
1510
7810
6978
2488
150
9848
5226
8620
9628
8832
8610
7436
9944
5978
9556
6654
1030
2608
1700
8908
2300
4952
7758
5906
2792
6702
2140
1600
8994
3008
4216
4314
9036
5062
1040
7912
4774
6424
5340
4202
7588
9572
9204
2896
4230
5406
7220
1786
8696
7926
8178
4848
8548
5158
5214
534
5908
8892
6902
7164
2064
3926
3524
1024
9998
7700
3354
5386
6166
8492
2042
328
4796
6950
5282
9066
9232
9510
230
5894
6048
4066
5696
6840
2062
8804
4096
7906
2412
7250
9890
730
2240
9466
2646
1930
6050
2838
674
7532
2834
32
4062
6242
4516
2940
6564
6110
876
6528
3536
8890
2832
5524
9274
6658
182
4776
8386
7866
3450
7358
682
984
9006
1818
3694
4826
2264
4858
5804
7360
8072
6208
7514
7066
8266
5400
2022
7476
2254
6980
8194
3824
8550
8788
6592
6566
8954
2002
9086
5552
4282
1604
2618
2784
3044
8864
6566
8936
1770
5612
1250
3948
416
8926
3148
5916
4004
3878
4570
4114
2050
4452
7576
5460
9448
7450
5342
6476
5886
7734
1870
6310
128
9040
4832
9448
6308
5746
1826
6138
8870
2500
6424
6362
7760
3512
5666
8796
5694
8768
1748
4262
8448
8712
9970
4950
8404
5942
372
1542
7150
2970
5032
3768
6768
1566
5882
6672
5884
556
5406
354
2554
4106
5646
2964
5884
3934
5202
6444
3036
8404
3302
4744
1038
268
8114
9578
3224
5714
6300
6734
3172
5648
2744
5344
4710
8708
6144
4350
882
4908
9114
1706
9792
6868
6704
6840
6904
6826
2912
7734
536
3058
6784
7430
1494
3614
2270
4300
1536
4224
5770
7188
3992
2182
2318
6198
1204
4514
2882
3288
4678
5492
5390
9952
5950
1416
4412
3854
8596
5886
7998
3630
8022
4170
1602
9868
2416
6418
9728
8002
1358
8338
5960
2636
9024
5986
6312
2384
7810
3040
2686
7204
8794
1714
3706
7184
126
1904
1586
9190
3986
9664
4378
9044
162
8000
686
3614
3542
3652
9022
8472
1490
4404
1664
1050
8724
2558
4392
1816
9290
5558
7924
7304
3486
4244
1650
710
6842
2550
7592
4230
1330
8446
2010
5236
2630
2042
9242
9870
6400
9366
3382
6198
2432
7362
3304
4850
464
4506
4428
2828
2208
6660
2000
9712
9932
3480
5756
8560
8066
8468
174
6918
5606
7784
2618
852
7008
258
7086
9088
7646
438
7364
7678
2620
7792
6402
3422
5172
200
7306
2788
9940
8224
7372
9142
9220
7560
9266
3002
694
8522
3808
5036
6446
1924
5068
2798
5968
6898
8
5164
7924
7072
5768
6792
8818
1026
2308
7246
6732
8244
4048
4164
358
6480
9208
4044
3916
2488
2258
2642
2572
6060
6540
3578
6808
6768
4490
9490
7058
1216
9468
6718
3328
3524
2022
386
3402
2186
7562
2634
5062
9272
6104
7180
8070
7744
4782
6306
1888
5916
6324
9074
7696
4980
6008
9514
3570
222
1694
7470
884
840
146
1462
6130
7778
3452
2696
4244
2458
9606
3976
2764
3176
7516
468
7576
5830
4312
2554
8904
9820
3392
1818
3920
7002
4158
2256
5568
2938
8990
1968
9030
9322
8772
6980
498
3888
2158
8938
6218
386
346
3826
2358
8060
2550
6414
9450
2166
9278
540
7302
7728
5594
8220
6604
6440
574
1712
44
1626
9464
1220
4904
586
8956
5672
5224
4656
4672
6916
8740
4440
3936
1896
1368
1174
2642
1652
1130
8308
3660
4336
7816
816
3510
1518
1546
3480
1994
3576
5012
2844
6614
7434
6248
4132
840
864
7764
502
6654
1780
2242
3428
4320
1616
8508
6390
5630
8502
6870
4772
1722
644
4922
8920
1578
7960
6702
9154
8136
2526
6454
1792
4948
6698
3430
2780
7022
9802
3072
2826
7370
5212
6654
8824
2790
3042
8886
9352
8670
7892
8812
5920
8654
8258
6732
1486
268
1470
3548
5178
5050
1402
4602
9974
6726
9282
1650
590
780
8514
2886
2070
5524
1110
4176
6778
7236
3412
3264
3872
8820
5830
5492
4572
6960
6570
3564
1930
4260
2006
6202
108
680
300
2908
2884
9914
9994
9980
9620
6436
3312
7962
3338
7250
7878
4734
5508
7014
6732
3902
4228
9854
7976
6186
9506
1666
5776
1276
4820
3926
8062
6266
8374
5746
5022
8850
4430
5702
9310
3912
8236
9362
9440
2204
1272
1436
5362
2500
5888
8974
4666
4394
5312
8738
9560
3758
5370
1464
4736
2654
6422
7638
8720
214
3626
3236
3944
5508
9602
1202
7604
1284
9602
3340
8012
9416
104
884
7872
1434
6432
3146
9250
7730
1850
4270
7298
812
6326
3484
7770
3536
184
7358
5432
292
5682
2850
8844
2214
5300
2470
6682
8952
8566
6278
3250
1400
9610
2426
7442
3604
1388
6106
2032
14
3792
8230
9604
2116
5562
4410
334
5140
590
7274
4740
8040
4054
4848
5266
1866
8058
2408
3792
214
4018
6278
630
1714
5082
3520
6454
3834
9986
1724
5312
7362
3094
1520
4748
7176
9576
2688
8658
2174
1162
1022
3642
9548
4498
5808
8926
706
7902
9554
8058
8916
9438
320
952
1300
2950
6460
1666
9382
8152
1826
8056
6366
7002
3320
5944
6422
2060
4158
1966
238
5764
8742
30
2250
1810
6786
2838
5900
8324
3772
7602
7192
3146
6280
4152
3212
7574
118
944
6164
3650
7786
9158
6784
8908
746
2428
5934
5160
5214
2064
1420
7498
2784
6404
1788
6356
5382
9814
5850
4164
9990
352
2332
6008
6788
3796
2774
6446
2928
4352
1306
4748
8180
1242
6794
7082
6096
7376
4934
156
3406
2186
5056
9930
3440
9906
1636
9270
1458
1774
1360
5864
9698
9482
4450
8118
6844
6232
5666
9544
352
7852
2126
3278
6374
4326
7682
2772
7656
6326
888
504
5958
290
3060
5592
6986
4798
7022
1502
7682
2698
6910
9144
1398
3688
5420
4108
4360
3664
2222
4158
1932
9942
4944
2426
8288
5408
4666
5858
7540
3826
7680
858
6772
3586
4896
9542
8442
1938
8638
6534
3224
7142
3846
6764
316
5208
9532
4848
7482
6426
1786
2286
9158
7728
6604
7128
1970
1464
7032
8104
1122
730
3364
2050
3704
2014
5272
2398
6334
8542
9318
6540
7478
5034
8848
3616
708
2192
4916
8782
5486
8752
5276
6232
8502
3274
18
620
4712
7216
570
2828
6282
3498
9518
852
1426
140
4020
3064
7334
1752
7522
7960
2596
9832
1518
992
7082
3948
604
278
7130
2334
8376
3840
9224
7456
5368
4604
4328
1222
1946
9510
1598
8164
7138
7952
4968
2050
6872
162
2184
8790
5368
9384
5180
42
3006
1170
3136
796
8184
3858
804
2110
236
2546
8668
4254
4342
2462
696
4652
8460
1966
4492
5478
3314
1902
8448
5170
8610
3684
2100
2596
2090
7620
6414
8778
2900
5440
594
1568
8342
828
2958
96
7766
1386
2006
8666
4552
9412
3822
8606
7564
2212
9190
6336
1170
7272
4592
816
326
4312
5666
8598
3430
8134
346
8800
2632
6828
6770
768
8966
4140
4210
9732
4068
7578
44
7018
9136
8192
2936
9424
5210
60
8292
2214
128
7476
2688
5432
6046
980
3848
416
7594
2430
5882
2656
7822
1504
8924
1160
8306
738
6168
6160
8454
9220
9782
4590
6920
1444
9582
8962
5752
972
8652
2950
4568
8656
6586
4306
8504
7880
580
7978
3878
9848
6134
6426
3360
5688
2212
5520
9808
4660
580
6974
2984
9840
5176
7594
4620
4558
5968
5146
8714
2488
1658
8204
8964
8428
52
6202
5468
1286
5894
4146
7402
5542
4418
5984
8234
4816
4750
4312
4996
3098
2310
4040
1846
1542
3898
4704
5944
2006
2702
804
896
9106
6062
5456
1582
5218
8996
5882
1100
6084
7850
4818
7992
1550
9000
44
4250
9682
1754
5044
9502
4622
7902
1778
470
596
2272
2920
5356
8670
2796
2400
1204
6084
626
9418
3332
1560
104
7858
4000
7946
3020
302
5666
3076
4482
3868
1222
390
3770
4598
6538
3748
1320
8904
7686
7190
5768
7590
2482
8020
1184
942
3828
2934
7774
8336
5120
9748
2716
8756
3630
3104
6244
9178
4650
1996
524
9752
4424
1614
90
8912
3570
4760
8550
9150
4552
2240
9884
9864
7952
6286
2612
5002
2048
4674
1166
3378
5694
8290
5492
1222
102
3156
2384
9086
222
9136
7032
204
4410
4194
2184
670
6204
9950
1798
7752
5770
7876
8864
8998
3298
4508
832
1790
5060
8676
6928
1250
8462
5964
9724
916
6874
2890
6454
2336
998
5400
7262
5046
5336
160
6208
3818
4882
4652
3100
5258
2606
7932
4644
284
1806
6068
1698
1746
306
3204
3694
6904
2878
8482
1382
5550
1362
2844
1630
8664
9674
360
2886
4448
8766
8160
6772
4236
2098
5118
6116
7348
7624
6702
2912
9124
408
9322
8910
3540
5660
7272
9784
9862
74
3674
1730
384
5392
7812
7916
9478
9790
2820
5702
8382
5266
7176
3170
2520
220
8774
9076
2712
6122
7504
3862
6426
8072
4810
5136
900
5204
9022
3228
7544
8928
1726
6570
5786
7564
1384
4614
9308
1158
2110
1476
5786
7644
8748
8392
1882
5644
6740
7934
3316
3348
9720
4294
7338
186
9748
914
9142
7846
214
5854
4044
5690
6268
8996
2402
2676
1764
8036
3372
3064
5132
9596
5210
5334
2442
3242
2300
6316
3418
3536
6238
7364
9250
1750
6472
8364
5862
5814
6274
4990
5196
6472
2856
4556
4826
8916
1242
9924
692
2966
4360
4314
5936
3944
928
7150
5832
8498
7102
2970
192
6720
7748
1480
5552
4996
796
9470
1886
6614
5472
578
2516
7928
6276
1172
3748
8308
9974
5552
6196
9152
9544
8348
1666
7462
960
7178
1466
100
3832
1768
870
2352
5274
3454
9092
8478
5380
808
306
3308
4992
1394
4684
1182
6910
4868
7362
9054
624
1758
2066
122
9426
9278
7904
4664
4352
5284
2258
3934
9580
4064
4744
4378
7176
6268
3326
9502
5168
8756
5210
8400
9454
6942
9524
120
604
8936
2578
9302
9538
6426
326
2802
3584
6012
6618
5916
9278
6746
8808
3294
5820
7848
7504
7486
5896
4630
168
5240
3754
340
4272
3666
7144
9870
1810
4272
8282
2804
8190
3254
178
5102
5612
4880
4282
4680
6616
3122
4924
3594
7622
7964
3870
8696
6132
5262
1264
9306
4086
7536
9836
3770
4960
3246
7856
2866
8326
3362
3288
1184
2676
9186
6894
1028
776
1216
1562
8032
8366
8522
4394
1784
7464
2938
9838
4272
7558
6354
9182
9054
7112
3490
9390
8320
2754
3532
9520
3242
4466
722
1248
6822
5702
2348
5768
5798
7430
6138
8036
1562
3640
1370
1390
7410
2656
3982
1390
306
5044
1766
8888
254
8030
8334
8072
4416
3244
1550
9874
3854
6266
1706
7034
4352
2238
8088
6742
9426
6768
4006
9334
6746
4788
9904
2234
5524
1600
1012
9670
556
9776
90
9828
9656
2314
3490
5328
9132
2090
9600
9862
2650
9724
9282
1966
6752
3430
8750
4442
1066
5386
9184
3348
2542
4350
3920
138
4156
5308
9746
8174
1806
8932
1998
9992
9020
9808
7500
6264
5616
8172
1726
6424
9636
7842
4334
1004
6920
3356
5228
1686
214
7570
6622
7218
24
7224
6924
9570
4628
4310
8860
3066
6770
8112
9712
9816
9394
9240
1202
8898
7102
9866
7924
4476
7598
1358
7424
8392
5540
2484
9350
8062
924
6784
6104
2192
5154
9688
5104
752
7298
8902
4922
1708
3412
2880
3104
5192
8262
1420
2568
1738
7826
802
4234
136
8892
260
8348
2446
648
7986
9548
9630
5264
1806
5504
4610
3950
3514
964
7650
9498
1084
7868
5646
4446
3010
4866
902
1088
4458
8580
6644
8512
4340
8078
3896
9016
76
8922
3214
9552
494
5082
2288
3966
4536
604
7994
6520
2308
9026
948
6350
7422
2206
9900
4034
9666
6708
6482
4514
7724
7962
9510
4454
2726
7182
1702
3210
1738
9470
7676
3906
9176
4390
2410
3328
7076
1344
9268
4698
1838
8006
8372
6308
1024
258
5504
538
5628
3514
4350
7250
4782
6446
3160
4180
1182
6386
7446
2170
6580
8652
9186
4246
3976
4480
1216
7164
7952
7116
7912
3786
626
1438
1394
6238
4576
7420
8354
694
156
2788
3308
3544
1628
7056
6100
8206
5962
3244
7986
7872
5626
7660
8084
9206
9350
7386
4444
4134
5976
980
5464
6400
6062
930
9998
9346
62
6048
6754
1538
4956
414
1090
3988
4732
4426
2830
9220
4598
482
5772
26
5042
3188
8728
9562
2966
2652
4506
8114
5666
4202
1674
8834
2330
1646
996
3152
2816
7824
1140
498
5842
5128
7438
788
8728
2356
4944
8840
7600
506
1512
4578
3012
7342
7830
1122
1924
3114
8652
1886
2670
4062
9710
1206
8550
738
2270
3290
8118
2232
7270
9140
6154
7136
3808
968
6474
5846
7218
7810
3930
1578
2044
1214
5980
712
982
7198
6878
4912
3176
2224
3364
7700
7772
1506
6000
3208
5794
8462
8416
9246
6626
2170
3354
8124
6790
686
1134
3620
3252
2172
5696
3912
8850
9322
2690
7094
5708
8472
314
9138
6642
8892
4314
6508
6432
5464
2638
8914
1812
7776
8476
5960
1118
3108
5624
6050
2564
3514
5388
4042
2832
7146
5592
2532
1256
418
4224
6166
6096
3700
9972
5994
2814
5118
6300
8022
1366
5068
3286
4
450
9006
3116
1544
2528
5954
1756
164
4172
502
5234
9370
8530
1464
9332
3790
7198
6420
9008
3502
4934
