9402
4402
2784
6102
9110
206
4738
5544
6738
3876
3148
158
1214
4512
7302
1572
9500
578
134
8246
6604
6676
9590
9132
8722
1884
4110
1372
9908
6246
5878
6696
6594
182
1600
2132
4930
9308
5402
4540
732
636
3058
1712
4826
6676
8846
1832
9632
4470
8120
8662
8346
4128
3290
4964
2296
780
2394
6218
5400
7642
7046
9720
276
9280
752
1924
1206
5184
2882
9244
4350
8966
3464
8200
1500
146
6574
1264
8440
8752
3148
4888
9896
5676
7026
2616
756
430
9540
2318
9518
3158
4416
5408
7552
236
5650
5888
552
5388
6962
8254
5410
3316
9740
5642
2102
80
8574
342
8386
7352
8248
6014
5454
9046
230
3880
4492
626
1888
6568
5184
5456
1768
8516
6258
6758
5840
3288
658
9904
342
9014
9292
8808
1094
2136
1314
4618
5342
9456
3000
8856
8952
2968
1032
978
7472
556
6678
6120
2664
1702
1898
2604
3726
4444
6926
3662
7504
6650
7824
1426
6324
5914
5410
8180
6724
8768
6934
7770
5304
3892
2688
9130
2896
1914
2744
3218
3282
5576
3962
4918
5744
1142
5846
3012
3244
6774
2036
6920
8822
9092
7812
9534
3016
6854
844
6428
4722
9950
9700
9082
8182
2108
3598
730
3076
534
9362
1756
6900
4398
1978
8828
9424
6056
714
3762
8574
8040
8348
5458
2194
9564
4086
9594
448
9610
3458
7198
3292
5382
6382
2752
330
190
8566
6370
8858
5774
6554
3118
9544
1918
9932
3976
806
8484
3624
6478
6252
6378
8806
5750
3362
2342
8770
854
8310
702
6986
8134
862
2384
1502
1512
4662
4606
2688
9338
9194
2950
5774
4312
7108
5182
1362
4426
6624
4866
8034
8082
2100
4108
6892
1578
9256
896
5122
2186
9592
9856
4076
3600
8862
6084
9062
3516
8084
6178
5742
8464
5426
4238
9026
6994
6646
6932
4396
2616
7108
606
9338
9200
6336
6626
196
9296
1032
2592
7632
7392
5154
7768
8516
5186
7128
6592
3274
6144
5938
3340
1750
7686
1072
6014
9254
5048
9162
8934
6758
6454
9820
8220
2232
598
9152
6074
2966
7120
8318
600
6216
3496
4614
2514
1186
3490
7230
5006
7618
2530
3446
1182
1682
3350
3948
8080
7568
2686
3740
8738
3354
7132
4680
5860
5462
9538
2484
6520
1674
8978
8280
3460
2442
8056
1864
2074
5266
1038
3494
2790
2216
6058
1164
6326
4692
296
8774
1654
2506
8596
3134
3960
9702
1854
5198
8000
7248
4946
6558
2986
9462
1134
4106
5254
3810
824
4164
8436
1932
5614
8134
46
9732
9248
706
1456
2902
6494
5474
7748
5402
16
1584
6774
2938
5690
5154
5254
7946
7550
1658
5028
7518
3778
4670
7286
8146
1290
9410
7436
3326
1266
7930
4366
8620
6430
4278
264
8728
5436
1364
6838
7672
1842
2828
7000
9268
184
2490
3172
1702
9824
5038
378
6086
5778
4556
3930
9934
2460
8408
2568
8778
1606
4544
5078
3858
5406
4876
2562
9894
7972
1434
8966
1480
9030
6776
3226
3022
5080
7840
8748
3130
1804
9180
6816
3456
3424
2198
9356
4174
7670
9790
8598
7648
5548
7306
9684
8620
7806
9556
664
938
2584
8162
6620
6620
7844
1760
6914
6818
3868
2170
112
5308
1092
1806
7570
8472
1022
6668
9564
8934
3930
6638
7874
2296
7540
3762
5110
1954
2600
4382
2272
6306
5542
5746
2758
4400
6808
4986
9824
5528
262
3084
7350
2542
5586
9204
9454
5406
1694
7918
1204
4098
9594
2568
6006
5844
3382
510
1354
2222
7990
1308
4986
1872
7532
1420
5542
256
9190
2992
4156
9678
1668
7090
5210
5802
5042
7146
3008
2296
6076
7316
6812
4218
1150
5784
264
5892
5320
4042
9998
1540
6748
9784
5874
5808
2952
6106
9908
9182
8700
178
1696
4734
5180
3074
1514
5554
2102
7372
8686
9006
6376
4266
7518
4110
9896
3758
870
9860
9996
3618
5448
1028
1020
2710
9836
8680
1874
7290
7408
9948
772
1476
4460
6908
1140
9402
9352
1078
1360
7706
4142
9420
9914
4668
9160
5388
1648
7146
5846
4536
7056
6760
3804
5104
7764
5990
2960
1152
7126
8118
9004
7112
1038
8924
2716
2616
8136
9022
1208
7130
2632
9052
948
2334
9658
3402
930
2692
4126
1596
9872
4730
7584
6710
4372
630
5834
3676
3976
5994
9060
8374
6916
8698
4448
432
782
6432
9802
2030
4734
934
1860
3466
3960
7816
1184
4990
8112
3812
3770
3914
2974
6990
3548
7690
4440
4182
6066
704
6816
6576
5114
1338
3286
5774
4642
7586
7006
4160
4528
6254
2726
7614
2022
3344
5474
9934
6424
4050
9324
660
8604
2140
2124
3014
6020
296
5102
2020
6830
6450
8952
286
7088
940
4578
6966
3594
478
2444
2856
3814
9930
1270
5080
4326
3266
9424
4772
3834
4538
1042
8146
2532
1118
3492
8516
3112
2382
2860
804
2924
3750
2806
9138
9266
4440
7996
2644
8412
7998
274
8298
6392
8910
3410
8680
1302
926
3918
5038
668
816
4898
6006
5602
9136
6646
7762
1508
4496
9102
5736
8142
1550
1932
4488
3316
4664
7410
9342
4466
2898
1026
6308
2596
3080
8824
452
6794
1444
2706
4864
6684
2264
6838
9928
1378
7564
7536
5454
9564
6074
224
7120
50
3152
2584
3478
5546
3532
3488
4768
1164
7140
2556
6792
1628
5614
6244
4130
6924
4378
30
5048
858
2738
2910
2690
2124
1010
1826
282
9056
7934
3904
28
4602
8020
7854
8678
6374
5430
5214
7664
9142
574
956
8866
5456
2776
6828
3818
1318
5440
8606
6384
7448
600
4694
5242
1930
9776
9256
9182
4440
6216
5224
1122
8428
3308
7246
6242
6720
9064
632
7166
1420
4620
9112
464
6042
8466
5876
2436
9380
6098
6834
480
5360
8974
5578
9288
1110
7008
7706
2596
1562
6316
9260
4108
3540
9284
2802
2226
3254
6872
7366
7830
4006
7836
784
890
2972
3574
3370
7246
4160
8150
1910
9704
2694
344
1416
6550
1912
7162
8482
9370
4382
3694
7366
7694
1852
1490
352
5610
9748
1008
4014
764
832
8420
8774
572
1948
6296
6996
5504
2078
7632
8874
5566
6414
3810
6242
7888
4930
164
1234
8460
9606
8742
1200
3130
4372
316
3386
9690
9892
4612
3132
3474
5790
4974
8080
6234
3340
1854
204
6178
6432
3448
4986
1978
2272
3790
2366
1314
2954
4668
8156
9626
3490
3644
396
7524
9460
3142
9156
5590
4604
4306
798
2264
8100
3478
9714
3662
326
3358
8454
1918
2756
2736
9844
408
7298
9152
668
9758
9016
4544
6966
4802
6410
3556
918
8882
9138
4042
7860
2922
8926
2414
5920
6714
6478
3158
1520
3534
2832
5834
2136
7228
9680
6298
8662
7544
4528
3864
7332
7252
1682
2278
1252
6540
3638
6940
5674
5228
8388
2400
2600
2366
5598
9044
8608
7948
8826
8802
1424
5496
4528
7430
1158
6506
7280
9394
966
3234
274
6406
528
9618
7168
3340
6900
28
9044
9630
4068
1138
5056
3484
4214
4104
7848
8516
3632
4598
9862
9540
5914
6684
5612
5540
1404
5922
334
836
5408
8342
5662
5612
9566
3350
4478
6376
2860
6874
9506
4730
3112
3038
1902
1872
9232
662
4030
5062
3758
6356
2648
9238
4284
3700
4846
9094
4924
2176
312
5820
3442
1078
1470
8268
7218
568
8852
7210
9596
8286
7272
7220
4048
170
1960
2488
8982
8688
6290
6694
9156
5120
9168
994
5998
8146
1362
7350
9642
1590
946
5268
7770
4586
3288
3242
2834
3248
8840
9242
9316
390
2084
3352
7782
6338
5606
3838
8270
4006
512
8058
6128
3092
7856
9688
9088
5810
3062
2072
5924
212
9840
4050
8004
6882
6884
938
3944
14
6960
3694
4606
8144
5930
498
9176
7388
7542
788
1188
8350
950
7822
1764
3012
3362
3218
816
9124
2156
4712
6026
5584
1346
2694
8480
4144
9792
3998
4522
4768
1768
1418
4642
3676
2218
2098
4934
5874
5536
9314
9242
6422
9010
1518
5954
9344
456
56
9122
9548
3870
2422
7556
9272
9942
3892
2544
9984
8058
8282
8618
2508
7896
1176
1752
2372
8318
4244
9264
1666
9824
704
3504
5414
4464
7476
7902
9002
3310
3596
9810
1196
2664
3894
2834
1242
4588
2514
7848
2592
2610
6634
2924
370
4228
8794
9118
1930
8522
1974
7916
4026
5824
2518
7762
692
6384
8718
3820
6370
9678
9882
1764
9844
9526
9636
9932
6476
9994
1444
8380
8132
8336
4402
2580
8490
954
544
6002
1294
534
2166
7014
1804
9064
1140
9960
714
2766
4478
8436
8010
7880
1822
572
4432
8374
5638
3838
9422
2600
5054
3398
4988
7434
6794
6908
9318
3304
2148
196
1496
3880
96
1348
362
8446
3234
8194
18
9328
4254
6214
6550
3480
7528
6196
1816
7500
7524
8334
7668
3330
7578
3416
9142
4726
9782
6304
6346
1288
3404
7418
7344
3542
7662
7346
8236
216
7058
9466
1666
5694
16
8188
2738
9760
8318
9740
3296
7726
5490
4914
8918
2982
334
6420
6990
2054
878
3806
9026
9684
1118
1008
7490
8048
3102
7938
6440
842
8596
586
180
2588
8976
2962
9582
4680
3334
832
2672
4664
252
8634
1504
7054
5562
776
9880
2834
9432
9234
6690
1824
5206
390
7246
7106
4714
3518
1500
9192
470
1636
5666
682
4918
7442
114
2490
9692
6116
5742
7308
5032
3132
2144
8502
7406
942
6854
6826
5002
2964
9764
838
9384
8702
8254
5968
5078
8358
2180
5854
6412
4508
3340
432
1394
3712
7844
940
8862
9946
7186
3992
3212
6482
5046
1010
6556
7718
3494
2402
5342
6496
9246
3074
3150
8202
8620
4390
1340
2414
4548
8528
1958
2040
858
9874
2964
4764
7214
9248
5460
2460
864
5138
4376
7320
5654
3238
3732
3912
378
1512
8574
6050
1426
5882
3932
9648
8472
4144
6770
3242
9142
7534
8328
9014
2858
4626
8070
9032
7652
8340
3238
3898
4166
3274
7146
8676
556
584
4262
6402
9218
5812
3586
7904
6162
2082
4766
5574
9750
4678
7530
5360
5928
3208
1776
6332
4078
424
2462
2574
9774
4164
5472
9750
798
5798
1680
4142
1826
6522
6460
8746
2092
2070
5870
8770
918
9482
4386
2772
7864
8508
1686
2234
9288
4066
4232
2518
3432
1432
6968
8744
3580
3514
1938
4072
7492
3728
3396
3768
4282
5576
3584
664
5754
1444
8882
9202
7048
5966
6558
6098
366
3074
4460
4462
5628
4098
4530
3706
558
1754
2760
2710
4254
5342
2270
7546
838
7014
3680
1932
864
7852
106
66
7096
4042
2204
3664
9174
4656
2282
6414
9776
7918
9844
4866
5698
9108
4920
8538
40
5820
2902
4380
5086
9932
7710
2396
4606
262
2282
6006
3486
6128
1274
2828
1416
2934
8996
5792
2394
6396
4980
5134
176
6944
6050
9978
3270
8930
1262
8898
6116
6872
6296
7854
9190
7928
1840
9926
9958
4992
1780
4020
6486
1530
4774
3700
9222
6984
3518
5078
8734
90
4512
9558
9316
3528
1330
4710
896
7772
7104
8740
4854
4656
9846
726
9492
1024
3206
7816
5070
6444
4880
2668
1028
4850
8936
1240
3516
4700
4674
8412
8838
1122
1106
7944
796
4798
7906
9512
880
3166
4794
4916
2334
890
510
6222
7572
6218
7504
8260
3708
2092
2210
8122
4196
2574
7574
8246
4710
1918
7436
1146
9996
310
4342
1620
2552
3104
3446
22
1278
934
7418
7094
5110
2222
5458
8854
524
4126
4576
4414
4118
7204
3618
6430
24
5856
4620
1780
6890
4758
778
6552
1330
9296
496
9528
3632
5362
5084
9314
6594
7584
2140
5614
2336
7908
5702
2934
3596
3696
2346
8748
6742
298
1982
3926
8182
9522
6190
8948
8148
2762
2936
1378
8974
1788
376
8002
7242
2522
6616
2732
9610
6924
3410
9446
5086
8420
6372
1000
952
664
9110
3570
5854
9052
9966
1142
5722
6750
7360
5484
5758
3528
5074
542
9464
2878
6534
6424
7986
5262
4016
2212
1346
8768
8108
2866
9234
2884
936
9910
964
4464
1874
3816
364
9266
9042
842
40
2
6496
8654
5384
10
9384
7438
8080
2936
2348
4336
80
1236
4146
8644
9124
2098
778
6260
6406
3226
5948
6230
8154
5038
3822
7284
308
2754
6586
8272
5098
5230
8822
6460
4230
838
7782
4206
9916
5736
2360
4668
1016
5930
7318
2060
9722
162
4960
2530
2734
3114
8022
8728
7810
3396
4918
3042
5644
5666
1524
9900
5816
1512
9808
3596
2142
6038
7002
7816
8662
7422
3562
9392
258
2280
7808
8210
7292
1714
1322
4446
582
532
8064
8388
9866
6410
5378
2482
6892
9690
2278
1992
2018
3878
7976
6222
9350
6734
4108
1496
8748
2586
62
9402
7804
1094
7524
4352
6698
1480
4050
3428
9770
6558
9434
7006
6806
8414
9312
7728
5380
2642
9324
9752
2220
2120
3814
1326
410
9000
1648
4944
6480
1914
9302
8148
6180
6436
9810
7376
9452
5514
1810
4222
5810
2700
7358
2420
1788
6174
1204
4940
6664
1252
3782
882
2114
1812
4474
8502
1026
8760
7622
8074
3606
1616
320
2232
6652
2762
3494
4704
384
2478
3368
9204
9850
9304
5364
7184
1560
2128
4866
7674
116
7854
2282
5154
4204
2382
4734
2158
3060
7634
7148
376
1164
7960
8204
9644
4382
6898
6684
8816
9182
6522
7032
2078
5492
482
9676
7878
7008
2436
5164
5324
8798
1764
8240
8200
5464
3794
4874
4480
6718
4670
526
2522
146
6442
3046
7622
7488
6280
1248
1916
6290
3780
3422
7422
5552
2568
7512
8270
7712
16
2752
1072
4052
9394
1358
1548
4882
4196
3474
2612
3658
1220
3762
2084
4020
2420
7562
2246
2772
824
9052
6242
2868
3492
6456
6044
3134
6590
3760
9428
8976
9824
2720
9240
3708
7044
6886
8144
6258
6318
3946
6410
8558
6884
5030
7012
8068
316
6038
9272
7256
238
2026
4190
2544
2088
7558
1998
2920
6666
5024
70
7744
8418
3746
5324
4512
740
6860
7112
8722
4502
7400
1480
8954
8060
8070
6548
266
1128
7586
7662
9296
8048
2668
8860
9082
9182
2050
1468
8662
5754
9638
8386
6710
9986
5722
4680
496
9664
6276
2518
5594
8844
9362
1348
704
6004
7140
5904
5034
5300
1020
3672
9918
6392
284
5490
2000
214
1248
9974
1680
5714
8642
146
7702
6358
2084
7256
3948
926
5570
1188
8370
8376
8836
710
1364
564
6900
5788
3744
8476
5492
7990
8830
3788
1764
1032
9190
4616
8932
7704
3900
110
7198
8968
7842
3706
1694
3094
2550
980
798
9898
6188
666
3682
9646
3406
8806
4916
644
4166
9812
8944
5454
6700
8000
5760
3684
8748
4940
1080
4988
5600
6052
8580
7456
9720
984
5678
3950
7682
7522
7868
1642
4672
402
4024
808
2490
958
7014
5314
5990
8326
7968
5982
8742
4670
6142
3106
7900
4214
4690
1802
1842
8250
498
4640
2254
4520
6312
6108
1950
1258
4242
3592
9814
5812
7596
9212
9046
2154
9804
512
1258
7640
4066
3202
2288
628
9142
8234
9260
1008
408
7460
5316
426
338
3124
4000
1368
6464
752
6848
4514
8478
140
4050
9192
3494
5370
2196
4826
9220
9824
3764
2316
4758
9608
7320
3350
6712
5930
674
6848
4616
4526
2208
5590
616
7890
2842
8710
4068
7624
5038
4750
7942
166
6486
5706
1012
9050
3812
3188
3362
76
4086
1188
7898
3856
9006
7846
8010
9966
2684
466
1422
5934
2166
5962
8828
8920
3580
2222
6888
3114
3422
9188
8590
4680
7268
3296
3894
4504
1786
5296
5120
3288
7966
6566
3704
4704
5570
8690
3302
6184
4676
1226
4784
692
208
6474
792
8218
5478
6584
9254
8252
2710
7272
8118
3168
1886
7884
6536
4764
9998
6386
7426
8028
1192
5328
134
3130
12
7588
6102
710
3640
3004
6162
2012
1158
7396
1602
2864
4592
3152
830
2328
4168
6398
2656
316
8758
6114
4914
606
9818
8902
7754
9672
4712
4948
2490
9428
1274
9662
5524
9928
7016
6462
1832
5610
6798
6834
4218
706
602
5314
1456
2880
1706
5718
9622
8344
3308
5562
8358
5990
2138
3824
8404
6492
8704
1960
62
8920
8036
5952
8412
156
2432
3564
1110
6864
422
1366
3942
9432
1278
3350
8770
4474
2142
702
1156
6636
7122
6824
8858
8854
7846
9734
4266
4774
6578
1510
6418
954
9510
2070
8902
9868
9610
7678
7528
9992
7826
9850
908
1278
2184
3304
8248
5592
5482
5606
2956
3220
524
3626
2044
940
9786
9798
9484
4162
4486
6426
90
9090
3128
298
9358
3514
68
9450
8186
4184
5722
9230
388
1028
8670
216
3636
6764
8374
1012
3648
2862
3358
5710
9030
6898
6272
5898
8156
4440
5076
1570
3556
4698
9234
3522
728
5244
1686
8938
712
3784
8570
7162
9430
4998
8334
102
9198
6526
7022
8538
9912
8078
9182
2738
3484
5346
1352
380
5262
5102
6046
7506
7780
6682
7560
966
8142
5398
754
5610
906
6460
1396
5890
2842
2276
810
3024
8934
1050
7660
2714
1868
9238
5190
2772
1948
6800
298
7362
9552
8944
9532
9588
3594
1208
730
212
7902
3752
2430
4392
5698
8376
4346
2262
5630
346
5362
6816
5248
9624
2140
5986
8654
6782
5836
1720
9386
1680
1192
4926
4214
4552
6626
2776
5614
162
8472
9494
9578
5874
1676
4294
1904
8132
654
8606
3230
8754
7886
1676
6988
5384
6116
7684
9736
3788
3740
7504
208
7518
9228
5752
794
2790
3732
750
1372
4304
3874
5128
5908
3704
6864
1810
4314
9318
5052
1872
7128
3322
6810
8746
6894
9756
778
8204
3016
1666
2258
9470
8348
4366
5834
3894
3770
1062
738
1218
4874
9242
4116
7092
9574
728
7140
2122
520
1256
9084
2746
2742
8268
2270
2194
6814
9002
7542
3428
3400
1176
8234
8768
6564
6884
9642
2974
490
5516
4324
4092
1028
440
9754
3048
5790
5234
6042
7178
4474
968
2220
936
2616
2818
5708
4936
4190
240
4094
3508
6874
2534
4410
5706
3810
104
1892
7508
1150
1984
6568
1722
7420
7044
8134
2350
2788
1472
8834
1120
5600
292
4174
4832
5484
5536
8644
4940
3730
8612
756
3410
606
8592
204
1458
704
8308
4656
8746
6954
4034
9262
8998
5398
5894
9666
3106
4306
1618
7322
7832
7288
8788
9226
6304
9064
7740
2738
9334
5194
116
2974
5684
258
5966
3348
6952
3682
9630
1692
7472
8030
1942
4730
6194
976
1696
846
1956
5768
8602
8284
8198
9910
4194
5962
4888
8162
7950
1272
5132
4658
6872
6350
9798
9134
1054
4418
6420
9510
698
988
4760
3280
8280
9226
5952
9548
8034
238
4312
9300
8832
6634
3306
5200
7470
4594
6272
1422
6326
3012
5948
1398
1944
1404
1652
800
6446
9386
4480
1782
4446
9774
8174
9306
2348
6314
522
962
6396
952
710
2066
5420
2664
5288
3762
9448
8842
7024
1650
2470
4350
1512
4224
1376
120
3206
7554
2534
7702
9966
8368
350
2354
7540
9338
5670
4472
1376
5778
7784
8060
7340
1566
2610
7020
2640
3476
4762
2016
3442
3628
8000
9504
90
6368
2484
2970
2178
8682
5886
3790
2058
7082
3880
4228
7058
7640
5098
3350
1572
7006
5960
9708
8196
2496
5434
9498
4642
402
7254
2020
2638
1086
8946
5186
2126
5212
8534
8598
3774
3552
9096
3704
5696
9988
4578
7488
3204
8710
2852
2654
1712
6236
2192
4794
3364
5134
808
6844
4090
3096
9894
9010
6380
9108
1188
622
3880
258
5256
154
6718
5036
4544
4176
8130
9082
228
3568
3050
10000
5292
6692
1924
2372
3364
8650
1490
1974
8196
7286
9312
5120
6436
7822
3550
3032
7872
4942
3554
354
7684
8136
1162
5900
196
6494
8042
3228
3848
3708
5734
6598
6022
8354
4648
6760
6326
9240
9342
8458
5520
1424
3764
3532
3124
6818
7204
8278
1886
2938
8996
5228
5720
9520
9434
2130
6436
6808
798
9532
4792
4212
1196
7090
5550
7840
3700
8124
8848
8340
1542
6252
5420
4178
5470
8860
990
1226
9636
4660
6354
5128
8080
808
176
2198
2410
3474
4400
5602
5668
4794
7558
4308
930
674
7954
8116
1622
2094
4064
62
3890
656
7422
780
4798
1788
3282
2402
7242
2390
4104
9664
8926
6550
3186
3008
9126
4308
7396
8214
6542
5116
4382
5494
4804
380
9342
1874
630
6952
1528
8060
1566
682
5852
5944
1478
1576
3092
748
5814
6360
7836
5094
4594
5544
4136
8860
6146
756
7808
2592
192
7920
7118
4664
926
3002
1358
4580
2970
5104
8016
1380
1258
6404
7050
276
7772
8864
7820
7298
2674
7584
5870
6930
5972
5134
5384
4644
9016
3960
8630
3714
3818
9956
5448
4078
6016
2480
6582
7502
3784
9378
9572
7650
6880
6934
3342
5902
2750
2726
4508
4006
6612
6256
1056
2240
7382
2866
6102
6298
282
8394
9766
4446
756
4216
2364
8898
1614
1232
6044
8812
7396
9984
4944
1378
592
4674
8818
9866
1472
2916
9838
4464
4368
2976
3332
3198
8492
9854
2320
3070
8324
9816
8440
3096
1538
5778
1294
4828
8036
1942
9710
868
170
8558
1672
7136
1428
4060
7022
8928
8616
3890
4234
2728
8654
3490
8660
6708
5908
9620
9800
5710
5370
7380
632
5896
6126
5910
3988
7082
4582
6926
1316
3258
1788
1372
4660
6624
2138
2430
9758
6972
8142
7716
4032
3022
9296
4968
1796
2152
8098
4344
7702
7786
1980
3314
1046
5720
3756
704
3468
256
3870
5630
2686
2968
1688
6934
7562
3724
9284
5646
2498
852
3742
5184
4960
6104
7986
2420
7184
9862
7336
7082
9748
6228
5524
2836
5756
598
3090
1922
5962
8920
2102
4422
2726
3670
942
7824
4492
9546
4446
1762
1092
1080
6376
1468
5422
9264
8912
5106
7326
2006
5200
9562
4896
2344
5640
9046
3106
8616
436
8862
9246
6960
8698
7702
1300
5546
6738
6470
9234
1136
6438
7342
1034
8040
1842
6078
5204
5452
7366
1878
4780
4408
6976
1354
2122
6182
3568
244
4162
7398
5496
9612
3346
4684
202
8480
2238
4460
3820
3886
7474
8654
290
8780
1756
4300
1634
6184
4594
5764
5422
8728
8870
4000
2716
832
8640
4514
5928
8972
9678
3084
3978
1422
3278
8112
6042
7156
4420
8028
2012
7250
352
5474
6496
28
8384
906
2880
880
8530
6710
5494
5944
6380
2438
9938
4420
1166
2638
9810
754
6714
1710
5050
804
592
1020
8082
4150
4436
86
5004
4486
8484
332
8514
7634
3300
4978
1188
1768
2310
7372
7774
4910
2048
9960
6756
4238
2922
1968
6654
3992
9826
3632
12
456
3388
136
2278
8942
2818
5024
9928
826
6158
9858
4110
1636
2870
8362
6108
6636
2800
1504
5594
52
6362
4196
2784
2558
7738
3746
7618
3774
9824
8798
1388
5702
9794
3464
7530
830
2770
6196
3446
2954
8250
646
7584
7066
7310
6260
9576
4390
5142
5982
1742
7684
2942
6154
5984
5124
3986
8606
256
4938
9854
5528
1978
3790
5830
1588
8328
1350
2970
684
1470
6340
3882
6104
2706
2596
1824
2318
3840
4158
2246
4054
1182
9092
8370
4680
6212
5600
848
8542
4244
7260
6862
456
4314
3256
5762
5108
5630
5890
5254
7122
8272
98
7146
4060
5690
8950
5384
2170
4530
4872
9568
9020
2584
9692
2716
7414
4294
9478
5850
3700
9110
1600
2572
6928
4618
3612
1574
2300
6468
7318
7962
9162
3240
9372
5856
9626
8314
9892
5610
4370
4108
8366
6882
7420
1960
7352
8696
6120
5940
3498
592
3576
2196
1932
4944
42
1608
3174
1994
2430
412
1162
2618
1782
1444
6602
7152
4448
6770
9792
7596
1426
7500
5614
7826
2504
7820
2562
988
8992
6800
7742
5630
5358
6728
676
8670
6558
3190
154
1766
86
698
6366
1166
7612
6344
6870
1978
5486
4144
8144
46
8062
3982
9326
2580
2644
8882
7408
8968
942
7254
2792
4778
6952
1130
6766
7262
7242
8332
3600
1820
8096
710
9630
88
8554
2300
2454
6944
7036
562
2344
8796
9788
9864
4664
7136
9264
4672
236
724
4678
1296
2730
8320
1808
8804
9442
1300
3428
428
4600
770
4248
8638
6994
3060
9726
864
6482
7132
7380
7310
2500
4376
8190
6960
8704
9698
538
6872
1658
7024
6654
7740
4684
1172
7704
4462
7446
9462
8150
7660
3162
8170
5176
2852
5508
4226
4072
6546
776
356
6018
996
1974
6510
4826
2812
1196
6054
6118
5118
6746
7360
4960
9436
7964
4776
1474
5324
9820
8172
7064
4396
7628
1774
8910
6290
6398
8736
7562
2934
9770
5794
7078
5780
2976
1276
1490
1924
3786
5696
6078
1902
8652
6862
8738
9864
148
2200
1676
7916
510
2162
6970
6678
3886
1882
4304
4666
2946
2860
2462
7804
8776
4644
5964
6600
4200
7204
7194
782
9844
3300
4372
90
1648
9196
5754
810
1712
8062
5742
7986
3250
1448
4058
8224
3728
5062
62
8718
4710
7972
2756
2270
5710
7864
5614
9354
7558
36
8358
3788
5236
8772
654
1314
5868
3700
6742
5314
5486
4082
1034
3322
300
3626
3590
3300
6572
364
2376
6810
1290
5362
3076
9350
1892
5286
1488
6486
6
4876
3294
9300
1360
8364
1726
9274
9606
5998
762
1302
4190
4206
9418
8304
96
2616
7892
4486
3816
2438
9054
2152
3418
554
1534
2848
4474
7872
6616
9252
6568
5232
5378
212
682
2042
7184
3898
5994
2806
3256
5242
9306
4218
6934
2688
9314
8116
156
1800
9414
4162
1876
3924
1468
4166
6604
9650
5656
5754
8706
9698
8258
590
7680
3190
2084
7128
4656
5034
8830
4256
3496
1434
7890
9546
8568
1936
3276
8532
72
8586
8878
242
8046
100
838
3378
4210
3610
2046
3228
9762
3862
32
4380
7316
1294
5562
2688
7098
2022
7066
2124
6712
3916
8066
5434
5316
3078
4442
194
3570
4770
132
950
4224
9616
5936
1766
670
9782
5670
1742
5262
5582
9584
3874
6514
6808
2458
1682
2092
2086
5536
5500
666
5168
9056
1598
8962
3752
396
4178
3646
1426
14
3254
8870
7638
7350
9628
9340
4202
7624
7912
5612
3648
8784
4320
9322
1982
7706
2482
2802
3904
4386
4100
9006
7974
4342
3504
9294
2816
1312
9038
1062
4902
1246
380
4356
6280
6698
2832
4268
4404
5718
7610
2614
8202
4442
9576
3524
6822
6774
3016
4066
314
5108
5066
8628
3566
5546
6592
2170
8218
4002
6562
6166
6160
332
5070
5984
2320
1102
5088
6682
7948
198
842
5010
3544
3514
6350
2240
4892
4264
2678
9878
9140
452
7504
3654
7956
9740
9466
7920
6900
8982
4340
2248
9632
2834
4482
8434
3300
3884
5232
6952
5166
2810
3364
6786
848
5900
2274
7010
8506
5150
2284
9222
5822
7596
1542
5222
3290
2386
238
6718
8324
3564
3768
3146
9344
1730
1800
4726
5940
20
9150
9130
1442
5514
3190
7032
6998
5588
9182
1894
1470
5994
9964
9568
9970
8750
7650
6228
9830
8432
8854
1148
4298
8626
6140
6236
2508
5904
9018
2680
906
9492
9490
2494
6464
2090
9098
8674
6938
6482
2172
306
3870
9396
4818
4238
6602
2120
9096
112
1596
9048
9910
4860
5270
4872
1854
9266
878
194
8686
928
2536
4182
2916
4472
4658
5526
1940
1072
1604
412
8342
8548
1864
7292
2790
126
8564
7428
5362
2
1328
5332
7770
5052
386
3466
882
1868
3354
3198
3594
3066
6802
886
9650
3296
4888
9988
9070
5980
982
9928
4758
4672
9624
8638
5784
1848
1244
3786
5216
7318
2704
6062
3314
4496
9710
9360
7862
7712
2352
1248
6674
76
5728
3966
7364
3758
7822
9698
3770
5104
5118
5588
8316
5658
3818
7040
3456
3294
9144
786
8318
9504
2662
1482
9518
2326
9734
9544
9402
3824
592
6334
2024
64
9652
2124
1206
1438
8864
1426
5296
7050
9932
3308
1694
8294
968
4592
6478
6898
7842
9880
3712
7552
9502
6748
634
8434
5496
486
3572
1332
9330
6028
1818
1658
9718
4034
3310
2490
20
3162
2690
9832
4410
190
7628
8450
2850
5102
7624
1540
8554
1434
9492
9448
836
2426
6418
9388
240
310
1226
526
1974
610
5574
6990
4482
6640
4034
242
4822
5866
7568
3504
6604
948
6138
3924
8944
4626
710
2862
6618
248
5030
2854
8862
8610
1722
7406
9254
1886
2718
2436
9506
7448
3830
440
3710
6280
4416
818
6782
1734
3526
6722
7338
2690
8674
4306
6284
2630
3842
1682
642
4800
5620
2706
608
2540
6250
3382
1800
650
964
7876
3880
3736
304
5530
4350
7156
8668
5586
7098
3386
5368
1244
3522
5328
3164
7132
9760
7366
1618
2736
2804
8138
3854
7404
8634
6428
4030
720
3420
2446
342
6406
2926
5330
6684
6384
7932
6260
1812
5756
9398
2728
2244
4178
9406
3328
3760
7886
8394
6488
1174
5570
6464
6464
4594
6574
9768
7466
7264
1052
4118
2734
6066
1214
7654
4212
5760
6686
7866
4828
4744
4040
4396
1088
9168
4132
4776
3536
3484
3770
1698
3450
5924
6478
7408
7824
4606
8950
4458
6238
1152
4878
8502
284
5438
5310
4100
3484
4024
1780
4160
7610
2108
3332
2148
5670
2026
52
3004
1382
6550
7768
7132
9526
1808
5666
7586
8560
2180
9926
5932
3314
9268
9998
1848
8642
6980
6416
3462
7100
3882
3810
558
7646
8572
5446
2732
5688
2214
4884
9544
1276
7242
5464
6678
5782
2570
5270
6478
3296
4324
9836
7424
4066
8018
8514
4510
9248
5440
2048
8426
8970
3042
9600
4976
9686
7080
3758
9946
842
3896
5016
3632
7300
4074
7118
3070
6556
6336
8358
9594
606
3684
5720
8922
3504
4772
48
2420
7458
9042
2758
372
3936
8272
1430
6604
8086
1458
2882
8120
7468
7940
5632
1054
9408
8042
1642
330
196
5626
2118
1898
9512
1476
4506
7840
6370
6084
1302
9334
2382
9548
9460
9038
3230
3706
4902
5524
3656
7932
7762
6852
5240
1256
8492
816
8942
1326
582
6718
808
6192
4782
6664
2450
5210
934
7948
9466
1770
7830
1146
4768
5474
3886
9804
470
9808
9400
8938
7050
3308
5920
9618
1734
5892
9322
3480
6928
8556
4392
462
340
5908
2084
9710
7364
2958
4624
7224
3794
504
3336
4348
9628
172
3144
2544
5532
1290
6018
8704
4618
8032
872
5186
7512
988
6218
9928
3598
7440
3482
9328
540
7792
8442
2642
5570
9788
3268
7886
60
3406
3818
3456
4018
4870
3826
7434
4476
5888
8460
9084
6178
8074
2736
150
8330
4196
7642
8446
9808
4840
8996
8498
1324
9726
7422
6586
4032
8392
8360
2280
4438
7628
4970
6562
5440
1968
9898
1958
1622
3690
1088
1168
7722
2244
1842
5920
2412
9948
3966
5684
9112
7098
7472
5710
1070
1188
6106
4614
822
5164
5152
9614
674
9812
2674
5108
9168
8140
2822
3680
8658
8472
162
138
8832
7224
9432
8764
7618
716
7276
8044
8972
3736
4412
9744
2800
1266
4288
2016
1312
3606
4194
2630
3954
4580
9948
3670
8326
5438
7438
3026
296
9484
1302
8994
6268
2504
4770
8724
7408
3846
8184
9976
2630
5164
7020
4032
9780
5812
6384
6930
6268
2622
2796
7300
8684
4544
4852
7034
8650
3878
3608
6054
9456
5052
7050
8776
3086
7892
9736
6672
7552
9592
2946
406
1124
860
5594
7936
2104
6320
6284
2828
1838
7662
9668
8160
1270
8720
2146
9388
9814
1658
1078
5196
1358
7258
6214
2796
6896
4922
9262
9334
840
2900
4258
3056
9256
2770
8190
2032
7688
7354
3314
3720
9150
5140
1116
6982
4008
7618
1982
8736
1408
3166
5872
5644
1392
9576
4628
1916
2526
8616
5282
1828
4278
8096
4310
3322
564
2216
2666
3652
6396
1378
456
5048
6226
1966
4596
3066
2530
8168
4244
3732
2320
7626
5370
762
546
698
8906
7608
6518
1784
9450
1434
7254
7214
9440
6986
6736
2998
2820
9260
504
8428
8494
9332
9188
842
6894
1688
8556
3760
4884
7134
9440
466
122
510
3852
7062
8544
3190
2188
7780
8338
5024
2702
5682
438
9444
8660
3794
126
6878
3282
5386
3434
2468
8386
9426
8876
1878
5974
7010
2740
4704
3064
2270
8586
3174
7444
3318
5064
3360
8766
1382
7214
6244
8674
8742
7668
600
8456
8224
8064
2
1602
4314
9776
4236
4530
7962
9496
634
1022
7128
4124
3964
9700
1714
1954
9210
5664
2036
8286
1650
6534
4112
1340
1920
1026
8628
9764
7488
7702
2002
5724
1418
8124
8866
7348
5970
2486
7822
7268
2784
5020
7836
1200
5762
2828
9806
990
1946
9208
9456
5614
8190
7120
5584
3280
5854
7074
2270
212
6172
4766
8482
5146
7372
2876
7096
6752
2450
956
4882
8240
9354
8300
5320
5978
8972
3858
9532
8608
2414
6526
8328
462
5010
8572
8084
5186
1550
9264
4358
2346
5276
3326
8468
3800
7208
1076
5540
9926
3888
6312
5118
168
4056
4570
5482
12
9050
6434
7264
6810
3288
6832
5440
402
7982
3314
7704
5014
2174
8088
1654
1656
2816
6328
4956
9306
4812
6202
9320
3404
9176
3712
2146
4048
4880
6954
7190
812
7226
1428
964
4532
3296
1012
6318
1784
2594
4742
1810
8366
9590
2854
4136
9444
4830
9424
844
3826
2078
3780
984
8842
9904
4098
3796
4010
5392
1068
1634
580
8322
6802
458
1782
3052
896
3814
16
1574
7142
412
6978
4522
5460
2996
8164
4670
6604
6158
9088
7008
3694
4662
3226
3318
480
600
7236
884
334
8726
2874
814
9490
7550
4448
3552
1768
3054
2982
890
1756
7590
6952
3256
7218
2308
516
7346
7294
3180
5170
9540
3168
8098
4164
7920
894
5944
4316
588
8708
5670
822
314
7554
6190
1578
28
2596
3032
622
1408
7486
4592
9324
374
6630
1182
5120
6404
1626
9306
7712
8442
9676
5922
450
7220
6902
806
6758
4996
8150
8732
2514
9536
1140
1394
2082
534
4160
6500
8572
4098
4188
9536
9094
3228
6040
6888
5442
898
9278
5746
7156
1254
8672
3948
9856
9572
4392
7760
8120
492
8028
1854
6408
8644
3260
556
2236
3722
8908
9666
5988
6636
5824
8288
3358
7914
1786
1548
40
5282
1884
1022
7172
3844
642
9602
8720
1892
1686
6074
9058
2086
1744
2922
5840
8258
9688
4052
9294
9294
3628
6680
3262
5066
6550
2398
1152
4028
8762
202
5122
8818
2080
4854
2626
700
2400
2354
4608
4212
5496
12
8478
2638
162
7788
594
6380
5120
6738
7100
9794
6794
5002
5674
7594
9246
7602
912
2702
5930
7162
6870
8378
5840
8386
4306
1128
3578
6830
5972
1640
3136
586
3676
6146
3162
2540
9630
1338
6036
6512
6308
2076
1234
1818
5036
3532
1278
2002
6448
7174
8148
2844
8136
7060
5620
5160
6662
722
6754
8164
1356
6500
4696
7484
6752
8676
4204
4774
2480
7946
6754
9322
3840
660
28
2142
6602
8402
2038
1716
2156
5724
8826
850
2664
4336
1156
3420
76
5122
6344
1850
6560
8106
1932
784
9122
6990
7118
3970
2950
2046
3036
1722
9144
120
9724
4080
956
6046
9890
8590
4076
4148
524
8898
2362
9226
1976
3562
2180
7496
9080
5454
9790
8542
7750
6324
2174
5628
3976
1110
4314
1592
5952
9828
894
6316
2558
4646
7710
6670
6478
2430
2986
2072
9548
1752
1968
850
9252
1836
752
3942
7248
3516
4674
7100
5810
4138
6972
3598
2216
7834
7856
2894
8230
2894
7218
872
2878
2474
8918
5676
790
7058
7952
1908
8394
3712
8700
6014
2686
9772
226
1782
418
9258
1224
6466
2148
9402
1600
8670
1654
1896
1522
9532
4814
4950
2386
5276
2760
940
8874
8700
5886
7978
584
4386
6642
3478
5554
2376
8060
176
3902
114
7502
100
4248
8674
8522
8840
1526
2500
8226
1552
9012
8118
172
5928
6306
2184
3736
1340
3920
1294
6740
9722
8894
8480
562
3928
3290
4798
7808
2554
3336
6346
9488
5250
6462
546
78
3278
7554
6432
4062
2920
4962
290
1880
6638
6844
5888
1470
9074
6360
5678
5868
1940
8494
6756
5824
2118
3840
2858
458
9530
1088
726
2482
4154
2804
8486
8896
3204
4064
3546
2512
9626
2000
4056
4840
3528
3474
4786
8740
7238
9410
8602
1156
3938
6820
3984
98
3576
786
1450
102
1024
7998
7732
4106
6946
9556
2100
7534
8990
2866
7450
5170
4584
6464
1674
6332
2192
9396
3830
2270
2138
3814
9378
9858
8390
9914
2788
6326
3376
4398
7762
8630
116
2998
7760
3748
4660
7686
9620
792
8818
4362
1876
2514
8986
7380
1990
7412
3882
5976
9996
9616
6516
7442
3148
5212
6718
2116
8872
5528
6764
8270
8782
7196
1490
694
9770
7606
6072
5722
6540
556
8438
7572
4444
9144
6356
4258
3066
4354
1970
4628
9186
6330
8942
10000
5874
4028
2392
3858
3782
3188
6476
4336
8228
2838
3712
8622
340
3452
7196
6394
5922
9036
5338
4994
3224
2822
5536
3004
6342
548
3356
1414
1828
4498
8560
5176
3528
7786
1592
9612
9198
5044
116
4488
3002
4476
1012
4810
7824
1560
5578
766
8242
428
5762
5574
5004
56
1194
3942
5200
3236
9366
8870
8160
2482
9072
8310
3360
2522
440
8892
5282
6788
2428
7684
7740
3886
8394
8808
2568
1340
512
2224
1680
5786
8712
344
4472
4378
3108
5070
6516
1918
4726
2532
7724
8364
3594
5006
3744
4328
5672
5912
364
8698
7960
4718
6280
5664
5370
4040
9838
4268
7872
3464
7064
1790
2062
4974
3208
6632
4158
1432
530
7698
9162
3370
3228
2312
6872
1924
6256
4902
94
5860
860
5850
852
7934
1686
4380
9744
7154
3972
7662
7636
7224
4150
8256
8576
2438
8378
4700
7744
7832
1982
2682
3242
3030
9494
9764
9584
252
1484
4360
2940
8172
8334
110
412
2762
2734
9970
7556
2410
6796
7298
5032
2776
3182
4622
3496
5710
9020
570
9136
6804
346
5010
6846
4020
3606
4736
3820
4034
5402
3446
7736
2036
5928
8046
2474
1596
5664
5896
788
6108
9572
9032
3754
8420
7554
1590
3720
1852
7846
6712
5724
6278
4344
1202
8914
3426
9248
4232
8506
1460
1246
8766
8382
7574
140
9666
8036
5424
1046
2220
2378
6652
6840
4602
7634
64
422
4266
7770
6340
4170
722
6932
2008
2904
6368
3274
3572
2328
4112
4218
5506
874
5872
4124
1534
4926
2518
3484
1500
8458
7556
3068
866
7432
2600
1138
5422
9892
998
1240
8318
9204
2438
1742
4262
5976
5192
1890
876
1424
6812
2018
1282
6558
1696
330
6390
2190
4652
760
3194
8176
844
3844
9488
8070
5174
3686
9608
4302
8978
7974
6470
6116
6518
7392
4722
2328
152
7936
9574
7394
6022
2006
4418
722
8328
8394
6794
8502
9796
2108
6032
3176
6894
74
3108
4936
3028
9700
2048
9212
9900
5540
6934
7148
7854
8062
3238
8506
3936
7742
8066
9194
3554
8484
4184
7728
6472
4070
7340
6036
5572
6328
7748
5096
2496
8410
9600
1682
7434
376
4718
4570
9836
2378
2694
960
6332
3052
3640
8536
4682
2346
5662
4264
6704
876
534
8104
5702
5080
3978
1230
3480
4948
9566
2654
3462
6762
8038
9886
6550
7706
4922
5174
6172
620
4670
4410
9498
2302
672
4976
4818
6668
2272
440
1480
4768
4868
2198
1890
1950
2934
7024
1044
2032
5818
2610
8130
6946
6536
804
1706
1778
1148
4078
802
4046
2446
3882
3862
8178
4560
4530
1004
2622
7414
8004
4892
258
2872
9766
8844
1682
7914
950
6784
2042
7082
8646
3918
2218
7148
9382
4410
8136
2560
9672
3052
3386
2824
8896
338
6566
7780
1284
5104
3008
8042
1328
5352
7552
8462
2014
3540
5018
1910
2378
8782
8468
3652
9040
660
3818
7072
692
5494
2752
7332
3908
8972
170
5914
2232
4054
658
4056
4666
8704
1068
7662
8580
1064
7428
1734
9406
9438
7432
3736
7018
5564
2806
3400
6838
9116
3894
932
6692
3104
5754
4088
6990
6346
7538
8498
8640
2260
3610
10000
8582
7552
7930
1746
350
230
4972
836
5288
2124
924
9440
400
7008
4750
8842
2820
8580
6540
6882
9614
352
9260
9112
710
2332
942
4136
8924
5596
6026
1868
7592
464
484
9214
16
9018
1460
6470
3432
2836
8580
2784
340
1404
2414
4338
6938
8086
5872
892
8960
5468
1452
1174
1114
6606
8566
2996
9164
9224
2370
2476
1978
8492
7770
9504
2722
8480
7428
5072
3340
3866
8376
1940
2976
4830
4842
6362
1330
4018
3964
3986
8280
5892
4490
9298
1140
918
4016
3996
7636
5090
2944
3476
2370
1018
8342
3340
7328
2304
1930
7120
5132
8378
6540
4770
2984
2292
8950
3690
8518
6796
3582
7946
1958
8018
6836
8934
5294
4998
9710
8082
482
7814
8750
4828
6716
5280
5854
8952
6934
3692
8700
7448
5070
5398
3564
2660
7154
7384
282
9242
5772
8864
1816
2426
1494
9814
4074
3550
4534
250
6336
7280
1442
6948
3806
2492
2772
8412
8142
7250
6630
9648
8060
8416
4798
2194
5736
3820
2488
4008
1260
5696
1836
8648
9562
4214
2094
8412
514
786
3062
8012
8804
4720
9238
9190
4488
2172
124
9122
4770
6250
8248
7430
5140
8078
3314
2024
2476
8700
4454
7180
6070
9386
138
6300
856
622
1716
6482
8782
634
628
7264
4854
8338
8558
4884
1014
9544
2196
8014
1096
6382
2932
4928
9216
5910
8206
2724
5932
7114
1452
4068
7980
9694
3702
1032
3386
4708
7246
6098
6048
5234
1180
8008
8878
6992
456
4878
5780
7932
8164
6626
1384
5352
4278
232
2712
3682
6050
7656
424
8922
6506
7660
4752
1892
5452
5056
8832
9388
3358
5462
552
4408
8468
2686
6886
4470
772
7942
8382
3090
7876
10000
9008
5502
5732
5316
986
9410
7770
1126
6090
1268
7718
6246
4154
1816
394
4052
5760
2330
1478
5878
5952
2222
3334
5650
5342
734
2616
3182
6316
5794
3274
8754
6566
1382
1336
4396
2484
2730
470
7546
4110
4222
4282
5536
4862
7894
5872
6120
7596
1184
2666
4788
6138
7562
2834
7146
4080
6712
6080
1126
8354
760
2518
7574
1606
672
4882
7892
3856
7580
6654
2002
4474
4840
18
2844
2624
8202
9696
8838
5414
9108
400
2986
2762
5974
588
3938
9664
8068
3614
8458
4602
9624
5634
4196
6110
1066
9372
8804
8284
8562
2026
2684
9000
1508
6152
846
5414
998
8710
3734
1512
6218
2004
4528
4014
810
2644
1798
5838
2348
8148
5288
7082
2936
6888
5830
6878
8748
3126
1616
7026
6522
9568
916
4468
9156
2492
7416
5528
6522
3710
2678
6220
9554
6502
2244
4290
5024
9370
5362
2090
6940
486
9908
1822
6844
470
8694
2432
8324
368
2362
3370
6758
9342
4982
4666
4972
2886
5368
7022
7532
1348
7602
2968
7826
3310
2220
6412
9784
8434
5442
6958
9144
1778
9474
5068
708
8802
3426
5854
8726
4450
1506
2904
8658
9632
9036
3872
2780
6340
6154
164
5802
824
7322
6378
1868
3748
8832
6930
1650
2930
3422
596
9684
5138
9362
1390
832
2188
7408
9268
2340
6232
3884
6282
684
1182
1486
9042
8796
6484
5702
4842
7462
8824
600
8898
2080
8284
564
8666
786
3412
2806
2922
922
4726
5556
68
6210
7538
6138
1880
2350
3530
8234
9860
7880
7174
5966
4612
1368
8150
4702
4982
3750
5966
1900
1258
7956
7024
8832
9610
760
3074
3032
2444
9834
3316
4310
9446
590
8094
8138
8848
9196
9752
7814
8110
5536
9458
2224
6708
5834
3858
916
7960
1106
1458
3936
7572
3454
5910
4440
3178
220
4390
4036
204
5126
3452
5962
4252
2954
6526
5870
6242
5836
6386
1580
568
4544
546
3716
9532
1572
3224
1580
6888
8152
4820
7586
4086
5098
1512
7908
7794
2222
9584
1904
5606
8736
6174
5578
1848
7880
3666
5948
5408
6730
2216
3750
6358
8474
8564
3746
4022
1266
4110
7402
2262
990
4804
9002
1088
4486
9732
4178
8162
4700
8138
3264
9252
1514
6036
5616
1628
1478
5016
7138
9192
4620
5594
496
2852
7446
2588
4826
8348
3286
6306
5860
5306
1024
1270
3080
1380
8932
8872
536
470
9230
2194
4738
4172
3996
86
9808
8672
4764
62
356
3724
6900
1460
2748
624
5474
8408
6238
6832
8964
1524
9400
9142
2352
716
5812
7658
2556
2124
2304
2920
6902
5502
9268
2934
274
5824
7634
290
720
3900
8292
856
3350
8536
3158
4780
9912
290
1756
5090
7542
3648
8894
4742
8352
5726
5920
3258
274
4150
3592
5168
6358
3768
9130
4444
7314
6428
8316
2158
8068
6678
1562
4594
8566
4126
9860
3838
1646
4144
5172
7034
5466
9492
7710
3464
9040
8636
9978
9022
5260
6314
1744
8990
1640
6490
3274
9404
1028
6036
3738
4722
3798
9016
5272
1750
2304
3082
6306
7958
6908
1850
8942
1336
1180
646
2540
4830
770
6800
8498
1756
5862
3670
9058
6852
576
8770
7508
366
704
32
1796
5224
740
5074
7202
7964
2334
9660
8928
5496
5110
7218
1962
8768
6614
9100
3794
5782
7298
4164
7532
6876
800
1836
6688
132
7888
5606
7662
2716
78
314
4832
7710
5984
3984
8558
8920
8404
4316
5314
8266
4626
9182
3822
3236
1676
8486
8106
5404
5848
6694
9084
9020
58
6022
2694
7664
3934
7494
6278
1920
3120
5392
1330
6810
3370
4434
7154
6930
7416
872
154
2912
3110
9060
4720
9762
3324
764
9618
6440
4652
9194
3542
9354
5370
5314
2736
532
1982
9610
7486
1022
7028
3112
2272
4722
9874
8506
6494
8836
3770
5470
8464
1018
8930
300
2984
9588
9128
4118
8822
6896
1566
6292
8682
6846
9372
8436
8612
5178
2888
9288
3342
8224
5866
9300
1858
7962
476
6658
3190
7302
4896
2264
3734
3410
5466
4258
226
7134
5484
5542
1210
5668
8764
9052
5292
4514
6242
4734
5824
5260
3064
5002
8580
4996
7068
8968
6236
3258
8458
9610
8292
8096
782
4528
5492
6056
7106
694
9548
4596
3644
6948
338
1472
9836
282
1596
1122
5646
1262
6164
6362
1822
6900
1312
9928
6010
9920
252
9896
3374
9970
8500
5240
8980
2834
5854
5906
6136
1870
3024
2292
9508
4066
1284
7816
2270
2416
5252
2484
4006
4630
6910
7328
9932
7742
8590
128
9898
7590
4000
1998
4020
7362
2714
9626
5608
6358
9708
4372
7826
4214
6048
5150
7938
2682
52
5926
2212
3524
6274
3082
8326
3580
3672
9794
7662
3494
2518
7286
9602
6134
1858
4402
9170
5274
104
8780
4336
3714
4512
7438
4838
5538
2974
300
8920
7788
5670
5926
8176
7126
1138
7672
5552
2772
3924
7494
9062
6718
9910
2664
406
8984
8800
1704
4698
4974
1468
4432
6142
6458
4600
8976
5516
6162
6424
2916
7806
3956
9884
704
7288
5890
7000
7342
2728
2132
3808
1486
9084
2870
6328
9822
9718
5834
5962
6770
4424
9068
5090
6342
5456
9848
5186
976
9230
6512
3384
8560
3900
6726
4118
6006
5018
1618
7468
1118
5454
1314
7330
4064
4378
7700
4472
9668
8918
9728
1846
118
7446
5086
7274
4514
496
4638
8438
8470
8510
6570
5256
1558
9760
4028
984
4602
5240
1260
4930
5520
3110
5908
6218
3830
6686
2524
1012
9930
2832
7054
896
1810
6806
3594
4906
5004
4722
3338
7630
6090
1020
5760
1562
252
1580
2856
1676
4838
1068
6442
8042
3186
2822
5484
6874
1706
2696
1756
1068
8668
8382
3718
6968
2210
2218
9422
5868
1006
2008
3848
7878
5286
3490
3156
40
3560
7308
34
2400
9114
2402
3698
546
7216
9456
4828
5014
4506
14
7280
4374
7866
2042
9082
6634
8132
8262
5706
1176
5534
6286
5228
8096
9910
1510
7260
4570
3726
5866
4608
4566
9906
726
2110
9454
4326
9828
550
2428
2728
8592
8768
5522
4476
2472
8998
5886
2700
8946
8136
1798
640
4284
5074
4508
1040
4512
6436
2314
6392
4704
7452
9520
3704
8098
7124
6816
648
9796
1814
1974
1102
8930
3056
8134
9726
560
3704
3540
3052
1956
2432
9640
8744
342
804
7294
5566
768
716
5966
3340
2642
9686
2618
1882
2870
6916
7556
2640
6524
6502
8120
912
1704
604
6222
7690
2404
9414
4140
7280
5484
4532
5262
3394
2996
5840
4958
5678
5322
670
7276
8150
9322
180
1412
8808
8290
5740
4338
1080
8140
7578
8524
9308
9784
7556
9072
8152
7240
6444
1868
3586
8958
3204
8760
9530
5422
8338
2620
8358
7550
5048
8950
5186
3966
5018
4806
9470
124
5350
8126
9418
374
3756
4796
3330
3984
3092
352
6122
6134
6828
5766
7664
8600
7434
4692
8828
2094
1184
656
910
7516
7042
1314
7716
7264
9290
8198
6124
5826
8362
2414
2634
3954
8138
1510
6110
210
4060
4288
5356
5754
5240
5400
4268
2906
6924
8386
9934
4380
6482
4904
9646
1832
8914
5220
9132
9098
6146
2004
9052
3434
2848
580
3628
7704
7044
2260
7640
6994
8682
1414
7980
5574
5400
6628
4038
7768
4556
8966
3216
4094
4142
2016
8860
5326
7522
8812
1984
4070
1672
7864
8042
6142
634
5030
5096
9954
2348
5418
8584
1514
4556
9994
8762
1648
3664
7498
8028
4330
2316
6690
5968
804
6948
482
2384
818
7388
278
8446
4192
720
2488
2260
8144
5832
2060
3620
5014
9762
6148
340
7436
2748
5518
3626
6148
224
2164
990
9752
4864
5518
8844
6080
4232
3802
6638
3154
864
4308
9704
3572
2890
5526
6992
8758
5678
9824
8962
9120
4362
3138
1226
968
2040
2476
9886
4954
4820
7190
8680
8238
5208
2588
3180
96
850
8530
3940
3788
1960
2776
6502
5572
7582
7384
96
1094
1770
8898
560
1308
5474
626
3398
8622
4098
2420
466
3062
5006
6748
8782
8858
1444
7106
4810
2766
4280
9550
1020
2140
6306
6828
9274
670
1184
9056
148
1050
5872
6274
22
3038
8280
770
8460
7366
8196
1564
7746
2416
1016
2060
792
7942
7192
5428
3178
8332
9268
5444
2326
5364
2580
6306
6968
8304
580
4480
2370
4594
3260
3162
4380
7014
5694
8020
2922
9138
480
2452
710
4450
5492
762
1396
6038
2104
9236
9316
652
5582
9744
2966
1814
66
2274
3140
9202
2392
4904
6954
9886
4710
2908
4352
1444
1354
2396
4318
8078
6986
444
7368
4914
9428
4800
516
686
7738
8466
5830
1042
9698
3816
4840
4106
3240
1576
3280
1204
7232
9686
212
1052
2882
2732
8294
5402
8794
5004
6334
8992
8528
5700
5262
4022
244
2034
910
156
6642
1892
5978
7926
2874
1718
2830
7564
5490
1060
6902
9070
9372
6998
1996
686
5494
4364
5680
1222
6072
9508
4368
2178
9000
6860
3314
8564
880
3044
4294
5012
9904
2934
7624
9660
8982
3766
148
6138
7618
4742
4778
1524
308
5496
7414
20
6496
4452
7196
9018
4118
3262
1136
1250
5224
2516
8590
4234
9616
3594
3970
8972
310
1618
8904
758
7694
5860
1822
5270
6272
3066
4740
2324
1522
7910
6868
192
1830
4534
5426
4522
4266
3102
974
3872
5224
1942
8110
6908
5920
2082
9306
554
7656
7532
8096
9174
878
596
8848
7414
8186
6008
7538
3722
3384
2552
2024
2940
1468
8074
2564
4338
606
2536
1526
2536
7514
5062
5134
1562
502
1242
5510
8008
3526
3462
844
9934
6006
3642
1120
8948
832
6918
5216
1044
3042
9074
2862
3946
6130
6368
8318
3728
174
3078
9170
1922
5560
7038
6678
348
1380
1718
4288
1458
5518
8884
1688
1766
1596
1410
5220
2350
2346
5430
3556
8446
5374
5966
6458
9442
9424
2032
6434
6438
9072
3218
5762
8400
664
9100
2178
6876
1392
9928
5492
8332
5054
9990
2772
820
1392
3354
9230
6810
5652
5050
1204
4120
4228
7762
8780
8298
1826
6132
3338
666
7874
9440
9930
5960
4538
1924
3274
7294
2882
4698
3566
9634
5848
320
2012
5612
8958
9094
4250
5364
2824
8372
900
5110
4350
6706
186
5304
6496
290
8294
732
846
7200
1458
1400
68
26
882
5712
5638
4178
2468
9578
4912
8678
5044
7134
9978
9922
1448
5534
1382
6852
1978
8682
1936
5194
9032
9854
4578
228
4670
1220
8488
932
8150
3278
5076
2892
90
6270
2492
8348
1120
1636
4904
5816
6506
5560
4970
8284
5078
544
6744
6642
9682
6258
1414
7060
5720
8816
6960
6210
3104
3298
4242
1986
5230
9998
130
8466
6100
6854
4686
6104
1440
6968
8396
1974
3786
1754
9000
4208
1532
4604
8328
7394
3512
2762
1742
4482
7748
6248
9018
2050
8112
3612
9452
1206
1236
2410
3492
1008
4416
3780
9930
5658
2874
1998
7434
4306
9402
3662
8050
6592
5122
8944
9746
3024
2840
2060
2526
294
9036
570
9476
8918
5388
9292
232
226
5966
8242
870
8704
6458
8294
6530
7390
2828
1214
3206
4936
7960
3672
7038
3022
8988
58
1562
7352
1832
7034
2796
4486
9278
2750
3630
4568
2256
6160
9464
5288
4260
5146
3664
8954
6190
5416
538
740
7492
3566
6328
7030
5158
4326
7398
1636
8372
9836
418
812
9704
4588
5400
9032
3164
9538
9690
2348
4858
5386
8766
718
1670
5676
2352
1356
1536
7188
7884
6844
3322
4462
8112
2036
1466
1866
88
9904
7038
7164
2602
1028
1472
6734
2088
384
4934
870
5334
132
9388
4502
3272
9716
1902
116
2546
4804
8352
5502
7216
8792
5638
8258
7944
3788
8786
6716
8660
1636
9566
1862
1378
5344
7774
9324
5116
6458
4958
5704
8214
7670
7046
9270
1812
9164
2870
6578
7456
5144
3750
6852
8644
704
9012
9708
6248
312
8142
4236
8854
2060
7048
1598
6244
168
3904
7946
1058
2642
2300
9054
24
6502
9332
9908
8098
7084
3900
8872
8990
194
9576
6462
6382
5616
5780
9834
2024
310
3042
568
2866
8986
5000
3654
1338
7570
9684
5214
86
2816
7370
8498
3698
7656
3078
4728
6656
6142
1204
914
5858
7756
9176
6256
5418
9060
6766
6020
3914
2806
6368
1912
5136
7076
748
3252
1356
5740
104
8268
6430
5960
9994
1478
2778
7464
1728
2030
736
5698
8382
6958
3030
2394
7050
5036
2696
5780
5774
2786
6036
984
8596
9928
9832
562
3816
424
4842
4346
9920
9312
1206
9952
9078
1088
8512
8558
5340
650
9868
9504
5810
7724
5070
8886
6066
1668
3546
6250
3466
2348
4400
3312
4838
5476
9774
3056
336
8030
3208
1614
8950
1206
704
1712
1124
5146
4284
5940
728
3754
2420
7566
6270
8230
5936
1678
6618
3582
5702
8958
3798
5476
6876
4576
1232
4958
3114
8580
6312
1894
4970
3450
342
9102
5156
3990
1776
4890
6150
490
466
3952
6430
9328
9376
5778
6934
2238
902
5334
5224
4250
5828
1314
4390
2342
4260
6916
1826
6276
2434
6128
8438
1910
7038
2088
2866
2046
3632
9084
6284
1522
9370
5654
48
3858
392
7174
6536
4954
7934
7318
8624
7102
4900
3942
8556
8538
528
7514
9268
3800
604
8856
4696
7814
146
9716
272
3020
9856
6922
7322
5216
7074
9250
8378
1750
54
5258
2044
1618
8978
8206
9080
6228
228
6134
8038
1988
5652
7152
5998
2506
7460
98
9926
3436
7812
4590
3556
4028
6660
3220
230
4954
8916
4422
4090
3490
6002
84
3692
3290
6052
8882
4566
3290
7198
4822
4328
4050
2146
2228
9752
6286
7694
8766
54
2106
1976
4728
1098
3250
3104
3410
6192
9362
3378
4108
988
9650
914
6308
9534
5782
6974
6560
9564
4998
6698
9048
630
6878
6710
9476
9440
7876
64
9594
1196
4906
9976
3276
874
8752
450
1868
1244
1592
6804
1104
134
2678
5210
7218
1294
2954
2246
7596
9746
9324
5366
7096
604
5870
4254
3830
4984
4478
9476
8928
5466
906
5644
9178
6796
5192
6774
8362
7714
2320
3678
9550
6412
9938
8716
1158
2184
4610
8924
4546
3070
2366
8078
3988
9680
2898
5492
5078
9856
2640
8614
1990
942
5680
7700
9586
9296
9898
5578
7716
1470
4382
1722
4922
3694
3060
668
2878
7812
920
9738
1170
1810
9414
5824
6750
7462
4492
3138
4526
3476
7374
1648
4282
9184
4882
8040
3492
7964
8522
8196
8678
3886
1822
7924
5464
8628
6524
9416
700
9236
8220
8626
6914
5914
1480
2816
7220
4780
4908
