9617
6326
4131
4656
3772
8510
8532
1988
6262
894
2523
7676
4107
2807
4372
9414
5803
2722
549
3682
6893
4922
7046
3230
1724
4873
5311
3816
8201
2420
6163
1781
1779
7811
3432
4179
3664
736
7876
88
1963
920
6769
7094
5934
8425
327
2366
439
1825
2106
611
9554
7014
4992
9655
4725
9998
5581
5654
5825
662
6683
2304
1006
3817
9526
1384
7945
5992
7610
6472
6944
6766
5312
9674
254
7233
2469
1192
1660
4415
1715
2778
2187
6473
1315
1510
5510
6573
3824
606
8977
7968
8005
1843
9743
9099
4685
9476
5891
57
4764
5087
5001
2703
6419
5082
2271
9789
4445
7695
2400
4642
8132
7750
2687
916
1320
5747
660
2698
8593
570
1684
6675
9168
5674
5040
6415
2574
3418
5439
1996
3719
1750
9407
5968
4983
9531
2605
6510
1470
9943
1140
5774
1159
5034
945
8618
4843
3330
7744
2026
6765
7414
1862
6161
8403
3627
5677
1676
3827
1649
490
7694
8587
7444
4672
1084
9055
5906
9951
8151
6584
170
7713
6603
6960
4858
2863
4946
9380
7376
3720
3813
4994
1796
6086
2880
1878
2584
4873
1196
2497
6862
1360
7810
283
655
701
4685
4671
9990
5866
4524
5578
3408
3397
6985
6993
7042
3436
5201
7481
7387
5111
5007
500
9904
768
3376
293
1703
5837
967
6086
8458
3613
5567
8711
1207
3824
1614
6119
3420
7958
6490
3459
4607
7970
7023
9368
7088
6458
3863
4200
1778
4928
8248
3995
7064
9850
898
97
8353
7900
6453
8438
4484
3037
8321
5523
2939
2619
1216
7176
5138
6282
8140
6099
2632
1709
2491
4398
7280
1500
6892
3006
4783
5194
41
137
2692
1640
6121
5058
2386
9984
6741
5260
6994
6904
9066
1400
4589
1325
1400
9670
8980
6448
6077
6818
1044
9426
4377
4867
1116
2203
1647
6723
1629
7946
5358
2647
1208
8044
6090
3398
3880
153
5627
2522
4204
198
5926
626
6165
3238
3731
7313
5463
7860
5822
1500
18
9703
9594
3584
7818
7500
2523
8419
3378
8188
9393
6831
6594
3714
546
2122
9099
7352
5334
107
400
4899
6791
9585
1850
1281
1020
3710
1131
3109
6680
7809
8006
1558
5278
8367
6013
8855
5321
5634
2653
8817
1687
1703
4282
3333
8029
2382
640
7021
6277
795
1702
9446
6095
6802
3381
7879
2623
2851
8171
8227
4759
2836
6247
3388
7672
7362
9701
8356
8820
3012
2415
1925
7987
5890
897
2693
3456
6500
9947
7713
1085
5902
7453
1450
4250
6208
9648
1570
120
1830
195
439
4675
9442
2568
638
7178
6928
4688
8459
7881
2219
2804
7866
6993
4665
2295
5221
2800
7542
8066
5728
4351
4917
2374
9765
6412
3880
9819
750
5553
481
7976
9280
3597
9260
119
4451
6253
1623
1975
8821
9450
5130
7966
3229
8926
9459
1769
8800
7524
2440
9933
2939
3548
3233
6314
7313
1199
5752
6397
290
5722
6955
7538
3136
7019
5646
3208
3894
600
9672
8350
3356
7856
6126
7879
4432
1939
5768
8578
5727
2790
5891
9108
7308
9506
3302
2170
7688
670
854
8947
5421
1642
3337
3175
8120
8966
7823
4496
6388
3546
3924
7716
2458
8598
1784
1413
6918
9965
9757
906
4645
521
2732
8855
6690
3557
341
8323
5887
5702
3484
6926
5126
4742
2862
392
7809
230
7821
1778
2838
9212
1934
3295
412
2699
8410
6474
9152
7533
9221
7585
6185
9426
6823
9712
994
4757
5419
2491
4740
9600
572
2700
2011
9173
9140
7177
1440
9721
4792
1294
6121
703
2431
7421
9837
7330
8539
7707
124
567
4503
7117
6870
5153
4909
2264
1705
3265
979
7718
1932
1804
1470
5134
8338
3940
6141
1368
3298
6650
2584
5257
2542
6093
1953
3524
9115
1442
3088
4092
1945
3118
4073
5553
5276
7645
7789
4253
7638
9245
1944
3629
1001
6875
5014
7427
9313
3811
4910
2479
2414
3666
5798
7825
1748
9677
462
8633
7974
4353
2555
4605
3229
8877
17
1660
6761
7550
6409
21
7392
7271
1776
9761
2040
8403
2531
625
2066
4977
4670
2738
2050
2610
9497
2188
2416
3945
1689
9711
9256
3475
6792
6477
8317
5157
2220
1216
3412
8639
244
2182
9674
334
3258
1885
1260
5421
3715
9970
294
9120
3459
742
5752
2621
8537
603
7421
5561
5470
608
2755
3069
755
7909
3106
5192
5199
6276
3204
332
1321
2619
9797
7169
2402
3010
3461
4331
5212
9097
6595
8345
4448
492
7649
9593
2250
3015
1673
731
1142
6131
8042
8879
98
5726
842
5067
741
6322
2718
2945
4276
9185
567
233
9840
1051
4568
6987
9688
8036
6221
4188
5027
6232
9441
1881
934
168
12
683
2204
920
9663
8116
3396
741
2701
8202
3653
4235
2769
7644
127
5645
2522
7835
215
5529
1663
2677
9118
7009
166
5519
250
2097
3177
12
6188
5204
3958
9608
5814
4903
386
6646
4089
9701
3567
8893
6139
1432
2125
4797
247
2733
1808
6994
2590
2381
4946
9519
7181
5814
3101
5100
7619
900
2414
4639
1123
5148
9686
2475
5130
4369
3559
853
5196
3152
7962
4107
7158
7711
1745
8043
863
782
9989
1529
4207
5516
744
8308
2068
6181
1120
5490
6945
7289
3083
9728
2089
7148
8338
5121
1629
4676
6563
8192
8052
6506
408
9913
8824
321
5668
2221
2602
9727
8067
606
8222
8848
3668
4525
1412
5548
3634
9818
6801
8511
7512
2613
8958
9851
4875
9899
2698
1186
8209
8474
3755
5041
8406
4019
7323
196
9306
7216
2035
3779
1133
8742
2519
4507
7190
9665
2007
9029
6479
6758
5873
2637
4636
7621
5275
561
788
8350
7928
340
3750
3801
8539
8943
3907
4245
4777
9558
9906
6838
9352
7022
5587
8680
7542
7809
1766
5864
7909
1068
1670
7717
7732
2158
8700
10
6281
4186
9214
3558
8016
9803
4003
3021
1864
2146
8446
2279
3653
5147
1227
2555
7365
9433
5830
6028
187
3793
2949
1322
8019
8330
3047
9889
1329
9879
3957
8086
7653
6725
9685
3552
1239
1528
7809
8345
8998
3656
4970
2444
825
2161
1824
9963
1387
6737
4734
4641
6487
3614
8395
9713
6663
8358
7860
9247
3356
1386
3018
9076
439
1219
1178
7340
5453
9979
7561
5023
8454
6736
5727
5284
2219
5356
5283
3650
2383
1926
3122
9158
8486
3399
8599
8740
3450
1569
8473
3148
1709
6619
5301
4702
5897
6123
6171
7836
7026
4190
5296
3939
3844
3785
7397
1646
7146
5628
2432
7421
1184
3671
3371
1906
7028
5900
3357
3483
1520
9473
9357
7586
2256
3248
3432
4741
6185
5611
1567
7935
3366
4233
2831
1969
997
8468
533
5767
5502
4943
6201
8461
7173
5296
6421
3801
8713
9724
5582
5333
8503
3332
8304
7656
1229
183
7901
2169
1743
1158
2853
3284
2857
2700
8828
7048
5301
8076
5783
5357
4388
6311
862
2814
6352
1017
7567
2992
3694
2437
7215
8948
3586
3174
1705
2619
3045
9095
8256
2099
2838
1527
2852
792
1564
1110
9496
3378
9303
8158
1584
6533
3810
1900
3453
7287
1122
1956
8201
2013
4514
1571
9612
4073
3110
1352
7930
4866
3657
6901
7102
7959
5378
6071
6657
2788
1311
7136
2674
2733
6240
5910
7882
3730
2478
83
8768
780
8086
4844
7687
986
9450
578
7977
9076
458
5378
4422
2035
1603
2218
5852
6926
3564
7140
5131
975
4031
8391
1876
4750
5469
8718
5734
7434
5807
8020
950
3248
5516
6501
4706
4050
6344
3651
9117
5213
6084
6390
6649
8860
6900
8787
7047
3192
2746
8532
3639
2804
5056
4869
2562
9829
22
9025
8980
9318
9443
1972
5607
63
6630
2613
9851
872
2503
8359
9792
7794
1170
7200
5462
8133
4487
8818
2188
1502
2570
3697
3020
3701
9063
8643
940
6163
1667
3499
2575
6137
2004
3339
1245
1212
9968
5825
3882
9273
5302
496
1921
9423
5024
7348
8511
3272
5399
2339
3961
6096
3688
986
7988
3871
5475
5412
2477
9147
508
4906
8411
7843
4133
3717
9774
7242
6178
8206
6644
2551
4528
4053
7233
3447
7364
930
5529
8224
23
1559
144
7730
8998
6020
3784
904
2812
7397
3284
4260
2983
7139
5244
898
4040
2288
4461
7385
9043
2898
2047
3222
9949
9245
5288
9913
4403
6044
6266
3097
4741
3321
8219
3782
8909
9323
989
9141
5604
1234
4642
7077
5039
9102
4234
8455
9076
2765
5801
7761
4598
3295
9423
7252
1401
1483
1731
2182
4241
5104
7857
8358
2117
7098
201
8854
5090
3345
7566
9758
9538
6689
1315
6937
8876
7036
4828
6130
8812
1732
2234
3529
427
5301
2625
8200
3413
7053
3059
819
4124
4968
6539
1013
6882
2979
1032
7801
1276
786
9171
5096
9232
3892
7372
4238
3755
9998
2402
6816
3440
9253
5772
2676
813
2363
2634
9235
7521
8343
4555
4434
4485
6543
1078
3283
4499
927
1249
2534
4243
5408
9380
8425
3467
5539
1979
5415
8871
3643
1883
6817
774
3171
3697
4732
9649
2572
4816
4019
6411
388
5741
9695
4021
5305
1750
5950
6757
9090
6516
2028
2743
9407
8285
7409
7183
34
8157
8785
7366
2077
9412
9851
5845
5828
4455
1242
9504
9738
4573
568
4418
1347
6151
1246
5184
9486
5438
5794
5663
8340
2129
6075
5728
8684
2711
1667
7107
9075
5839
7254
2800
3357
2940
8738
1825
9881
5166
512
5809
4777
6151
6572
8039
7603
6193
7085
2213
2307
3479
3689
5918
4320
710
8171
2992
2108
1499
1379
1524
4038
9149
4457
5316
5827
742
4389
5980
7038
6684
396
9625
2397
6986
5159
2182
2036
8709
853
5693
8263
2339
141
3797
9239
5847
1794
2100
1771
5032
8698
6549
3383
3179
8052
9093
8805
8836
7550
8315
4945
3894
5981
6430
1890
2261
2210
4020
8072
4294
5800
4115
872
6208
8488
8971
6063
8015
365
871
4694
3853
2107
3745
3969
1488
8386
8241
6209
6001
2243
158
2214
6742
2569
2968
6826
8925
7239
3334
2421
5238
5854
99
1373
7757
9685
5284
8478
6664
564
509
4891
5788
4686
8237
4342
9892
7657
5551
8023
2349
9090
3741
4040
3585
8934
4327
4026
1578
8781
9966
9025
2869
7610
249
1026
2904
7183
1939
6703
869
7799
9779
8443
3486
9546
7158
3647
6951
4200
1601
6318
6744
1152
4674
3481
6046
3444
8519
4861
8519
8108
222
5054
7414
146
3266
7667
959
6059
9035
3189
5949
4529
5879
1261
1533
2778
2180
3918
3480
9396
1642
2127
744
1094
4401
9837
8687
6731
2206
754
8843
2905
8540
9120
2337
6496
2110
4531
5980
771
5250
1116
4191
6875
2730
175
8210
1522
8219
3658
4661
1515
4203
6226
7333
6058
2071
2036
8899
7925
1293
7865
8663
3451
7158
2035
3413
577
4348
4535
1331
5056
1860
6683
6850
6836
4529
5427
2703
4172
5075
3120
3217
109
2589
5605
9481
2219
846
4021
9059
9686
945
2746
6214
6035
6248
5556
6946
9504
7021
2069
7933
3286
8308
5854
8859
1931
8027
650
4471
5643
2488
1816
6618
5714
5136
3732
8714
7818
8401
7515
305
9873
5285
4864
9932
7711
7378
2189
3290
8028
1
4482
1755
4184
3836
7095
5172
4633
340
9508
1614
5254
3719
1738
8075
1224
14
2036
2271
8612
1983
5467
601
1275
2903
8464
3155
8383
6145
1359
9323
6540
2482
9361
3194
3288
1329
2638
8793
9938
2459
3020
3390
2808
8388
7399
3863
1925
3322
2277
5413
6739
4957
7541
2147
1988
1562
9183
4183
6530
3091
3862
6738
96
7417
2930
6977
1478
3767
4815
4755
8838
2320
242
8732
1580
9870
8039
237
1802
5088
8449
7369
1082
78
6989
8256
5018
9377
7240
9861
2275
7571
7470
8933
6956
3735
2246
3113
5020
4193
7116
4425
8348
7678
5606
1333
9776
372
1566
141
4788
2059
8611
8160
3854
3841
3984
2902
8318
5512
4674
4875
5468
640
2027
7450
9116
5025
2661
1156
7627
7587
4760
127
6037
3799
1405
2503
8516
4327
4812
4748
8432
7130
7496
6466
5984
9071
198
5132
3848
8934
1402
6178
743
3738
5164
5307
7783
7249
5107
603
7001
2766
9383
1744
4945
9018
6471
6023
1696
7394
6986
1130
59
6564
7123
7255
2682
731
958
8555
1040
2788
6866
1115
6744
86
7733
933
212
8832
8607
897
1103
5330
1295
3047
5704
7345
818
8139
1047
3495
6478
9219
4332
1583
382
5064
3720
2770
703
6635
6959
4975
4972
4674
3262
9951
2568
6135
6410
5553
2433
6014
365
6177
338
6224
1820
8505
6395
4706
3275
7338
4043
7495
733
6288
6216
4420
1855
9024
5127
9836
4087
901
1586
4375
4432
9696
620
8741
5080
8781
5325
5103
1920
2159
1041
3987
9013
7311
4974
1775
7564
6216
8751
736
2654
959
8544
8251
7150
8071
10
2022
4049
3920
1666
6924
9330
5448
5062
6063
7113
5571
1866
7499
3756
8514
7017
9345
8270
3970
4629
5945
4369
3003
7532
4960
9544
291
2713
5117
3395
1763
6807
3451
1938
2806
7684
2378
9204
6605
9679
7247
653
2613
9355
5711
2970
9847
7549
5035
2406
3567
2500
100
2787
1567
9685
8624
6764
8292
3097
9519
6286
4983
2583
9156
6318
6616
7289
6451
8730
5373
156
5169
6532
500
927
4899
1354
4219
3112
7461
7715
1942
8826
982
7708
4687
6976
9447
6402
2816
5673
6279
7588
8375
6135
4664
1412
1615
1532
7386
7885
1390
2801
2244
3396
8207
4389
6778
4581
337
5445
5428
8527
8706
1463
183
5889
4691
1250
9141
1333
5015
4473
2348
4835
8030
7659
4114
3533
4064
3543
7283
1904
3466
2207
375
960
7420
552
3883
8892
7225
5962
1749
641
9493
3033
2469
9825
7028
7698
7171
123
8093
6580
5145
8710
7291
4383
332
6563
3555
2699
8938
4935
6137
9686
3021
9560
5075
9039
6845
2917
9489
9670
2290
4197
6717
3942
1267
9674
3144
1586
1845
3446
272
7129
8813
5299
9692
1487
8346
5319
7714
3016
1209
4449
6866
5828
8594
824
5044
6339
3183
5733
6743
6653
625
3732
6866
8025
5647
2032
1775
7764
3130
8150
253
1421
1279
1912
7388
8382
3695
814
3978
5143
5498
1361
51
8126
2305
6851
5601
1508
493
9767
152
328
9547
5547
825
465
7764
2639
95
664
4740
1167
9937
6872
4787
1488
2594
2196
1252
7720
8606
6740
9472
3904
7808
346
5965
4972
5143
9088
3774
5289
7140
2863
4182
2569
1926
3778
8966
2481
4559
1285
6467
4723
3569
1269
9212
4193
3325
2303
8438
8416
5250
5074
9998
3292
8404
6429
5672
2550
4041
7904
7515
9204
8380
7504
1302
4394
2295
3683
9159
9395
2417
1562
5036
2244
9638
1186
6187
9883
3325
8729
4925
8997
3001
5353
33
758
1360
7023
8571
6069
301
8525
5682
3514
4264
7837
557
9903
8388
4282
5000
5555
6087
8071
8132
9060
3701
4369
6772
9865
1525
4747
9460
8244
9651
3822
1822
4609
7274
1062
8031
1901
160
7283
9202
7544
2263
5243
6272
7899
4311
990
9215
9199
1145
2613
7844
8587
7569
7156
8521
1839
7910
8058
6072
6775
1227
8244
8176
6168
1259
3307
378
9144
2392
8144
9192
630
9112
9988
2097
9488
549
203
1817
4483
9783
2622
3611
5483
7767
8208
5743
3516
2242
7932
1609
9296
3832
9090
2310
6568
7665
6056
91
7562
2153
4996
5238
8864
1822
2325
6922
4908
8286
8463
5351
7104
6422
8169
1180
8035
5178
3228
4138
7999
3908
4369
615
2556
8439
6610
3761
7425
6102
4410
9587
6957
7581
263
3397
941
7324
9490
1594
2043
1391
232
6536
3360
467
2937
9581
2321
2722
2371
1460
4741
9695
5545
3911
563
7336
2707
7265
5582
9586
8354
5952
1851
2494
3255
9140
7594
5636
4439
4332
5650
1461
6228
3138
1634
5288
6238
5035
9280
2575
1062
9220
94
3193
2324
7574
1681
3342
922
3683
9645
4006
9223
12
2074
9456
6875
4872
5046
5862
4862
7846
2886
9689
8382
7442
6201
7957
6013
2959
9329
765
7604
9014
7421
9542
1423
3280
9072
3563
7377
4314
4272
1526
9462
9966
2628
7497
4959
4692
8141
5024
5828
6468
602
7906
2522
6741
6918
4510
1376
6200
4742
673
4965
2856
324
5764
9722
3216
2133
6291
794
8319
375
2818
8087
9318
2138
936
3953
6352
6011
1818
5945
4336
4203
7964
2865
2827
2813
1688
766
1673
2186
8587
9625
4429
6637
6410
3684
5332
2759
1966
2638
4994
1215
5422
7007
7673
2707
1035
7770
4963
428
830
8604
821
8353
4995
4652
5646
4157
8004
6094
1784
5738
6651
8769
1698
1128
2889
7177
4075
3135
7785
9110
6030
4346
8213
9233
57
5311
2196
7324
8875
8995
6309
2151
7635
8801
4833
7903
394
6923
3778
3193
4591
611
8296
8415
3906
6316
5403
2657
7615
9241
3963
5556
221
1145
60
9951
1972
7050
5389
3132
7439
7360
5397
9535
4377
8999
397
2293
1536
6495
8667
7331
2162
4239
6336
7293
6525
3225
5048
7416
3501
9671
2658
4385
7904
3954
813
3823
4612
4012
7715
8125
3392
6180
3636
2496
6238
6150
6676
7676
2446
6565
1803
8809
8681
715
1374
280
4615
5390
1
8777
7542
6807
8272
7025
4910
4720
2643
9848
5445
6966
6247
6538
3024
6652
6358
9194
769
7032
4362
1275
5229
1125
882
3321
2994
119
8407
7470
595
8791
2710
8886
4812
9747
4380
8182
3678
1210
9572
4116
7208
3078
8487
8757
7661
5717
7352
4100
6977
5906
6717
3825
6492
5292
3979
9566
9479
4075
3459
9088
8504
4508
3301
9111
605
9885
1000
4643
2672
4837
347
9925
1645
522
3264
7809
1091
739
3249
5613
5109
691
8682
7457
2658
561
4557
8279
877
2479
8191
2941
1768
9193
2471
989
2180
7237
3633
3992
8889
7295
2163
2263
6089
5834
2695
8288
8094
7457
2108
3395
385
7539
3087
5429
2206
8328
5538
6263
6556
5968
6963
9441
1100
7561
112
3815
1160
3002
9158
6470
1159
1892
9603
8846
4970
441
5637
7323
7089
6150
6641
5409
6736
4742
3018
3004
9993
95
4874
4692
6429
9573
5031
808
7192
2564
3777
2907
711
6184
9176
7435
5493
6419
5469
8295
1342
9819
2577
546
8283
1743
8263
1571
1429
6763
8280
7857
5151
451
6428
7095
2934
1330
3276
3792
4725
3288
3841
8263
6639
3648
4884
1443
8738
7267
9812
2353
500
5191
6679
2825
6075
9738
814
9851
4217
172
8256
3632
3659
6850
8533
8913
7069
3421
9128
3098
7987
9015
7957
282
3819
4747
1596
6955
2635
3141
7704
1183
7993
4599
9497
1454
6459
9860
8633
1589
6189
2959
4725
779
3832
1066
5923
5218
3745
1432
4435
4338
3518
2014
169
8387
5477
8390
3195
5249
7633
8345
4858
4968
4898
6101
1277
5064
1760
7531
7600
8792
7470
4007
7155
1917
1852
3084
8950
2399
5464
932
6649
3623
2702
8003
3137
8433
4094
2343
9150
8514
2801
113
9007
5303
4559
853
4802
9086
5957
8616
6805
4378
9346
4225
6012
3205
9371
6059
8852
3169
2688
4350
5369
7860
4531
7221
3353
2109
7923
5902
9627
7925
9976
2872
9945
2732
5104
9743
7125
1035
7015
1424
642
9074
471
3493
5025
9494
8380
886
2216
2899
5967
4503
4529
9443
6409
4135
5601
9368
4996
2474
6337
7099
8952
3194
1120
8827
1390
2720
7550
5550
1271
9122
5161
3713
9462
3050
7233
6244
4408
2857
6298
3911
9166
8435
6783
6616
6583
8454
3309
7608
9106
505
8096
6015
9375
2790
1775
869
2128
3110
8990
582
3570
8875
4279
5029
4425
1472
1803
8582
8912
3165
6800
5958
4948
9778
5642
4783
121
6679
7016
3112
3665
7503
4896
9073
3538
5860
179
2382
5053
4655
6226
5906
4568
4906
9513
288
5985
3019
3039
9321
8036
1680
3189
4008
80
8058
7098
201
7590
7957
8923
6161
5857
197
1304
6826
99
7709
1526
3699
5476
4359
6470
3739
2874
6963
396
9885
9272
7694
2998
7209
4903
2411
3
5139
1689
8523
7862
9189
5359
9502
1264
6286
8878
3867
723
9255
5143
7568
1794
2783
9136
2783
7330
3373
8892
858
2404
4347
4938
6335
1127
8964
6613
2277
9016
9877
4192
7959
9013
2948
8508
1595
2213
7267
8977
4761
770
7396
3151
6318
9235
6952
9624
6232
892
5993
4146
1592
1829
5374
7041
4608
9527
3182
5249
7307
9381
1733
680
3796
2020
1036
5488
7277
2601
5865
6576
745
5586
4098
510
2771
9320
9651
2728
1790
5064
7839
5368
1646
5698
653
867
1169
5633
4473
7076
6979
9936
1344
6790
9668
3467
3195
3638
4978
3347
2345
2224
3911
7797
2631
7061
2466
2765
333
9270
3972
7575
3357
5825
9134
3257
7394
5970
3281
571
3379
8976
7411
1897
9974
529
3505
5282
3645
6961
4044
2620
5512
1747
8614
5211
7252
561
6592
133
8794
1006
7309
7455
1063
9170
5146
7366
6886
7229
1916
9017
6815
3491
623
9817
5318
6402
5395
3434
5355
4500
5010
2164
2087
615
6003
4760
6520
7661
712
9064
1113
6100
8307
6629
1320
7439
6684
867
5987
8703
6764
9842
2223
6081
5948
952
3740
4629
4362
4750
3094
1874
4746
3589
1422
7351
1248
9660
185
5567
6655
5467
9827
9972
8853
8036
8978
4725
3106
4243
5230
7684
4612
4856
3523
74
8366
5571
8335
3095
9459
450
3440
4685
6213
3522
7125
3902
644
4070
7944
1536
3993
9872
950
4817
3409
3178
5265
8166
5250
4261
2924
5658
3243
7748
5176
8497
3598
2270
3999
9017
6921
4604
9816
6981
3340
7939
1825
4868
1226
6881
7936
1217
7380
9810
1225
2619
2419
2662
5389
1700
9174
5511
5702
7472
1853
2630
3898
5861
8566
4982
4275
4625
2853
3803
5589
2348
3031
7782
3862
7777
1852
6270
4812
9330
3929
682
5670
8877
4570
357
3136
5043
9114
2984
2922
8146
5087
877
8464
7768
9117
5377
5917
7308
2382
5763
9760
5844
6583
1839
9593
999
1544
2218
1301
2540
5609
9045
4299
1198
7277
2252
9030
2932
1360
2111
7116
9135
4868
4187
6673
1743
3879
7599
1239
756
7957
9985
1083
4130
3834
8608
8877
6104
8168
398
5151
1934
9372
8261
2570
3973
6417
1246
1848
941
207
7064
2177
6499
7332
8508
1753
2416
9491
661
4406
1713
7375
7625
7758
8028
3887
3027
1874
1675
6740
5124
7205
9573
2258
4426
4969
5398
7115
3740
487
3542
7806
356
5594
4959
8487
8312
5924
3745
2898
6346
6565
208
6308
7328
260
5677
9358
7218
1625
1867
2329
5979
2735
7885
7559
8136
9753
2968
4575
9597
7875
1205
3218
9113
5187
805
7703
8454
8062
2347
8061
2089
751
256
7166
3401
3462
391
6540
1925
4334
1183
5787
8571
4524
2536
637
5181
882
6873
8458
1562
3633
4900
8496
3208
9279
7037
1382
3645
9252
7203
2965
6561
2186
9214
7727
1349
474
6041
2399
8814
7924
1057
4191
4512
905
2769
3257
773
9839
6599
9917
9521
4678
7296
4434
5204
252
6696
8392
2832
8159
7679
4556
2889
4975
7920
477
4287
7662
378
2904
7632
3087
9216
4544
9250
1759
6567
5634
140
6264
1177
2819
5728
2517
2864
789
4305
3485
676
3143
6326
6587
1736
2660
4137
1428
4940
298
3958
4874
6687
1701
9014
5577
3630
3648
1356
6002
2815
3521
7864
9782
1887
3897
7563
3036
571
4559
9108
3484
3124
5258
2334
2966
8592
4009
4470
2684
8982
1831
341
353
51
5897
1403
3389
6726
1370
9441
5626
1209
6503
5851
2603
5299
1874
3890
9771
3945
7525
6840
1817
8322
9948
7931
2397
2384
918
6258
5136
4706
1497
7506
404
4501
3784
9008
6604
4336
605
9734
4499
8824
7044
8827
4547
7208
309
938
8180
6639
6480
5604
5250
8628
7931
2453
1314
7739
82
4340
8006
3336
2323
1482
2252
6801
3804
7971
7072
2477
2482
9089
7142
3623
5711
3477
5984
6137
2124
7442
119
993
8903
5682
3403
9260
1420
4593
9100
7374
4245
764
3932
9420
3363
1390
4798
3460
6442
4029
6284
6906
6433
2617
4823
3798
5351
3858
2555
6368
3230
5160
7191
1012
4866
8543
5512
7163
1425
5458
6555
2844
7982
525
3359
2078
3147
2454
124
5465
9727
2682
3820
2216
7537
4061
9409
2948
7170
6906
8476
6623
786
6599
888
7636
4125
9616
9055
1006
7031
1076
9458
8382
6031
4376
9189
2613
4526
2108
5308
4151
1692
5141
5676
6030
1183
8686
4199
5973
1147
1786
6907
6542
7494
1061
7800
2511
1171
7795
9265
1933
4072
4867
2492
2470
5924
5165
4594
8895
8322
8957
6841
5882
4429
6441
1290
4507
8511
2063
2896
788
1294
7048
1322
9069
6120
2131
6764
1939
9158
3118
890
2180
2545
383
3731
4884
837
5900
239
6069
3776
7846
2877
1794
3953
9136
1391
5294
245
7838
5838
2515
1716
4541
1281
6573
6443
9092
6775
6093
1190
1127
8638
3829
1598
6629
9085
5585
3659
8611
6588
7773
6575
3593
8167
6307
9513
4847
373
1934
7366
9849
911
4617
2295
8824
6751
7478
4220
38
8817
4433
2508
2969
8515
5064
2332
5973
5598
6470
2508
6825
8254
5303
5800
9363
4237
4358
6666
5088
7048
4182
8253
9810
6805
7504
9119
189
4362
9559
1533
1030
4500
8527
6563
8757
9634
5370
1006
4855
3951
9351
647
425
3779
6031
7436
9080
5655
1742
9364
8887
6885
2444
7403
8845
2885
6161
5307
6328
6510
5633
4455
9238
8340
2213
3544
159
5068
9770
6529
7875
186
9523
9466
4557
7644
2800
2998
3934
4190
4490
5056
1935
143
6143
3034
1881
8118
3030
1496
2540
2304
3848
6953
3395
2962
4795
7986
5667
8260
390
7037
917
5521
6529
8014
816
3369
7898
6274
9146
1208
6738
6157
8991
9233
4429
54
7585
4142
4085
9968
3003
7270
4048
6983
6330
5933
1923
1948
3269
5205
3317
7052
1836
9342
7563
7270
2215
8142
9521
6249
4559
1592
1927
8280
5174
4986
8989
6382
7910
147
5303
4943
2798
4738
5049
9102
2864
3694
5641
1666
8203
8729
6427
4825
3579
2767
8704
5307
3513
9577
9168
5423
4257
4320
4167
5724
8784
679
2466
621
1414
8563
7608
7948
488
3266
9347
9038
2876
502
5215
5345
5079
1306
7917
4564
2495
1421
6382
8202
4795
6658
4686
5334
3029
7225
6518
4336
9526
9428
3454
748
7397
2353
2590
8775
3737
1033
8961
3486
2256
3160
4416
2972
8719
4936
3274
6228
8709
5484
819
168
8489
403
7953
6318
8448
7309
979
5897
2812
6009
2774
5302
8135
1842
2919
1279
6381
9735
8291
156
7153
2290
7714
8849
6746
4417
5092
6969
2685
1753
2161
2039
1506
3149
5332
562
6648
2450
8144
2516
1892
4888
8626
8772
2807
2194
1230
4550
4257
1851
6767
9705
1951
7974
6107
9529
3197
7418
8496
9144
4251
8433
6816
7476
668
9019
3993
9018
3251
9736
3366
7460
2485
9406
8691
6679
1778
2772
7351
8540
3346
579
4377
3920
2040
5550
9804
3887
6452
8472
4847
5184
527
1671
2730
5984
7172
328
1195
9291
3437
6076
4426
5704
6052
4221
1365
6577
6988
1498
3612
2183
9939
4976
3922
5301
1902
2750
7992
2297
7241
1317
4752
1067
3861
4318
4322
8436
1030
1041
8236
6935
6760
2090
6269
376
6871
694
4590
6398
6605
6929
7121
2546
8966
6507
5223
2013
6601
3301
6771
5800
6327
6893
1818
7563
930
9423
9436
4916
1460
3612
7880
3479
9349
5536
1799
5119
8927
815
1163
978
4276
5313
4987
3631
6357
8309
918
1413
1330
4779
9763
5077
4519
3080
3418
9284
4275
4323
9056
6985
7970
9032
703
9084
4061
3028
2991
2270
6775
4842
7701
5251
2585
5288
1861
2131
3960
1560
4859
831
5682
8546
6876
9901
9317
3940
8283
9865
5324
854
1653
7647
2816
7597
6480
5062
9623
8181
1673
5805
8315
2213
6148
767
2502
1222
5947
7336
969
4053
5065
8021
266
4542
8125
4573
4227
8818
9372
6035
1025
8689
7290
5871
7589
5345
185
8264
8465
8679
174
6819
4588
6566
7256
3221
9893
6591
4838
2765
2267
212
7165
7024
9091
9220
250
7132
4989
5409
9678
5894
2406
855
5765
9885
2760
8254
7789
4583
2461
7620
487
6865
2973
8855
4952
6680
5060
2017
7332
4388
4039
3065
2725
6773
208
9144
8528
6586
945
3540
9310
7296
7516
4517
6926
6196
8274
4914
5343
1255
7367
8964
3261
6678
8226
4303
1673
4483
9025
3615
9230
7536
4589
4977
2220
1783
7100
7500
9819
1339
8454
9056
7633
2354
9506
9558
4029
180
3755
5179
4466
7317
5088
8454
1372
7166
2672
8382
4783
8122
85
757
8733
5008
4554
3640
9044
5505
2846
9257
734
3862
3048
8319
4516
5187
779
1649
2776
2863
5303
2726
6620
7035
1935
6476
2699
1169
7214
4739
6107
9230
649
9014
6819
1419
8139
5186
5164
1966
2592
5206
8931
6284
8764
400
8488
3219
1817
8368
3653
3772
21
7710
4923
6180
5262
9679
8122
3100
118
8501
2729
9025
2496
6058
3342
356
3796
6843
3470
2430
5790
9764
4114
9391
5557
7608
8217
7417
7068
904
3805
821
9738
3345
5553
8055
2235
2691
8103
679
1119
7964
4113
5290
6630
1615
8508
4351
3675
1227
3053
9152
5278
4414
2509
4255
6543
8389
7580
6224
8448
3563
152
6180
8787
288
4244
6492
4922
5172
6433
7266
2653
5697
5653
482
6000
6036
1630
1263
1660
4437
2666
5735
3398
1880
908
1985
6187
6886
5183
4296
4753
4424
8422
8239
868
964
9241
3962
4469
4072
8918
5229
10
4707
474
7382
5715
57
7351
7705
2110
9572
2805
9389
6745
7471
5652
9218
8745
7466
4172
5365
9335
8811
1559
4720
7610
3815
2084
8095
4698
9317
715
2114
5752
3670
9851
3524
3510
8767
9946
2324
3189
9948
6518
8408
6734
7368
9371
977
6851
1283
8047
2235
4880
3881
1464
6013
4577
3813
6421
5379
6376
202
977
5857
4525
4156
8064
607
8664
4218
9312
8808
373
8987
9300
136
6284
3107
9693
2116
5603
7951
1507
196
8882
5064
2866
4002
5555
5872
4229
8488
7240
341
6107
2131
1932
7800
3056
7241
8879
1362
4375
7532
4974
2610
9028
8820
9299
4959
6486
9796
2274
3738
1812
4034
8073
2556
7950
2122
6871
3454
8521
2837
5712
7286
2019
2317
850
5593
8500
54
7666
2620
5182
4078
7047
7351
2016
6262
7824
8392
1867
3381
3155
4569
7856
629
4907
1456
6618
630
3907
9283
9250
6323
528
8419
9454
490
9432
4874
2930
1187
3279
1906
1776
1969
3103
527
9044
5516
6960
7295
3018
7298
3019
3675
8609
5988
9647
8094
9519
7403
9332
6359
3013
9998
2496
769
2780
236
1848
3013
6750
7949
4920
1534
6622
8621
9349
7678
3020
267
1403
2897
2640
9130
7505
5553
9334
2068
6659
6043
2563
2094
5422
7094
9728
3356
2037
181
2684
2040
3073
4588
6907
3073
5130
8253
9490
6143
7837
3979
2723
3800
3732
7116
4340
2807
6361
7228
5471
4639
2205
580
6872
9583
6478
5313
922
3550
1496
9249
7126
90
3777
7431
9650
5140
3834
3889
9800
449
7651
3240
1043
3184
3600
6224
8585
2244
4493
4862
7853
8686
7696
4894
7688
2593
3792
4830
8512
1547
7315
8451
5255
3029
7691
9620
7470
5213
9277
6872
4051
5814
2371
376
7909
762
8066
9675
766
711
8462
168
6773
4231
6774
763
7741
9119
2913
522
128
8472
5428
9010
1981
4907
2056
6685
5740
7380
2480
8003
623
76
3141
2523
6504
3738
8265
2255
7894
4496
5439
6655
9303
179
8769
9098
2021
3828
1187
2522
8575
3878
9992
6749
7575
7996
5078
9574
8430
2906
9969
2675
7632
1425
1926
3711
8486
9312
4235
7498
9626
6026
6042
9658
6801
443
2877
6680
5112
6112
9416
4261
3622
9455
6622
9034
2472
4582
7614
3377
9847
4099
295
9240
2841
1565
6361
6910
1356
3725
7286
4059
6984
6731
8387
4637
7818
6630
7922
7672
2208
4582
6799
1802
2516
5893
1671
589
6619
7655
4599
1120
8890
4398
3419
8441
1913
3214
2868
7300
8608
881
5442
7084
5515
1493
6526
8613
4016
8421
210
5588
5918
1582
503
1522
8727
3941
4787
1257
7384
4380
175
8218
6842
5316
8355
5347
2980
2942
4764
3449
2624
9346
5880
2351
3514
401
9515
4461
8012
5719
3207
7000
9452
5833
2398
5605
3799
1419
4346
6322
538
4780
8071
6121
2834
6041
4959
3748
421
9815
931
6813
1062
1111
3941
6838
6219
476
6897
1946
5464
8271
1247
2857
3183
2538
6396
1231
1419
5809
4016
667
536
1945
8716
4749
7161
5813
6939
9490
229
2958
5753
9657
4458
9275
2623
1281
890
2542
7957
9425
954
4323
2812
9572
6559
5602
28
273
5704
7622
9607
7772
4806
6470
75
2165
3523
8460
7405
5207
252
3940
5545
2402
1353
2404
5165
6789
2370
9313
5525
8696
6979
7130
613
756
6666
1743
552
1073
807
9638
3750
9745
1211
9389
2511
287
2857
1676
3129
2289
4185
4476
3950
6953
7042
5702
7114
7071
6164
1575
4384
4801
8313
994
9824
196
9652
4260
7511
5976
8389
9586
7128
9566
4692
9963
4922
4354
6359
1046
2573
5484
9493
6109
1020
8927
6604
886
799
5490
2370
270
1418
5390
2959
7216
7305
7677
7622
5717
9913
1482
75
9427
9365
4964
1252
8870
5522
307
2331
804
4518
7240
8576
9877
5784
8994
4792
6093
5921
1136
8536
6353
878
9555
5134
8653
2813
5202
9992
6368
7241
2212
3226
9802
6439
4460
1621
8054
2894
6734
8167
8428
2648
5904
6476
4638
6550
1502
1478
7860
2861
9928
82
2679
2188
9946
5767
2586
7058
1844
6534
9828
4496
9647
4956
6900
7724
2875
9984
8885
2855
2482
2275
450
4025
7955
8503
7316
7814
7137
7849
7626
3134
3592
7196
8378
4527
3297
4878
6292
4769
1317
9153
2155
7436
8793
9662
4837
6891
2730
586
3915
234
9794
9515
3170
2253
2566
9745
7624
5558
2939
2165
20
5012
4692
6795
4919
9169
5612
5646
8999
101
1699
5061
9934
5943
88
9783
29
5206
8990
6208
8245
2920
5150
3757
6644
2234
369
2902
846
7062
8325
3567
3400
5318
5709
318
9420
5975
3195
9100
6863
7261
8507
6689
7530
8819
3289
7219
3588
7005
1225
5519
920
9816
9102
5299
4426
2004
8163
5240
6332
4552
3413
3136
8025
7441
222
4496
8754
5704
3156
3164
6573
2645
7718
6274
3679
8839
2318
6248
3180
3699
1427
8278
2446
7518
3608
6879
7734
1443
3514
6863
8999
79
8008
393
7170
6625
3021
6955
190
6688
2192
4815
3121
536
9689
5270
5867
7819
1471
6901
795
958
4487
3430
4600
9484
3301
4655
9042
4139
173
3932
8565
3285
6107
7607
9506
3570
6108
8304
7736
8002
9122
2037
1638
1117
2246
3755
2936
3789
3401
1086
758
294
7686
7340
7927
5009
5360
962
9356
575
4639
8413
6667
2266
6161
8390
262
2222
4805
5825
5670
433
7858
6172
8937
7693
2117
1774
6084
5766
9427
7208
1285
2163
1220
6587
1560
7203
5794
6164
4792
9419
3749
5131
2919
4812
1207
8407
7377
7852
737
357
6025
7139
7461
1585
439
3351
5183
7761
8060
8265
3170
7032
894
7912
817
1296
5880
7227
5714
1879
4324
8165
7007
6105
3599
7176
5769
2491
921
3430
233
6109
3022
4941
3905
7852
9486
9089
9208
6804
9322
894
6940
2304
6207
532
2558
4931
4056
8584
6561
4309
2952
6313
6959
4294
5662
1775
8813
6357
5950
3042
7505
8284
7294
5911
7112
6984
6419
8082
8458
9273
4746
1596
4264
9431
3672
7684
3232
2164
6506
2301
20
2188
7140
8036
4700
2828
3679
2089
9021
6647
7832
1614
4925
9075
3505
2168
707
3253
8662
5266
339
7661
2538
7813
9981
8665
9775
2675
7643
726
8469
5048
5638
8264
9507
8043
2586
7244
7867
8141
6485
1201
2975
4077
7738
1326
2411
682
5235
8172
903
724
4635
6007
7138
9110
9597
8525
8644
5169
7684
1427
6847
5079
7995
7799
5805
9564
1592
9949
9590
839
9252
3508
7412
4074
5757
1977
3542
8245
2074
955
8700
5687
7884
4142
4785
6640
7698
980
3039
6438
4216
8224
1245
1340
7376
6538
9856
1102
9866
1302
8525
9880
3734
5636
1643
3509
6445
1097
465
8891
9541
3516
8651
5756
6956
8684
1357
4593
6809
6146
8331
4774
3012
399
2796
6237
2166
3077
4403
744
7873
7102
9345
5613
7238
8548
4666
8748
5061
3074
4017
1570
9759
6921
8209
6507
1245
6407
4774
4159
7328
8221
9623
2923
6662
2593
7337
5082
316
5241
5398
6475
8645
2220
8017
7712
910
775
9390
3761
3934
5136
9464
9498
4600
3588
7513
3078
6523
6137
2581
7758
2110
2008
8700
8919
3330
5565
6564
6714
9379
3630
8014
7801
8846
4259
5600
9769
3667
3250
9686
6364
3226
4291
1656
4039
2379
9312
5978
2269
4531
4352
5928
6647
3275
3300
9976
7360
9492
3578
3189
5877
7062
3946
6567
5103
1791
7473
8305
8681
8629
2857
8199
9032
4855
1026
9576
6748
4588
7292
5669
3100
2867
9851
9461
5317
2985
8158
751
6922
857
2987
2297
9874
6822
2770
2325
8158
7280
1763
8631
5390
7329
5288
3606
9724
360
4388
345
3375
651
6594
8118
9221
9633
2249
866
6137
4284
4882
1738
8169
6112
3047
6532
1099
3247
4552
1983
448
1217
8050
4226
4269
1673
7738
7293
1741
3126
5895
1598
4403
2337
1768
1814
469
4637
1467
8145
6395
4071
7409
2219
4144
4230
6123
243
6510
1478
4561
1638
3941
9220
1459
2681
5712
1788
9298
7948
4475
4724
2432
3449
1738
4395
3782
770
4033
6190
3742
1719
1528
5467
6210
8024
4613
1107
2075
4623
502
8817
8660
6618
2986
5726
3105
6205
1667
8967
30
8665
340
7594
8748
452
2060
9706
9468
3272
9071
7388
7909
8623
3524
1161
1376
4910
547
9840
5455
4015
4048
8177
3680
7636
7348
7927
3793
8765
915
1341
8183
6176
364
43
1893
7024
2911
8671
1002
991
9163
6227
1659
1381
8480
279
584
4455
7288
6994
7992
8216
74
537
9139
2427
2634
8280
7286
5897
9730
4912
3788
763
3920
2313
6021
6067
7777
1481
6668
6137
5047
542
6192
7128
6831
9537
3399
2705
7575
1683
10000
2146
5701
6
4477
4464
3786
3891
2964
3402
1858
2819
5244
7866
6286
4565
2602
4641
3305
5368
6682
1872
2296
2009
4238
6859
7345
6818
6931
7130
3419
6269
7884
7818
2489
9193
51
5967
4978
6491
6496
6883
2370
3477
5168
3317
609
5608
6605
1318
9145
8747
9845
6270
9634
8764
6240
9283
4166
7663
6431
9948
3668
5264
2124
8311
3486
1654
1508
6184
4983
9748
1481
9883
3085
3213
8571
1148
1348
8161
5416
3755
9497
9188
3283
7221
7471
6529
4348
2916
8985
8000
6564
8416
194
4125
3648
1878
6280
1524
8822
5598
5431
2018
8490
2301
9783
9621
2376
9644
9763
7036
6684
7637
3930
8244
270
5872
3229
5522
8339
6557
1848
9563
9504
8138
5690
2498
2888
8457
4169
647
7471
7083
8852
7996
6067
1519
2894
2140
4045
8399
5934
5554
4784
1785
2065
1258
7215
5476
9537
8622
9799
3996
7759
8900
693
2527
2767
8802
3914
5250
3478
8984
380
7783
5895
8491
7346
9191
12
5636
4994
1875
3331
8013
4100
3554
3024
2706
9797
7083
5579
1766
2019
1486
4253
4633
2926
7465
1817
4608
1866
9204
8169
12
1992
958
863
3671
2706
7397
9530
6291
3845
1552
2456
3815
8231
8006
4594
3852
2916
8420
7480
4228
7626
589
8069
2245
4244
5960
5450
4012
5145
3975
1331
1632
4847
6156
8612
885
2843
5999
4515
9228
3178
6564
2898
8892
1262
5258
3064
7106
5235
8706
307
4085
7057
7012
6054
1288
5834
2051
6462
9641
8330
5401
3482
2137
1355
2947
794
2959
648
8175
676
1271
9904
1124
7974
8416
1137
7642
5982
9401
7018
3707
7596
8677
8326
6874
3065
7171
1943
138
4419
238
5205
793
1827
5038
9974
4994
6754
5029
7686
8555
5489
6688
5131
7663
4007
531
6842
3007
6736
7620
8532
4958
5683
9186
5053
7311
8940
9204
6685
6468
3119
6911
2774
5007
5446
2939
404
1747
9870
9655
6488
9189
758
6856
7104
8700
2866
2891
7026
1651
7388
8893
4271
6060
2749
4244
9985
8831
1092
2496
5565
6923
7306
3535
5500
3592
3046
869
399
2974
3125
449
9152
9282
3953
135
1704
2403
213
3125
4814
811
7627
9631
9164
234
7142
3568
2443
7037
2765
3425
907
1084
1219
2845
4555
8040
9968
538
2695
9164
1365
374
4974
701
9160
1374
3
8976
8398
2624
5499
2302
4862
8933
7323
1223
2685
1217
2596
1448
3704
4291
8973
1732
3022
7445
303
2858
5788
6698
2441
2786
246
8131
670
7939
3221
7251
6927
9535
7578
6326
5877
9490
5033
1307
2583
3894
7663
1708
4565
4938
327
4040
9571
7661
5096
4297
755
6743
8159
4738
8074
26
1822
3763
2803
4853
9485
9822
1030
9324
3447
2575
5616
6476
6227
12
4821
8903
3934
3676
8224
6579
5295
4120
7272
6873
1966
8572
839
6219
5741
9975
1500
166
5412
7208
2972
143
3033
7326
8070
9385
4749
2029
5508
4924
3267
8787
914
8220
3117
4627
3594
7885
7635
3956
6980
5346
1869
6544
9543
498
4818
5224
6600
9835
2907
799
7640
7328
1933
934
8413
140
2721
8707
8122
3356
3231
8417
6303
1080
4366
4533
8730
9066
3319
6425
7376
7093
9075
2904
3628
1341
5064
5845
8898
7898
2249
437
493
3546
2978
5708
3242
5836
5993
9569
6925
2101
5102
8040
4486
5386
2203
3195
31
700
2668
1840
3216
6888
7112
7379
3658
9898
1396
3534
4927
5338
4306
6545
5569
2408
6796
2477
2045
9049
4715
2131
164
867
9745
8610
1015
9709
3264
331
1621
5759
3470
1283
9809
2777
1120
1432
2539
7498
4429
1967
7872
3111
2653
5818
9966
8808
2592
4192
6949
4726
612
2161
3092
9679
9244
4274
5188
8606
1347
3110
6248
9298
3799
1849
9009
6388
838
1224
9995
7618
8426
4298
2548
9757
6549
1507
4409
4946
4393
7511
1323
5793
3246
6163
1223
843
2467
2574
834
4372
9302
7207
987
6168
5250
754
2458
3237
1129
9335
4412
5277
4217
1377
1528
4698
7435
8017
524
5848
4361
5092
3662
7803
6659
2651
8193
7731
2220
6565
7965
4142
5021
2426
7349
9413
1494
2539
6227
1644
7926
4374
6422
8973
3426
3000
4147
5424
3577
5079
537
2452
1163
2498
1587
7948
3653
6071
1060
8131
6228
4618
3035
9656
9172
8874
9375
2658
2179
4148
2893
1691
7976
1190
8956
8043
2823
1945
6863
1371
8573
9059
4038
1111
8580
380
931
8101
2385
1176
9650
5721
5626
6535
1352
7926
1081
8726
6067
7581
1912
4232
1058
9470
8005
7689
462
1242
6744
1500
6088
8383
1404
5469
5745
9519
5263
320
7064
7263
3910
5393
2681
547
3288
1454
4818
9776
1175
5247
7509
1440
9394
2112
3496
6991
2552
7
3289
6301
7148
1431
1758
7694
3372
354
8838
9175
8732
4212
598
8056
678
9732
8991
8095
5144
1023
3308
4452
871
4137
6101
2603
8874
5091
138
6105
2147
9262
4863
583
7614
6534
4710
1942
4832
498
2850
9938
571
7280
8800
1300
3228
3523
5922
4612
6914
6001
1945
4089
5215
4205
8529
1352
9379
6815
7673
7468
9948
5536
2776
4522
7696
3183
3585
2540
4927
4268
5731
8824
8832
1449
2366
2408
8565
5866
8238
1111
4695
5888
7028
6866
828
2605
1447
1926
6966
3068
5311
6392
6705
1438
9142
4559
1013
9867
2454
1535
3695
6951
7556
2652
8749
6594
4550
5854
6042
5809
553
5273
3731
3031
2404
5835
8257
7206
5927
5587
8919
5028
5785
9499
103
5760
5501
1350
2413
7124
2955
8929
9570
277
915
8534
8360
9413
6309
245
3182
4928
7741
9763
7263
2076
1301
7372
6766
7359
7470
8350
9246
4271
709
8635
4181
6930
7542
1761
4223
4204
7262
4021
8452
2612
4453
6176
5813
6244
7052
4707
9590
8924
4125
1761
5648
7707
907
3339
5183
8897
9675
6630
9224
3879
7758
4902
9905
555
186
6762
8147
6338
6675
8640
8428
804
3026
6163
2940
9745
6315
4590
7372
9993
3254
8140
2743
7128
9888
8368
1221
6520
1634
5632
5624
559
4864
9112
5721
9085
2555
1212
5908
9346
965
3813
1206
3626
5019
313
5058
5993
9930
9745
9947
5886
2510
4680
8809
2647
7400
7885
860
807
8245
1791
6555
4258
3133
8957
1637
1607
4934
8949
4277
7935
5699
3344
8634
794
7973
2243
5867
7571
7424
1293
9633
6881
6161
6562
2522
5805
5984
3849
1737
9819
6914
1003
6180
6148
5380
3980
9621
1338
7673
6110
154
276
5921
6870
6565
982
1948
7720
5877
922
2205
5225
9540
4442
8926
625
4413
7685
4939
35
3556
1317
7198
1420
3798
224
5892
5864
3574
5473
2733
2674
6194
4376
1695
3574
3096
6512
4024
4989
4096
996
6588
5784
2817
8841
111
6976
356
9597
4537
5122
5851
6424
6195
836
7961
7766
3007
2583
989
8206
4531
7591
2909
3722
1762
1681
811
7794
8164
6074
2308
7983
2535
8957
8130
1836
5535
2546
6246
5635
4044
4554
9288
6336
2350
2975
5058
2853
3397
7533
2499
2963
8038
3743
9043
5712
2713
1150
8424
7943
5979
7602
7443
3562
3107
6771
5772
7520
7133
3828
3672
4310
9291
3220
9146
9027
8800
3772
7139
2050
1382
8777
3940
1835
4850
1011
7023
4515
6124
4320
7570
7720
1806
179
1526
4645
3734
9351
940
8555
1682
6332
1080
5317
1172
3448
7808
4500
3372
2403
5890
1567
7910
4242
4472
4410
494
4467
8897
3369
7972
8673
4525
519
6532
7067
7071
8951
1743
5920
9098
7409
6584
5139
5992
6197
4735
9131
9858
8482
1498
2109
3231
491
9184
7497
6298
9128
2482
7571
4125
5591
8962
165
7278
6789
3468
8745
846
1379
3130
1196
7542
3677
5451
8209
919
9017
8701
8863
5432
1681
2135
5355
6475
5691
3017
4050
817
1616
363
2322
8136
1845
2484
7113
9475
1447
5824
5029
4878
8997
8773
9911
3592
5072
2172
5253
4449
4796
7023
4992
905
5141
8165
4378
8405
6415
1753
2428
1441
3026
1155
2581
1282
7087
363
5188
3548
555
8507
8070
8905
9772
386
8335
3525
5383
8982
1545
1635
6541
1046
2528
9858
6501
1095
4783
558
8260
9294
6020
6584
4490
484
337
6382
8481
699
6218
4264
8098
5758
8156
7938
5250
9680
5849
3778
2346
4439
8249
4232
7490
5042
5877
8071
3020
7099
756
6383
3400
8763
1594
5787
6487
1729
7399
6895
5717
273
2682
1049
9937
7525
4225
1884
7329
2980
4686
5724
6042
2696
1775
6476
799
7378
8007
6772
5052
9844
159
9609
7233
2969
1420
5536
4012
3236
3567
343
3761
6175
6502
6048
3801
4904
7992
9697
8196
4616
6651
8074
3268
1107
2412
4549
2424
4173
7931
7476
9823
1739
9016
3870
3982
7878
4453
4842
8115
490
2951
7315
4733
2334
9929
309
4631
530
6193
4051
714
3918
7075
3447
2425
959
3642
9575
9392
7641
6937
4922
7399
9857
1424
5731
954
5517
6321
5591
7920
5232
9425
6734
1098
4981
3799
5395
5528
271
948
6481
8866
4579
4056
3769
778
7219
3775
3639
8405
7597
8507
7544
7540
4053
9205
3959
3833
6143
2058
8388
4285
8980
1225
9364
2411
2744
2473
2128
9608
9207
7529
962
4120
3078
5346
6343
9228
6145
4612
3184
2776
6972
2980
5860
807
2476
8009
9594
9997
9450
4882
8045
9433
4306
9943
3584
8797
2677
3537
2369
3885
8224
6111
1741
6192
7930
3225
7148
1717
9876
2483
860
7459
2966
1168
7685
2020
6376
6856
3060
5693
8900
6108
5398
3005
6364
232
5280
63
9597
3092
6466
3815
9337
992
738
8537
6741
8680
9736
7827
4386
6123
3996
5018
7098
368
3710
8112
2774
7267
9026
9566
7111
6871
7691
5785
6160
9626
5648
67
8780
4153
5596
4438
8589
7810
1684
5808
8184
1057
110
5951
912
9908
9497
2407
4986
770
5104
6638
6652
2200
3136
8639
1908
3471
8027
255
5113
5279
2169
2414
3232
2784
5774
2310
9922
3102
9604
2870
3443
6494
4540
7086
7448
506
6912
1696
5541
8539
423
1508
602
7163
7021
6373
5591
2581
4914
7672
6105
2225
398
2424
6068
2081
5445
4204
9758
1221
1169
6300
3266
1919
5580
7688
8987
2621
1154
3417
6634
8632
3233
6666
5443
3508
9349
8793
8319
2607
710
8783
7350
7327
4336
4126
4852
1713
8672
1446
2591
8088
2292
8367
2594
7967
1755
92
9625
603
7042
152
1865
1121
3152
7086
7535
3435
108
3634
6852
1675
4432
4856
868
3442
7089
1656
3860
8467
8767
5302
4039
4071
3454
2448
9567
6044
7735
8125
5092
6400
5999
8248
8885
2437
6061
5511
21
9172
1244
2291
3025
6768
6522
4761
9084
5281
5879
9969
8033
474
4310
353
4170
5510
5501
6281
2394
7669
8495
257
1479
8714
2933
5267
4647
3476
3825
9553
8033
3633
9884
3670
4494
2755
5153
7915
1516
6678
6982
7624
5015
8063
4294
1800
3898
3674
3937
9822
92
2681
8294
9220
5566
326
3249
5237
7487
72
4856
8084
2018
5077
977
8536
6246
4006
5538
7273
4822
5627
1599
7166
9300
8287
8615
5480
5225
659
5076
6665
4623
7809
7238
8720
9749
647
9362
8030
4305
7011
7033
7052
16
7509
3067
563
5548
3766
697
310
9624
5954
620
3423
4318
9114
4520
5649
1098
2629
9379
4475
5644
3645
7784
891
521
373
6085
2732
2946
1881
7313
5674
2213
6700
6768
6222
6045
2825
4365
9597
3854
4089
3765
3652
1218
9809
8852
9789
5914
5521
4413
316
4807
4934
6602
8522
7159
1469
6822
5960
9128
2651
1287
6367
28
1147
1596
796
3242
2940
2768
2448
234
5592
9701
9314
5297
8959
9601
2626
3391
4206
1671
9998
6725
9813
8155
8906
2843
2445
5115
4234
156
7852
6150
8574
7481
6990
6169
9198
3464
2697
7674
1171
437
7921
3237
9245
7360
1247
626
9294
9760
1452
2187
1102
6306
4330
8615
1110
6174
7300
1377
2836
4848
5606
3886
9635
6933
4909
5688
5430
6366
4673
8790
9949
6720
8435
2744
6132
6387
285
2525
520
9276
7652
4898
763
8705
8117
9557
870
633
4183
1630
3627
6928
9382
9778
6518
8454
1792
7983
3181
4069
1961
9928
9403
3560
1663
4742
1585
2936
7152
6795
2500
5086
4696
5864
2650
5224
9233
2831
3421
8303
395
9915
9127
4475
4334
7008
6034
668
6931
2654
7964
359
1024
7176
7087
2044
7558
6954
9979
7027
5155
7745
8457
3352
8064
7340
2916
7770
2884
8356
4481
6308
7293
4273
7310
3733
5035
2756
2151
5645
7644
391
7922
1428
4566
3992
7617
140
1602
7895
2597
3560
5158
5849
5303
983
4971
9292
7498
1663
2341
9320
6779
3217
6853
7115
7478
4722
5891
4245
1453
4625
6425
2137
4128
4343
6769
9087
2947
2462
1912
4490
5592
715
4838
5953
8242
9108
1155
9369
8034
3460
5965
9955
6371
7298
184
2221
5959
4213
7124
6110
4343
506
6234
75
6921
2372
7992
5610
4259
6327
8679
1345
2761
1336
2960
9799
15
5041
8741
3160
4919
3645
3983
814
5277
7929
8524
8553
3487
7011
7297
9638
7844
8362
7882
6598
7525
5670
6347
7110
2231
3836
2983
9096
6491
3588
1161
5754
6505
5324
9295
692
3879
3793
1773
8112
2776
924
4749
758
4632
7074
2720
1848
5060
4109
42
8102
5493
212
4891
2743
5057
1872
2914
6468
144
4576
6307
7795
8882
5320
9601
2599
2488
9616
851
94
5268
9008
6922
1
1680
8173
5954
9070
7219
9528
1979
4733
3728
4407
9096
8914
5737
7377
1195
5005
8930
2828
2698
754
4783
6681
2932
4618
3871
4046
8077
9299
5467
4468
7192
7621
5441
5287
9876
1715
1032
7958
7091
7482
9799
2867
6771
9703
9371
9842
7177
7270
6588
1481
517
2719
9558
7725
8872
897
6349
7214
6073
7437
784
5752
3795
1657
5030
4984
1506
4456
3741
5598
7876
8610
9489
7240
1959
2888
5593
6201
9111
3504
8640
943
1537
5816
8983
2989
9758
7235
8927
2845
8456
6177
8521
6690
4840
3816
8665
9343
694
1211
7979
1864
2059
8173
8088
2142
7875
648
5808
9642
9091
8975
5063
8360
770
3051
3694
3203
8617
6532
1632
7669
1583
4817
2791
3548
5780
5075
5384
3272
189
1401
117
5150
9387
5652
5358
6714
1304
2946
4335
1877
6415
9532
4400
4236
5075
8104
6242
4684
8418
311
6054
8485
5591
3316
1826
8711
7994
2705
9507
3663
8330
6746
8795
7714
4484
3966
2505
3998
4169
2295
9718
9222
7380
5067
9320
849
3712
1942
662
941
3614
1828
9416
2546
8211
2511
8933
1609
4258
7765
7103
6136
7154
7746
3480
6386
6842
5532
5957
7254
9800
1257
4055
2928
4592
2711
9509
7352
6850
1473
1040
4351
5630
1265
6533
3547
6773
2837
265
7311
784
1801
5038
6090
6939
8471
9223
1606
9124
7529
1752
2249
8332
5777
4885
6019
8729
3857
9145
6425
4012
7695
2940
2929
1527
9458
3324
8204
5096
76
3990
4538
1122
5790
2801
2780
5428
8497
2769
6106
3235
294
4446
5941
7826
4937
5233
9596
389
8243
6837
5652
3554
1806
5405
900
5171
684
9830
2950
3492
1723
2942
5650
9415
2594
760
690
2738
3051
8492
1912
3932
5
2397
2282
1995
1425
1114
44
6065
3672
2043
2299
6439
7505
2098
6069
479
6667
977
6125
4206
1721
2416
5892
9675
3906
2816
6861
7796
6466
3616
6323
5522
9189
3407
938
9493
1241
2610
4391
4463
6369
8247
3823
4486
964
7573
5620
9723
6778
7767
2859
134
2791
8741
8812
7246
1617
6339
4272
5548
2312
8368
7663
2807
9907
5461
2844
7879
1697
4382
1145
8499
7330
9568
2835
6222
7188
6110
7218
5901
9552
8040
9383
4056
5019
5182
3236
1998
7720
5607
99
7741
8295
4903
2676
5704
3379
5034
7058
7408
5820
6071
5200
401
3416
4130
7224
5396
6553
8446
467
7789
1640
8370
2155
9000
807
9678
3512
7771
2963
5312
7096
4167
8798
2451
686
4079
8711
9007
4952
5772
5462
1380
4978
2355
9805
3962
3665
6404
4601
178
5381
5648
8013
7668
8435
583
3540
5394
6433
6355
611
4138
4436
495
7180
6175
3912
4962
7941
7513
7984
1852
7293
7156
2033
729
409
527
8041
6042
6073
5317
9396
3557
9770
6088
1106
4837
6952
3396
4405
8570
7986
1175
4337
6282
8301
5471
7517
7124
6432
7890
7637
1157
1049
7403
5278
5328
5520
7879
2995
9688
1467
725
4282
5514
122
6713
5166
1772
6629
1979
5744
4261
849
4196
9969
7666
9408
8018
2729
3806
3964
5110
6733
6704
9520
3000
1824
7957
4392
5396
1626
179
4046
8471
3345
2130
9433
8652
7618
8030
4204
4327
5582
2965
9287
8921
831
9107
1488
2580
3005
3424
7893
8396
575
465
1652
3233
2112
1983
7408
40
5060
1939
1767
6599
8775
4515
3225
219
3554
8646
5186
1763
1335
4525
3774
8444
9601
2875
6363
7236
5454
4038
3011
8412
9400
2077
7200
7567
6325
5756
1935
8547
8682
4946
1547
8386
5712
4490
8522
2728
1406
2822
7112
4180
2799
6272
3834
7818
9594
6588
9975
9414
2965
5461
5859
7462
5681
942
1295
9582
7895
3842
3238
4996
5573
7484
3060
8368
3984
1472
7906
3093
2720
7524
1570
6244
1043
246
359
8262
1026
4584
1334
1189
5443
4831
9875
1140
1362
3646
6674
9952
851
4710
8496
4949
5797
9274
9790
5248
2832
2223
5484
6277
8300
9048
1500
992
4413
1548
5014
4332
8362
4468
746
8830
613
8477
34
3360
1854
1370
5183
6966
6801
8536
4311
6983
7666
7059
7427
4868
5152
5658
7421
3132
5185
1350
2732
9044
6680
6767
7134
6180
6700
6794
9819
6539
9579
2148
3997
7271
5709
7664
2923
2746
7262
2700
2867
3178
126
4715
9130
1056
5396
9827
1004
2829
1373
7287
3065
9762
1247
7414
3352
213
1348
1133
7725
5134
523
1873
565
5154
4435
1759
4773
4068
1774
3812
6782
4330
4533
793
3415
1644
3495
7455
9223
344
8293
4558
112
3205
9841
843
3067
536
7307
5528
7830
124
4697
2380
8798
3539
3517
5061
7908
4429
7527
1321
7253
266
3615
4203
8556
6781
5764
8411
2106
5648
7378
3143
437
778
6986
1658
610
1721
3297
2835
1907
4683
4124
7033
5716
8678
4170
4115
436
9391
6327
1597
1968
6814
307
4287
5126
8938
7993
4000
1344
721
5947
6763
5307
1057
9219
1497
5335
6698
551
8025
3536
4555
1886
6579
7066
2986
7951
1608
5707
4758
4535
5333
7466
5802
5907
3294
6025
9463
3462
4952
6949
4493
8977
8806
4276
4689
9095
8142
9513
7994
3213
8227
9503
9715
6360
6421
5239
9164
4196
5617
283
9234
5548
6983
2320
2644
2534
8021
2736
8174
604
4880
5737
2390
9268
7334
9280
6641
292
6149
7163
5670
3846
8485
2327
3749
8874
8568
3198
5872
6751
5224
2143
6981
6156
536
6249
7336
5418
1787
8188
6006
6665
6263
9729
1698
8720
1513
5704
266
8303
814
3638
2037
4196
9330
4676
580
2868
3737
