9617
6006
9996
8914
9274
3853
1377
7350
5354
4885
317
1836
9463
315
8907
3855
3875
7268
662
9644
8941
1755
5639
2876
1581
8624
3239
4326
4607
5375
4757
9234
3984
7929
387
4340
1013
2490
9759
9883
8610
3027
1200
1726
4734
2788
3472
7905
8710
6000
7493
764
7786
7362
8720
4555
2260
1160
64
1745
4557
9027
8319
2428
7429
1840
7448
1841
874
7678
3429
1500
2501
2520
4681
2823
8677
3975
960
2078
6715
3398
5458
7200
2137
3308
5199
1774
8485
439
261
1302
5524
9532
848
1465
213
7180
6589
5737
7208
8246
6478
9576
4049
4818
7826
2425
7329
6651
5172
4821
7716
5432
5337
6580
781
8141
1434
4037
1627
3321
3448
754
9311
7316
8609
7453
3597
2643
2088
2411
2692
3818
6854
7055
7607
6433
3160
5461
3458
7979
9983
6823
1787
9385
7153
3309
8175
6832
5224
7906
8791
5950
1337
6789
8299
5817
2807
7802
3523
3651
2841
3591
3378
5430
4955
3752
3722
3042
8008
582
9913
4466
4335
4039
1565
810
1047
8386
8020
9861
973
5086
1118
7782
683
2472
2970
7999
1227
535
9247
2124
7147
199
4052
7634
3407
3129
3795
6364
9796
2378
462
7376
8620
4740
4364
6369
7318
3604
1149
3313
7724
6431
2112
1836
485
6323
506
8321
1425
884
5116
3129
5826
4327
418
5251
9493
4472
9482
684
3966
7782
4087
7252
5976
7381
7608
8465
2293
3190
2441
6931
5872
9101
8678
715
3823
2830
7114
6142
3088
4389
1070
2632
5453
3423
5548
6855
5422
5378
2429
6974
8994
8272
4434
349
5156
6261
8938
1841
1033
3550
2559
7631
2746
562
2021
9100
5895
8409
5681
7450
2127
2286
203
5067
2704
243
475
1445
4073
9476
1550
5314
2278
5609
9383
3466
853
8858
3199
8047
5083
3168
9146
4150
3221
2689
4292
6823
7166
4610
4136
4540
422
6595
3923
6114
1821
2074
1912
83
9849
2679
5127
3709
356
6016
3364
8113
640
8095
6881
5503
2872
9280
7816
4535
2021
6412
8094
235
7907
443
7850
1165
3736
2609
7626
9750
9213
8460
3809
2775
7084
9430
946
3572
9147
5021
3563
7171
3475
1925
1333
8504
3999
5683
3987
9683
3293
964
1950
4961
7442
952
4937
2227
3039
6443
4455
8453
8210
2248
582
5398
2610
596
4960
5365
5732
6924
5716
650
8593
1968
454
3353
9472
6773
7182
3800
1006
4358
2095
9859
9137
3876
5263
1338
9137
4123
4832
7563
6244
860
5761
9947
9241
2946
3426
4129
7720
2310
8060
8224
4541
2272
5648
7535
3690
648
91
3352
634
3101
141
3968
3050
4260
446
5333
8884
2989
7713
4058
6862
4019
6699
6601
3451
5415
7930
5293
4264
5203
4334
6116
4060
2971
2606
7368
884
527
7120
3307
1739
2203
6704
9870
8857
4935
113
1786
3193
5142
4041
6004
1175
7805
7417
7072
9041
1655
3906
9314
2476
1099
4734
2546
8430
595
5636
4979
7091
2686
6527
3317
1678
6071
1606
802
9941
3926
5965
6814
9132
4602
5377
3298
8322
9276
9803
2793
6657
8858
7314
9034
6390
3507
7837
633
563
4810
5748
5131
3230
9873
5761
6999
4705
8164
5478
2200
1077
864
8591
4662
7270
5424
8503
1990
3163
7652
6744
7091
9650
8897
204
1518
6804
8489
2122
5088
9294
2975
4759
3302
2012
9691
4245
5323
9659
5220
1897
23
6185
8454
3535
3288
531
3818
610
6351
7313
5332
5342
1927
6715
6930
6577
8886
5491
4795
5029
2359
5319
273
1002
9695
4015
1046
2118
6808
7194
7966
7220
3460
9328
7004
4333
5740
6384
6719
1009
6883
2647
3127
3396
9268
4063
654
921
7082
4489
6122
5950
4757
5621
631
2989
5810
4525
1085
589
9733
5113
3680
2339
9907
8264
3081
1169
1028
3694
2483
5723
8387
1404
190
7329
1103
9753
3605
4321
6920
3321
2158
5384
7884
5302
8595
585
2802
7093
4236
2017
7388
8778
7985
3592
5104
1576
916
6879
4485
6572
3995
5122
6332
1362
4979
5841
5669
5926
9518
1202
1901
9045
8977
8565
9962
8975
8172
6616
6846
9957
8795
9968
6183
1945
5277
3009
6597
1431
6671
8936
542
1101
2587
8525
6705
7325
36
7725
1497
6476
7863
5686
7055
7679
5253
5306
5124
5019
7571
4273
3988
8905
93
55
1880
3074
6332
8524
6223
7173
6967
7214
9567
422
6047
2361
5802
4579
3237
1346
588
4936
5862
4350
6938
6384
1620
8334
7330
2674
95
7195
7163
5712
1118
3268
3824
2880
6449
4416
8614
7977
890
1343
6673
5355
7168
1663
1810
9394
594
294
9199
8321
2905
99
910
1651
6199
3837
2480
8188
3733
4939
9524
2630
9284
6860
3750
1436
8177
3107
6032
2207
8470
8895
5073
6567
2779
8920
1766
8923
2995
1515
8052
2794
823
960
1698
3053
1873
1660
5396
2808
2823
5514
2181
6367
755
6424
1974
7153
707
9153
8313
8193
1719
3084
7685
6619
3006
5027
2099
7762
9736
4604
8599
1137
7542
987
6486
1078
2968
1188
8841
1619
5817
4642
5026
2044
7484
914
6390
6162
798
8488
671
6173
355
2249
2028
8048
1863
4460
9017
6392
4417
6002
925
9921
1789
3538
4796
9980
2433
9688
1915
9563
4859
8170
9713
6365
9316
6895
5753
8649
5862
7230
1717
6681
4728
3797
2147
820
3283
8129
4764
355
2224
533
350
7863
2420
6299
7576
891
1436
2321
1982
7540
7585
3773
5545
2822
1666
7762
8607
3443
6380
5847
6035
4717
4996
6919
9274
3999
719
7079
3685
2788
7424
6933
2951
5405
7161
8029
3900
6666
3848
6501
2215
8725
7130
2141
4804
2392
9101
6095
819
9535
1909
572
351
9971
5789
2242
4931
5949
427
9094
2654
10
4481
1865
7299
158
7796
6290
9138
1932
6159
3587
4754
3720
6045
8158
7053
8247
7239
5565
658
2444
7403
7024
6139
9611
4315
1683
6087
8303
4316
8549
721
3711
7935
6614
8059
5033
9787
5320
1734
6870
8121
7918
1184
5693
9050
7747
4449
2590
8816
4835
1505
3913
4815
7264
9964
2343
9386
9499
6724
4130
1343
191
253
9294
3135
6361
4159
550
7553
7720
4432
7344
4312
1608
7960
2041
6184
7372
8903
3311
1965
5858
8094
2885
7065
729
5964
3360
2027
9054
7413
8537
6586
5757
900
3837
7687
1055
6320
3485
7992
3643
2681
2530
575
2608
6372
7028
5623
1495
8058
5598
1758
4114
4237
1722
2105
732
5251
8189
7309
7847
5962
6593
3272
5459
4397
8962
6997
8384
9377
555
5770
6389
718
5448
2593
3336
5607
8573
1071
500
6026
755
5764
1479
395
4678
8863
770
3568
4294
5277
4090
3035
9613
7426
1961
8915
5235
4755
8659
6868
3486
4650
4718
5606
9910
551
6197
5343
8063
9838
6146
380
5355
2346
1838
8319
6084
2542
70
3198
7251
1159
7854
5926
8922
9299
7888
1763
4049
4680
3746
9161
1443
1294
6284
6894
6029
8912
8754
8268
4259
6526
1115
7506
8629
6070
4457
3698
4225
9619
3068
4659
5416
5130
321
2347
6849
2933
2865
2951
8190
8921
5332
3324
755
659
9288
9889
4021
7989
2820
6220
4575
4931
2696
4623
1887
138
2671
5639
6685
5305
8806
9899
1809
9772
6421
3524
3683
7737
3044
442
8507
4382
5000
4665
8802
5157
660
6152
2940
2437
903
7618
2029
5874
630
6654
8286
8030
3511
3999
767
5678
8995
1525
5887
8938
5266
3107
3782
1056
467
6579
8693
4941
3720
8472
6475
1774
6374
1903
7342
644
9488
4710
1882
4102
2948
5367
309
4091
3141
9685
4234
855
2730
9923
1630
9888
3578
8445
6053
874
7584
4943
8719
7463
7242
2210
1523
9800
2643
6176
426
7011
673
9908
279
4757
597
6625
2548
4110
5758
5615
3537
7832
1823
5452
8614
3869
4298
8574
3117
611
5396
1692
598
9030
6579
7422
2036
2134
81
1646
2816
8010
7759
698
6305
2210
4231
2049
3023
188
6215
4897
1393
6528
1304
279
8116
7468
2976
4858
1519
7226
2882
7158
9486
7959
5201
7135
4629
8045
2811
632
1316
3950
5846
3574
4233
5250
9203
3678
1294
78
6514
2027
5258
490
7514
4995
9102
7926
1604
3783
1309
7621
921
8670
9061
3743
4572
9580
9770
8648
2406
1804
8786
6571
6291
8890
4363
4016
8146
9078
5399
9086
9763
7098
602
6752
4359
6916
4743
6548
1748
2709
7470
5894
6210
8705
5555
8971
5472
9259
8150
5445
6783
5093
8109
2575
5617
8196
7730
6917
4650
3511
9245
8806
9165
6854
9686
3162
6002
7656
6779
8296
7008
2988
97
9742
8711
371
8152
51
9180
4929
201
5595
9961
4930
4474
2346
7671
5040
4725
1371
6773
8275
6852
3443
7385
812
6830
8891
8824
7481
6974
916
8521
1421
9733
3282
3488
1747
1389
8256
8049
6617
1086
34
3185
9158
7009
2955
350
6224
4004
3560
141
131
9784
4769
4593
699
6357
7890
227
2221
8523
3410
6611
6408
2035
286
3979
5118
8392
1942
9966
6174
9908
2167
3117
3625
7467
1638
3026
2980
4642
6709
4482
6590
5913
2454
7675
4377
7824
7903
3804
6752
1928
8595
1147
8299
5328
7054
5069
9934
3984
8597
9599
3534
3067
1452
6595
3473
4544
1071
6688
2864
2221
8913
1083
6147
744
8197
5895
4863
3566
9905
9162
5427
1002
1864
9289
4737
1617
6290
8368
5032
4174
2581
5933
4534
4934
1947
535
5193
6720
8580
6728
7676
8680
685
4988
2331
9600
3107
7390
2647
3626
5207
4301
7261
7045
5853
1703
5778
5492
9878
8853
7459
5373
9593
5211
2745
5377
1009
8842
4755
2378
5305
9091
1395
4028
4132
2974
3648
5253
8592
8300
3998
7756
3872
5588
6337
6515
7110
3560
3813
2645
7132
9110
1470
2220
1760
2142
3832
6466
3388
7682
759
420
3958
2763
5270
8316
9457
6271
9270
1162
4177
5822
6402
1234
8301
5677
5072
8750
4608
6734
6113
294
7828
8882
4425
2529
7943
114
3141
2493
2498
2056
2465
9930
5522
3614
5346
1205
5806
5927
4048
2248
4024
569
8022
8686
7576
9874
4327
926
5048
4099
8501
8388
9233
7327
2864
9380
7666
7405
2593
5034
2977
1842
4661
1589
9900
4702
7504
6412
8737
9701
8782
4837
3846
9695
9905
7075
2344
8960
254
4331
7109
5748
5261
1667
2305
9121
7466
4777
4090
5069
1200
7060
6833
4334
487
2210
504
4663
4586
9382
181
4732
7012
3406
811
8682
952
1070
9114
831
8549
2252
600
6580
8488
1740
9376
8937
2650
5729
6135
8712
8267
2228
8309
6563
871
8062
403
2279
580
2238
2960
1482
3654
3367
5623
4840
6042
855
7413
6204
8202
7637
995
9956
5309
2377
4233
800
3675
2355
9602
106
7747
3093
9701
4258
8513
9554
8960
5348
4396
1165
1216
8620
8711
2291
4867
7049
4572
3519
9179
631
2705
5492
8981
3285
3149
9387
7759
731
9415
6699
7121
4682
6680
5700
3470
8205
9964
4099
7176
1097
8442
6843
5223
5624
8626
6972
1513
5586
819
4524
562
5289
6371
9122
8842
3983
4077
1584
3183
6007
935
7286
2077
671
3938
4521
393
6528
8990
5057
9307
7847
6878
4988
8763
5004
2075
4105
7126
737
5620
9195
3342
5133
28
7880
4448
5046
2797
9109
4922
9369
791
4690
2690
677
6579
101
8904
1691
4951
1794
1139
916
6346
5597
7525
5254
8942
9560
9325
3539
5376
3988
6889
1965
4098
2616
6152
249
2118
1249
6476
5890
7369
6564
1903
5156
6487
3633
634
4200
9861
1114
7232
6638
9186
6163
8256
6632
4070
2607
1339
5601
4550
840
4315
6280
3223
8715
7982
468
1228
4562
7572
8918
5628
569
6631
3503
3240
568
1218
2107
2627
303
2619
3916
2902
8675
1753
9626
6754
128
6206
2389
914
9614
249
3423
907
6491
7445
4777
6876
7849
6353
7447
6817
5013
1583
9891
9426
19
1076
6507
8244
6180
7300
1404
5810
4644
4995
9445
3674
3843
9968
2637
4652
2443
1337
4908
3634
2120
4344
3417
1497
1928
9039
8462
2641
1144
9343
2326
5181
9119
4499
7544
9014
6928
6694
2412
1407
1749
3606
4552
5652
7704
6755
8206
9711
6512
7660
5667
8420
274
6007
2834
1391
85
858
6158
6106
1958
9645
9883
6615
6866
8960
9419
3055
4060
7076
6049
2652
4851
9057
1031
4152
8243
6082
2774
592
3425
864
8552
5149
242
4936
1492
1013
8969
8313
8886
7711
5077
4326
9840
5267
5908
3732
426
814
8191
3877
2453
6946
2109
9748
8432
3805
4040
3311
4147
3011
9013
9268
2443
944
4794
1414
9553
1910
9789
8523
4570
9
1400
5590
2215
5407
9214
2105
7035
1217
9765
3359
6118
865
7353
4406
3095
7262
9841
9691
8846
4376
7685
8165
1444
6649
1522
6802
4023
6166
417
2200
587
7590
8362
1678
3155
293
1712
3990
637
7185
7824
4070
5162
8635
6927
9180
394
829
361
7493
5927
788
8974
6153
211
8786
9234
8612
7406
261
6334
9682
4531
1402
9153
7048
8613
4736
233
1386
6990
9223
7405
7884
7063
552
2930
5851
4585
6572
3879
431
4520
8647
547
2207
6194
2432
277
414
7408
2263
7978
8874
5438
603
9625
7766
6082
9654
162
8709
6039
8779
4438
1769
3259
4520
8535
2897
8064
7518
2013
5045
5006
5325
7259
9238
4398
2093
6470
3157
5139
8652
9560
8415
7254
4991
6661
2781
7125
4019
8400
4829
2534
4388
8980
5207
2232
3487
3103
2542
4806
4857
7177
1646
860
6015
6721
42
9151
8489
3289
4621
3682
7162
4379
8140
5534
324
3846
7811
6462
7811
7270
6041
7532
2919
9112
8028
3540
1305
7382
33
5945
4414
2501
7055
2550
3503
600
335
148
4452
3124
1895
1356
2695
1033
8757
9341
6843
6567
9119
534
7532
9937
4196
3119
7316
5989
8651
6901
3021
7032
9754
3688
737
7294
7673
7391
9154
9970
1592
1935
3478
3712
7471
974
9193
3122
2711
1842
7020
8672
7513
2356
7162
143
9098
4859
785
8349
3644
2897
9764
2804
5833
2441
1016
7953
6199
8022
1905
1210
2629
6957
8823
176
4080
6877
6911
3528
5103
8856
3104
5717
8323
1690
3482
8374
2455
1949
8220
9288
4097
7805
1734
7769
5971
7627
3580
4095
6252
8173
4829
8286
7801
9654
3799
8238
9879
9044
3126
5145
4305
1408
3438
9468
968
3204
4626
9672
649
5460
526
3523
9419
3595
2710
5218
5129
1262
1787
9817
4754
490
6789
9023
9857
2076
5768
5561
1096
46
9859
2141
2378
6693
8523
8337
4134
773
7091
1072
8194
9397
1734
7063
8935
400
1801
4422
5236
1879
5389
3073
6709
37
8854
1701
3977
6412
1757
7462
2260
6769
7787
4993
1385
266
1209
9428
4997
8889
5631
3323
5876
7556
6532
1892
3962
7728
4503
5315
1361
4221
3126
5888
5281
8274
3157
2225
9070
8155
2130
8867
2172
5189
537
1030
7740
6639
2780
8774
5984
4990
5694
7047
3228
5925
9639
6508
504
7609
3039
7313
2594
7842
9912
1563
1417
4817
829
7639
7925
1587
8489
647
567
3262
6216
5497
7660
4025
9715
945
2670
6066
6802
1628
7692
8240
3714
5326
1381
8032
3766
7531
471
2020
366
399
3974
1744
7293
3119
7858
629
5835
3544
8252
665
1416
5466
1257
6769
3068
2864
8879
4107
3156
9856
6057
7076
2410
5060
2382
1230
7439
4133
5165
3608
3556
6869
8972
4975
6574
3369
9782
6226
809
110
2401
7014
5145
4180
2831
5658
8300
9474
2117
3963
9231
5195
5235
1270
3262
498
4340
3037
9099
2735
7650
3653
1162
4901
447
322
2186
8108
7866
3634
1424
4886
9164
3717
7228
8054
7903
9027
405
953
6561
3475
2389
9034
9627
3187
802
9060
9014
8180
9330
5816
8163
4474
5241
7434
7753
9458
8689
8082
395
1817
6829
9474
132
8923
4002
3059
3597
8098
8602
4450
7229
9698
677
23
5075
5262
3294
1138
4597
7800
7591
8137
8190
2287
1464
9828
108
5192
8385
8553
7235
5159
3399
6961
8184
9960
3147
938
296
4566
1208
2916
1754
3621
1618
3301
3649
5993
4090
8525
8390
1889
5023
940
4700
9662
2668
7771
2198
8719
6063
7031
7201
7392
4052
2450
9242
436
267
9738
4372
4416
2357
9656
2630
3713
1753
5151
3854
1662
7229
5232
9279
5893
6794
6718
5161
8563
688
3963
799
8292
4632
6002
5795
5226
92
6618
1657
2782
9614
7209
6461
5566
6215
6349
3318
7217
2907
2216
6488
8443
1358
894
3201
9952
2953
2461
9328
1783
7638
3309
6814
8970
5066
9306
6087
4065
4931
3512
9652
7435
5182
3989
5399
7186
7636
204
3276
7530
2702
2320
8802
1757
1569
3550
7277
91
1957
7068
8178
9093
3772
9420
5881
5822
9816
7471
9517
3285
5303
8500
5700
9265
6906
6070
657
65
9471
7847
6415
1071
2989
1756
7457
8878
3153
7945
2060
8161
2856
6532
5269
6186
1032
2377
4981
5816
7344
479
1031
4584
4220
5263
2255
5491
7221
350
7125
2415
5037
37
1911
5785
1124
6673
8493
2286
890
515
9240
1787
7411
8698
7249
2646
2096
8118
5922
8978
222
7991
4412
9080
5883
67
4007
6644
5528
1066
5619
1534
1385
9940
4279
6785
2396
3264
6266
3970
8519
6610
3513
814
9830
8496
6904
1921
5396
4190
7108
7920
735
6044
1120
6334
4213
1313
5185
8161
1052
4074
9597
4793
6547
5493
3666
9320
4336
4240
2291
8459
8696
7418
8051
4942
5317
3222
4933
5912
877
9196
776
735
5228
5978
1083
7054
2749
1955
1657
6878
8791
3312
1045
9216
6099
163
7529
983
5471
7787
5153
9352
6545
6716
578
1493
8661
5369
5885
2727
6347
6478
8308
6275
1237
3349
8506
5874
1528
5535
5815
5747
395
6144
3314
8293
9109
1961
2222
1648
853
9960
843
9028
827
6975
2722
9999
9357
8026
3367
1970
3699
1855
7342
7729
8751
6265
769
8026
8451
3066
4460
7016
9116
2719
1770
9889
1840
9025
6358
9602
8649
9040
7941
3617
3148
7250
8697
4749
2017
4272
9002
131
3183
1095
1194
5020
8781
7226
1264
1785
1523
9013
4391
7866
7403
9699
5975
3413
5832
867
6800
2544
5710
2832
7851
9908
7896
1505
7813
223
6650
9893
3880
2159
1004
720
9231
8317
1174
9075
7156
9185
779
4813
3221
3706
7601
1387
7779
3566
9367
3614
8305
4300
6783
7907
9165
7268
6278
2172
9943
5780
1247
6145
749
2597
1069
6818
7098
435
5665
3361
9265
6505
8778
8170
4351
3515
3061
5299
8075
8662
8292
4893
3327
5479
932
561
7692
7436
2443
5566
2115
4010
3239
3674
3923
9529
8749
4737
7158
4251
6769
1771
3035
8064
6764
6854
8415
6707
7319
5568
7909
8095
1586
9696
1418
5424
8686
7648
7657
9563
5482
3544
4135
780
1141
5784
8914
376
1423
8135
379
6883
9323
6679
7035
693
2256
3027
855
9580
1047
5601
8381
7699
2911
6928
2045
3095
2927
353
6844
773
3135
3979
4791
7776
1389
4302
6454
7420
286
4062
8324
3171
1377
7186
2113
1753
7462
7133
8476
2239
1131
6357
5861
3615
3085
4227
1361
252
8026
646
4509
7672
8221
3730
6371
2033
127
7613
9320
1671
920
3162
8592
1539
8239
6780
8255
7696
408
8043
3646
5381
812
3444
9139
9738
5498
5708
4184
1928
5049
8049
1162
8881
210
1571
5275
802
1199
7077
5372
5720
342
3419
3027
7991
4080
1197
7634
9151
6806
2134
2148
4783
7252
5002
795
7992
522
5564
4878
7962
1413
1345
5385
5156
9217
6753
4604
8427
7160
9762
5326
7489
3583
4422
9993
4834
1448
8421
7790
7460
5655
1032
10000
9690
3246
7902
5341
2317
9811
4716
9987
7086
8457
3758
2689
7458
7193
4355
6759
2808
2688
8117
9931
8274
1454
9330
7157
9530
1843
702
4135
6099
9744
2243
6217
1701
7360
4285
3772
9895
9118
9103
376
6725
9374
9418
542
7324
4397
9407
5778
3789
7985
6400
3210
4231
7163
459
2529
625
1071
4880
5813
7199
6642
7734
5411
3460
7042
9591
1537
3782
9642
2409
2293
3523
3966
806
8404
5819
3434
1128
4708
1237
4458
6738
4624
3281
3844
8355
6674
980
3954
4408
2067
4779
2466
3040
9100
403
7748
1635
8501
3750
4751
4528
5785
3884
3700
7671
4014
4602
4830
8856
9767
3970
2818
6875
6628
2039
9136
1207
2202
892
7211
8248
1964
3393
2299
3429
1656
591
5552
4208
1820
5181
2605
5045
3115
8808
4987
1764
9720
4136
2759
7802
8476
80
4672
3397
1257
1353
6618
593
8712
1016
8132
2667
245
4041
4527
2840
9817
9769
177
606
8561
5832
9949
4755
3950
5486
6415
5537
7110
3104
7507
6059
2203
5930
3600
8590
9771
204
5257
5259
4604
4241
7483
8229
3192
6994
5620
7159
4217
1738
8874
8115
8916
7168
2671
4976
6505
2664
827
7870
9313
4918
6826
452
9386
6949
2731
8945
2405
195
7895
1538
4195
2225
966
4678
2751
4297
7936
2223
8065
2350
9116
3250
6442
4357
2906
8898
2332
6873
2153
8450
9928
5928
3353
710
8621
6788
7726
6329
6835
5967
7558
3317
3160
7201
1536
7631
3244
3259
9695
4616
9621
5206
8838
7794
3625
9905
2427
9933
9609
5881
884
7171
5720
3740
8171
863
2562
9104
6368
6321
8245
6395
4345
4570
6725
7332
1075
3889
9051
907
7038
197
4156
7121
5996
2982
7046
2025
5312
3066
2666
1467
7826
5144
8281
8798
8240
9897
7033
5979
2633
3479
9339
3892
8734
2885
2903
2598
9258
5159
7772
9588
6682
2596
1576
7126
4600
3064
5620
7925
7138
9369
6309
5977
3575
7810
2396
9696
6414
6875
6579
4012
8053
3336
8847
3318
1113
8664
3948
2245
5930
4785
3482
2387
2037
4191
4151
3589
6885
5828
8570
6939
1948
7277
8996
3348
8939
5312
3949
1734
6514
1013
6502
1500
333
6874
8133
8072
5232
4750
2104
5666
7411
6040
8574
4222
3030
8587
3588
9336
6555
3323
3765
2345
8249
7683
9280
3502
2903
7624
4088
8696
792
6434
9422
9761
6996
2257
5036
3447
471
3507
984
8040
5496
3639
7640
6830
1571
1874
7823
271
5694
8931
9537
3776
7590
8360
6959
3525
2326
5098
1648
9656
9166
6008
8010
4081
6977
4503
5044
1214
7784
7203
4468
5390
1295
9751
1045
9261
5688
2489
4965
6597
3130
5424
1516
3007
9794
4902
953
7478
2534
9139
752
1026
6156
2646
3649
2005
4811
4082
2448
200
5583
8079
9136
2569
544
1274
8232
6472
2591
3707
148
3201
8241
9916
1784
145
4410
8960
257
9132
5171
1881
6571
6397
3298
5645
6675
272
2133
3929
4020
6631
5059
8101
1959
3233
5691
8815
1594
5483
8825
2157
1398
8627
5056
7219
6203
7644
8370
778
2388
6704
4591
7225
8536
222
4648
1922
773
4535
8220
5626
3272
8461
842
5194
7027
1203
9755
4797
191
9150
2728
1635
1495
8781
2188
93
6516
7881
5114
972
763
8353
6044
9024
4775
8874
4748
4084
1813
1284
3146
483
2642
7121
22
603
4150
6191
3509
9544
5196
3038
5568
3363
1125
2306
693
6078
8603
1256
3751
4158
3935
2370
7908
6712
9338
6267
7452
7128
3613
2201
204
9160
2864
7923
8974
4548
4206
7683
4065
3947
7523
8746
3522
3203
5599
633
7571
4153
267
2602
7825
1531
7597
7223
4373
7129
1048
5345
4475
3851
5015
246
6484
1580
1060
7685
6161
6913
8747
7650
6612
6710
1644
6343
9597
266
1406
4977
4319
7517
7627
9368
2401
852
4215
6576
1816
3152
5176
5144
5957
79
5135
2339
5797
8264
6258
7322
7126
5161
9189
1655
8846
4678
4694
5566
8498
1392
3399
1225
4529
203
8763
6675
7288
3205
2766
6665
7192
5561
4771
5566
3284
1505
4267
3328
3578
9534
6108
3146
688
7864
6790
3170
9477
4079
3583
1177
9881
6947
3628
7861
4717
2074
3647
7311
3094
1875
3837
4079
9426
6737
8915
8347
9311
5507
9215
9948
6996
7097
2759
6654
8530
4763
1161
3447
715
2503
5909
626
7200
6081
1110
9656
8772
8128
7972
1361
8463
3317
1402
3755
6931
4507
6602
2423
765
7154
7337
2284
8196
6779
5042
2006
9933
8872
3777
9764
6897
5217
7084
9544
6675
3469
8525
3006
1116
5333
7845
9794
5920
3390
6334
1538
4567
2104
9767
8510
3798
7306
7984
5926
3789
827
2192
9272
4425
8979
1404
4617
4099
3476
1702
4207
3363
4509
395
6362
6627
4974
4455
9653
691
4920
7244
5218
910
4255
680
2403
5784
9879
4324
5035
2951
9844
4065
9245
9545
4104
1257
5546
5873
6370
191
8885
2666
123
6038
9517
6937
8805
4423
5985
4631
754
8265
74
5297
5031
1609
958
3890
5542
2242
6065
5374
9871
303
2555
8128
2128
5664
2978
5150
1983
7082
5626
1598
3197
7917
4654
8654
3843
3121
3409
5368
8879
8689
5929
3921
1623
333
8090
3314
8503
2746
3872
1432
3950
3520
2521
7617
6323
2353
1626
547
1564
6074
6526
7949
100
6704
7811
330
6379
3579
8024
7456
3808
2069
8082
2940
3742
7709
9415
5729
4570
5669
8589
5806
2680
2487
492
4168
9592
1137
9733
7000
2493
2481
5128
6572
9093
9496
1387
4272
7300
804
6913
4814
4384
2381
4749
7171
3534
8822
9309
2492
3607
3299
1489
2715
7947
9001
252
4664
8600
3015
6781
3798
9537
171
2379
7616
4810
6708
5299
1121
417
4208
2168
4450
6163
1768
8795
9268
8005
1997
4349
5829
9407
7897
3937
3718
351
8565
9266
23
2295
437
1129
3644
1886
2873
6048
7224
4055
2910
5587
4071
4224
4226
4364
4584
4485
359
8815
6901
3777
9407
2797
929
6178
258
2059
9173
106
7803
6258
376
1513
946
1288
3607
8409
21
5755
6855
5952
3750
6760
339
7537
2316
2436
9276
4673
6918
8233
6743
4555
7540
1221
3090
2380
4518
8085
3309
1716
6838
8695
1070
789
2910
936
6238
7522
6950
8284
925
3363
8361
4670
1122
4231
1975
3299
8784
9199
1876
5765
251
8900
5349
7033
7275
9221
202
5137
6488
2317
9107
6821
1238
3844
1176
8159
2131
9016
9810
6485
3220
2923
2167
6504
9556
8178
6424
7906
180
4177
2995
6234
7661
2436
5849
3690
4691
5575
6178
8311
3703
8221
7605
9238
6759
653
8176
9387
399
764
1257
4286
8109
5728
4932
5319
4759
8909
5280
1128
3095
5535
3520
3456
1007
7270
4827
4511
8201
1364
9582
4672
3213
9415
6929
7203
3818
1103
8175
2209
717
715
6852
6182
697
1122
888
4987
7150
9918
8049
3967
6480
7311
2927
61
9573
6499
8730
7005
5965
7838
1437
410
5538
4983
1844
7639
2234
9368
7284
6447
1844
2782
7215
223
633
1863
8696
2950
9282
334
7147
8193
6992
1207
8642
8669
6896
4645
2786
6526
3001
7060
2784
1116
1418
3933
4978
1350
1942
9691
5782
9231
9096
1595
6108
3771
3457
7170
8644
2717
7339
225
8418
3830
2223
2996
8816
7602
8790
3971
9677
8925
8823
4318
6553
9728
9099
6565
8804
8774
611
2402
1711
8019
8251
8766
291
4398
6109
2153
6221
8010
3654
1327
2204
31
9762
1451
4921
7958
9450
4847
9054
3491
3831
3208
2611
5621
6995
2142
3583
2780
1943
5995
3076
5183
326
8673
7801
6185
3650
206
5209
8374
6485
4950
2622
2570
9497
9113
1568
288
2251
37
6812
890
6445
6954
7846
7589
7149
3464
9865
5105
2982
5918
3806
1027
8116
1156
8987
7886
4868
5757
1954
9550
8252
7571
4102
1615
496
5707
8513
3512
1613
5388
3827
8508
3736
126
8713
1987
4074
6502
6160
4868
1331
5050
9850
8385
5389
2189
7483
6872
7499
2617
4621
3301
6194
9415
8479
8033
7829
5072
2676
2867
5167
2902
7271
1145
654
8775
4480
7276
5865
8828
9020
5664
3193
2385
934
2096
8990
661
4634
3176
7193
1524
1182
1760
5710
8655
4839
5738
6861
6693
2410
4537
8017
3309
9292
7972
1875
2943
8394
9130
9521
7411
9474
4062
9610
8174
1882
4419
5022
2218
3458
5063
3909
5729
1849
2567
2564
8498
6630
6795
6089
9608
903
7986
902
9806
6461
7106
3566
9745
5261
9241
4026
8519
1718
621
1045
8038
8522
1793
3878
5211
2127
1319
1007
7314
3486
6225
5736
1439
2653
7488
6058
5599
5438
8359
4426
1447
5983
4923
8217
9093
1018
4964
6036
4415
9049
7389
1939
73
4026
4768
3479
8928
5966
9273
632
6071
3131
3434
9971
6854
1581
5504
2688
4640
62
472
2619
17
9585
7832
7889
6816
8326
8743
7406
6921
5311
561
2295
2472
2501
7173
3424
3580
9951
9977
4630
7407
7465
7031
9112
9392
6320
8306
2015
1271
4040
9847
9238
5926
2770
3009
7087
5571
8752
3888
6463
3615
6323
8474
6724
8496
7756
9381
3280
3845
7950
9380
8212
2759
7797
8966
7891
777
7512
5785
7808
3066
9606
3250
7621
7355
1988
8512
768
2627
182
9991
192
4277
785
1352
951
4324
3278
591
2752
5428
9952
6397
5996
6216
9351
3297
4060
7728
3133
4083
5873
8197
3897
2814
1183
8659
1947
4969
3522
9293
6711
8905
3497
3975
9375
300
2980
334
3802
2304
775
5319
4539
1685
6777
8991
4871
3133
4149
5862
395
251
4271
7550
4044
901
436
9927
4167
6931
440
8177
9691
4173
224
7247
5441
4434
2198
3950
3820
268
5619
6407
6654
1997
3305
8098
9798
5696
9027
7843
3299
6085
9529
9745
3749
6073
289
8999
4892
4099
613
7671
9360
2610
8198
311
6269
3360
1292
5288
4643
8283
2951
7870
8055
5973
5297
1873
2000
494
9808
2796
6059
4323
5718
3951
4547
1404
788
8672
4881
5614
1442
6089
5382
7537
12
5512
7615
7561
3290
4976
5471
2942
4237
9792
548
3211
7630
5794
6689
6052
2717
4181
9934
6823
8379
3686
2717
9616
8752
6636
6734
9994
3824
7918
1161
924
1062
5676
1291
7288
8649
8341
4439
1453
3665
9847
7325
5490
2734
331
9351
9831
7127
2392
1655
8687
9106
8323
6516
330
3242
6118
5287
7277
811
7753
5828
6410
356
510
5264
5665
2274
9645
1009
2081
4704
9030
1135
3146
3588
6721
224
6242
4783
7620
1612
6690
2799
9298
9634
7174
7500
9051
3457
6466
6925
9980
2975
5199
828
5207
9690
6071
2340
7889
880
9962
416
53
1064
6002
9184
8451
4059
4983
4799
6966
8665
7077
7067
9038
7446
6230
8964
6577
2871
7784
1970
8034
2488
7944
6983
3944
1669
9746
9691
4449
902
2431
7747
351
5277
1425
9345
4431
5916
6250
1324
5033
7920
7329
8940
1436
3370
4054
2678
8862
8655
3011
3702
8277
792
5110
2347
971
6894
6328
7708
3140
3708
3387
2211
8077
1977
3516
7290
4059
7525
6984
4343
1738
9613
7125
7357
7442
2094
9330
8154
3375
8398
104
1373
8649
3643
2731
1471
7871
1888
90
5439
7310
161
3719
8292
2368
828
4802
6527
855
1653
6435
7157
4251
7455
9519
1456
5604
6762
1787
7467
6656
458
6200
3886
3065
4503
7039
5187
9041
3980
4510
9740
8859
2443
9757
4348
8749
3472
9247
412
5194
3346
7743
1799
5254
3356
1986
4401
2446
4196
1631
6840
4923
3150
5363
567
2647
6619
3462
6198
5151
865
7467
6020
2992
6582
9152
1900
5869
1338
2770
9953
8865
3288
7674
4020
6577
824
1993
5285
7970
4840
6238
8694
824
2128
1282
1635
7390
7953
5271
1244
7379
1474
88
1666
5145
9147
3306
6584
6390
809
6851
1138
6884
1170
9569
8050
1488
4307
8230
5835
6832
6811
7259
5507
1919
2802
4596
7505
7078
1665
1823
3054
5733
1233
6354
3826
5837
6402
7193
512
5472
7650
5
7970
7088
9799
4498
5681
8983
4075
4426
3881
6125
7505
1263
9124
2448
970
5385
5533
1278
4727
9614
7745
8152
6284
8565
3810
5422
5808
2172
6291
6110
1787
8401
9959
3021
5369
6621
6745
8264
2411
2715
751
3574
8139
9470
7871
476
2843
3974
47
2570
1314
6300
8644
3702
5257
1851
6509
1672
3601
6667
292
2986
4800
8855
3590
7092
6865
3196
627
8875
8003
2704
684
9406
6613
533
109
4845
3391
7349
5063
1218
6532
5629
203
4254
3742
1188
6209
7824
4499
5983
9338
4759
2171
4937
5467
5459
6538
5580
1746
3673
4905
1727
7399
3214
7050
6145
4790
9772
6130
1769
9450
9335
6078
6151
6617
807
3879
6075
9409
1629
329
6169
7472
8157
9000
6206
5580
3284
1311
2110
6101
1216
4645
1205
4344
2276
1348
2177
2175
6903
5724
4643
2640
1420
1799
4564
6612
2412
832
458
5419
9141
5444
9375
2053
229
1650
7266
5123
6774
8373
2862
4819
2364
9761
8630
6971
8632
560
8234
1079
131
8005
1011
396
2821
4745
6555
4434
9121
4690
3829
2632
1289
8350
6239
3308
1049
665
2168
4055
9009
1932
6128
8183
987
6983
1587
3419
7578
7890
1153
6666
8112
9331
4404
2061
367
7908
7722
1141
1646
201
1083
3316
5770
5466
4169
7027
3304
9033
2612
2725
1622
1845
7599
2157
771
9055
5881
2115
6323
9058
3509
1909
1362
1294
5295
4019
334
9879
3266
9570
2481
4000
8847
7939
353
4910
3943
1369
4153
5771
6731
1182
1538
7817
2323
2526
9270
4223
2552
6987
1710
3956
8182
5206
3281
7114
8506
6536
143
8229
8768
828
4129
7188
7671
8672
1929
1632
123
355
9896
7011
6339
8689
5885
9311
132
6721
9902
9895
7103
9915
1136
2334
3369
7876
6393
6237
1910
562
9639
8266
2094
4043
5398
7677
3093
8316
7575
6651
3483
8841
1673
6786
4002
5739
4059
3853
1667
3848
9587
4709
9795
2229
5126
5174
8242
1787
4612
5115
2490
4985
1909
5404
2458
3698
4607
4272
446
1649
6743
7359
4048
2156
9548
9532
1793
7095
2416
4079
1282
7854
5131
6050
9155
642
3187
5384
1282
6854
4119
2267
6049
5535
3702
1765
9600
6856
8127
3513
5989
319
8285
9211
7705
2552
3805
8278
1518
9000
6481
7475
981
7810
1245
1356
5078
7278
2266
8231
8437
2777
1454
7808
8379
2879
7804
7298
318
4053
249
4983
4697
6542
9944
6769
7267
6750
2576
4575
9183
9531
1649
9154
7334
2206
3273
3679
4236
7407
9640
8138
4481
7245
8872
2138
2059
3557
6107
1796
2664
347
7334
773
47
1158
5953
3688
7024
9602
437
8727
2908
5816
9478
3733
6270
3410
2008
1566
9798
7647
6270
533
3517
1620
5512
531
6871
2741
8090
4580
4663
4858
3478
7853
7114
3943
5184
115
4770
5712
9965
6776
99
668
9939
9000
2353
4209
4802
6666
961
535
7719
9118
2114
4136
4493
8431
9045
4407
7918
5987
9527
6679
1007
5562
4670
1698
7569
9783
5350
4859
455
304
9264
8968
5373
2943
9553
2586
7951
4028
4860
7189
6462
1732
5930
4563
9177
6877
8120
9294
7669
3960
3862
5973
3442
6286
8868
3425
8025
7429
9954
3604
6656
6543
6845
3163
225
9422
9433
6249
478
780
8447
9279
8685
6628
8594
6059
6539
2576
19
1562
3241
1769
6962
5066
1422
648
750
9825
2129
4111
7351
1695
5151
8805
5885
8413
4893
6923
9843
6556
2706
1482
6988
4705
4610
9837
4445
9835
76
6115
7282
1826
5401
6147
6703
4763
7248
9378
2776
7365
4762
4289
3972
9534
6694
1869
2933
2635
3025
6424
7470
4530
5591
5849
4891
873
3133
1820
5857
618
4116
2795
9147
3236
8674
5505
8376
9381
8209
8910
4418
2538
3581
7687
9632
2499
3230
691
234
2327
4946
6973
524
5166
5775
8809
4354
8419
1279
8220
2074
8793
7653
9540
3101
893
8807
8420
5789
5142
1047
7171
9500
6470
2008
1167
2363
8126
9176
869
8710
2579
2
3299
4773
4391
6554
7361
1798
2858
202
2225
8858
3100
676
6591
5003
508
7972
1531
6692
1894
1141
6603
4930
8465
4715
5594
5872
6035
3255
8673
8884
4840
4183
7027
3808
6933
7665
8026
3575
2562
9856
2798
5244
1639
7759
5186
5208
1443
7068
2359
3826
9981
2757
6122
8562
6842
6185
5600
9956
5644
6640
4237
4448
6693
6116
3128
7771
1806
1505
6685
7752
1627
2324
7560
9961
1979
4934
9421
9604
9060
7422
3066
4937
7935
6933
5522
3767
4359
2238
1954
5923
5834
4223
8428
3263
7469
2129
988
1980
1964
6875
5899
136
2801
1723
2180
5460
1502
8095
4666
8656
4328
9141
5673
9141
8621
8619
9044
7320
5918
2998
9161
3945
6689
7251
9127
2006
4660
5369
94
9172
6200
3551
2708
1092
2561
6755
9684
2500
8988
7180
761
2080
1052
2390
5207
1014
1649
4859
80
7561
7803
4811
5450
7185
8732
10000
858
4764
43
4583
4363
1384
7236
1800
2365
3883
9461
4881
2093
4796
1598
5691
3979
2458
6325
9660
4967
3299
1730
4171
141
8831
5638
6602
6269
2283
221
8088
18
8415
5885
8909
3223
1389
2254
8936
8969
6512
4910
5063
4112
4105
6154
1461
3960
2334
4426
786
355
375
3655
1835
8502
5338
3699
6484
8678
6234
2676
9944
5620
1644
9806
7407
2570
3854
4955
1361
1260
1165
9375
8015
2811
9530
8899
4698
9681
2559
8854
117
1188
5153
8396
2761
7895
9700
8195
3190
5014
4969
9544
1269
10000
9014
5064
8489
224
4395
5823
6762
4206
3346
8421
1127
3399
1964
4983
8947
7799
390
5367
9266
5730
3172
6065
7461
159
6392
7326
3640
9153
866
8950
7599
440
9052
3291
2793
4365
3029
6861
493
3299
7093
8128
3270
1283
5918
3884
2612
3527
393
4614
6023
741
3564
9796
2214
4613
5972
3405
535
1868
4852
4188
4934
7516
3042
3219
8628
4512
8144
5852
2628
8141
6201
4785
124
7982
7173
5942
8347
2964
8501
759
1449
3259
9122
4950
8670
4560
9552
7907
9671
3769
4089
8653
9923
5552
1086
539
9658
298
4932
3796
1219
2720
2753
4349
961
8306
753
9754
1482
9964
3223
4699
7974
8934
3515
7555
6756
2282
9624
5079
5622
8426
8797
61
5959
2012
9934
2471
2671
7653
393
5056
7977
4017
5678
4398
4957
4159
238
2966
8435
3996
6634
5693
7071
7765
229
3467
7546
6824
6673
5786
2991
8167
4817
4707
3978
7944
2902
2954
6620
2193
2837
6558
9951
8519
3465
5120
8522
3067
8448
962
7352
8804
1208
9359
5968
4342
9822
3346
2680
8976
2832
6133
7793
9596
8834
2839
49
9064
5590
9455
5418
1568
1561
4738
8073
8294
6493
4391
1357
9971
4487
6000
7683
613
9574
5750
6329
7092
671
497
5578
2277
6366
6071
6279
9032
8160
1451
271
4708
8491
6547
1476
2457
2871
8123
4652
8900
208
1649
2951
4032
4682
2448
148
2534
9259
9995
798
199
1503
2565
8539
9364
9845
7497
8124
8143
7939
5286
4062
1195
7904
8240
7562
3765
4120
1334
4550
2574
1207
2213
9801
4026
8541
749
8270
402
2687
4069
3158
3735
9364
4175
9028
9647
1163
5861
3590
7469
6501
7995
593
6712
4693
1282
1397
261
5270
8448
145
663
221
4736
6705
6500
9187
4780
1840
3319
1225
4156
7276
9448
4649
3281
5498
9201
337
3865
8948
9100
2681
966
1783
7874
6670
9609
9931
2152
6928
6219
4881
692
4126
1378
5060
1766
7670
6967
8512
6975
8287
7465
3198
8600
7434
3208
5310
2161
2610
8295
2427
6181
5075
291
4838
1438
5078
1402
6902
4243
8843
7895
7649
7863
9837
2601
5640
714
3107
9946
2635
2626
6103
7747
392
7211
4605
7182
3268
8459
9404
8204
4573
1717
1249
255
9257
853
8092
4213
6806
1882
4092
6555
8237
5460
1786
7858
8083
4491
4811
1465
839
4895
7788
2184
358
7294
7158
5382
6317
1072
7691
7745
1530
5012
7057
5080
2883
7122
862
8693
3721
3217
3715
9878
9349
723
5511
5967
9381
2518
3519
664
8898
4881
1095
4217
5811
7623
4239
1266
1536
4610
6102
6487
8279
3995
6712
1936
1988
8666
8298
9535
2000
9937
2464
7375
9473
4743
3593
5955
43
1451
557
3103
9942
8275
9520
7974
4549
8737
5063
6684
6984
532
3926
6484
2190
8271
8143
4574
3352
5552
1531
2658
165
9951
6605
2915
812
7967
2410
1750
9159
1257
1723
2636
5651
7513
2027
222
5376
5896
6744
1880
3484
6784
5376
4126
4747
5554
874
6504
6224
875
8011
5793
9540
3431
8492
8009
7326
5645
2559
1191
984
7089
2353
8936
2169
856
2535
7681
6968
6519
4305
7305
9803
7560
2396
63
3467
5858
8052
2113
2804
8907
6565
8993
4124
6207
7100
9976
2118
9082
5030
5295
6952
7104
6696
6857
176
9269
730
2202
4537
5091
7498
2168
4863
2238
3084
3800
2607
2929
696
1970
399
7674
9184
4969
3883
6135
6757
8707
3671
2286
9904
4209
3033
4035
6120
457
623
9790
669
4313
7834
8903
9089
6676
8743
7099
39
3
1083
6045
1269
1997
3631
8062
9152
7416
3157
5962
229
4328
4004
4803
7391
6693
1181
6610
9465
9562
7025
7631
780
1269
1008
6517
9463
2151
4872
3412
460
1088
866
7126
1765
5713
2162
5804
4528
7701
7366
4281
1314
1716
2373
3712
6196
3465
7112
9306
1007
5424
2845
4887
9643
4159
6424
1977
6339
6461
1288
3458
5752
8867
8952
9275
2125
47
8726
319
3232
6528
1145
8030
7829
3673
3652
1699
4610
9539
7225
8152
8597
7640
1773
5968
6696
872
6183
5026
3461
4353
5806
279
5606
3917
5933
6109
3909
4426
3604
5984
1284
6090
6807
8703
9519
2452
4918
7035
1495
8021
3199
2983
7036
497
1904
1113
785
281
593
5748
2954
9947
3742
3435
2468
881
1020
4590
4824
8475
5165
6124
571
4440
8856
721
6011
9476
883
6684
6801
9616
6620
2998
7155
6992
2623
2653
8846
7894
9759
5268
403
9215
1731
380
4039
7426
1728
8695
2895
6165
3708
5442
4703
1400
6861
3207
2159
7598
4408
2831
6208
1310
4113
2380
878
3119
8598
1078
9809
8954
1207
5791
5026
217
6266
7197
9588
7315
8464
1749
802
640
9371
6892
1234
2172
8702
9794
5885
5823
1764
3147
7995
2871
6511
583
3330
3950
9065
8098
4733
3926
8317
3894
3580
6703
1211
6622
1519
8931
732
3495
6368
4724
5194
3200
45
4590
2563
7842
2167
3806
1263
9676
2884
675
1178
9015
5052
3885
7640
7163
7436
3659
3837
7019
4685
6778
3781
3678
2877
4238
2389
2417
3990
415
7220
9752
6520
807
3531
454
3310
634
7215
9849
1762
2010
5760
8365
7861
7378
8227
5463
615
4068
7324
2129
5083
9913
9856
4505
5343
5843
3293
7421
4910
9029
9746
7968
6438
6634
7987
9872
7328
5257
7574
2862
6338
3458
3764
9585
9545
1346
9334
5834
3136
8190
8667
2616
520
7062
2252
3377
3734
6974
504
6977
7400
8468
2291
1054
7503
6271
718
4947
5685
6958
3398
1636
8564
3664
6887
6526
280
7619
7013
4045
1078
6341
9785
4404
2747
4848
167
1126
7635
3106
5168
559
6159
5579
1039
710
5341
46
2792
4263
7296
6888
3785
6043
2171
2137
4513
886
9184
8638
8980
8270
4753
8343
9913
7357
4029
3600
5035
6900
7362
5756
229
7983
6498
8828
206
806
930
9450
2362
4476
3921
5656
4309
3042
3270
2407
5531
1101
9073
7401
1025
39
7577
7931
874
8707
5666
4140
5272
5094
7242
5962
2217
7506
2967
6714
6683
4638
7659
6215
2372
7267
9468
6473
4779
7047
4910
391
7796
9564
2718
740
7298
9637
813
6248
1237
1123
7357
196
4109
1618
4188
7742
9482
5778
924
7912
9732
9035
7274
3927
1825
1930
1450
342
8005
5645
1085
202
2867
6324
9283
8785
3595
1085
3648
5784
6478
776
2781
6362
1965
6223
7405
9576
5584
8383
7054
2901
7169
5143
7520
879
2747
5792
8247
498
9792
9054
1094
6294
9434
3936
4654
8879
4940
4120
9931
4251
6656
9235
9978
5982
4297
9290
1496
7103
1645
8116
2912
9870
2415
6793
4720
7383
7038
7362
1676
682
9943
4819
7862
8596
3990
8350
8789
8811
9684
4216
7364
9175
3599
7737
240
6631
6230
2926
9664
2884
6678
245
6286
8821
1599
2145
1755
7223
460
9929
9164
7179
6106
2706
2566
1935
4855
8822
6075
3231
1521
9093
7156
9372
6434
9256
1904
8770
9683
554
5873
8147
8916
2254
3298
6129
4418
8213
7069
959
2023
3806
6679
4809
1233
8620
8833
9377
8761
9689
9618
8023
5519
1233
6868
2296
1357
8694
9304
3281
4422
7814
976
9224
6166
3297
2557
6146
6638
3164
7766
1510
2685
1273
3864
9766
7069
2640
9476
8340
515
7877
8481
9263
2511
25
9611
1697
2108
7750
4307
7996
6542
8724
5266
7396
7591
9126
7542
2495
6903
9425
7267
1297
4198
8395
972
4958
3009
4564
5600
6761
7
2476
2321
139
9402
8426
4538
1030
5360
319
2107
5245
1074
945
2733
2436
852
2500
5306
8771
754
5689
7052
9563
3412
2687
7153
7878
1012
1142
287
3218
6206
7681
2322
6893
3856
7571
6203
1512
2301
6461
3779
8006
5103
9732
9643
963
5518
3979
8409
2925
1695
4832
1923
4101
5344
9371
9327
3706
8520
8410
8507
343
7807
3233
4642
9352
9144
6300
5074
3271
9034
2411
7856
5486
2220
8221
108
5102
8020
2832
8666
8792
5784
5264
6643
6853
9957
6131
9043
6220
1651
3136
4201
7708
4317
5668
7854
2936
2970
9039
6958
9793
6147
7658
5670
5620
2466
1164
3620
6827
4942
9015
8953
6436
4833
130
5810
2556
6625
3544
2806
9322
2078
1572
1773
1019
6979
7481
320
9094
5323
1597
2522
3300
261
1777
6221
3631
4305
5524
7665
2232
9350
5104
8675
2568
2203
4376
5140
6062
6225
7876
3702
1846
6809
8394
4684
4395
4194
6788
5636
5746
8216
1229
1156
7767
9086
9645
6184
1586
6066
1009
6605
5156
4416
796
5303
2846
5119
4051
1333
1457
2488
9406
9287
3050
5548
3422
9686
4173
9162
8419
4907
3070
6627
9476
2126
4929
8883
6907
8243
3852
4826
83
7597
818
5092
1099
2794
5922
7289
9505
57
9180
4548
4638
1413
6667
6967
846
755
4648
966
3885
4090
4919
9340
7160
9659
3157
193
5757
4396
8694
8571
6451
5822
6830
4796
7976
4291
9098
6908
8194
6242
3161
5309
5271
9436
1788
6767
7428
8597
7197
6101
5162
4408
3589
2217
6157
7103
3246
1577
3018
8674
4516
9039
2800
6531
9859
2341
2114
1010
9994
4666
16
5150
2513
8063
2905
566
2066
1852
9689
5285
8490
1205
7910
3176
9403
7504
3189
7678
670
5427
4435
6957
3543
5757
7026
4304
1413
6754
2482
4810
6061
4270
1369
3572
4478
9855
433
6455
3179
3043
5096
6377
8306
2013
6240
799
3659
2740
5908
8142
7916
4776
8136
3616
4188
1344
3495
775
3808
3583
4821
3167
947
3485
6810
7321
2448
1035
4822
1996
1070
1898
4668
8517
1708
2616
4342
4117
6927
1958
80
8382
461
6074
8350
4300
4702
7362
6447
3743
7239
65
4678
4958
9686
9431
3408
1780
8552
1489
2043
2482
4
4897
1930
5433
336
6198
3338
9574
5173
8224
3814
9035
8676
1382
228
6952
7809
1872
2446
6
3197
6950
2459
2542
6276
3824
8966
4589
6372
7901
6389
3731
4540
602
4428
483
329
8986
7619
1868
7621
7849
8005
9267
1376
500
1529
3946
442
448
2822
5173
6000
4849
676
2917
7923
8355
9914
6807
9841
3935
448
823
7548
7257
991
3693
6895
1112
8906
3144
8024
8983
5684
2877
1054
8457
5522
4989
8421
3126
107
9558
5868
2881
797
1205
4714
1702
2269
3856
6484
6957
2242
7741
2530
1546
8036
640
3805
8640
1452
5460
8884
7881
5761
8372
6013
2343
3802
5994
3796
8894
8722
8595
9210
6319
7924
5324
631
8918
1157
5409
3589
619
6169
2640
4484
721
7527
313
4388
8266
2466
8540
2971
1
2119
4589
3232
7978
1909
9530
7432
4716
2301
972
9781
4400
3010
3096
8408
2883
2193
1351
5381
9186
1399
4923
804
7674
4785
296
2448
3170
6316
8725
9710
7730
451
649
6975
747
9223
4232
2317
4503
7132
7103
5794
5633
260
4408
8833
127
1142
4335
9752
887
8164
988
8969
6912
3532
3197
5231
9843
454
956
1998
3498
8055
9112
4800
7188
7094
5339
3228
7053
681
5237
9836
5431
6305
8641
7706
8829
4424
3642
7767
1829
8128
2282
3918
6798
6737
8622
7986
9900
5662
3895
3590
5046
9873
2222
2965
2874
1714
7500
5521
7448
9850
3459
6187
9513
5416
550
8752
6030
6697
1541
1878
6640
2594
2283
7980
9686
3063
4087
8613
8747
2606
7568
6559
5339
4061
4642
2664
7735
3036
1799
5943
7376
5583
5644
2303
3509
9758
5639
9362
1906
5452
1643
1916
1055
1837
316
2029
4749
2529
6875
1452
1696
5385
5221
856
7531
5684
7475
4454
755
938
2234
1988
2700
2424
8060
992
8021
2574
2084
8504
2318
4971
3724
1132
6025
3844
6377
5619
6874
613
9205
9653
2510
9557
8085
8690
4021
6013
924
3495
9261
7782
3267
3701
2811
7082
4057
5214
5067
4437
6082
5319
521
9886
3576
395
6538
9964
9061
599
4893
3105
5053
4921
3145
4578
865
421
1658
9121
750
388
1097
6532
1832
8476
2706
8271
426
5728
4654
2121
2456
6624
3793
2623
120
5451
6935
9110
1504
7998
9639
8193
785
1741
8143
6064
4115
9988
4446
9349
7732
2219
5474
7055
8294
4742
9728
6647
3306
114
3377
7535
5934
8351
3005
3003
837
7576
1620
1548
5933
4246
1480
7522
5224
1963
3111
7541
5625
1477
7512
7611
857
1610
6726
791
8499
3925
9740
9825
1845
7492
6860
9577
4103
5537
7914
1570
1201
6913
9760
621
9376
6498
7519
8833
7106
42
3046
5410
5490
8323
29
463
777
2763
1001
2606
8352
2653
3854
2280
3682
8242
4960
7216
2663
2908
4562
5691
8702
613
4872
1824
9195
7914
8373
2918
9891
6300
6181
9157
5468
6691
9172
6888
8029
4563
7085
6606
6483
4850
8046
2230
9370
9177
1819
782
7506
9235
3952
6113
6308
41
3241
8758
2823
6511
9112
9614
7468
7003
4709
44
3498
7133
7701
3779
9650
7487
3726
241
5530
6244
7193
7307
1942
2586
749
9550
3295
3263
99
6872
5286
8805
9842
8009
7806
3580
9354
4069
4708
4837
2166
2895
6894
3628
9745
2615
7371
9694
8512
5775
3206
4012
6221
8191
3755
5859
5996
7514
7437
8160
9841
5829
9319
5275
4380
5814
5199
729
652
648
3318
6486
1954
5310
7392
5223
8528
4064
2935
6141
8247
880
8059
1877
2120
569
1510
9407
7807
4428
1276
9583
8776
2656
1160
7286
6783
2595
4754
884
1043
1244
1798
3158
48
7214
8041
2255
8057
834
9166
5944
5394
6506
6784
9719
9971
8617
8000
2411
4921
487
9304
8239
6104
5497
6732
2702
1315
378
1530
7536
9745
4857
1054
6249
3025
7400
4226
591
3324
6824
5842
1843
5194
6453
1707
8183
4416
4326
1227
6216
7920
2779
4592
376
4183
1817
3158
7293
4159
1700
5891
7698
7154
3925
8410
8248
1430
7829
4208
2205
6105
4966
9636
9480
1038
4482
7824
3979
7430
7714
1419
2847
6590
2445
2091
7662
4199
6381
6397
4412
869
8715
5447
8933
5014
3994
7618
565
8068
1301
8794
4057
6372
1947
91
9973
5691
1704
2427
113
3384
9712
6756
127
8380
9713
3855
534
3879
7191
959
1173
6890
2455
9917
550
9274
4190
6211
3663
9166
8614
6528
4074
2971
4728
5278
3582
3834
6985
2920
3675
6645
9423
4250
6254
3618
1391
3327
1755
3147
1880
7361
7301
3286
6082
9072
1862
242
9258
8781
4687
1747
9073
1259
5347
2932
5104
6774
6329
132
5636
8455
7721
334
1899
141
2718
2840
7639
3099
3555
2007
2876
6093
3877
2264
1454
1468
7158
538
4946
5002
5529
9300
7466
5716
5818
1526
90
6861
7849
2977
5610
4903
9068
7314
1224
7326
8515
9479
8126
615
7685
1678
6992
9701
6806
5733
2687
9978
8448
1727
7621
3302
3788
8800
9341
7495
3498
9349
9607
536
1864
6628
9533
5292
5177
573
2948
9611
7355
3491
7058
4906
4119
1250
3662
9084
3907
165
8127
8171
7669
4694
6159
408
9291
4592
4065
9681
8259
796
56
3344
2545
5465
9963
4877
7153
7744
4960
266
7074
6143
7108
4278
8881
7478
9931
5643
8129
3385
9069
2268
442
992
998
3420
4246
279
2209
8373
4372
7719
1062
6624
7359
8274
3215
7371
5065
1901
4017
8671
8279
5840
5132
7359
3116
8707
7597
7369
3888
4124
7188
4886
6687
1196
6506
7462
3357
2936
4804
8388
8001
7347
8496
6390
1113
6047
1636
1400
347
5863
2762
8046
9055
5258
2076
1025
3818
3120
1766
808
6142
7173
9611
9440
5055
2672
8925
6559
630
8731
4800
4958
8685
3775
53
3554
8079
3002
1362
8012
9619
5009
8579
3123
3865
7757
917
7499
9328
5790
1940
7170
5934
1508
6201
7677
5794
7899
6800
1833
3013
6963
6894
9912
6048
9029
8984
8936
7220
6869
9839
8557
8997
9170
4331
8936
3573
9535
9731
6114
8211
3534
1046
4372
5001
1629
2280
890
9121
7376
5434
1892
5494
7759
6509
6250
972
1529
3304
5499
6577
4206
3318
1071
3202
3768
3014
6960
4619
6609
8232
4400
7251
9582
7890
5867
4455
3668
3322
5715
4763
4019
8964
88
72
7258
6724
1988
9632
3969
2166
8636
5250
3853
5904
9950
5762
1873
9810
515
6139
9323
6277
6093
3700
9434
5695
1425
5441
2080
632
6120
2706
6352
6837
815
418
7878
5060
1760
9262
6410
3548
9137
6088
8025
3882
5796
3461
7983
4265
6354
4099
2689
3014
505
1989
8983
1159
1878
9054
9567
9712
5251
7859
6629
9102
7472
6136
4429
9393
83
3951
5301
9437
5533
1698
6120
4167
820
8500
2034
496
5340
477
1320
9744
6915
935
4734
6035
1786
3387
2730
63
7517
915
814
5963
8624
7911
8464
4191
8729
2032
4246
4983
1307
8187
7169
8069
752
8067
5626
7188
5316
6333
7810
5064
4838
6531
4379
5139
9012
7574
2697
2102
3640
9293
2338
1783
9680
4347
3300
3507
4512
6409
7626
8122
4541
5974
7921
1374
6292
6315
9151
1187
15
7438
961
2882
6472
3325
1554
6406
7345
5942
3207
7956
7887
4790
7066
6089
4775
214
1735
5767
1302
3609
4844
5855
5793
5023
2644
3175
4007
6575
772
614
2549
3799
1249
1289
5895
4000
740
2251
2834
3166
407
5519
9286
5091
5386
1172
5773
2536
4836
361
9835
3304
2020
7828
9163
3618
7939
3764
3607
6838
2215
5986
1299
6717
2585
6973
7707
4093
9133
2788
4452
7078
5742
3870
621
3833
9338
581
7106
2266
4346
3596
2692
1568
7963
9731
9205
298
4035
1199
85
9201
1051
6159
5893
1831
3677
1837
1860
9444
1990
6860
4964
9065
4242
4803
1681
7278
7791
4493
3254
5412
9989
151
7793
6556
9961
380
4251
603
735
5369
160
8008
1096
8631
9657
2254
6022
8693
1142
3251
2805
9291
69
2701
9360
2483
8328
8822
650
2356
9959
3339
8638
3669
1423
4385
4468
5293
3438
9995
1481
7316
4199
2430
2785
1204
2136
446
7479
7292
8304
8006
8907
3668
8061
6505
4139
1948
4895
8817
6432
3432
196
6476
1829
6770
2997
4515
3640
5046
6083
9656
5398
8480
1384
1981
5219
3541
7065
2942
5525
6596
192
3573
6294
5784
3582
3225
4164
149
919
5393
4399
6596
3147
4969
1076
7991
479
3251
1468
1351
8601
6248
183
62
3904
9656
2447
1496
1892
5950
8710
1717
983
8742
7336
3415
8504
7905
4597
7939
7634
1709
9383
9075
6168
5495
7064
6792
6847
7574
7979
4597
8489
4761
4469
6468
9973
1086
6695
2945
12
6073
973
4925
8479
4203
8717
3236
112
2266
1374
6967
1770
1797
9360
9365
4018
1603
7337
172
2379
9319
6094
2800
4993
8023
3193
9615
3546
1041
6868
3132
8887
5932
6120
7212
112
5504
9821
973
9230
5436
2324
4018
7357
5445
5986
6902
2610
5267
5895
5057
7361
1427
9326
9489
4257
2605
3703
2469
4236
3762
4611
2157
7048
1346
9824
8130
6690
5603
2458
3602
9341
4178
3627
4475
501
9510
3650
662
3487
2700
4867
6512
6763
6318
6391
4461
197
9954
5003
9027
4536
2169
5401
7156
3281
3243
5024
254
10000
3000
5196
9074
7230
1898
4030
4690
5461
144
1599
2295
2588
9818
362
9810
2403
5271
6173
591
5204
6519
4315
3795
2601
3241
6348
6641
347
3669
315
6905
1513
378
2144
4419
8256
7313
9025
8069
6317
2294
7686
7026
7814
7704
4004
8893
6828
6919
635
6176
9071
6959
7262
4099
9843
705
548
3157
2803
5813
2470
5899
6241
488
6117
8532
7317
3009
1564
7058
3813
1762
8175
2540
724
1450
5940
8615
4672
1265
481
9163
395
6524
7080
5458
9966
1928
7183
503
8402
8865
9957
157
2927
6087
7061
1757
9848
4048
314
4009
19
5802
6964
1387
692
5089
2670
3884
7722
1405
6517
635
8056
2705
284
4909
7532
3851
9047
2386
9860
5663
9581
3861
6588
9000
6906
8256
4701
1733
4768
3015
1854
3142
3475
8734
3250
497
1636
1112
3158
4664
9326
5017
8036
8091
7245
8094
3439
6445
62
4513
4527
9167
3791
864
5846
3116
7150
6776
9599
420
4640
8421
3062
7776
3097
7392
7756
6006
3383
2887
1481
7669
6503
1915
4453
740
7624
8854
6970
3737
2051
2647
54
6926
