943
6117 6137
2024 2029
7214 7258
1893 1945
5744 5784
1383 1456
4252 4322
3166 3247
434 517
3243 3332
8633 8726
6638 6662
466 558
8534 8622
6286 6341
852 859
8498 8547
7937 7994
9538 9619
7859 7913
5571 5596
6291 6294
2993 3013
8627 8706
5318 5388
3382 3401
7410 7412
7959 8018
9129 9200
9018 9085
2941 3002
822 881
8765 8774
5803 5829
9631 9684
1293 1378
3741 3833
5004 5066
3358 3403
6093 6180
8649 8684
1638 1668
3757 3795
7714 7804
928 974
460 488
7910 7963
1086 1179
4776 4835
1467 1526
2349 2421
9381 9383
7520 7548
2330 2417
7206 7272
1752 1793
7597 7651
9112 9124
8352 8353
8408 8504
6659 6721
9679 9747
3492 3514
3974 4030
9483 9552
2693 2770
3865 3885
2387 2407
5366 5432
9660 9733
5454 5554
8506 8514
3886 3935
4197 4224
4235 4327
4535 4628
3004 3049
1456 1525
8073 8110
6183 6248
9596 9605
5 82
7938 7940
6197 6250
3860 3882
1641 1674
1310 1327
2110 2143
3718 3807
5762 5791
8531 8570
7578 7633
3111 3135
8309 8368
2350 2399
703 725
5632 5672
8028 8089
5783 5832
8381 8393
5669 5730
7348 7445
3245 3251
9333 9343
8473 8494
9225 9279
9536 9540
5307 5359
4413 4508
8605 8649
5359 5369
9314 9347
5214 5289
6133 6233
9298 9339
8258 8294
6179 6227
6610 6670
1689 1736
9168 9247
1259 1356
978 1068
7501 7506
752 753
153 186
6518 6596
5262 5329
1450 1472
2431 2477
9864 9881
2126 2128
8564 8580
6212 6260
8401 8464
4125 4162
7341 7401
1202 1245
1726 1730
7084 7101
4520 4611
7335 7357
1708 1718
7925 7973
4676 4706
5828 5852
9393 9486
6604 6640
7087 7121
5355 5412
7802 7902
6705 6790
1325 1333
6728 6792
5626 5637
6558 6600
6259 6313
1668 1681
7327 7349
7020 7058
4136 4203
2298 2333
6325 6416
6986 7074
1611 1641
5727 5814
1049 1114
8310 8323
1030 1110
2879 2900
4678 4760
9050 9134
971 1042
2499 2597
5362 5429
1962 2002
1594 1606
1981 2015
4625 4632
1052 1143
2323 2380
3242 3324
2074 2161
8443 8541
463 519
1621 1699
3924 4014
2412 2485
1033 1120
3986 4007
4978 5012
8438 8453
8082 8162
8643 8733
1016 1058
9662 9755
4975 4997
9807 9853
2356 2431
8644 8725
2637 2679
6128 6135
489 522
3328 3387
8747 8817
2369 2379
4149 4235
1331 1362
3878 3939
9508 9580
2601 2640
5179 5275
613 664
7153 7173
5801 5862
1503 1572
8660 8705
5466 5472
6485 6494
6322 6378
6094 6105
1514 1559
865 912
2691 2789
8713 8796
6024 6046
7595 7670
5917 5929
3265 3308
8603 8701
7902 7979
4569 4579
2607 2655
6777 6796
1927 2002
2158 2182
7594 7683
8596 8634
5727 5777
887 917
5148 5176
4627 4687
3912 3918
7401 7404
4610 4625
1396 1477
6641 6642
1600 1640
7221 7303
942 987
5651 5665
2890 2976
7721 7778
6151 6217
1819 1916
8450 8543
6251 6304
3783 3791
8553 8574
4560 4642
6679 6772
3675 3709
8689 8745
9859 9936
4485 4557
225 272
1044 1129
8474 8500
8452 8509
9114 9135
706 743
344 381
1566 1601
9804 9829
5595 5626
7095 7110
7713 7788
2147 2168
8896 8921
8513 8613
4482 4578
9915 9943
6519 6532
9256 9340
7248 7297
5726 5822
6597 6689
9207 9304
9779 9875
1048 1140
7292 7358
4483 4506
3283 3320
5861 5875
2534 2558
6894 6930
2552 2594
4933 4971
1391 1488
3741 3798
5304 5320
1801 1871
1112 1151
9652 9699
9785 9811
1586 1663
8005 8062
8945 9029
1077 1139
3112 3199
7585 7588
6288 6311
7947 7968
1288 1331
9045 9143
8596 8624
6889 6936
6826 6898
7648 7653
966 1060
2422 2465
270 310
8028 8050
6158 6237
5387 5466
5758 5858
2491 2555
379 473
3692 3752
3239 3281
9139 9164
3251 3335
5272 5308
6612 6663
326 336
4214 4224
900 989
8482 8522
3065 3074
7850 7900
2902 2958
3193 3241
1029 1121
4202 4240
3073 3096
6712 6768
7942 8001
2666 2681
7302 7384
2732 2775
4283 4332
5545 5597
8206 8294
6325 6355
9861 9953
3714 3784
7573 7636
1116 1143
8377 8441
2566 2626
6798 6840
557 618
5609 5654
9002 9005
4660 4678
7706 7756
3102 3131
818 906
157 257
1603 1621
4811 4847
7778 7870
3681 3710
2519 2541
6970 7059
80 153
6343 6372
3402 3410
8989 9080
7222 7252
6050 6137
376 417
7285 7299
1232 1332
1332 1419
5667 5707
505 558
7303 7362
2338 2340
4364 4428
1006 1105
8086 8116
3977 3991
7576 7627
9814 9882
8230 8237
6830 6858
5426 5509
4459 4534
6759 6825
1649 1714
4179 4220
6063 6066
61 126
7062 7119
7789 7874
6861 6958
3471 3477
9660 9661
4112 4157
454 493
8892 8895
3782 3873
5060 5146
5782 5823
7794 7818
4070 4169
634 698
3082 3162
7180 7241
8714 8736
627 686
4173 4270
9882 9966
3178 3224
3835 3884
5482 5567
2476 2534
6183 6261
2839 2873
1317 1361
7167 7185
1206 1283
2945 3003
2049 2070
1049 1061
4869 4931
4599 4643
7456 7544
9360 9368
7288 7322
3749 3826
7298 7354
6179 6263
8340 8396
1772 1779
6080 6150
2524 2555
1889 1955
8261 8322
6015 6020
3114 3180
8953 9004
9156 9165
615 661
8994 9014
5973 6032
2588 2594
7107 7139
1658 1668
8846 8868
5832 5922
7538 7591
187 238
3687 3752
6955 6992
6380 6392
6767 6801
2750 2759
7619 7664
3088 3172
1139 1224
2350 2407
864 867
5827 5919
6808 6847
881 947
3315 3318
6842 6849
3980 4019
7028 7125
489 572
8164 8165
5138 5217
4581 4644
3528 3620
7572 7597
9593 9607
8853 8903
5265 5267
1112 1117
4281 4361
4731 4808
863 898
1244 1264
9311 9363
826 858
6903 6950
8433 8438
4503 4544
7940 8029
2124 2216
179 211
446 475
6405 6444
2066 2104
8318 8326
5403 5502
5426 5476
6427 6459
3267 3282
4875 4955
6959 6966
4961 4995
5448 5491
1919 1941
9138 9165
1641 1704
2261 2324
6378 6462
7369 7413
6371 6414
4151 4241
5060 5113
8249 8347
512 550
603 668
1165 1204
891 964
2399 2479
1711 1786
8632 8670
8692 8773
5194 5238
7912 7944
6575 6594
3814 3828
2305 2372
4153 4197
6117 6152
5975 6059
896 917
1183 1239
2259 2274
1679 1699
4097 4153
2217 2268
5378 5422
2048 2072
2094 2188
5200 5299
7985 8050
2351 2366
9656 9724
5518 5563
8666 8747
5875 5968
5289 5322
8917 8994
1865 1965
579 599
1820 1832
3686 3782
4449 4460
998 1086
3790 3830
6844 6858
7220 7267
7143 7154
9686 9779
3432 3484
5163 5200
4561 4637
9491 9549
5163 5209
6885 6895
7382 7463
6822 6857
5732 5793
7093 7180
9034 9044
4655 4668
9782 9859
4413 4497
7085 7096
8749 8768
1048 1055
1716 1752
5257 5267
9736 9828
1688 1742
2489 2560
3375 3470
8224 8308
3590 3633
7619 7649
5878 5959
5189 5239
7867 7909
9919 9949
5718 5750
4760 4833
4840 4853
3369 3423
341 393
5669 5714
1491 1517
4139 4235
2881 2949
2962 3035
1223 1284
7540 7626
4945 5009
618 643
4453 4528
1095 1116
2356 2416
279 301
8253 8312
5308 5335
9505 9582
4295 4365
7258 7284
798 893
5018 5105
3181 3191
9028 9117
9040 9082
3732 3739
6808 6818
6020 6065
5298 5397
3012 3013
5167 5215
6430 6476
9791 9795
358 450
1921 1981
351 429
6962 6989
3120 3217
7080 7124
274 325
703 749
6953 7038
1301 1369
3712 3784
2223 2309
3693 3743
9330 9423
1656 1664
2297 2344
3664 3707
5185 5223
1719 1720
2317 2340
2668 2674
2819 2834
3148 3171
3636 3730
1737 1792
7497 7524
5099 5174
2566 2644
9291 9315
3830 3879
3901 3921
1599 1669
3372 3391
7763 7769
7619 7648
1010 1036
4866 4953
5561 5613
7692 7745
6302 6380
4073 4112
362 433
2084 2119
793 876
3472 3523
4532 4546
6923 6983
4715 4784
523 615
2164 2227
4417 4443
9703 9798
7012 7106
3463 3550
9796 9846
539 596
8536 8618
4364 4455
3116 3204
2777 2832
1498 1505
4634 4724
197 230
6329 6365
299 354
6711 6714
1511 1560
1293 1310
3680 3758
544 548
443 493
8301 8360
2434 2474
2360 2436
1433 1488
3601 3632
1333 1382
6854 6869
8149 8213
9790 9825
1402 1500
5693 5763
7985 7989
3244 3340
2662 2746
93 159
5846 5889
9306 9330
6108 6136
1344 1433
3994 4084
3829 3886
2707 2753
8808 8815
7028 7054
3881 3896
8426 8481
2832 2870
4738 4767
8169 8172
9316 9389
8478 8528
621 638
7998 8043
312 319
4881 4932
3776 3870
8301 8337
7829 7853
3043 3062
9232 9255
8307 8389
4651 4735
4830 4886
303 355
753 802
1766 1790
1573 1624
9560 9605
8391 8486
2982 3079
6226 6258
74 123
1558 1590
9195 9220
265 337
5016 5107
6893 6968
3194 3254
7924 7964
6296 6331
8536 8608
7728 7751
5106 5180
2608 2626
4276 4341
5469 5488
5545 5645
4057 4144
8640 8683
393 397
6675 6772
7849 7915
4431 4489
7550 7628
6119 6136
9539 9541
4069 4127
2161 2171
9710 9768
9255 9346
7531 7596
3530 3562
6400 6424
5853 5855
1697 1789
5503 5504
8152 8227
4341 4424
1232 1317
582 668
8451 8523
4106 4121
6916 6938
9613 9710
933 1020
3093 3188
4435 4464
476 534
1595 1643
8754 8807
8268 8285
3175 3217
5409 5423
9423 9487
9466 9556
6065 6164
8727 8817
188 243
6095 6183
9008 9083
2120 2156
9850 9914
3803 3832
4899 4976
5332 5352
3820 3912
8315 8329
6484 6498
5475 5508
9353 9364
9023 9071
2170 2251
1733 1823
2573 2623
922 988
6096 6111
5360 5459
1335 1404
1496 1510
3416 3428
7613 7684
8305 8311
2907 2913
5656 5686
2347 2405
2035 2071
7366 7416
105 204
2207 2263
3805 3892
4038 4103
2976 3021
6107 6125
3087 3108
461 476
1095 1189
1919 1972
584 592
1240 1284
5769 5864
3030 3095
4529 4614
3892 3932
4499 4582
6941 7003
2613 2663
3651 3698
2525 2550
6435 6475
575 628
9181 9252
5282 5373
756 798
3377 3422
7839 7851
8583 8668
7768 7809
7895 7913
5537 5599
4088 4108
9208 9251
8640 8641
8406 8474
1719 1766
8904 8970
5256 5329
287 346
8677 8699
1718 1721
5427 5467
1457 1537
5896 5964
4389 4441
2698 2770
9177 9263
2960 3017
8832 8838
2651 2667
1731 1776
6260 6344
3132 3147
1550 1584
5022 5027
8941 9019
1502 1553
5435 5443
3566 3595
2197 2213
8185 8218
2322 2375
914 992
5803 5866
6950 7046
3957 3983
2795 2814
5807 5827
5004 5094
8683 8750
1686 1755
6903 6998
1107 1154
1390 1442
5817 5904
3159 3212
8740 8741
1890 1917
1111 1142
1532 1553
9710 9739
7938 7991
781 867
7851 7932
2398 2463
4359 4431
160 254
8391 8434
8391 8443
6291 6326
9672 9749
1491 1539
5071 5134
2013 2100
1184 1220
8643 8664
7912 7938
1514 1531
6035 6086
