919
9372 9447
7503 7599
5813 5893
5393 5459
35 97
4097 4147
8126 8172
8405 8490
9706 9728
1227 1294
9845 9932
5220 5235
6366 6450
8427 8496
1914 2013
6790 6805
8187 8267
8808 8843
8346 8440
6838 6863
3570 3583
6545 6610
1162 1164
6716 6748
132 151
3208 3230
7011 7029
6690 6705
636 736
7740 7803
1969 2043
7480 7507
1025 1042
8262 8284
3082 3136
8830 8912
3675 3748
7952 7978
1475 1516
3895 3900
5807 5817
5198 5206
6492 6585
8505 8554
1196 1207
8040 8127
2688 2696
3547 3589
6194 6253
4146 4174
4596 4621
5714 5774
4079 4102
4799 4800
4511 4522
7798 7812
8450 8492
5278 5338
2652 2715
3913 3917
9350 9432
5369 5465
9077 9157
6880 6949
1582 1638
2934 2949
9908 9988
3102 3180
9864 9900
2592 2602
533 584
8614 8618
1264 1319
3158 3251
497 509
6714 6773
7724 7737
7446 7482
1035 1096
3429 3431
8454 8476
3636 3653
2734 2798
7944 7996
6016 6071
2496 2588
1407 1489
4381 4408
3518 3526
3068 3079
2457 2498
5319 5365
837 878
6752 6759
8896 8973
6278 6354
329 417
1951 1979
6841 6855
5762 5782
8081 8123
1559 1622
1542 1551
7390 7442
6670 6716
3380 3448
9252 9278
5852 5949
7797 7811
5426 5441
3183 3266
6812 6903
2153 2253
3218 3242
7715 7741
2715 2789
2855 2912
4819 4867
7587 7592
7293 7383
1988 2033
4920 4937
2135 2204
9626 9717
3288 3315
2836 2935
3658 3690
258 352
3439 3484
8866 8964
7022 7023
2524 2537
7383 7416
7454 7467
1953 2047
1707 1726
8745 8768
462 550
6382 6411
1164 1218
4982 5069
9191 9281
2439 2462
4545 4622
4826 4919
1799 1863
1538 1553
1057 1137
886 971
961 1011
31 48
8409 8436
2370 2456
7601 7634
205 228
7940 7957
1990 2064
6401 6420
334 369
8592 8664
2434 2495
4055 4089
6023 6068
4862 4953
5 22
3663 3732
1545 1579
8403 8477
316 320
2017 2072
7203 7300
5143 5228
3475 3559
5006 5101
6248 6290
1336 1432
2660 2672
3385 3485
2776 2874
2350 2357
8057 8123
4657 4696
2867 2903
6209 6218
5648 5745
9686 9739
4908 4961
7569 7649
451 495
4217 4308
9667 9744
8680 8754
6938 7019
9190 9261
1373 1444
6199 6280
720 808
4196 4203
6444 6493
3997 4003
7363 7428
2400 2497
6232 6304
2006 2021
364 453
7035 7055
6956 7009
2675 2710
7326 7356
2397 2455
3606 3619
3767 3811
6277 6348
5639 5664
4888 4960
7066 7164
418 475
2369 2374
5119 5149
4637 4731
7872 7911
270 320
7840 7851
393 400
5000 5030
2050 2087
3353 3393
9341 9398
7422 7445
3942 3955
9560 9585
4523 4593
4922 4967
5849 5915
3633 3703
5590 5673
5682 5756
9493 9531
4176 4216
877 881
7983 8030
4862 4961
5765 5790
2703 2767
1104 1170
8367 8401
1935 1992
3286 3335
135 225
2777 2811
5485 5583
7765 7807
8866 8917
1379 1383
3950 4016
8056 8154
9256 9349
8393 8404
2529 2605
4480 4492
7599 7631
772 800
7892 7893
104 121
6088 6174
4734 4744
3983 4040
4061 4130
9090 9164
5080 5161
5662 5666
2559 2624
7610 7667
5343 5373
2491 2569
6084 6140
1342 1437
2224 2243
6423 6509
9194 9230
4756 4777
5973 6043
7163 7203
6412 6499
3649 3651
1395 1476
6375 6459
1684 1740
8580 8680
9184 9203
5679 5709
1049 1076
9729 9784
1901 1930
9818 9871
3003 3005
4536 4629
5211 5213
134 148
8940 8946
2758 2810
2872 2930
1703 1722
3892 3926
7474 7491
6791 6805
1473 1516
2802 2871
5420 5499
3670 3742
7755 7757
1494 1566
2923 2999
2192 2273
4764 4794
8958 8963
6403 6445
4293 4382
4685 4757
7860 7958
9352 9429
4806 4876
7296 7337
5648 5698
4854 4925
2709 2755
4444 4523
5429 5440
4328 4330
7836 7857
6369 6407
1909 1966
5859 5927
7058 7145
3898 3968
2710 2747
8554 8640
712 739
9869 9911
3160 3203
9198 9227
2081 2139
3960 4028
7522 7526
4841 4869
8020 8059
5554 5565
3224 3233
6853 6870
5904 5943
8105 8112
6374 6377
1594 1657
8040 8122
2573 2652
7955 8033
74 124
2766 2790
3555 3597
6096 6140
2045 2087
7764 7818
7588 7620
5035 5121
5657 5662
9694 9780
7 61
8163 8238
4598 4604
8567 8578
8314 8398
2753 2847
1337 1344
3289 3334
9046 9070
5907 5953
198 275
7889 7962
7135 7234
2819 2896
7539 7574
5889 5904
4816 4911
2559 2600
8709 8774
7081 7141
9922 9936
5723 5728
3053 3108
6264 6330
698 701
9662 9698
7661 7703
9803 9835
7902 7927
8831 8894
123 213
4455 4505
2437 2439
9773 9803
7180 7268
2876 2895
1595 1635
7446 7513
6655 6736
2407 2416
5593 5654
2073 2171
8917 8933
3146 3173
8156 8194
2817 2845
3517 3574
496 589
7826 7919
8020 8022
7170 7196
4536 4623
8897 8960
2019 2056
1099 1156
460 532
1069 1152
1179 1274
1891 1907
8789 8878
9334 9343
4874 4893
7220 7291
1745 1780
2211 2244
6014 6052
1964 1976
6364 6421
1471 1558
4753 4822
3875 3943
6715 6773
4507 4528
3728 3753
2137 2169
457 498
7455 7458
932 1029
6110 6141
5828 5888
1790 1814
4203 4302
1019 1043
8546 8603
5927 5930
1756 1821
3518 3543
1250 1284
5285 5380
8808 8859
4198 4214
1667 1752
4927 5016
6367 6449
8152 8173
2890 2937
6725 6813
3009 3037
6678 6747
2742 2791
1231 1325
3051 3119
4231 4247
5222 5287
8281 8332
6729 6819
4221 4310
7232 7269
361 413
1962 2029
9092 9157
1801 1855
3886 3920
8394 8456
9654 9702
8957 8969
9153 9182
5434 5453
9014 9085
7737 7777
9591 9673
6297 6344
6106 6157
6332 6365
1297 1364
176 233
6576 6582
2268 2346
5216 5267
5306 5322
77 83
3076 3175
9565 9611
6756 6796
6455 6539
1918 1967
380 386
8188 8234
245 341
7898 7977
3106 3203
5420 5438
3949 4008
1733 1787
305 319
9800 9886
1559 1634
9292 9327
5652 5662
5998 6079
2184 2226
3976 3998
3525 3546
5271 5314
5804 5814
8601 8673
867 872
2948 2985
5733 5790
3184 3243
8406 8443
4388 4427
3867 3938
6726 6772
2097 2114
528 530
807 857
4257 4263
3956 4006
3907 4001
2607 2700
1689 1730
1555 1650
8251 8285
4573 4594
6336 6433
8408 8497
4829 4928
8437 8533
3639 3688
7998 8095
6802 6861
4573 4621
7723 7738
404 454
7061 7121
9622 9633
7032 7094
2226 2236
2732 2736
235 254
4814 4841
9115 9127
1636 1714
2276 2340
3128 3194
9909 9927
1558 1642
7206 7233
8908 8941
8766 8857
9277 9323
4577 4623
328 338
2779 2789
5949 6010
670 703
5400 5450
5038 5088
6259 6343
5887 5955
2853 2854
8412 8444
8782 8819
2513 2526
259 351
7348 7429
3541 3624
5171 5199
1600 1680
3934 3973
4864 4917
3034 3051
8394 8432
5244 5287
753 831
1163 1242
2136 2157
6473 6564
2967 2979
3844 3908
3986 4001
2563 2648
805 878
5614 5643
7695 7756
4424 4492
1716 1720
3306 3357
3184 3251
2099 2113
9394 9476
2918 2970
5158 5247
8127 8200
9727 9774
3305 3388
5787 5845
3349 3422
9387 9446
8257 8309
7619 7662
760 848
8198 8269
3357 3444
6539 6630
4422 4442
1061 1123
5684 5698
1351 1352
8033 8043
6699 6768
2311 2386
4072 4082
5469 5544
5470 5500
3871 3921
7539 7629
5813 5839
8481 8575
6473 6532
9424 9449
9409 9497
4134 4142
1812 1912
1767 1770
6691 6763
4677 4686
8083 8156
3065 3119
8113 8157
8530 8616
1055 1057
8077 8082
5713 5788
2153 2232
2555 2639
7823 7918
6455 6501
6073 6170
3827 3859
9475 9527
6705 6792
8904 8942
9727 9760
4227 4305
6455 6528
1161 1169
3037 3065
5890 5914
1678 1715
9691 9694
8110 8133
8854 8950
8477 8573
5480 5521
234 248
1870 1894
4389 4489
3150 3198
1300 1363
9205 9302
8330 8401
3553 3588
1473 1538
847 856
1562 1634
2611 2678
8444 8517
7638 7639
7234 7262
1167 1211
6033 6120
3324 3392
9803 9894
2579 2582
1177 1270
1650 1719
1018 1106
4628 4653
6169 6236
7559 7598
4221 4253
1471 1496
1552 1570
1170 1239
931 1003
7903 7923
4409 4489
773 813
8160 8250
844 864
6164 6172
7113 7129
6333 6389
7486 7500
5531 5612
7723 7812
2648 2668
1707 1745
675 753
2784 2848
1087 1106
9466 9548
694 775
9662 9761
8806 8882
858 883
1166 1237
2903 2921
418 477
7371 7384
2057 2110
3858 3949
2578 2617
9241 9304
1483 1484
1779 1873
4300 4312
4642 4668
6446 6545
9139 9167
4803 4860
944 1017
5759 5853
8650 8719
920 979
7059 7144
295 351
7410 7478
8693 8717
3423 3477
2074 2162
5137 5159
7245 7289
6602 6676
4813 4909
7477 7504
2044 2139
4653 4700
8806 8859
3507 3583
8797 8801
6177 6249
6316 6407
5458 5488
8479 8491
3759 3822
2997 3081
2602 2668
7633 7635
7977 8073
7587 7677
7133 7187
5654 5673
5290 5378
8002 8022
9144 9222
6747 6751
4442 4512
9714 9780
9546 9558
7249 7263
2303 2403
9496 9557
9586 9621
1920 1964
1551 1554
708 776
3835 3928
7606 7658
4869 4939
7476 7530
3981 3982
5371 5433
2891 2927
8349 8376
3202 3216
1848 1935
2429 2475
2049 2114
988 1086
6270 6291
800 877
571 636
9452 9477
1925 1926
33 76
7886 7977
9580 9672
7861 7893
5762 5848
9803 9829
8873 8894
9864 9952
4568 4574
9555 9602
5633 5721
6576 6613
4075 4152
995 1084
5660 5674
9178 9233
4308 4372
1176 1263
4479 4510
7112 7127
4511 4542
7813 7821
5420 5451
2750 2803
8260 8290
5818 5869
5091 5132
3955 3970
635 652
9883 9933
4111 4208
1833 1914
7380 7453
8651 8687
9809 9904
1701 1776
1278 1292
6552 6633
9275 9305
2766 2774
4966 4978
1276 1349
1867 1921
3715 3746
3488 3527
5976 6055
8577 8603
7166 7215
4994 5091
2686 2759
1727 1788
2317 2395
4090 4117
5456 5512
1503 1513
2346 2440
3999 4017
1611 1613
8820 8873
1568 1642
3961 3990
3932 3963
8543 8573
7792 7869
6025 6041
4300 4368
9132 9224
8822 8900
5283 5315
5352 5436
6530 6622
8873 8884
9872 9946
2787 2801
7505 7583
767 802
4176 4207
1793 1872
5242 5313
3277 3339
8665 8702
6054 6131
6786 6831
283 371
5966 6018
4344 4419
6123 6212
7506 7538
3576 3644
5546 5581
4606 4703
2014 2096
3649 3723
379 442
7249 7342
3001 3022
2531 2606
3267 3321
9728 9775
6777 6867
2650 2706
3599 3651
9851 9873
902 977
2937 3037
6511 6586
1308 1399
7671 7745
6782 6811
5002 5062
146 185
6272 6331
9196 9222
823 869
9292 9366
8913 8933
