999
6073 6112
5662 5733
8635 8687
9834 9905
5861 5951
1206 1253
4934 5012
3225 3305
6924 7016
6416 6460
788 847
785 860
7877 7925
9925 9952
4584 4661
3592 3602
8896 8956
4098 4111
4608 4609
9779 9825
8010 8064
308 386
5120 5175
5892 5920
8189 8215
4716 4816
5619 5645
5830 5856
3691 3720
4228 4324
6473 6478
4897 4986
7233 7249
1482 1556
9591 9630
2172 2259
891 962
311 387
2044 2073
3524 3579
4615 4617
694 704
7812 7855
5755 5798
4125 4195
2695 2708
4777 4786
664 700
4821 4883
7967 7985
7121 7183
1576 1586
5426 5469
5267 5305
4940 4947
1067 1071
1886 1928
7186 7267
6748 6785
5220 5239
1008 1092
6660 6672
2679 2705
9079 9091
2147 2216
2675 2753
1086 1179
8778 8843
8058 8108
167 253
5588 5662
3701 3741
98 153
6880 6931
1858 1942
7020 7091
7907 7975
3591 3637
8443 8462
9200 9246
6281 6361
3033 3080
2231 2303
6276 6282
9403 9434
3683 3747
8020 8117
1293 1373
2205 2269
9296 9326
1428 1436
8383 8425
6035 6094
2353 2414
6306 6310
5264 5286
6955 6993
5945 6038
3238 3243
398 422
2451 2464
5929 5941
5500 5526
5628 5684
5089 5159
4975 5048
5038 5104
54 69
1730 1751
5461 5534
8531 8579
5927 6007
4131 4143
1109 1184
1503 1587
602 688
7391 7425
2363 2463
3681 3772
5732 5795
4010 4109
124 169
1496 1547
744 789
2485 2565
4011 4101
2125 2182
708 714
4739 4758
1943 2034
8474 8574
6427 6460
9335 9406
3742 3760
2707 2784
5335 5435
8587 8609
6590 6603
8933 8954
9469 9504
2860 2883
640 673
619 650
7788 7874
2361 2412
6099 6194
2184 2209
994 1058
8729 8796
8371 8432
3681 3767
9332 9382
516 521
7534 7585
2358 2361
9123 9208
127 151
2523 2568
7814 7877
7035 7065
566 607
8403 8491
1987 2036
6311 6387
6195 6283
825 876
9635 9675
1427 1448
940 961
1307 1401
8619 8646
5707 5720
3621 3636
2848 2904
1670 1718
6870 6881
7711 7738
6587 6672
1522 1563
4502 4553
4809 4853
2208 2305
8292 8296
7501 7519
1768 1862
2590 2617
2311 2397
8064 8118
2025 2040
9870 9946
1914 1934
255 332
2452 2530
2414 2513
8204 8286
9024 9108
7713 7798
3737 3797
8678 8718
687 748
3647 3732
2037 2135
716 802
1679 1771
1869 1913
9328 9357
1897 1984
5321 5350
3066 3121
902 938
9049 9057
6880 6920
9478 9570
6917 6969
3537 3637
3468 3528
2501 2535
1370 1439
6178 6239
6190 6204
2422 2507
513 586
370 439
9523 9559
1230 1306
9313 9359
6444 6493
3092 3115
5764 5803
7352 7409
3064 3142
2404 2458
7006 7010
564 655
9914 9993
2362 2461
842 919
2146 2190
3165 3212
4184 4234
2214 2306
4106 4165
8138 8174
9579 9590
7979 8028
4510 4529
2629 2679
2290 2319
1181 1233
9009 9059
2256 2326
8008 8082
2092 2093
9186 9277
5871 5925
1408 1451
5430 5517
4665 4677
8135 8141
5061 5153
9651 9740
1350 1437
2626 2637
6404 6424
1243 1329
2965 3015
1295 1376
5504 5588
5185 5197
2273 2360
51 137
1807 1825
7613 7701
6928 6933
7596 7630
9861 9954
3829 3861
9903 9960
1805 1864
3674 3749
4215 4314
3749 3761
9017 9040
2629 2656
5147 5197
8878 8900
7740 7750
751 768
9238 9310
5251 5348
132 192
8582 8587
9600 9653
622 721
3124 3147
9083 9116
7539 7616
824 837
8459 8525
7512 7608
5889 5955
221 306
2925 2928
5603 5687
4763 4816
4255 4257
552 643
777 789
894 947
1657 1714
6526 6530
2636 2672
7186 7223
5576 5589
8544 8614
1089 1122
3106 3143
3377 3448
8157 8168
9666 9719
3806 3881
7986 8057
8396 8468
1718 1729
6798 6836
1647 1687
3488 3571
7547 7588
9448 9505
12 24
3990 4065
77 153
7129 7219
7861 7891
4822 4861
7948 8048
9548 9619
9179 9255
801 876
7094 7108
6565 6615
7660 7757
4426 4479
5683 5729
1856 1909
5096 5118
7860 7931
9215 9284
926 983
4875 4890
1365 1439
8976 9020
7609 7657
4224 4282
7839 7881
4695 4770
2627 2722
6294 6376
3521 3582
7889 7958
7338 7342
2058 2156
9150 9169
2622 2625
3736 3817
2729 2760
6294 6394
1510 1542
6680 6704
2562 2610
5822 5874
4661 4759
1029 1098
5554 5565
606 614
2086 2092
6752 6836
5925 5984
3335 3347
102 186
3074 3163
8383 8385
5183 5258
3042 3112
1534 1624
5832 5923
3479 3495
2657 2703
6937 7003
5636 5639
9316 9349
87 179
4619 4645
6966 7057
1329 1340
4929 4941
648 722
9278 9313
2359 2408
1842 1871
7880 7895
6998 7098
6889 6953
3050 3070
5936 6016
7918 8007
1130 1158
4472 4482
2249 2285
2930 3001
6880 6971
4688 4780
7333 7362
4311 4375
1295 1356
8433 8448
2804 2870
8040 8117
3292 3380
5738 5753
2856 2926
7566 7569
1006 1091
3993 4083
6862 6949
4325 4404
6775 6792
2025 2122
9273 9364
5417 5419
2130 2153
877 964
7448 7540
7945 8019
9048 9111
1911 1956
7397 7476
4389 4461
2310 2367
4000 4082
1214 1232
999 1078
8661 8720
8221 8268
849 892
3593 3596
9428 9508
4933 4951
2362 2404
2779 2863
5703 5754
8924 8959
6013 6087
3934 3993
7652 7729
6105 6170
5416 5450
74 105
1372 1445
2571 2663
6074 6075
363 455
7605 7663
9655 9663
6571 6652
3038 3041
5035 5084
962 1052
8182 8214
4674 4696
2232 2321
4484 4563
8383 8451
8407 8418
1524 1597
2617 2657
6995 7065
6235 6294
8699 8724
368 426
6398 6446
6458 6549
3037 3099
5361 5366
2081 2133
9462 9487
3070 3151
1869 1963
9048 9133
8468 8558
9319 9349
1861 1959
5489 5542
5651 5702
9152 9181
1951 2023
9679 9750
1793 1824
6782 6822
5404 5471
5303 5388
6385 6457
7414 7425
7335 7370
5932 5986
2653 2718
4189 4232
4777 4820
8986 9032
804 857
9553 9637
7345 7429
5438 5441
1647 1653
2200 2211
2154 2253
8177 8225
809 890
4997 5079
4267 4309
5660 5670
3330 3338
8896 8967
3713 3732
6207 6306
1290 1361
5840 5875
9799 9805
4150 4169
1348 1442
8969 9055
2039 2113
9808 9899
540 621
4352 4389
1671 1732
3675 3732
3273 3334
7331 7395
5761 5834
5705 5781
7474 7551
3746 3801
5681 5734
3063 3115
9563 9588
6385 6452
568 585
5271 5341
4057 4071
1874 1947
7194 7255
3935 3965
9155 9195
3716 3796
2221 2238
530 576
6378 6421
9398 9447
542 559
1149 1237
6612 6615
241 311
421 507
8022 8053
2140 2169
9912 9933
4773 4786
6541 6591
3579 3674
529 607
3893 3931
8890 8933
891 950
8294 8341
9188 9264
842 847
855 875
3823 3863
5868 5955
9070 9147
7113 7140
3964 4000
3886 3910
1115 1198
5491 5587
3884 3977
7969 8055
5932 5976
562 649
9553 9609
2117 2167
7926 7941
5705 5803
3617 3651
8073 8112
4218 4258
7678 7699
5665 5730
6485 6552
3907 3969
2486 2549
9285 9318
3686 3741
948 977
6970 6984
6958 6982
2157 2230
5909 5956
4776 4823
7977 8013
8757 8799
318 410
7537 7616
1482 1521
7128 7170
9046 9130
8690 8736
6101 6153
4781 4874
5477 5553
12 65
4382 4383
6289 6371
7534 7556
5480 5567
7599 7685
615 623
9343 9380
8886 8894
3384 3420
9603 9605
4126 4152
8174 8181
244 307
2733 2812
3735 3763
9863 9928
3957 3974
1095 1116
5753 5847
1156 1221
8398 8429
4747 4755
4815 4908
6087 6119
6946 7012
8649 8685
1935 2023
1808 1839
229 309
747 811
1939 1993
3440 3442
3579 3637
9140 9160
5298 5388
2887 2982
2122 2142
7620 7627
4410 4468
551 616
5580 5613
5779 5850
5406 5497
7928 7990
9263 9267
3580 3583
1681 1734
7259 7337
5657 5753
8290 8370
5712 5787
5422 5432
4701 4778
5042 5071
9829 9925
3392 3410
4114 4164
1452 1529
2001 2098
1125 1134
6046 6077
5093 5140
7885 7921
9633 9708
5254 5332
1294 1348
3944 4008
1426 1476
6275 6314
9556 9622
7127 7177
716 791
6669 6726
7377 7468
7740 7758
4136 4205
5710 5727
4900 4946
5576 5656
4598 4672
6264 6268
4722 4787
8520 8534
6181 6270
5152 5176
6380 6479
8338 8414
9022 9028
8490 8539
2844 2890
1170 1253
5901 5956
8940 8986
1186 1216
3593 3633
3482 3555
6852 6941
7654 7727
6442 6539
8499 8596
1397 1408
6414 6477
8452 8521
8235 8285
2751 2847
4565 4607
612 711
5629 5631
9463 9548
9153 9224
4106 4163
1057 1098
6366 6418
9538 9569
7007 7018
7358 7441
6307 6359
8829 8852
2668 2696
7868 7948
6257 6349
4117 4196
3485 3583
1868 1950
739 806
1806 1886
7196 7280
6409 6492
6178 6223
7499 7565
7903 7905
1299 1390
1193 1241
1382 1433
904 967
5056 5072
3371 3435
9290 9377
1844 1863
2718 2754
5022 5097
1085 1155
3936 3985
9884 9954
798 842
4926 4980
6248 6287
639 687
5229 5274
2448 2493
5376 5445
8404 8475
6996 7074
599 632
838 914
6467 6492
6240 6273
867 959
6781 6786
2199 2212
9471 9519
7809 7884
8208 8258
3518 3593
2621 2695
7989 8089
2921 2956
7492 7530
4972 4979
9483 9511
2543 2623
3402 3427
4945 4971
5431 5502
7601 7693
224 300
9060 9148
8122 8200
8084 8106
1283 1376
9763 9821
9545 9571
8463 8511
4398 4420
5353 5448
208 230
624 675
1016 1050
177 224
946 964
2966 2972
2265 2287
6127 6135
5738 5793
3937 3963
6797 6851
7485 7526
7406 7471
3126 3217
1177 1260
2787 2866
4297 4373
6756 6828
3684 3773
8751 8761
4809 4813
228 293
4538 4597
7240 7286
4741 4767
4818 4889
2892 2897
291 349
410 449
6859 6947
6953 7000
3080 3124
4771 4795
6870 6962
7543 7588
5794 5796
8944 8950
8463 8497
9464 9483
5062 5142
7282 7324
7532 7606
6730 6829
6255 6307
2584 2664
523 618
3774 3824
6975 7023
1025 1121
3086 3167
1626 1639
8942 9034
930 969
2807 2830
9256 9319
5465 5522
9724 9820
3577 3651
6427 6513
4419 4482
7921 7926
3871 3887
3342 3357
1473 1509
9523 9537
7990 8025
2862 2878
2779 2871
3124 3171
4914 4964
6303 6324
7086 7097
7883 7917
5184 5224
6776 6782
4303 4392
7044 7100
4215 4279
5568 5573
4999 5035
3596 3651
509 535
1826 1888
3715 3751
89 110
1704 1801
7828 7846
5486 5558
5298 5358
9608 9622
5828 5923
4477 4577
1988 2081
7129 7207
3267 3331
4799 4838
1258 1323
6911 6957
5730 5784
9389 9452
7632 7656
2118 2217
8539 8635
1350 1442
1696 1698
4592 4670
7581 7681
7202 7285
1253 1348
8641 8655
5435 5466
1722 1817
416 473
8492 8550
3993 4081
4104 4168
4697 4719
6006 6059
8835 8889
4707 4760
3420 3429
6818 6886
745 815
561 567
1842 1873
9257 9292
6381 6387
7229 7289
3832 3858
9319 9343
4539 4632
4211 4272
707 806
7861 7892
6718 6813
8813 8824
9621 9672
3153 3188
9863 9870
7419 7516
4442 4470
2661 2707
6472 6510
6205 6255
1693 1767
5171 5244
4855 4886
5784 5853
8871 8932
3329 3422
2275 2281
1487 1528
155 195
7414 7437
9105 9108
6364 6446
212 311
4327 4367
1169 1209
9476 9546
4144 4227
6434 6492
1118 1145
9496 9533
648 692
87 167
6616 6639
3297 3335
6223 6308
2487 2545
2317 2381
350 388
9195 9294
9447 9509
7041 7066
4010 4012
9412 9417
348 445
2081 2131
561 589
6752 6801
7460 7534
3200 3249
9879 9953
1590 1661
4281 4350
5352 5431
4613 4692
5006 5032
4696 4708
951 1027
9391 9488
