67645
1315
69106
55563
46324
68301
43671
49208
12514
96108
35998
392
9709
63899
78080
33032
94912
97840
24997
7336
31918
25352
38035
23133
23306
21040
29419
77000
84278
62002
80763
23722
3613
18961
99281
71965
20260
59997
65833
26112
78201
21389
74758
35902
51357
73426
24297
94756
65224
69816
68849
98151
8777
12006
17168
62873
92009
56052
20961
95456
39573
42274
79240
2300
87574
86236
20910
69809
63518
92814
39640
38834
54201
96199
18701
62699
12987
89904
17297
21300
42889
83460
79070
5685
71498
3175
88850
99006
96919
42665
58211
18370
38538
17625
8534
816
37509
19645
32311
77350
99087
29104
66490
14458
97933
36300
58545
38209
48028
16513
84397
43771
1344
13249
38590
54084
28740
88891
96535
1441
56130
54551
39871
92952
68158
22023
50607
45400
21321
47524
9177
12548
65021
14662
16428
62779
15072
74436
77852
18124
92112
68336
32115
63521
80792
27257
37685
55706
199
78001
35087
42370
7690
62846
11747
14919
29407
44847
37820
63645
61048
21852
18466
27395
38457
70857
38945
11945
73461
16345
62610
35097
87887
85423
95818
29729
14191
13313
16053
99366
30497
77379
31772
98773
7367
32149
1920
20839
93760
61871
56694
96926
52589
70110
47167
9793
46263
20319
56148
98273
30305
22665
71432
3269
63045
71420
10472
10529
23523
78713
28454
17764
20184
33049
81441
98370
98185
47253
46101
30862
53073
83740
93490
10454
83385
79873
3113
76323
40219
48145
50181
4414
57650
68800
99382
66389
22772
68395
59808
81983
88621
50909
29337
27261
47036
99348
78983
10503
9816
13103
92034
6530
15700
81159
88680
84585
71
63836
65619
84014
29866
62302
64190
47278
62177
29085
23869
78166
39601
90078
2319
32763
34384
75882
17557
51569
24706
89000
15819
78794
76866
39037
54344
18282
15288
67347
15493
102
86603
76589
11272
51710
53644
33388
29902
82580
44394
3532
39877
78980
68980
95949
578
96774
79989
72823
70769
44267
42141
15786
24775
35148
25537
43555
50664
54977
60714
75270
38000
32550
23249
11523
67817
52598
69446
3164
50564
80109
57120
91798
67812
98404
18093
43852
36988
13538
94850
76025
99681
71151
27724
61415
57931
4355
67262
41269
69405
10911
88029
69746
41356
65966
69198
41975
77360
99873
30442
87275
32789
76660
9084
70910
76309
22104
28000
63245
52444
39111
89990
28278
47626
24544
8176
99646
28751
33577
90732
22164
96263
2194
21872
94878
4087
83346
79356
70932
68221
71235
60554
82913
63860
88901
40747
96471
72421
42999
94901
9525
73967
79515
80322
21574
32754
24942
49090
14974
1220
47306
86635
95508
87568
6094
15702
48433
6421
75437
7419
79338
10422
40993
1677
13418
1149
55450
64390
88557
29436
44546
34171
93569
74853
8060
81658
38789
10244
10668
86632
82814
34873
96405
36936
50003
5586
97981
80367
59071
63175
87466
64228
41679
22712
74415
25385
96239
28913
65424
8931
27697
25944
56432
91730
16002
30184
596
19536
52263
22381
21263
97294
95258
85754
17241
72811
2987
18203
62883
95057
23410
24543
45076
87705
41470
74288
9730
60843
62844
12648
64066
75235
50264
7713
13091
40192
22645
72805
21746
11665
28774
10210
55994
71089
1130
64334
77247
66128
19255
58592
96781
8314
76782
18914
47879
48594
5029
7374
13587
13297
8034
80593
38935
54455
79542
95633
61232
51428
14944
16550
74656
54199
80824
79533
9681
76840
74868
82991
82568
14094
89955
19389
58111
41815
69639
45616
95021
32597
89146
38761
95962
86524
20852
79971
34664
69166
91080
81893
98429
76296
34026
10463
24603
25989
5635
89911
57765
42513
1306
12821
62498
36182
10163
93809
10343
8440
1140
72535
90750
24675
89517
4787
98353
11283
35024
92125
84626
37707
22168
86139
87500
19239
62109
66670
93379
75972
93620
60766
87346
26185
83698
77937
12355
48674
35783
88088
63365
18890
67754
11636
4416
72997
88549
28886
62391
67193
26974
74993
71574
45845
43332
63513
27607
58812
26904
54995
52203
44579
48496
89620
75649
34122
98194
91354
89675
35293
9713
31073
71795
8605
25049
14013
3439
43887
9883
273
43177
25763
85171
95139
50933
44883
8753
99689
93588
11328
85454
40040
38944
69665
14789
24638
91028
33777
15457
67218
77301
99775
1092
12399
62179
37141
31957
85506
5327
82445
35329
89421
27691
77758
17012
74308
74362
78890
15826
33123
54684
57316
6426
67001
60151
90579
48871
29993
4956
29893
73863
28802
26090
49058
52552
26536
18078
895
33172
34314
50705
80235
65449
88452
71644
17339
46259
15661
61425
64083
36473
19222
33422
95373
22987
34128
48353
29703
59086
74349
77752
4535
38599
41667
47059
26394
2995
27120
8850
63468
47077
7877
93939
84898
42944
99783
85404
90998
88354
1986
79147
24121
43238
98867
94104
18970
43688
67602
3108
65433
39596
79724
84197
9991
82764
3048
58863
37676
12693
99232
83723
19383
9696
48140
67169
72712
5398
11599
67406
8298
80604
92946
46889
24391
75510
6354
81658
48302
14123
72180
83438
94369
28237
80187
3844
98694
14541
66058
21749
59098
79163
96579
47021
80304
87057
98267
41696
67538
63259
59927
79401
25111
51926
66437
70775
82288
79462
28269
82786
16069
34942
73983
7814
59844
55477
90303
57887
78731
32986
73226
95117
35931
75091
12763
46733
37668
69335
65118
89299
92441
10264
17379
69696
6802
15357
14543
69226
59368
34934
91999
9260
84598
7118
7276
7985
37162
63042
15844
74454
4476
12257
46063
52158
21520
49308
83671
35686
98790
33208
67196
22347
95849
41823
99001
90258
89830
31864
97894
52027
34623
50419
99347
59404
50270
4502
92430
4593
95811
68248
3276
37708
24846
74973
21424
79219
13251
14574
51287
76434
18580
45392
24790
29742
23559
33228
85194
52931
67664
27450
19579
69940
88580
45842
59063
99731
64408
77982
1100
14383
22990
99425
16168
79374
38984
56110
4150
25829
90579
95148
49290
25671
89031
41723
4153
62706
30917
557
44
59493
24350
14967
17193
4987
90980
15549
29577
47583
58271
99772
71710
11200
67290
44990
45750
589
50130
63555
13133
62182
75762
24533
15027
10782
20375
85734
23658
98051
82041
66609
95254
37003
93894
88314
69604
14009
3374
95319
11922
25430
22439
84799
7711
66272
28128
86686
94420
65221
16560
96381
11506
47061
16812
17157
40465
71850
26200
16470
4082
83252
67910
90324
59023
40141
84654
57116
88155
67595
75286
58361
87240
82441
74340
11037
88124
93975
73919
92030
59105
97668
32102
82773
96493
63244
54952
41885
18200
19382
99203
22618
35212
32131
56140
38342
78350
81200
51962
12445
1683
78199
33672
75128
30903
64214
30470
50840
29507
35833
41513
70899
72087
83846
72162
60551
28518
36631
26080
89797
71468
57231
50165
12188
35027
85527
98336
36774
10029
19305
50131
66657
16948
35216
35452
60356
92947
35468
12838
81311
31157
20400
85802
85672
37254
71406
46735
10415
97183
40899
23576
83379
73113
7072
83804
16628
28425
23129
21582
2145
94765
62752
85763
54193
17660
12909
35444
59211
99097
95955
88861
65692
88906
55652
11100
53135
54561
86080
67117
77433
6126
36344
9767
57478
17008
93879
49570
57304
44429
21942
2338
36720
35821
16499
32397
4958
1996
86919
88915
28700
25137
39218
98169
67609
29935
58592
56287
97664
4232
60253
10140
55566
14891
45935
42389
55235
81182
32664
69018
32167
48870
90425
91873
69076
56368
39950
47679
2859
61208
54472
644
81193
4591
87391
72145
1457
19624
57481
85284
14039
62153
47281
46245
73811
93457
18268
81300
84688
92663
17417
30315
33034
4543
31740
68109
2915
91146
76338
17019
12294
1110
85556
98281
50141
7315
85169
59991
60553
50102
70582
59856
82817
30540
86638
21547
55384
11477
20212
90308
46608
93249
80521
52007
85233
92413
75489
74956
38410
21103
3023
51069
39872
69556
82394
43457
44111
85126
69657
15100
41537
5146
88590
79936
62471
88866
28807
49161
41027
96872
96837
78591
35359
39956
86383
47791
46315
69556
92821
87821
75288
28519
1422
61541
56350
7342
57352
90314
16902
32613
34186
87701
69534
33303
8372
66673
73073
66252
15294
6367
32153
11209
45383
80467
20349
28246
10253
41717
25041
97055
88522
44346
58308
43630
4036
81866
24486
80366
86680
63799
5269
16681
91058
1637
26620
43881
79898
19173
55340
98778
11473
59354
65885
27593
57666
59411
64761
61060
21847
74136
3655
94792
38339
30884
89969
21096
6687
81511
360
39423
30191
37021
67626
87964
88285
69280
5131
530
70922
89879
96810
70691
51463
87441
34309
71021
12799
45961
61239
35119
54182
80772
40333
35610
12576
77802
36599
7682
77414
90621
52778
71583
11594
97062
97920
19599
38297
34353
56160
17610
49349
24997
65253
48150
39826
28745
36208
86511
77158
7404
91937
30333
62768
24842
84489
63819
56103
17401
25635
1081
10368
84201
36375
4015
33971
36001
64573
80740
80245
62403
84744
29628
23759
50149
33640
29514
21192
72558
60873
23813
64447
53246
95166
64861
37888
95806
54504
47407
66910
36665
91477
98417
93614
77315
66719
40587
49380
1908
3354
74007
36095
81846
51239
71721
14169
56680
26394
95418
46576
52061
7454
71483
5399
69667
49929
82176
42397
82072
99485
60239
45189
88676
81691
77050
43162
45463
46916
48567
25823
42624
19508
63536
58142
41250
24582
32220
78941
94745
22713
99186
75584
73233
79247
58720
48629
74679
32904
31364
96664
10791
52622
96218
1697
97623
82675
74581
88008
43263
83623
73731
70417
53282
80440
21871
66616
97009
47514
99118
84159
52000
38594
40993
57336
16484
4483
72114
22522
15308
81357
91603
41869
40318
22440
16846
13566
60661
5507
72791
95293
34062
55717
44576
51858
93579
35039
11222
35375
47319
94661
26075
25184
38234
69821
83458
16869
88009
43115
74276
86318
87017
79975
66457
39787
4335
34795
60326
12297
11885
62940
97588
61831
5360
25086
83085
20203
74544
21953
17779
64985
31367
50909
10969
46266
50431
73643
262
20806
60771
43159
55676
55997
42094
56566
64219
62312
46107
17938
72406
84062
79491
90718
51807
16081
78371
94231
43971
94428
1928
24864
90718
54581
84871
62539
78825
35801
43104
75035
87632
86281
20371
19807
99872
86615
62652
41912
40826
69138
43436
44656
2235
7010
71025
88242
8009
7911
35288
25413
35440
37078
36757
67576
41773
62069
59746
1587
72114
23262
67530
5930
80606
9463
28052
82408
1515
76395
88
19063
92999
50442
72092
5582
25038
50255
13522
32162
20167
28503
33076
24328
71710
7885
79272
38413
79875
51243
2455
3429
81490
91662
86853
27516
53049
45832
59794
95837
8685
65145
7358
55642
97910
14872
32671
30257
52300
47501
40840
40796
32326
46785
26444
57730
7311
29226
26232
31872
73437
4369
79397
60117
65221
79097
88715
84300
80128
2609
98106
39409
85931
46351
20135
87690
7850
8207
41636
28676
38886
28082
3151
80088
5173
13398
54038
50850
87601
91930
22379
38417
49601
75534
38010
43281
51018
4385
60425
33581
22357
44526
88875
31493
38106
45465
61093
6824
81189
3596
4662
97603
53988
93355
2601
61238
51037
78818
95897
67183
40817
20507
72091
38459
11436
36975
84057
32509
4420
15477
78485
8258
26207
47939
55444
96604
32862
22821
35301
45064
63646
1522
6545
7318
10973
67096
21322
22066
22545
30728
56280
43744
12109
68781
81336
21852
35871
80866
75473
73192
21698
71857
63960
78882
2569
23846
81307
5756
74173
98030
86478
70585
84119
82684
19440
42203
33582
81785
87554
75838
50219
18542
47780
70286
18866
43486
45912
18171
31700
11743
15192
93915
75686
35448
87970
72798
72430
11550
26541
51440
68308
94819
76345
30732
25223
15885
2418
31400
2208
40483
13632
56301
29004
68661
3024
25526
36097
41304
16427
45030
77521
35130
53231
36088
81397
80682
19959
39103
65477
60628
40961
51916
64998
78458
32363
95911
87143
35449
22429
19814
54382
73927
66381
91323
66184
67397
13335
54746
16799
14331
94101
53546
51259
43403
6856
61362
59089
22364
94284
88164
8337
61699
86740
30014
79359
6108
55445
31474
30679
24052
62477
93429
93940
17059
96254
78072
80622
63943
33368
55116
79388
84463
45050
47401
17286
86828
35907
39396
21611
60328
65796
58644
98320
52002
7876
55941
22933
41859
49486
42392
69123
6294
44838
95024
82939
86863
70177
28292
39088
75788
50396
15878
23666
84125
40408
27831
72132
95008
59141
31970
57101
84791
7275
98688
85369
25753
1221
24609
73528
96682
1545
67264
74806
7776
10647
2034
34438
75317
74075
45110
61901
30169
1585
36419
87328
86903
82277
6524
25315
88582
32734
41954
53560
32655
78331
58320
8291
35118
75657
75925
58483
30416
1720
72098
51456
62725
35281
94171
35765
99866
43787
55019
90781
37424
36023
91655
55997
13808
87377
17801
61850
84355
6034
92291
74268
63014
43883
79320
91198
40391
64067
319
34467
35362
38023
91828
66422
89744
21946
88845
86060
32779
95183
35620
35277
88189
49248
63131
48430
51208
65915
61146
46544
98932
55020
44597
79099
38138
74330
38232
5948
41913
95000
64675
17199
31634
90927
45833
89558
10559
7195
65884
70357
67079
64170
62434
93725
87314
2143
23193
34028
44880
6912
30001
82889
71673
15590
29158
19478
84886
24655
73313
55840
98221
37230
9639
62751
55211
71908
2142
90771
48429
26317
12050
99833
76186
70154
48056
55680
5305
46321
23517
65310
7329
229
56419
25562
28866
4346
91804
13737
31574
26837
71096
29519
34270
46067
14381
58210
59051
59818
78188
66558
21542
77330
67976
55243
63667
44969
27679
72467
50659
86508
60804
21505
6513
75438
56302
61221
10635
19886
65845
79441
45334
91478
76098
84432
15743
48755
11424
61083
30254
19203
57639
60132
58321
28647
56848
15887
54484
18610
86616
10410
20340
40346
34610
76775
49496
89340
91034
15960
35520
89914
33353
35458
24459
52356
98080
30076
44454
16869
30162
54171
34929
99493
44729
13628
38626
18845
11366
45070
10979
49160
78048
19231
69050
16639
55410
78124
71738
28189
45598
88801
25906
52626
43414
21183
75659
8973
57037
68287
96375
40109
5621
26791
84072
12212
87687
31980
22302
13154
2099
50542
70603
7880
76398
67922
72931
77411
19254
50270
86737
10496
58090
89991
15931
81534
6433
54279
27993
99727
86258
72397
90657
90856
44339
18952
40265
60201
84544
98600
71915
98626
54730
78883
31917
93906
80925
60003
84193
71377
70388
59534
69835
58344
20104
51820
5041
1417
28627
23672
15631
6690
74532
10388
54471
32806
52961
76806
56615
38707
55925
12544
47098
26773
59175
49698
93088
32626
34493
99753
33795
29190
60687
76020
93871
35007
9115
78190
26511
49666
54165
97767
83232
78441
97459
26369
38433
8600
8938
15174
38664
63883
37276
75792
5843
85630
80034
47528
41934
75999
6082
86291
8301
62516
90786
78685
58746
17202
49173
12748
84843
49206
77588
357
4690
45810
47164
98130
23524
57781
93961
13583
99739
89721
72529
2261
15785
19490
34494
82379
73781
97850
3590
23271
46142
23107
33421
15192
1904
41962
84088
84042
24040
54746
99031
27519
55587
76918
91956
42417
6915
24110
19261
81351
6410
84975
19033
48320
33850
6890
19946
16519
42054
17945
79582
78717
40402
53816
33009
62959
87752
20086
9452
98033
39679
73664
67078
28924
16107
40739
10764
62520
16789
94687
15386
22338
9648
62371
95983
94202
30193
43465
24133
81053
44285
2419
35455
37601
31357
64737
6087
98692
2263
53696
47363
89475
94214
27920
26918
19755
18378
85689
46318
71921
27840
30416
76372
60249
46194
89511
83076
89849
40275
18828
69266
49197
75381
97650
82893
42293
92108
22725
88527
47846
20805
18077
39732
4704
18851
55605
81602
85396
50785
20960
75511
32632
27505
10640
9102
57158
91636
53612
36858
89019
20243
50651
60717
64263
97788
2961
94105
60375
56601
48177
66093
96082
68526
20034
87586
32563
74557
12104
55794
63181
49491
52676
69806
7255
99624
94546
2000
40179
6521
56743
40437
88329
71477
15448
63726
55170
7200
13929
60469
28246
66608
99585
74507
45074
27974
93811
56807
71546
57898
36827
93766
44048
95188
61205
80416
68917
15437
98486
49294
96503
43107
80894
17487
73955
545
48022
67388
19406
92043
83809
4516
67726
89509
70610
91008
79924
22693
78113
8203
15552
95469
5801
60490
41414
83850
88070
28386
8330
22798
27661
12046
76641
38514
9222
34410
82176
81102
63565
61174
51557
32360
539
35474
10439
12820
62232
44562
57947
69459
41345
22973
59953
48544
67837
4161
72142
50049
70630
96567
6195
26375
15351
36665
70050
6796
28310
83708
46738
41102
34485
36399
44919
55234
6910
47349
46291
95938
42601
7691
13411
28066
37439
80661
55304
90917
84520
89931
44759
29928
78877
20877
62507
54941
5830
3855
41426
59561
71268
56960
38147
76708
19949
58088
28093
99273
16013
7691
195
30113
60478
51518
85802
31813
48646
95521
48823
39973
47946
96025
77050
48652
7874
78960
69408
6871
52366
18255
96486
19008
2183
994
10800
39614
86757
71542
8803
2083
91376
369
38665
28090
59276
61722
76981
94845
54695
81865
76985
88057
75674
57093
13936
77034
71677
29220
82966
95058
16852
92380
63166
45843
67854
44380
76226
31248
50659
64523
27563
73699
71793
50627
13851
46596
74673
88400
45001
65558
11523
63369
94209
37974
25014
1466
36270
88959
88620
87602
92319
27356
2994
18759
70506
12829
22805
67009
27054
3902
61885
67414
95917
32565
76647
10370
64308
95041
57059
53109
65514
92157
18557
34931
64374
87760
26228
88780
26865
31839
11687
35522
17099
6648
69430
7183
61415
73779
63017
64171
37833
27006
69943
91224
62672
29267
28660
19528
68961
72341
84595
13035
37849
60161
55073
86694
53505
3824
84823
7552
30656
32913
73756
80043
21904
20412
48163
86634
73155
9239
34662
26464
10198
12659
43443
15153
60557
80850
31185
64866
73488
79991
16339
21098
79
55135
36649
12866
37197
15041
20023
77726
70589
79506
43699
16418
41543
18083
15247
19695
77879
6536
58543
99148
83368
18921
95055
43702
58279
68023
52081
84814
76189
82317
73434
71619
28980
55698
36773
80650
82386
42227
73482
73420
55703
38984
43663
65452
20281
29509
44891
48739
63803
67417
16843
35697
17989
46575
17939
26364
57488
19930
82014
18154
78348
83443
11996
8410
45458
88741
56317
54001
72343
89820
14348
25684
8286
32123
15287
92963
3863
12548
88971
29683
89180
62952
72688
29092
65255
64123
96059
22768
7427
24296
23607
30192
29223
66544
32209
16869
54480
24798
98537
87222
33177
50949
10446
68422
20786
69568
56476
64293
98715
60773
81312
98181
51673
914
74939
38076
60490
79503
34878
60629
53061
18959
27935
42126
29974
6498
66448
10649
3543
2552
92332
23966
65901
53978
47537
74421
80364
77082
21533
85316
30591
48778
58666
90696
83475
7274
5147
5297
80385
28787
50040
63769
64222
46744
89672
77472
12544
93679
59864
18787
96346
69944
46092
83087
48767
9891
83388
9515
87050
57447
7541
63052
92347
63938
98703
75395
44516
37948
96630
23423
31627
12144
93507
87038
43406
45754
68456
22377
84780
97838
72871
18572
95083
77285
27734
93389
78996
31591
94796
16236
31105
13891
39438
50804
43141
22275
73425
24129
15261
10919
38697
77790
9831
82190
24045
12269
48218
78156
38415
43888
19702
48486
19329
49553
12887
970
89019
87915
43078
27023
22922
12959
48001
31501
51038
12965
32338
48640
75536
17676
71600
18399
97818
60986
51227
30783
69887
68632
76945
30039
68283
22473
69608
96608
5234
52369
17251
21799
24876
89885
41713
88185
22963
54826
8887
12682
21850
11964
6012
65495
65360
9023
37696
62531
2409
98278
25393
99095
18415
23420
57926
73497
24940
40074
14152
48121
79141
65533
98631
41830
26917
53446
93708
53117
17352
38809
28308
9526
96637
5327
26920
58106
5439
63932
29623
60576
41154
51343
29239
429
30043
94862
13033
53700
36369
61223
47221
73760
73035
88270
63863
14226
66864
65449
61650
68342
39301
80416
30821
29099
2542
42397
88398
85322
96479
88061
43277
81118
51771
53340
1373
87919
67491
48687
17491
60350
37602
92499
25190
25748
23961
15524
32274
20983
72788
36932
19081
94656
31618
51198
27712
94061
64389
15360
55451
25284
24306
96284
20242
71059
56892
78185
13568
41662
64258
3929
75464
81831
61331
75856
81688
69176
28756
50043
10121
12497
32828
28087
85166
57950
97874
27323
23438
27702
65172
23843
91368
75212
92867
86416
19121
34226
34904
36746
96861
22156
77974
84262
72631
41566
89053
54021
85901
15344
9192
47746
93694
84984
30752
32161
14064
61566
39667
29039
86010
7782
57389
476
75227
35720
83889
4585
11584
89801
24810
77090
9392
66949
87273
19185
16293
23873
89388
62287
30295
73556
51580
37039
74251
37140
30025
79273
61657
29424
92440
57406
57685
83116
16656
89131
43655
19398
93302
81114
55661
40976
48765
56240
56862
53622
11673
36617
30284
21398
78615
95563
21438
40822
82254
53166
59406
69300
67947
29922
92480
44814
43564
79618
65835
88753
28172
33772
32123
89810
77418
15581
54322
39671
7172
56334
93718
25547
67724
39090
67873
42200
28114
14287
53442
98746
81047
26153
29587
57280
44965
28382
66372
32479
60699
32154
40016
14814
25019
22816
4809
65479
59225
84538
65977
95190
24736
15845
85278
57513
99276
79830
33691
27545
35872
14049
61712
50806
37110
29686
26757
29728
69926
1332
81158
50053
7571
4045
94107
34471
19498
55203
37515
12199
53764
88561
10198
35110
26621
66856
24422
16635
81402
31004
14597
88810
27737
30029
79773
45121
47690
74767
914
56609
61598
44118
29776
22366
37347
65350
73704
56873
37761
47912
34563
25057
36819
21956
56185
60783
67010
95282
94768
29192
756
31662
32563
23949
22066
87056
12422
93607
85578
33895
22828
72638
37795
5386
11702
89597
83918
81612
64114
77837
95736
40671
54456
71394
99861
65944
37759
53410
87853
43781
40384
60749
36021
69257
87316
55615
10115
17139
51678
93850
1136
68221
99738
98718
86878
6497
62759
54070
23676
11921
60697
28177
83986
25096
48574
25413
30610
95526
97673
21761
7759
16100
28424
48623
25679
23460
25021
78914
46135
81427
59682
78330
77245
20752
24043
42129
87903
80169
32390
48273
24110
64261
26790
60291
66532
89717
83662
61570
57533
64404
96231
17875
92878
50617
55367
19962
88862
74846
41620
4900
26818
39718
60815
20564
62781
28317
64941
11336
65303
57317
594
44440
11182
87988
43525
7052
80840
21081
74388
85057
74492
89178
14907
75076
32817
64722
74193
6977
69594
10370
21832
70129
23154
46935
85260
28031
16468
50872
90473
51258
11750
4268
45824
21303
89302
13036
49136
32827
20687
89259
51250
57840
35433
67708
69111
89085
63249
27370
60219
67164
33248
72756
71497
49406
19665
56556
95382
30596
81589
43975
35124
89386
36092
76862
89131
64745
8019
14654
18508
86894
10685
50159
404
322
23393
43445
89787
53998
32488
67779
32655
11290
57610
10334
24855
6233
46478
97497
2413
25961
66747
78905
53542
25540
11956
33566
37625
19621
67385
63227
21873
91797
65650
24638
41937
75494
74370
3888
73812
48951
36420
8478
28110
58662
5623
45080
95121
60547
15672
27968
91122
44145
6975
46788
86237
19909
20400
74813
65238
74569
74659
43800
39131
60147
58728
32472
30423
14724
6610
76491
23228
28221
68238
66580
98307
2083
90536
10223
86527
39712
3827
57077
45976
36338
92010
62802
74438
36918
32334
31422
90692
44246
2751
79950
49607
13717
24139
65355
90016
92442
74224
39023
95315
78620
66839
95384
74854
81377
50046
79933
61141
96485
39292
99310
21695
29539
84471
75256
61716
14595
36870
20798
115
13319
43180
38755
35184
70563
8600
50123
59694
91160
85264
50894
92364
72721
12890
56549
23976
18511
83633
60306
23141
42900
11389
90205
25450
39882
24224
50473
84360
36696
60870
21711
89933
59347
12033
27114
10301
10017
33148
92889
83619
24796
1994
66384
71837
99257
2508
16663
21658
8385
34869
11530
76672
34529
62849
39742
94707
71749
27859
3724
39914
56743
88572
16256
54408
476
18830
34174
605
53048
48958
35532
36607
85865
47354
18081
13050
38656
77684
65237
52014
9019
58230
76084
60736
48230
58297
43746
64703
44925
43989
85203
30750
72570
53644
512
99880
22513
69779
26802
4443
29498
81695
16168
79159
30223
95040
18717
34704
31202
30988
16772
10591
39734
30623
89010
18438
68534
21065
4497
45712
20597
58522
57142
89691
53128
51990
40656
6599
82983
46619
64044
81859
43144
74654
55233
83370
52401
67775
29948
66279
39049
30881
70057
652
86303
47423
41348
20902
58924
99859
19477
37081
17184
94552
43021
83669
30138
29239
40853
84715
44053
25754
59336
94294
17724
47231
17852
56297
579
51832
62527
8389
42328
88446
67720
22928
3311
12571
21735
28714
40673
46670
50959
84127
44644
36062
24155
13064
56209
3000
75411
89125
26718
47699
45957
18672
65036
70296
38408
68541
65833
28535
34395
72499
17800
53324
89423
11509
89789
72602
67741
67800
42492
16346
56260
40492
14806
91615
86776
26588
64799
48552
36271
96076
17803
66680
12356
2038
32065
89518
25385
59391
44265
37904
55653
31051
28627
14325
84840
15028
97470
98945
40365
93748
10882
21998
59247
32519
33934
70643
97700
46026
49390
45645
89359
94432
49602
46322
59725
18440
90344
71078
77805
22259
45102
87020
72162
36299
41676
51389
79345
49377
82581
59024
26159
52348
61453
44834
64486
10627
90355
41320
27188
35965
43719
77109
44622
18221
18002
65666
81368
39797
7218
75865
60923
79297
28262
95773
17694
1997
57692
20315
79427
87965
28001
8872
46072
24878
3665
81757
16390
73247
83495
47595
80175
16055
22930
52442
97288
94751
3874
43862
38092
18743
35617
13237
29956
25334
86934
5345
26967
23839
78772
20912
49266
77071
95321
46373
51977
69620
60652
71852
18109
32902
52921
38748
71255
91422
37244
92735
7598
53052
68473
76336
5211
72056
6161
79285
53385
41362
63807
33279
27192
60958
29071
76273
80486
65743
78035
43036
83670
50521
20316
8227
8781
19059
46546
60652
38302
54116
6834
63536
2066
49210
48875
51859
17309
54835
28833
96996
32106
75565
84490
31916
56421
15717
51579
89951
629
40500
22135
78210
15792
82872
11903
25812
22521
51985
69377
87270
94674
57210
93838
9520
46906
28781
59353
5739
90280
67657
6121
15955
443
88197
20359
78361
66832
99480
90976
62660
50526
98812
41512
55814
44680
22978
26146
60892
62996
43175
4158
29298
37218
98397
23551
17993
50633
21526
1536
29238
86874
26508
98448
71398
33629
76777
61828
21696
41967
69434
41420
63400
90758
54760
15649
73651
70456
81806
37360
99868
88811
82496
20902
27598
44668
67312
17116
46928
14570
75792
20748
95905
11974
50244
10632
69017
68928
62914
34879
81755
90657
59791
99749
28279
18547
10907
93931
1959
4023
57261
84418
87054
42327
63359
1230
34421
46152
19299
31236
70986
87191
9101
50333
30732
6553
81876
34580
30468
86107
42213
8900
80040
90203
12507
75811
91456
65271
72496
36231
92394
14739
15338
29942
59751
77805
20962
11906
62973
79102
24932
17009
78231
3538
75100
98643
75334
28103
91248
85227
71893
52702
67756
90817
44669
97408
86671
27685
95138
1122
25095
42824
54740
8789
78842
57025
8496
81610
8933
76777
60570
68377
48323
55122
28890
11164
72496
54416
45107
41649
62166
92251
1056
8031
23620
34599
29986
38453
27325
71673
85615
90212
77411
35863
57122
44696
32802
91290
38868
44612
8577
9866
94413
94179
61141
12028
74324
85187
33464
20888
15483
11027
22617
62599
78318
32804
26657
95352
48034
51175
74227
20141
62495
59839
34674
43111
48028
94894
57787
95924
36959
67985
17888
67971
98360
75462
77488
29565
18788
28149
53583
9803
60394
93707
76124
40827
69082
62024
89154
35953
72929
48663
64646
45126
41264
63299
14725
11957
29964
13220
65615
62160
31372
47812
7778
73653
81832
65155
5052
61672
86755
86656
61149
1923
98045
97361
53620
33012
96634
21675
80540
24186
76585
48061
55110
14013
22632
66566
2294
48734
24325
44753
56508
53007
65874
90091
24800
12334
50118
6122
70325
42868
89447
14228
85942
73431
84964
24975
15921
31528
81401
91066
23004
22814
35501
14544
84393
16176
75545
65471
38185
97704
77089
22833
18629
57767
35401
76454
57470
31251
28239
58922
62466
90602
72573
11977
9428
97927
95606
70854
90741
93190
24778
61302
55186
26614
5032
33774
82460
58281
90399
75425
1119
34781
46661
36292
17063
21382
7216
40973
65889
3627
18349
76783
88544
58986
25998
20436
66117
76663
47044
51803
1382
22943
79123
51687
6318
34617
55144
53151
7023
14150
70982
10607
53801
86761
4464
89864
81723
83524
52847
31521
29695
71202
82390
19980
34562
57827
75030
35548
84419
90565
83187
3941
42162
17044
937
46855
94194
51783
55519
1428
51854
45402
49296
41583
73546
79398
77460
24178
38986
22598
23104
90344
80012
35867
58682
96907
38421
92605
61494
59467
89517
97262
23159
84541
55161
71254
57135
98080
16553
74917
32166
93460
46716
68111
32206
95935
86164
66456
81379
44910
26994
57093
32953
49443
20923
12872
52677
82482
2515
83004
89564
56545
48701
11927
31289
34249
69772
58852
53086
98118
29177
58493
45348
52656
2107
96505
97106
9164
47087
41911
63126
5948
51021
45424
11743
236
64614
90510
36659
96534
88956
73626
75424
85367
10347
58925
66515
25749
14539
39525
59583
11956
92689
15556
32885
55604
91681
72396
81539
73084
38496
33437
77295
76820
95246
31751
60829
54682
13334
46119
50629
28361
60736
2981
20824
30449
76583
31882
27968
96092
56477
67282
41604
75992
53090
8567
77055
55812
52656
44144
51246
16191
31833
20295
7229
47478
33158
3950
33983
74283
14981
4379
13092
70179
33723
67605
38226
95123
51241
86223
54794
45721
38620
30592
75289
42841
85266
20287
82265
21458
62626
89775
7326
31317
45332
7165
32481
76415
22556
10441
35888
66688
79658
11549
36848
39094
47993
11162
97943
32401
32022
49121
21043
50696
66019
10440
67890
84397
67773
78794
21123
25826
41750
31468
3645
44738
26588
41348
94542
90745
69246
92709
83804
66127
6877
7375
8695
17444
29593
29349
29900
10371
70
66479
85630
20525
94514
32556
92067
41607
47692
37510
89143
7779
19784
62831
56502
71392
10424
20886
28162
24060
22636
46782
76133
27687
11451
36708
27373
41550
95536
93507
54008
14457
11593
81373
32869
18709
39869
57588
17443
47182
32415
44811
52335
68946
6676
43137
20891
75136
36277
60311
82899
50126
22807
27901
75567
96090
9623
68922
76072
8792
57819
71948
61250
7679
53740
62459
59737
19834
44395
43658
85371
33431
68422
43401
59113
80762
1914
80961
42200
37290
18431
82158
72199
28910
44142
98231
23483
85720
90240
90866
51818
11718
26089
6028
14313
57703
72847
55067
44542
51692
59011
27565
40896
32113
24549
84403
52835
30618
81062
33980
56474
64347
74638
73576
54391
55364
96581
83396
8248
88305
11403
89581
69415
87202
58665
64845
12767
59753
77077
28084
14474
16988
29713
98982
41776
18672
59797
17177
60262
25440
89700
6996
63853
6425
76400
60055
40318
98390
3807
41513
2703
60869
27016
10761
55607
20508
13227
9369
36818
18278
91121
90804
33529
66394
50761
66439
62852
39847
44783
34410
68654
96741
3427
45813
97384
95923
87475
47266
91533
73528
13154
77802
91014
77235
42737
20779
73526
64320
17240
41417
92831
99207
30792
54037
17427
83751
64524
27513
88135
79911
16642
83932
80409
5608
42787
99159
84055
22781
72744
11756
86962
86640
41064
8839
92249
75651
45115
95682
78184
59829
19302
60257
31415
75133
19733
55743
49939
38141
56169
10286
70583
70230
68884
12929
88319
24926
11775
11030
37156
56818
92763
65958
25081
17474
96419
68213
65887
719
97138
71430
78713
33864
46691
52023
12864
75130
7129
20188
40124
38529
9151
79548
81478
12092
46538
69088
64910
36501
36190
85153
21133
5951
43434
36715
9285
32359
23823
14162
18544
79368
79603
97175
78702
3753
87713
88270
50260
46999
82916
1190
22363
97552
80592
25441
45374
69040
69021
58636
95615
62853
95059
46834
63895
73418
40493
16070
97198
29124
57071
48108
76728
13820
45636
49122
23245
81757
93199
8010
30530
24272
90282
21659
72913
1092
12994
8845
39060
78871
50117
38287
52746
35385
46959
73887
87550
89543
50623
90788
65275
2347
32666
79621
36374
30792
27142
52692
45501
84794
4392
76593
50555
38114
32651
2405
80363
9156
98128
34712
45325
73880
36122
60518
29318
40839
840
13930
6970
98507
21381
87886
2164
65965
52421
94147
50052
15956
97788
82275
53070
14407
68125
76602
21551
59414
38030
51347
74178
72763
17675
65065
99770
8424
37042
77332
71366
21461
32983
96730
3204
51342
53725
424
56282
36423
32018
59400
67650
27762
29070
9823
5569
25695
16940
60363
71516
98970
79666
86867
58008
66287
33233
51553
1482
70636
23623
56557
241
33758
38013
71534
73508
54209
26741
21622
52256
46701
989
76738
26705
54689
92
20019
91568
52356
70673
270
16909
50794
77083
83995
19723
53790
63806
36769
95705
35650
65322
6547
42835
61140
14873
20360
17826
40259
50359
29665
81814
33941
57865
6785
24394
12524
95473
74251
83646
88321
5714
52805
10812
93259
3511
19516
13262
92694
30071
545
86415
15522
68204
81736
46965
31376
34648
87979
61674
84165
15262
51617
86491
32856
58233
30292
84373
1251
61712
53309
42590
49052
48107
47962
85830
86380
87653
65392
20087
79876
74893
73437
46585
15365
52757
56108
86190
27448
68836
14448
22614
73926
16233
4549
45575
15641
49855
96160
11916
78760
49687
17899
90752
83296
78355
10633
42152
94915
8116
58669
41164
19908
19200
90051
62320
76560
56753
8994
34642
62539
93245
90927
82937
15243
67515
71611
93097
34865
55595
76970
62775
64374
98431
88888
8002
37481
62222
87280
55373
28401
2118
61744
8967
78305
92623
17209
32746
61581
95917
10630
76306
81524
44819
65230
42230
56620
60635
36422
8888
72392
68405
70111
54623
40357
52874
43719
78682
15520
51891
61246
70778
58326
70784
63531
90621
97143
60861
94971
37247
95257
7133
72988
57481
69735
42046
96172
60424
1038
91362
8753
54614
16111
64482
73646
19077
9796
18002
17290
31471
63140
46870
65040
88905
37228
84080
79436
50966
75749
84837
67899
14651
44808
13937
77178
44072
60154
97793
13374
74334
58193
36257
63288
1281
35701
68856
34895
18859
16905
72376
14491
4838
47646
77243
30909
91708
83792
31449
16591
19917
30604
43691
2333
15175
46974
8196
65874
39480
34805
95642
26497
75187
7723
26298
96224
35684
68216
94779
54185
33768
33578
81175
34627
53564
82114
12784
57755
86186
46058
89463
55057
9927
92393
69520
52299
46441
75671
99294
70168
55462
68231
8276
37826
27601
88453
72309
70371
12767
35242
78020
58379
22697
63074
98168
16182
21020
14102
50781
14920
37112
60646
14412
82426
48865
88059
62003
39400
92387
26361
4861
66984
87552
99604
16441
85012
72899
28520
75550
26973
56288
36168
43065
20873
22630
55173
59086
68165
7632
62280
95660
36535
61679
27001
87389
9386
8821
42444
57342
35565
87614
55718
85494
31226
56201
33239
40316
71879
48844
23227
53599
79243
13594
75022
81031
31076
10759
75147
85867
45346
81379
6759
89542
76300
59649
82501
65024
16307
39606
98469
11754
49385
95226
42667
42595
33768
62648
90278
99522
37614
57538
7423
17672
58083
3813
88730
61543
73453
92320
7627
92099
37251
49454
57509
95204
69748
22292
38786
98942
88811
56887
20633
58570
17256
1041
7248
19146
46438
82366
43668
18508
22824
35841
27544
24948
36475
70258
64797
73276
24940
90024
2895
67967
9347
72182
70040
10673
50891
47722
40049
80878
26188
91582
35963
49076
91954
16265
51700
92295
71759
56320
79610
10028
71314
67960
77235
93002
18274
24488
69751
23440
1122
57385
44469
22432
97864
84132
17527
52429
6227
46797
81962
88492
21943
90766
38684
99291
55532
36498
49108
83619
80394
93194
81429
52692
84719
56441
63487
18148
79743
2321
13184
57519
34139
33950
19533
1754
23306
20685
94448
5838
42753
99488
61412
29309
86645
27617
54259
50215
57459
84953
70445
83356
85424
67573
50618
1662
96476
34786
94021
76883
94001
12319
61726
85718
55554
32013
49733
35050
50477
52916
5009
84840
82283
75929
75062
98714
38180
15400
22705
48819
13347
56998
3552
49857
49623
75726
64809
2979
73700
94750
11145
61871
83864
56905
76553
21967
35569
86221
82387
18342
4087
64060
24910
30133
1264
54264
34887
82875
13175
33235
16520
2090
6838
80382
49614
12113
42495
73816
71782
88909
95508
93588
26649
95212
37925
17176
21873
99536
14296
80416
37437
21317
72351
74871
28155
38012
39201
61094
17938
1483
93813
56436
83608
40250
28862
69475
74213
94216
81435
61489
19507
78021
91044
91681
35438
73412
34517
59795
69977
69761
61619
48251
98423
56792
98907
59688
59041
34897
31264
92985
34653
94956
41002
41817
51232
87650
11033
23092
73385
34202
77419
10661
18817
3126
28092
95743
36018
79481
45615
43207
42690
54779
47552
48021
32262
3639
15025
10478
40387
63727
30812
7051
8011
12524
52971
38887
86429
87653
35383
14880
55752
38464
91068
70065
82564
45056
36702
91879
84396
38634
59151
17590
29756
51971
95143
33005
8881
56797
89534
19022
72801
11397
2917
1977
85497
14234
86628
63048
35775
86901
88321
2571
28905
45036
51112
61991
30564
47789
29330
90580
5670
68080
37691
70679
43305
43302
59172
76793
46847
25111
81575
48893
39075
13805
1799
85080
56771
25585
42174
89787
10535
2541
7480
50638
39898
8637
98582
49087
4525
4265
90802
68026
1911
73356
84656
39826
66376
19844
91886
33338
96812
25231
56626
8181
95256
86467
66474
45963
66981
50004
90965
73710
14167
21256
6405
75717
22029
96086
28080
58769
74070
12394
20577
49514
58367
91002
54937
29144
39352
88097
4962
21804
7029
50738
40138
49500
52242
34153
48502
94123
99126
1122
81207
63958
66923
65943
63308
95812
25196
68732
13874
54337
69722
89065
69492
67835
84137
73990
29905
9626
6548
24748
31075
7374
10153
84735
28724
39391
15437
91807
54193
78395
25967
89871
84720
52727
61746
15199
23456
89109
57804
47682
52875
23838
40977
58117
30564
92902
81549
5294
45214
71355
87672
97775
44825
82511
16470
44391
65602
85989
51707
80830
41239
7288
58808
66702
8497
19241
88383
37078
33329
7193
81937
73826
61170
66498
68861
50568
51562
97966
77296
68678
87426
59880
37297
43704
20472
42267
24757
5491
62333
59044
17206
21116
70276
60639
36180
72149
42698
60717
1523
10312
50496
49895
4767
37811
85044
30958
16445
8237
65543
82455
13662
94658
56554
89194
53660
45810
12259
20806
19776
23057
51833
47022
53753
23876
6508
43012
34727
82674
37611
31576
98451
90841
28897
51544
88620
89289
96224
26458
14293
66684
30299
10009
8256
84555
72980
35333
15433
10994
792
89342
84786
22319
61711
40590
97323
54136
13220
66545
54356
37647
11256
89282
58456
77007
24099
48859
29680
43049
76341
73431
66182
87759
14713
26743
10014
79314
42660
17114
45484
11473
75273
9759
73533
45738
41731
60850
37169
20666
23257
57522
44825
80168
72774
19667
87071
95892
93052
93412
81
87977
98113
46744
60444
47489
84312
7591
45073
43983
52758
91510
61220
46097
16545
31099
17107
68579
9300
82579
80196
56060
90550
18037
35158
10964
97080
37570
3944
14336
50105
29296
88804
7957
67843
96546
72274
12991
68376
49227
97918
69043
14778
20345
94841
94333
4624
95899
70820
5740
74087
56580
40108
64253
67152
58880
88555
13116
2186
20775
98128
39973
21632
90303
30019
99121
22193
28359
51094
70332
41450
14620
64222
92497
62019
94426
35960
95618
18337
64330
62652
14144
12619
59973
92846
5079
62268
17609
14896
96674
64347
17459
72662
39679
23010
88169
55514
25529
77222
43370
54177
66878
81199
90418
40912
4533
64225
47745
49871
46855
82791
57688
33191
56266
69551
13891
87632
31702
74805
62670
65284
82322
19869
1697
9169
84880
49763
9555
74679
12062
44909
70392
72412
6301
79731
4791
14673
7011
47912
27029
87858
26041
23540
77942
18143
67106
24115
80655
11660
62903
78600
69721
52382
54331
16283
7856
90907
72560
34631
30437
66083
41370
8455
47281
25584
90619
85240
50308
79307
79345
69091
93560
33755
68306
71267
5877
6141
90321
92360
45467
27076
88064
88691
75597
4565
28676
47640
29849
28670
47057
43973
77424
84427
55591
71675
52473
74177
14678
87417
69853
40980
49657
30054
99509
61045
74093
43107
36066
68259
86657
60474
38577
38827
67940
88552
83491
24944
26947
59694
67197
15449
6540
51986
93107
61610
5760
68776
40733
60345
58919
30257
62484
50867
51787
15056
22227
38283
41723
40704
92062
83911
16761
68465
63554
79218
65746
6792
95217
37498
88795
83954
66873
32365
29557
3882
77313
7045
84953
80844
68616
73152
51021
2085
72597
29448
93019
22306
53469
85678
72128
27458
15417
44318
11532
35263
63464
49284
90298
49244
52090
66429
26294
11484
78294
68180
16103
79301
16357
65195
35384
7925
2713
17308
77476
2559
33827
11761
29679
88752
19290
88773
54201
14847
22539
80766
206
16491
60384
7557
64142
7114
74490
65369
94357
58646
46088
3791
24261
36741
68320
59373
17766
70667
93359
98062
68394
76912
93688
86807
71076
60426
23658
25726
64932
80599
66732
48166
86585
21517
46292
33139
8800
99068
46332
68806
622
79148
32601
77153
44860
67577
41656
53266
16152
75550
38093
16214
51351
1607
85596
26066
74906
75927
15123
71573
83608
13432
58563
73807
92810
90227
54899
96434
38281
11829
63738
84719
35090
65569
3029
39437
10360
43063
48232
39312
19083
59971
17623
2724
60604
85584
13888
2411
24572
40104
3399
40720
84459
38779
18218
23128
79495
74513
60963
12334
38679
61532
17763
1887
63093
97154
86889
84370
40509
52585
33489
13935
33282
93522
19662
61324
10585
12060
33356
77437
83873
85019
72426
67514
47333
989
95293
91246
70927
44154
74578
11556
74378
18197
68090
61456
46574
53590
20395
10284
41404
39959
72042
28779
91170
90283
47733
89383
74511
93743
44128
79031
27726
62913
90545
61928
88260
88435
73168
54503
84687
55996
98328
17728
50173
20863
39331
22362
95725
36415
24536
57391
92739
79893
21499
53084
17992
90110
95150
7995
61428
77894
82830
65389
89967
66372
26932
65226
35440
18979
66612
29932
58049
73244
79307
25593
31978
46273
32642
16047
18536
67091
2421
37344
48335
69727
78997
84810
60019
93992
24594
13859
52828
58471
9061
23887
45481
6520
35056
66165
20360
79639
96341
20965
52932
33146
64421
50531
4664
28421
48420
94477
44368
34789
96460
3258
54467
87057
70469
86204
56460
95939
48226
3141
7655
1980
68014
76805
87752
28419
58260
5090
71189
82296
7257
18811
18539
49652
55176
62632
6402
95902
41711
40495
11317
42532
9733
66107
68922
96782
67135
56613
12287
41649
51586
64611
20581
3803
25722
14126
74205
65570
25318
92165
73570
7899
46019
32700
19401
67981
55203
53056
88365
67849
1031
30804
40740
55112
46590
36290
8192
74432
82326
30952
78738
84400
89911
54144
33252
33856
82101
94154
39574
79351
80493
30854
57217
82004
12767
43983
16955
91219
64145
11135
98165
84554
39462
8375
30771
23945
85332
79912
78794
75225
14356
92668
44063
62842
6890
20169
97643
74649
23449
57647
52938
81762
82669
91110
80911
16898
51789
53850
43730
47497
45365
12043
23805
20236
78063
41557
19829
39951
96916
39531
2431
75008
30357
20609
53300
2219
80348
26969
1488
99277
68610
241
92476
29412
79413
60135
96110
35145
84804
49060
31408
10480
75966
56818
46020
16460
82467
15488
22586
16169
8191
30519
60079
83747
18891
79410
36045
52949
72415
81233
77921
90001
34715
840
37797
21346
4943
7867
47963
97001
17605
18770
43685
90414
67357
22382
10815
90691
9825
55897
31744
59111
27001
31064
34477
9744
61584
55055
66617
51879
33113
98313
59258
11370
7929
71954
42965
83642
49581
55979
32468
42330
42954
98279
7685
53164
79333
85616
93029
451
27746
13699
71776
51518
68008
11259
72231
2291
39805
14287
31938
29759
11520
13992
89318
18829
83362
16539
5885
52219
97811
82223
71763
83758
4675
37199
70491
56132
26458
64576
292
72891
28880
77014
73858
12191
51036
27210
36393
89551
12063
61232
84862
87877
95596
67739
7458
93634
27652
13710
33207
22077
88686
20476
76996
22782
35863
11789
39878
71764
45860
15352
61148
27536
33600
94529
15795
67959
39005
81653
30224
74548
62446
12739
63351
25717
89202
11711
60021
88047
40633
93813
61086
29214
61603
33836
50878
82632
38990
41952
20380
85208
92079
57210
56076
76699
58069
78793
95370
84455
85161
35724
96361
42291
47421
47086
57086
48906
82516
69279
33063
44308
56894
26568
93606
46659
2539
52243
72252
73349
65236
6534
19747
40317
1384
13141
65806
74909
87742
15580
2915
42706
74137
58677
76018
47083
74981
2729
77427
97345
17065
39585
91639
97232
17644
25822
14379
13604
30314
8231
59629
3399
45767
67782
91566
42298
34002
46779
4557
56229
34417
54228
31219
43609
38175
90803
80628
72329
35063
50383
65997
645
97578
68842
7847
16828
49830
49277
40491
93587
16303
95933
68529
73781
89508
46296
12758
27909
20193
17230
86145
6013
84010
69970
38950
30887
81017
9319
25613
38531
18440
76686
15229
85574
50211
6714
5721
64058
69415
33999
8001
78267
7356
4714
79173
46881
36933
9218
49513
47926
83931
72860
83945
2040
97295
42606
15963
43774
72389
21657
61838
94883
59341
69872
33796
23440
67782
49577
45514
7110
88041
22207
49285
62844
8128
68240
1383
1023
59182
68780
21012
24103
63684
11002
71223
9631
80463
36437
1642
91810
24004
6289
86774
14588
2131
91610
93793
31929
38160
34818
343
44600
75274
35980
73950
41701
11687
50435
49570
28488
23282
81977
8499
63796
70032
38461
57021
67290
87741
77893
8813
94893
59358
7652
2015
42946
76865
58946
65793
85501
64395
51040
45034
12770
16440
49371
35920
33204
13466
21693
63432
75766
87333
60985
47025
60958
33147
11373
40135
25849
50661
88512
54781
68145
7574
2496
68628
22445
42882
95344
92441
24485
84546
31284
71584
72211
22545
86428
81696
77825
61230
65210
45009
13466
9905
34088
19295
92291
35539
84392
18627
5186
87792
22075
87702
8211
51906
76327
22249
37810
4995
28202
97603
23152
38468
94442
15357
97571
25407
20679
72050
45232
39003
46924
6507
68245
23933
64574
82491
7408
58224
72881
13709
64705
89681
22657
34330
94491
26730
95243
90518
90921
37723
89464
92231
26566
74057
92346
46773
75303
16407
53796
20691
76110
17988
24883
7186
58498
32796
77199
53837
59598
62207
38530
55116
60400
72636
52246
73864
20377
85536
84519
88128
27624
96420
9244
94254
61212
66198
78127
29737
13106
10297
48959
43262
75792
75849
73393
28364
72354
19640
81275
64830
9674
85106
76548
46460
18848
24635
31575
30400
72031
16682
18658
54352
44558
81719
30660
64386
17351
56703
29022
65598
86828
91525
66859
85623
55300
9551
63566
15543
52462
65740
68547
3262
50454
67570
55335
30763
96673
93836
12811
67442
61080
12440
68731
73276
29631
50618
29781
47336
24079
86924
53903
97829
28918
17881
20376
72135
91065
62048
78878
42384
52250
45516
68494
50973
12231
25708
62680
23720
94104
27394
24802
11650
95512
38986
52153
62989
95191
87715
28256
99854
11153
93727
35867
29846
16256
71683
81067
5041
431
85002
80953
57863
30936
32958
37689
64845
92096
44228
81873
16787
21971
79476
20136
3139
57555
45584
94643
94539
18082
6622
59609
86155
29406
14141
5513
53443
39401
95371
69600
27831
70075
69961
95612
48512
19004
27428
25861
58717
21414
12265
62166
77265
42136
57353
72736
34293
3466
69736
63091
48616
80119
83713
27129
74170
43296
73326
74162
33475
77401
68404
10488
58963
51475
64272
73678
55617
18598
51746
74188
70076
83437
20602
85549
18878
81135
68356
77345
30631
8346
37951
42087
15107
95460
85727
90585
69122
80037
49946
57040
26722
99585
36105
60620
78825
62917
75232
49209
66980
86243
46154
79736
40559
78547
77981
77349
2948
6887
53053
33890
61131
59075
52233
64309
41933
42156
15609
74033
25750
59110
47791
28952
52421
91500
20592
24115
85307
85271
15592
48599
6655
26684
21119
60540
3780
96359
50890
76277
11541
80713
86753
83006
81789
28640
24883
63751
19135
66893
79017
66704
85449
78260
37478
34923
41144
27397
75070
17281
57808
28560
73151
44376
88238
95876
5680
66191
34283
34222
90312
94364
42492
32723
48459
86981
3613
98950
26119
48177
90850
72994
10997
28019
16813
21168
14632
54259
42130
70960
46723
11200
27883
88993
18743
23948
31328
80914
39140
98322
38570
80252
26920
84609
88201
95202
16891
13161
61154
66058
38076
22165
25792
47348
98873
34424
65626
46299
72218
39955
73247
71761
75477
2511
41681
85173
64749
55932
9802
95425
43001
56129
51565
18497
86204
14258
1930
85314
53205
46588
78744
49343
24992
5153
37058
66928
47288
75802
42468
35311
61084
90404
90296
81898
12508
13355
58968
46167
52736
45389
32405
48051
93977
47390
9607
12074
27934
39198
47223
46817
10569
23218
80148
62403
96369
80373
89646
77051
95608
51359
72866
38606
96190
3516
95435
76512
74975
16587
42441
85481
81318
52516
10993
13209
49770
95701
6751
42025
12723
72473
1789
93489
10026
86293
92603
54306
42670
6707
73760
45995
94103
79313
71743
30374
42064
43098
18695
61143
9827
88799
69721
80660
36219
79471
1516
29699
35116
75101
98637
36192
57959
59240
71230
851
15830
18446
21675
77181
23260
87513
48085
86861
92154
12977
29577
96012
1404
72468
41976
10616
37173
83067
94886
11592
60940
11350
29653
25107
10379
51413
46265
52763
60905
86797
49089
75639
80933
59655
91564
95248
39142
72685
13228
95303
71431
96102
50055
39620
28659
20340
64696
29880
99692
64284
14253
38517
47097
30397
55094
76004
21667
21477
50303
49923
65438
57051
6014
52128
56882
55909
1972
31908
61549
65574
56780
50521
87875
10918
19307
33067
62893
4083
84457
6158
41025
66651
38978
86350
54167
61005
30229
35805
41620
87899
34031
69697
24150
68357
37312
52715
75998
59851
60492
32815
92298
8954
6771
32535
16901
80666
77248
23958
40395
62715
92048
40206
32001
26450
50568
71104
47499
28715
8272
52554
63771
41489
1091
33646
64511
83654
55205
5519
75519
20382
21853
59336
10624
44969
64266
95561
66367
51019
47845
55307
97928
87910
31823
19872
39367
57834
19715
41563
74037
91336
62715
72924
50987
87428
3262
5651
52904
28915
71102
781
81569
23350
98293
88695
82330
59625
84177
31751
66013
45098
4594
7300
69632
6068
55431
12427
85274
94543
78403
10631
70223
23879
97971
74040
97867
4021
43632
16340
59784
39932
55569
40931
59321
57401
98638
2270
1098
99823
47449
78681
58431
24069
68994
19050
6151
48123
63643
10193
62157
34372
54885
93227
46222
27803
98922
8405
64978
43129
68489
3333
72538
53857
54180
53248
87480
14169
89072
40882
71451
21347
92152
74491
99275
39101
65031
54105
66695
13249
80282
80532
21758
69347
2314
36743
63183
957
48905
33502
31429
41737
37322
63079
60303
37379
8795
16606
57511
21310
40643
76444
5756
59886
77256
34439
35488
65534
96969
31184
32971
37655
68979
93488
9497
2917
19606
98240
99450
72515
48921
20193
13883
9235
22147
63316
80444
39757
85018
33165
20152
53667
26398
41974
19762
3123
52225
89641
45733
86422
81158
15203
70323
88789
77577
90753
32097
24034
15076
53414
23781
49543
88002
13244
10057
61093
75254
5840
17473
47919
2056
71453
16873
69861
31715
95494
32079
7416
51893
639
49555
59107
58542
17037
446
66302
66279
49639
8475
96786
14005
70443
61526
77446
76561
87732
23692
23062
66613
18200
