8305
22211
76592
18365
70145
39113
51771
12884
50096
75628
52308
22544
9813
73717
17722
45318
63363
29953
91557
18250
11507
42801
61435
50167
93269
11918
25291
94039
73522
40118
60011
38596
16031
26726
64702
36406
8936
8539
48589
38775
80499
15331
8706
38735
25516
62944
43688
81825
18493
40976
36168
38299
77499
50169
33840
75565
91067
28553
80315
72630
9844
59809
53358
80437
17411
91463
35351
93035
93095
42050
77305
18684
77962
45155
58612
17753
64691
36067
87494
22957
21968
71986
54540
57494
72824
16707
59453
91840
65247
33501
27308
58059
95117
17884
11835
89808
11289
41883
82124
67371
58843
59267
12209
74043
71209
19247
83300
12634
77873
36463
31054
63450
14361
15683
50551
44818
9581
74379
8817
87874
29075
21289
60169
49756
28591
40396
85804
32903
84110
87633
90072
82523
29773
27562
64537
34562
35292
86103
55792
56705
72572
67044
8431
26816
93864
75980
28539
37567
53887
69996
86313
41745
71547
59569
29578
19227
15079
12409
78542
13074
9956
51561
60023
71682
14631
92946
46319
60482
8886
42501
16309
42121
51767
82049
56093
31994
83566
44309
11413
35429
41904
64137
75968
17485
70315
14610
21769
48920
46846
59476
45441
74821
78485
12585
45388
70615
91432
32157
39286
87930
46569
61391
45477
79594
26114
48038
55980
36576
74661
94435
16166
65650
19181
81343
46365
89708
95135
93087
81725
42400
75617
31934
26706
24233
10454
71109
13225
19598
8023
77279
32993
49265
47492
71672
16799
35912
28240
80390
32269
10241
80151
34993
74028
63857
11165
11305
76505
39392
86087
31269
76390
54204
57786
72483
35555
91267
65958
69909
31996
88927
34512
59969
25772
89729
93649
76291
27387
72291
47340
50124
66717
88685
62619
39136
19638
21987
82287
43312
55223
86143
42743
90597
7988
28839
42919
54660
30243
56089
25456
83198
44429
13360
95335
82942
89119
12638
87472
12849
81966
47059
31012
32897
40224
84396
42176
37423
70858
18226
11885
21985
83866
93475
54328
89077
70054
87239
14871
57996
35087
74497
23052
73259
39044
78904
33653
62780
83034
61282
46718
45447
63259
43449
22203
71872
81000
54104
64414
92369
45074
43582
69944
24670
61314
37739
14673
77976
13889
47321
29924
11573
30055
67103
51722
18187
44301
21274
23568
77392
60056
40447
58394
63132
47370
95043
80642
32396
22907
61555
58504
14579
86202
12906
81441
9029
16733
27780
10531
46047
22292
66265
34989
40048
64587
65272
54367
12398
93424
18099
91891
31184
74856
24353
28619
20411
40679
17625
60447
58936
10596
36837
65486
22569
10682
16891
55439
43187
77954
18837
89456
35551
47053
92179
18173
27113
83057
14615
38007
55868
48444
83003
80570
21799
71682
75586
16717
84652
95007
74544
86026
12183
91048
51590
39413
72993
41579
19916
78381
54231
80454
31198
75642
90950
86910
54572
88105
23551
36409
69759
16786
48631
29931
17050
34092
82199
42073
85435
14555
27890
66969
75116
35926
13371
80557
35617
47608
87033
10745
31325
27040
21828
66995
60787
68070
32825
87612
32952
76015
56447
90732
77926
32329
46073
36971
47104
45901
46457
90953
15897
38400
95191
19788
24298
85807
71212
58907
12362
66522
89765
74634
82914
39471
41583
50880
67268
61965
7900
62773
32802
27791
64708
11098
79973
85922
56669
94358
82535
46090
17424
87008
49521
94969
46316
81694
48411
95298
57876
34996
56778
75329
91988
80077
87803
33911
66982
19302
81681
82198
39549
50896
60742
62295
26861
26825
57761
74165
52073
34987
91158
80054
43245
85924
74018
13012
68577
29966
27634
76628
23981
58813
24369
92627
80614
16046
46002
94830
78725
80634
16816
16270
84344
84531
47708
17827
20371
46388
36702
29065
49092
15684
57162
46573
84457
60036
29900
72909
81203
15705
70504
84655
55507
69546
66675
23891
89367
34224
13742
11191
73569
43176
29640
87802
41373
55033
89545
82246
11570
28456
19833
18365
88785
45575
35164
83968
89679
29732
48027
15126
74310
31354
19406
9771
50053
32927
87032
36178
88668
34771
39038
82880
77115
74052
35773
60095
43373
87120
33306
55896
17128
41893
70511
65658
33635
69493
83726
92960
11417
14900
10833
62545
63423
63577
79450
63405
46597
69640
45685
27435
26158
20008
41320
78595
10444
73546
67885
73388
93231
32766
35598
50116
94916
49015
39518
91108
79708
71927
85654
18786
12842
95188
31469
21315
46422
85590
56399
89266
31689
70132
58127
59702
39490
36608
94560
13329
65848
19008
64113
65301
58205
63151
59923
44380
32767
67059
85085
14101
32499
24088
63105
36977
57868
42261
10394
9713
58047
12166
47922
33205
56281
31970
47886
92239
83408
60655
48805
34537
28347
11894
8003
46044
75639
18190
29567
86888
78149
90233
75746
88426
90268
75733
84655
68247
75414
29637
86595
76549
36032
49236
83432
59984
54444
73776
75914
33665
62359
60075
37615
66683
86123
33777
13710
45535
16089
60705
78439
70315
24066
44546
41005
77841
33762
72480
83686
86325
46955
84516
51012
16922
10274
73843
73304
53808
90094
49172
27835
83329
8772
91758
73941
37546
60778
10461
39771
70140
77710
77462
84575
76794
85103
13693
84231
8941
85873
46909
92814
38098
47249
79915
51193
92700
27863
20488
41936
70818
68730
56476
64386
56241
37725
31539
24601
79415
72350
67656
73859
80266
94158
18267
35815
38788
20732
19153
76992
20794
94639
68530
88479
62445
41466
67032
57500
83042
20356
47030
51794
87635
24668
84556
71996
55420
10029
88350
49398
91789
88813
69537
86355
14040
43741
65778
51605
15126
26076
30646
36534
77063
30273
81707
31802
86392
57411
61080
47420
15260
26212
75157
44114
87781
34272
55032
30241
73071
93740
33619
83225
26956
90172
88828
27438
77802
62013
77661
91088
83658
8090
14927
17376
68841
56060
71940
44227
55078
77202
27320
75522
88899
88962
44954
67329
56358
55878
53728
20372
19610
77064
63772
69736
22351
8962
78062
76958
23222
37883
26967
76679
46547
17675
74897
66772
19082
34947
91146
31599
46716
58640
54808
55885
16562
30672
57656
95151
41813
33760
44623
52287
58520
29993
15060
30389
22639
48932
61696
34255
9328
8989
76378
95280
45466
28694
19578
71517
42232
59921
25758
67363
16624
30564
38861
18517
78473
77111
74847
24231
55420
65181
68668
35977
26398
82482
76120
24607
16332
67883
70848
78667
31432
26771
63195
77818
11196
13055
22963
10339
66016
89217
60901
78951
77719
40136
51829
11597
60967
10942
12802
67828
15264
18507
47627
61369
83787
76998
81278
60513
86549
10452
54751
30208
67344
14484
49955
69312
41031
64424
90269
46634
36129
52095
62742
60422
28175
14682
92328
38859
81571
24048
51347
71862
37327
21368
17368
45199
53696
14159
61400
58746
56121
44005
93462
65285
17495
25682
23711
10848
34839
27837
59117
19627
31720
27259
60768
13172
25650
26889
39787
9041
23325
75166
70003
58240
54828
72732
21303
79918
39547
68321
88926
39200
70151
27888
46098
63339
8090
46039
71014
9237
31169
85063
34967
63003
83916
20922
13777
79129
55656
10941
72924
80522
29836
71519
33522
61191
44489
70677
80337
70451
43420
32868
10375
12306
79834
35030
78992
38190
65201
41752
54198
32769
21076
38338
8283
66577
10911
28745
70955
88405
18351
49826
10636
71836
85589
90010
11200
11577
57594
24893
34233
32465
28481
57523
76032
61789
88765
90179
87678
22598
20506
21850
30504
69038
57906
64749
35771
13665
86925
8830
78575
45692
80902
81677
76750
92673
40069
11973
31430
87005
58530
34506
53616
71394
25842
51048
25477
36144
92948
10257
72540
71315
93248
40898
83357
25163
13100
36090
66134
30541
61260
78796
48060
31110
64207
43795
56887
26428
75908
47130
16366
47425
25036
14151
35030
52349
66303
94055
23629
73384
39937
44176
62585
84137
15720
32897
64082
50479
90893
42093
14545
66463
14103
20375
36586
69302
67918
82642
87704
52500
13850
57252
31687
82423
54505
81142
67997
61834
65325
27734
82390
62763
49171
93933
44573
58920
81389
61259
29338
13206
55229
36986
10930
48240
15193
46989
76032
72515
83465
60838
23444
47936
36630
31293
63757
61322
16048
67256
79666
16497
91275
74839
22501
49665
34925
35054
20914
52310
89363
26253
16752
81545
16076
27672
76931
15811
57170
34861
63305
11081
25572
40602
78525
80854
78772
37025
28479
81967
18290
18640
46636
20470
90596
92790
20171
66908
85935
53684
32081
56412
19531
48483
45136
60518
22445
28990
74166
46777
24490
30851
48344
47680
83160
22686
39116
77727
93170
83492
81111
9403
31503
23225
55856
87191
74845
40808
92277
14491
75379
78711
14175
63431
69661
27244
78612
34938
73901
85148
54398
41691
85177
87373
37590
41515
63799
80160
60516
77641
23976
22005
24883
11230
67601
10620
25071
57141
15013
57293
20015
26420
32376
10876
40247
25643
61484
71948
30623
89352
36771
50812
71682
88230
31667
50232
92372
34424
60221
56611
54499
66128
10700
24183
34179
55582
20788
91419
86278
85315
52221
58074
54322
88468
93724
9314
28543
10491
32815
36427
51415
90533
12609
70962
19691
9136
57860
65356
83876
68475
57622
39953
32731
17473
29899
17014
61677
75817
85232
10436
60964
25454
36450
94523
18983
71726
30165
50646
73585
95182
13574
56396
72806
29470
41670
14351
75130
17548
75129
83986
61691
72703
67033
32690
66769
47600
35242
42466
25163
73091
25028
82918
82636
44326
20854
73905
79981
55065
65647
29592
79946
81176
76738
31430
22505
51207
56482
76012
11118
21017
67908
24216
27806
59960
25235
38073
49102
93673
90077
88886
70255
42406
13725
65720
70866
24886
88544
74465
75615
54431
69280
60928
76859
34876
10107
73278
37710
24288
49803
47385
68325
65271
17333
34456
23005
82926
15341
94258
62134
67536
28299
61026
50279
88919
10303
35583
88874
51330
51261
69628
64215
72737
89538
73936
29907
22371
45936
54498
49025
79290
71739
45721
56563
74717
87514
67906
67378
53702
8244
68442
64829
76177
72669
62019
66490
90321
62861
14214
91279
95161
29936
34899
43966
66394
45699
38614
91503
86136
60331
50775
73049
34899
26846
73616
18920
54075
39416
71283
71353
92817
50670
73620
44660
48846
75524
68097
11274
45530
84195
50847
76812
60337
23659
15732
76217
84043
38653
51379
57813
31069
93807
37280
61637
25428
27746
86230
76824
31768
53622
73618
13473
20664
70115
31569
85118
77593
32414
89654
83812
85856
84320
30904
89536
20459
71934
43583
57800
56594
10448
20526
28760
71563
80766
28499
65749
41267
27825
73955
94289
52336
8211
93089
83067
20206
85385
37052
40658
67118
20343
14775
89824
19264
64116
25341
55318
9226
53688
36661
25825
56776
74676
69275
37140
11477
11168
26697
71422
36226
24120
9330
9445
86576
76238
73970
46830
86029
19305
85466
66149
56297
30145
93845
50102
92388
92311
15142
20784
85124
22155
11520
52836
73610
40445
23700
89336
87119
29823
39746
89047
77861
59697
30121
92734
39724
20291
40281
12611
55704
41759
38187
77103
63311
15987
93317
78937
90342
58217
92620
72773
50461
21908
11046
29710
68518
26017
31216
21412
61335
67199
86414
80792
65837
66394
78795
20772
60549
23052
45167
63638
10659
16401
47417
78325
13570
35622
70909
53869
89125
55593
75947
9197
24495
56858
27681
75334
54980
71462
42229
80780
38544
81465
31339
71489
48806
70886
28505
48652
73938
46600
38454
48528
69006
81608
7947
79981
94417
69436
51888
11641
24588
73793
72223
13897
85198
58993
78183
47624
14600
95475
41531
60520
54876
79479
71735
65080
93844
87005
35018
63650
31032
51211
22589
12293
64899
34740
75967
21237
81849
11621
66178
72517
88497
74858
43200
76449
23248
46220
24608
88524
67922
39567
21017
22399
20147
44133
37702
40026
13611
17807
23189
88097
36706
36573
39311
55028
38503
41485
16739
57407
56002
90553
10871
76992
85957
8231
21443
66516
68642
45246
66292
92590
78709
15192
60139
60910
19875
81052
72016
12812
46280
17071
52719
14920
55779
64783
45699
43316
38875
95184
52522
10694
79786
46540
44091
42714
94855
18541
48206
21467
40929
90127
16511
21609
39925
7713
50006
71174
79932
45137
69194
75081
52596
49652
10871
34427
54758
89932
28895
24044
43600
49819
75126
84831
62917
27458
64314
90509
65169
42266
21890
20066
88432
26000
78501
75660
11731
48369
54695
36900
72833
36802
10631
94670
83184
14324
86985
17509
50843
13456
54247
85023
48078
43061
51420
9983
26254
36707
71701
37477
47670
22921
28480
26119
77744
85373
9716
31272
76555
75715
38333
35091
22829
60482
30490
52363
92177
48543
49862
28250
25784
30688
70590
49649
30325
37952
24290
44437
40487
7978
67287
92995
28944
93681
32777
30638
64083
79500
76275
62731
64573
24632
43446
95289
93360
67557
80676
23963
67958
87923
37483
40245
94851
28854
89311
93910
75380
58572
92022
26385
67977
86150
53131
65712
76989
37478
18725
65354
34573
80761
28498
88644
46734
57022
93294
18802
17044
61131
44295
42391
27173
42528
39360
33272
39428
77252
17890
32590
31155
12087
54157
52072
21392
20867
37654
86758
53436
50616
20335
73092
59454
69474
67331
50306
69145
14204
30434
77675
89811
16339
88185
62539
35580
38225
32670
64555
80680
22294
55688
19250
81204
59328
35378
23673
52902
71801
33574
46841
73967
19524
37405
65551
21949
73268
43188
50029
17600
50742
44452
12075
59618
92127
18397
19513
77562
67398
75617
18563
73487
43954
73435
88809
11957
32364
79928
84897
72729
42320
41456
66846
80593
11045
65897
63902
31329
18624
15617
25393
28260
85720
76137
16454
66156
37001
90245
42769
20115
80775
57720
75323
58192
50987
51014
71635
89546
54448
23912
31422
9736
72076
31732
40337
73342
37920
52491
22371
13619
86755
47815
38286
7831
39974
19723
14157
10886
34122
56911
91806
50287
9778
43501
57453
13991
78099
46028
22641
21824
13531
75535
31937
26474
59291
79668
9620
82180
23480
90613
58545
63389
14538
72846
9421
88135
40390
88224
49298
36261
10695
66404
17459
54971
70123
37516
43237
29221
23566
73437
88749
15558
86025
75132
95233
19500
53400
79160
92609
8214
61653
50513
41621
87283
75439
80148
68965
7868
38621
9854
46317
47684
92020
17909
30449
37363
34636
42178
59904
27339
62551
89171
85193
74076
59473
50888
63360
61022
8680
45783
92416
54459
90148
45782
51111
73533
70544
88405
77877
44594
72323
68934
91352
70063
55728
43655
86135
23298
68584
43913
80853
51855
31063
22544
8780
85056
64321
23224
70413
38882
29816
93845
65565
22583
28142
56268
72683
59568
93150
82951
78370
87273
65247
57821
52809
27877
36555
86263
46775
91572
81535
36344
26683
59926
31183
53784
15045
29651
93114
65946
82775
43025
15377
43551
58461
82828
13208
40940
35911
33434
62482
34902
79623
74092
95359
53499
22609
49733
8182
20807
45381
7948
89311
88208
63491
85895
66157
91795
64854
37826
35413
26846
91761
25975
32893
88576
91743
75983
10052
32912
73707
88160
77051
66728
23822
84886
29253
63698
37269
50955
54000
45953
30239
68730
42244
48661
58644
66903
51875
85505
93162
60415
79079
57567
38499
23481
39458
49319
28096
8850
56010
26528
36293
17296
45623
31302
50990
35413
13357
42065
51406
9407
32660
34464
40168
22355
31189
55637
56432
51842
60644
22059
17557
44266
28929
41781
73717
64723
14120
37305
56237
32225
58882
43733
21295
10614
94202
19522
46497
73540
20762
57382
16114
60977
28728
69534
68837
70889
71512
39494
51501
68514
85109
94165
36637
42963
37046
51414
50238
54823
8983
93575
64764
41654
24363
19666
69903
66345
41975
84039
52526
10408
41194
16708
53445
8775
73762
21525
36246
41789
39748
15626
44512
74858
62398
92607
14814
91762
59073
56957
82837
87932
32132
22771
55191
21883
10898
88017
89585
43823
8979
34825
15918
73050
46594
71811
87352
27843
13955
59018
79226
13090
79593
13956
84285
89157
41648
44123
55236
39542
8395
48385
70511
35515
70777
92409
42715
14722
82112
58550
94200
83165
40133
72884
68964
92658
39915
58816
19599
17309
84669
75950
55638
42132
60558
91304
51389
30109
58276
54004
63662
20852
88905
43244
94919
13999
65349
42587
89215
10825
23446
77894
86531
85291
34641
95466
53497
84805
71273
88023
20585
21046
39859
86484
33663
31228
57172
73818
52293
79610
18237
86024
87235
91051
70872
13642
63512
78367
68310
39971
35027
88259
26468
68319
17160
35349
81539
79653
10413
67062
82065
56884
80947
32346
76531
41001
83764
51852
93422
36063
48456
48353
85505
28491
69429
9819
37567
20522
10320
31042
80631
53631
36458
50547
91498
48854
76767
64638
78734
84334
61081
47353
75957
63426
20434
76702
20470
12537
60096
92217
60072
64424
53909
83149
26183
19942
18072
43711
19475
91508
88813
84677
13007
33714
70185
11960
54772
57918
12665
55487
61304
19546
46114
10693
78259
44926
39368
91920
68332
78664
48038
85636
81602
45399
29115
28957
84950
55110
87643
28798
50455
23429
29305
16909
84893
74035
9251
35418
58052
59120
65960
20786
75430
17353
36982
64367
8743
56363
21935
41741
94821
16432
9543
25619
92023
12499
19115
9121
95241
90203
45032
42167
31747
15310
12414
69206
27299
67886
94386
67846
31509
18311
91508
29985
29479
35148
16747
48042
50798
54336
34523
20666
77196
45920
43406
28681
76304
80431
73231
83386
33661
56242
15149
59548
40730
69389
39846
25434
37387
54964
93204
90175
68423
20886
49001
77286
21363
29229
30161
93349
60775
63972
74450
65766
85401
85455
27797
16039
62102
24523
54110
39576
74204
24658
9287
67096
14831
80872
27864
89561
77246
81425
11541
88944
49286
29470
72321
57970
87744
42292
20959
36394
82290
59584
51790
72527
59284
83056
92471
53947
30582
16404
64884
10744
21181
81556
77814
36608
24173
82618
56945
26853
68504
54604
87785
39270
78295
8522
82836
29318
29157
77128
54317
55062
42305
34957
64635
72071
57512
32997
34062
13197
89049
40278
29548
89915
62928
55124
10165
75346
65159
7797
13384
70639
17226
91311
79756
77717
41346
86905
70862
14949
28749
89802
77587
17515
37733
7903
33512
59008
53347
11919
64594
26456
34637
43293
93722
62614
65634
38644
59840
92445
12544
14631
64075
88263
42169
40023
15137
29104
18961
73553
63692
34313
48286
67856
49939
19269
66290
85186
42770
14879
83741
80293
8587
19404
93681
77301
83763
26194
36529
25396
58577
63879
84337
93293
8323
12007
88618
65359
44612
75223
20902
13209
68946
42593
22751
15778
43960
90181
12007
65979
73881
9271
62108
29334
93861
83240
27039
32300
78317
75506
59895
24461
20210
50296
10640
44430
40617
64773
73633
94568
94306
30456
66534
34479
39946
44831
65315
30836
46419
88196
19738
73276
93430
29573
52939
31272
14039
62115
88033
72102
55878
33907
57963
78037
85116
82812
22224
51051
66204
75868
93582
18905
56990
67421
76471
66876
70592
81431
64088
13317
65639
9977
74411
39260
18784
32666
93025
62447
68903
93774
31952
25995
40529
11542
44677
40916
93903
80648
68702
58131
9299
48402
70996
87837
41403
52145
9278
93538
69298
29466
56747
29335
87858
41232
53582
13586
41455
94312
27160
16863
84863
15866
68607
86430
94341
42056
88128
24308
8908
94325
52114
46252
79313
12776
9235
36203
73310
21455
38270
11999
25185
38217
31831
86496
47126
20157
81894
20360
78670
70750
46655
95411
70030
8079
28820
85004
28212
30049
64085
53584
17952
58196
42628
40623
78059
78308
11677
61801
50947
9906
57508
77580
95089
11603
45477
83590
87518
51845
75422
72063
66183
20445
68067
36689
38065
20411
78647
41445
12220
47120
14525
24866
10016
74808
39408
63275
87660
85813
76166
49584
27139
23872
37389
48988
86941
42119
51218
75256
32884
66824
53180
59533
67871
89566
57474
80591
79664
79066
32099
52510
14445
30706
43002
23952
68068
95521
11239
71573
56409
44375
71181
33715
82620
72247
87731
51199
72268
57570
72935
74103
63137
34700
20194
56634
58467
88773
41091
75688
67041
8809
46586
33165
62589
40173
56526
38682
82485
38600
69351
21793
75962
12111
17104
92991
77581
8420
10741
79629
31014
23166
60419
19462
9605
44308
63871
32804
22079
8774
85333
67407
33700
29414
39257
37598
50729
72698
74847
52804
17007
33795
9183
21656
90693
62854
56695
93495
24796
89282
59260
64053
31340
48218
79666
45876
72836
20671
90037
40839
49347
8417
47498
67755
76768
65667
53198
39402
93176
68705
23664
45785
64616
30703
57195
29037
45168
53438
88807
47638
68890
67453
70362
79326
58018
41282
53275
27836
76978
69931
55325
20120
46317
81556
59772
84279
65647
70661
82685
42931
87817
72858
10705
63673
54999
70368
25067
56484
88131
83421
90971
15403
36433
42158
45685
75916
82152
65856
27601
56456
32094
20593
61862
67139
43219
39052
47964
66863
11856
86899
89527
55816
13049
11545
12156
67214
50576
78452
59503
61829
93308
31888
24059
79890
65692
72494
33573
80382
91655
75359
42813
94944
75751
87243
51376
43099
48818
64294
81419
57609
48312
14167
57423
30199
64797
78522
78039
44643
69222
52995
77319
79819
21645
30528
84306
69082
47289
47722
69442
73813
32395
83346
48653
72867
86000
86511
23926
26101
29975
71506
21602
64551
77750
93581
12493
18975
79359
51433
37583
54579
66692
13816
58166
72539
73804
60474
65227
52149
43443
66279
54996
19215
79769
40040
49878
82454
49362
79058
92568
10678
82951
93620
42933
10676
12592
37510
32267
9587
49436
81835
61125
84118
69689
19983
46945
77982
64494
49081
66373
42057
76857
49136
66781
9874
17464
13113
25844
21173
20643
67787
50046
59536
92598
66974
84417
36894
42345
18652
42242
63283
16231
76544
54211
37786
22678
24761
7735
85716
81456
7822
87820
83997
18735
51627
53171
22620
36492
41524
21803
28848
54700
71439
14663
83447
50384
84151
70475
16777
31995
78597
56045
36479
15797
19759
36405
72952
29265
12703
44298
90544
20801
48369
42872
82780
65711
17769
36066
57038
56318
92179
28332
68448
18073
45330
65603
42951
47360
40541
51074
53634
45591
85094
17014
18685
75154
56997
61185
29300
62884
43791
26865
13357
16351
26784
64924
66700
91547
35773
74257
35942
25078
15317
54459
21044
31847
83891
39513
14369
89294
26886
70195
24089
10132
60682
86378
75649
44872
43166
25899
40137
18970
80099
40983
85509
39862
47558
37049
93539
81501
15949
30579
22871
23431
79667
84958
86720
21050
25494
8256
14923
57760
21831
9610
20378
12360
53828
72504
88975
88982
57003
75389
59496
76035
8973
29295
21016
45139
88763
77564
83208
55594
78948
51744
78997
12277
68012
23799
12272
74764
80821
76252
93393
58552
89033
93680
49212
44055
87677
67048
39410
60152
33841
16469
44636
20198
26789
74068
47207
20970
79390
22418
92801
68490
85789
12652
82293
44941
38898
82193
82930
78135
63657
19009
60040
61705
27883
91520
15303
10673
34391
19301
93582
87809
23113
27605
51696
64003
47431
61008
80863
83174
75746
93731
8687
46609
42688
70363
13005
92212
69300
31714
43249
89995
15651
51544
20872
24116
85047
14626
19589
75650
11795
45253
9177
95534
25996
68847
92368
11084
60555
78520
80539
76912
84418
12635
48085
54854
15703
72803
34033
50061
45685
62710
68968
53893
27432
12586
40891
21813
14403
42835
59158
94328
41965
92730
55512
90086
74236
91777
54684
94916
91123
69044
42492
20028
16153
61837
17620
32379
11294
91049
49297
35916
37694
15991
95070
90449
61792
32389
32964
49657
68917
24283
33333
93264
84085
33081
62697
71574
43771
76929
60693
56977
15058
55274
51995
73213
84027
71046
87935
28085
78068
47899
45759
41780
24017
81701
20808
91926
35028
23923
90166
13325
8162
40114
31657
76355
33658
60820
26142
43156
79064
8648
55967
17471
65003
80719
93592
92218
48239
70213
16644
62904
94814
90764
56021
91371
90927
18523
60648
73537
47910
82754
32538
76341
15008
61748
88466
92596
20985
43643
87539
55018
57233
95051
22214
31834
76598
50593
87480
60516
23613
12069
93640
71160
26465
59379
58326
17358
13074
52127
93074
48708
79265
10350
8666
24189
75825
24218
45571
69516
82161
67165
43660
41736
78468
67822
55426
35243
20255
50764
16326
32629
67808
11568
59492
49527
33385
87245
48159
73759
64780
61107
19557
53405
70577
49905
38161
95342
79502
36724
23463
93720
71271
16194
31315
13776
38098
48859
44668
61571
78083
47324
90288
47613
63786
47828
13995
76359
76509
49113
95411
32075
35494
21909
7797
11732
20240
56522
84300
60595
44648
92800
58621
50163
21703
90343
23717
17512
68319
14621
9841
79891
81901
80437
77774
43226
44608
18124
12412
58906
66953
50723
62806
49744
28945
57162
55750
41896
91499
15061
63366
78248
90672
14695
15924
54850
61757
67375
47505
41036
22201
33644
74998
61352
36770
88569
25575
61063
88584
79966
76278
85842
87234
50420
57736
83745
83960
82720
71351
77055
73992
45841
62022
67570
17987
63051
9629
56791
28696
33595
55005
46828
27643
13862
16506
19272
82504
37350
72037
84776
40185
12694
55076
90708
51047
14848
15428
36055
8591
30119
19856
15467
47113
27385
47468
48340
57433
29236
57352
50407
63368
15631
90852
58264
60196
14196
24349
43348
48537
20088
29121
33667
89826
68284
86028
75600
20706
67662
69049
60841
25030
15070
8687
83734
24496
52877
56952
74256
27700
71586
38647
61095
20733
33035
74042
64646
39308
33713
42484
65869
10634
13561
33597
7970
91358
44390
86709
17112
68401
95169
24409
54805
50896
50483
21287
54320
25623
50659
32604
58598
82069
80582
89452
60606
93660
47432
34579
53517
29612
18662
91631
33951
35252
18597
68859
73328
18398
18249
35807
16827
36934
23525
8451
95036
16147
43826
17099
56984
36809
19724
70985
25367
14172
42469
73833
77745
21090
20115
69265
57339
74099
54900
42598
58188
76768
13134
27969
63897
9616
86001
86798
86774
36756
87663
73543
87031
30269
32351
16394
91187
10928
41855
47270
45573
21573
39933
58963
49718
60671
21818
12809
15361
77948
86059
39650
86254
19813
52002
31350
78424
27430
72372
58462
33176
55736
18267
41061
70399
66664
15212
54640
47795
22831
94758
31992
33332
52916
66315
48344
78326
48999
10816
57354
62027
36019
69958
66769
22530
44235
41987
48428
9292
39591
83779
37936
88370
69134
35329
57983
48378
52502
83123
48953
36016
7918
78211
21831
45250
30994
25358
28177
91676
93245
81370
20044
53480
10647
39979
58346
75744
73093
91174
79434
78365
34030
28092
82509
67757
79214
53040
93008
52323
83391
26303
52525
51641
51683
94441
54049
49024
52664
18955
23368
38859
27310
66268
66774
74303
73075
93730
39110
21299
17583
74320
18908
37003
69970
94307
45722
14594
41686
52161
48396
27313
43138
34087
30508
72515
93511
80500
55990
84338
79647
23734
23814
19753
31134
47831
14062
59415
44912
72314
59974
83453
76799
13854
32773
43794
44160
44272
15366
49270
76472
49376
16521
50887
86476
84326
22716
55143
21751
82795
65714
27100
45100
76401
67097
12151
31720
77378
89254
77151
47106
74723
9974
45751
64021
43614
26951
64907
42172
71363
30444
93795
84023
44055
90195
52506
60424
26743
48758
14259
68571
26127
59769
67814
53968
72047
68632
86770
48762
66382
92287
62482
27923
12398
25264
40446
41067
84109
45808
91049
16366
15323
7752
91435
84819
47803
53579
79629
34511
77946
33348
35913
65608
90632
85142
21046
8549
28308
60783
47510
40582
46269
28760
64731
84367
87897
73591
39453
86851
32769
62988
88266
67959
14386
51039
87437
24939
42438
85387
44257
30601
85104
74838
51215
46817
91056
32702
64579
58846
67263
55257
35981
39914
83858
18071
36499
93691
85511
73612
8656
14814
20466
20350
82090
38173
71060
65938
37107
91700
71324
17546
48229
30866
59224
82414
20302
9895
86868
52150
71821
78778
18443
93290
90032
18237
91262
84026
92054
33914
73720
11519
33455
62605
28315
79141
48075
68371
44021
62304
48626
8563
43540
75658
86101
45850
54016
91846
60282
12756
59899
59074
28104
34352
71951
10945
16279
26095
82570
25700
63249
38085
14962
62463
65138
65031
84138
13429
77029
89924
85638
84982
52472
79556
59346
36558
79112
64309
91632
66104
91021
57539
90109
50828
33227
29210
13633
90539
80397
60525
57560
71094
93662
76069
18250
82897
54894
67491
12048
36101
77308
87584
43691
30888
20094
60035
48230
59812
34719
44880
45006
69852
93749
37056
55284
44550
33058
76388
54504
18243
35594
27713
23098
25980
87158
54078
19327
77742
72544
27322
33282
78068
81102
40346
73714
83367
46172
66377
81039
64901
54766
29732
91365
54225
72822
71918
33575
58996
47293
9236
58430
37211
64540
85489
75523
70352
67338
79135
68096
26271
44627
51700
47126
9890
63074
93297
42128
22239
24661
31609
45694
81644
85982
46751
91637
75767
56020
58249
11887
51142
91465
59034
9502
54041
58705
32547
58408
45005
75176
66397
87585
11437
15904
50868
24638
7986
78740
24399
49097
81137
70694
51391
38072
58646
20912
88042
48269
10698
41341
63853
67171
50329
84164
51589
10915
8646
32930
31038
8203
11623
59559
58119
49524
56805
24435
73159
74784
74864
94130
58568
9372
91273
28706
65197
57930
95525
53691
67871
52681
76820
77523
38341
53711
81531
15729
90560
59029
22174
74936
28530
64965
79361
7748
10405
91193
55702
50845
24192
9420
83526
50149
16077
75916
78800
72010
93947
59845
65965
65766
26353
93036
13031
56680
67916
38442
27301
94610
21298
80839
55988
88986
87906
12537
75079
30256
61986
16998
63390
86088
12414
11990
40220
82284
59410
50601
32074
60645
59979
87516
58973
35909
65456
9914
28973
86276
88696
69557
10344
64428
47037
70931
73119
75952
55043
62162
30039
57646
43000
24688
48441
47315
23664
74154
85327
49486
27383
70833
66482
77234
10259
58565
50315
13890
66492
54574
47129
63272
75020
61738
71385
51825
48883
89946
38690
68586
63154
51549
51110
38417
30431
39414
82388
50563
14162
78516
13331
53815
59312
78318
49494
71820
93438
45047
93856
27095
20477
31373
73128
31799
36011
63531
61337
32467
19029
28498
59345
11685
85598
69386
93818
18476
56476
73531
87192
66819
68711
58570
9306
81257
81144
25585
50675
69568
73445
63093
53975
16152
32131
9047
17519
90404
20358
70976
91809
34591
93963
69909
45038
36571
35292
9600
45195
66257
61211
39253
36022
53036
32454
90460
72613
78350
15514
76306
24504
36828
92378
32668
94182
8521
7918
85900
66007
54682
74933
82380
20880
59692
36510
87170
56366
58352
25347
7834
39604
42211
29462
41048
53688
8413
41706
73846
30940
9182
80016
39907
21537
20681
44026
30417
61513
61220
63013
8102
38959
36167
72690
37191
93408
94564
8312
38754
36637
49740
40389
82259
36321
50899
65745
53216
56408
89087
94174
91280
88074
63786
39842
46752
65649
23125
10224
39360
10939
38285
81954
62509
28590
51685
57260
68774
92351
20044
61039
27352
75438
31847
30947
24064
19736
35429
68212
78534
83538
40933
81051
57238
84672
87993
79296
78303
83862
48864
63580
30522
72630
50362
56258
45689
23044
89926
10966
76454
57392
46221
36350
47902
70860
12115
51381
88410
82112
40279
16375
43407
51279
25522
25130
58547
94124
94095
87974
36752
91482
23243
67728
29603
50034
68083
47791
35092
58928
70327
76144
64354
69858
33219
56059
84383
51401
20637
56610
41559
43814
87032
70788
41570
52024
58023
22289
77001
94037
54808
38551
43804
63577
24986
22285
7818
57344
74654
7700
12692
43988
17517
63930
84345
9716
20768
21638
49519
94354
41255
68999
10195
60695
22513
27069
35758
11092
53170
7772
83687
17281
13395
44032
76901
90225
87216
47359
64790
38078
84903
14904
87582
85326
16246
87000
14022
77452
91010
76905
69093
65121
76337
82602
36611
11773
66423
68973
88952
18623
12480
50817
21709
21351
52352
11827
69441
41654
52232
69303
54158
72445
8295
93628
23296
31517
36789
22540
84720
84454
22164
17565
28544
95271
68503
15439
57750
87835
85913
88231
61895
43516
51733
79955
69185
29758
39442
87163
38717
62176
39223
36411
45245
8304
15063
29857
10676
66676
81862
52858
68437
79982
31491
21053
20851
35495
28393
34462
45198
41725
92090
22391
68299
37944
25890
22453
63819
90915
59553
82335
13558
70877
46335
50122
87245
44963
50400
88615
19748
20716
38040
20839
59430
46795
9638
85440
21039
77146
15566
12340
66183
67282
42279
50631
94178
72559
11153
82189
14321
85102
49707
69632
7828
71661
51297
48879
31729
56311
64216
46203
20216
84969
47791
55493
15046
12474
34318
48650
72804
62476
28454
17177
81274
78707
49900
53373
71995
20572
8822
39546
43146
68795
90957
58130
86017
75390
64696
48820
70361
16453
74983
37962
77877
38344
89962
16356
35732
87684
19607
85045
63985
62567
80011
8265
78508
56574
35041
85314
20020
38785
79113
22526
35669
18221
86085
15624
72418
31313
81409
58409
53787
54488
21352
68189
9449
49528
68408
88253
24597
57857
17346
46047
57761
49202
71220
13851
84336
74124
45129
44292
33781
86552
36437
36934
78712
70134
72877
12517
13000
90737
91842
72909
56267
25764
88997
16191
83789
68560
66610
23774
42973
14635
86108
8748
25810
94245
86261
64128
45567
14113
81640
94095
82327
74831
76725
56683
68290
43389
87227
21734
87707
90304
26884
84264
88459
30465
59795
86447
42480
47871
29327
94590
66264
94755
18550
91676
47737
30253
14774
56931
68217
9150
28841
38186
55082
88518
69150
88456
7826
85668
83353
25666
9298
65540
59667
73464
63814
17586
92493
72357
13380
38350
35064
90398
42943
12549
17916
35004
11291
78586
55262
68610
48170
41555
25589
91514
36254
85620
63218
84644
36452
85679
75912
70470
42586
67558
36675
79428
58737
19856
8677
18279
44723
14865
69643
20174
89828
14210
26370
95298
87890
80275
79816
31241
27037
52257
87282
94775
56182
18812
11264
40165
54810
83634
40892
15438
49337
80750
87145
25752
28177
83587
41758
76955
63497
13244
40772
34996
68292
32598
53813
54352
45770
88745
38445
26141
60419
12150
56662
15711
44775
51476
68557
25201
92742
57877
21332
32845
16387
48247
49413
46305
75448
35100
23504
59691
9506
48854
50588
38285
53083
32695
85872
23944
20135
73240
21544
28266
64658
8801
40443
29039
14450
46157
67487
17049
75122
85618
57359
24443
74918
24083
24387
65256
85420
56709
79830
8169
40551
90266
64955
31488
38448
9562
85167
53729
8939
44497
8693
57508
77531
56989
89273
23890
8864
64941
79324
67362
48384
51347
33881
29142
22619
90811
57378
64039
32193
22590
66846
47194
82678
82473
37288
10310
44455
94671
67898
14018
18023
72064
39061
53837
66241
85790
70729
17577
22733
37139
51648
50220
67987
91456
55804
51255
41410
78820
25149
52515
92637
24393
60548
38735
71346
15956
92843
15429
64571
53946
41571
61521
75556
28065
85944
55128
81434
39531
72261
83537
88067
10336
90231
52329
65424
89407
58293
46646
8645
85515
77479
24689
20680
70018
66462
55932
20885
74672
83810
75149
82239
89224
41787
23169
90176
36096
82886
74892
26528
28230
81122
11811
36743
44687
49292
46424
25957
47630
84786
30103
64836
70302
90941
54261
56678
40902
54381
16857
76652
43527
13128
26889
17420
68189
32025
87403
10110
68629
70892
49827
10370
55441
68480
39573
57473
80420
72175
74640
89149
31549
51098
47200
7750
74351
41094
65543
94329
52321
94037
87165
26192
7883
8045
52960
51960
48507
9876
27224
39544
19262
9907
51941
11962
68018
26145
31892
31658
31037
92450
81897
34236
67523
18667
81345
48940
31521
80259
33473
37218
65881
8286
64651
76511
50949
41741
53800
56845
49604
11826
28339
33689
74308
35185
80240
45374
56240
39804
16392
53741
35378
39524
72209
60369
76496
55387
47517
70470
90717
18313
80418
81737
61924
11178
47296
87375
34663
36788
61114
43957
57018
20041
38381
14790
74936
12939
89759
70478
29402
52933
87547
70286
11985
16096
91855
37784
24656
21616
32342
39026
73053
85379
39162
15940
82016
50235
22771
54399
50728
38803
69007
11465
55780
9048
24950
28213
60472
21962
71714
94178
67143
28909
30277
20782
78115
27308
20463
23151
63898
94041
19427
67767
76899
13928
22784
64488
38592
86873
76209
88149
29661
55125
30555
66080
15026
26946
85262
51888
89013
58551
65200
56743
52859
30792
17674
37151
54366
33897
70929
30011
14434
26618
43057
35786
71581
9856
62775
53392
81504
20351
55979
9042
41101
29110
68489
91877
72657
29566
17008
17590
31180
58123
78110
15309
50737
48466
78788
69976
95027
81552
15446
89105
71582
80820
67198
79018
49739
20763
13279
84991
87434
52389
64921
44570
38475
94897
36581
64716
32845
55681
90690
80323
56143
50480
88199
62087
64581
50803
30515
30612
28265
44201
21227
21750
49311
36261
13894
30503
55112
12844
22713
29629
69958
58303
44310
24541
21926
50230
19993
61333
58459
48598
46718
15476
36777
8630
89121
60242
8654
63622
66847
83076
44431
40729
85745
34167
30078
83667
37368
65907
85130
59900
93084
76448
81198
13114
86006
90001
86305
41657
51171
52822
44457
43034
26427
15045
68588
92770
92936
74356
41852
89181
46267
8439
18887
33473
12857
92272
47296
56820
56050
60102
19132
56525
93726
56158
39224
81006
8396
44535
15945
48840
93495
52231
92890
36003
90080
9310
27652
90225
10691
68132
43719
53244
65069
61639
9128
67288
16529
82653
25864
78356
56609
63931
9063
85374
27067
52065
79577
20215
51808
33133
14655
61602
50589
28721
27733
63076
55832
93068
44454
87151
81490
82387
24624
66060
31585
77357
56157
20548
85036
33529
44578
28990
55161
93801
47266
14005
16669
40805
76099
88662
60965
12639
39752
73060
82825
82104
89872
14813
53441
40619
12156
59649
30128
12914
27923
87079
52997
89222
8625
58987
38245
55417
23403
74527
16657
25544
73303
65219
26785
93160
93601
16779
37662
56417
54875
8788
19755
10633
73873
60365
44616
71472
29343
55847
82082
69068
82112
64666
57130
27800
60451
15148
89839
52159
46602
78234
48477
11413
87063
69565
52562
49757
15060
44435
35974
66047
10142
53057
39767
67809
59494
69009
93614
89126
75794
28009
62460
11658
63506
17156
31826
81576
62708
10673
43930
26182
26508
65094
63260
63693
80275
68092
61348
32234
89274
72859
62654
28066
31887
86497
81637
17091
90154
34939
46728
18287
11652
49712
11308
14118
75592
16463
90536
85445
50560
84458
37162
33132
78844
63828
70603
8607
59381
52118
13667
10205
74300
66765
14263
41522
22609
28808
41705
42865
76523
41945
32854
50858
90201
86040
14759
53149
80493
83663
52571
51237
66443
57140
82922
90196
66120
68147
33956
28575
65681
92768
34107
57634
66026
31822
61610
67068
30284
50247
87849
23296
85231
8758
9367
54848
47803
23972
21793
39676
53697
48635
88646
18915
81488
68225
66835
44790
46879
13673
57932
17409
71624
9651
34446
33771
13577
90367
68963
78637
33292
49349
66137
28634
45570
36754
41976
16563
36964
77387
56051
9878
85611
37506
69601
50622
62247
41786
70733
65047
65813
13369
34355
35897
17084
73798
11651
82924
55924
34793
77645
29288
26677
84519
12540
34901
40035
36481
86420
18703
75088
91085
13759
66467
7704
40677
33438
67785
56137
35912
95126
49225
38820
45897
41130
55474
10658
37945
85984
58849
27061
46852
33627
75723
43484
17877
69709
95400
86667
26827
28449
26172
8122
8684
50192
28546
54090
15598
41579
92503
84941
7835
37790
31968
69879
60021
79025
64981
43522
42386
48406
80694
69956
93830
37129
39948
70993
26788
74243
87007
60352
85050
81231
64374
8110
55439
84926
14049
57853
13613
20146
74077
45882
66461
20487
92584
41653
83054
25712
68439
83332
90046
16100
44710
22499
75549
12170
22339
53855
27782
73274
15205
30127
32677
36745
65783
14537
55403
14965
92377
68092
65137
82441
13937
18549
74867
44206
55688
13942
18241
10759
47721
54162
75623
49303
80478
20566
70353
31501
93103
36520
59487
55696
14777
34149
92521
18293
95432
60462
64179
65806
67647
82505
68895
18875
70102
14867
21730
78800
25873
27447
18640
57213
52464
79998
37928
24785
47863
46768
30672
80138
35889
82396
69817
34116
25663
24124
38721
51557
48005
35691
32717
63727
94487
85293
34287
30406
39797
89320
16801
41656
19997
7916
51992
17618
40884
9207
15506
58407
82163
43190
70132
59409
8567
52183
32744
53936
50101
55520
44711
19943
61932
26889
40851
31066
57854
8429
75230
81997
28376
88149
85006
15247
56696
8851
41874
65507
38413
61133
28971
83114
83700
79948
44695
8747
37613
41228
13140
24062
35971
12285
53473
11107
42033
89075
55990
89643
53611
59045
75865
70350
31501
54775
78303
42283
84665
53615
28929
42133
41936
42420
14907
35555
83058
95521
95537
83138
66925
8011
67863
78689
77861
45466
57827
82747
54657
38177
8590
23340
91462
50263
87030
19188
41985
7998
60755
68369
74468
41708
53114
43013
50559
20198
87556
74892
47693
37938
80229
58487
74459
23130
93753
60102
54067
9794
61511
69559
34665
81617
57131
43877
76187
30469
62722
25733
35750
27282
32416
7702
53819
87523
58459
11203
13246
9241
30462
13937
15094
75455
67569
85083
47915
45929
64216
40726
37092
34470
32544
14592
73656
30771
52344
61580
60529
23934
88032
15919
68676
33582
73447
57910
82374
39978
24834
82915
18366
81658
50185
82650
86539
51258
91583
89330
78389
22598
67543
50515
8448
9406
90873
51964
42437
58822
54321
92308
48182
38799
47641
83508
29456
85935
57215
64733
35243
50578
49299
78714
93752
15291
20415
39870
90258
42959
26626
33508
77148
50880
25612
26486
51195
18930
40175
50203
13759
33560
47610
87998
72705
29043
86075
51836
95054
72849
25926
45063
40831
66070
55518
68039
81234
39664
95330
54272
91867
71303
70035
42130
18450
82928
55398
67706
91929
29248
86334
55143
21947
36095
80651
76492
18162
13792
72657
71766
18241
69636
35436
10629
17365
46024
24558
11242
31323
22436
67726
66353
40530
38452
68303
72701
73193
30826
50936
18202
83620
34985
35491
27175
10951
24551
58661
30024
22971
34195
53142
82543
94997
46869
51988
86936
16784
82416
82349
45514
90059
43648
31945
77211
45273
65057
75006
53280
75602
26729
34201
78260
49303
23821
38918
50255
58192
85011
56109
11627
9202
32221
20383
88723
86337
40429
9514
77563
70745
27514
74600
64554
17209
76147
18263
35529
33139
83627
63464
68340
52299
81652
92245
30007
18193
63179
63661
77043
85109
20758
77460
84134
86632
57550
14611
62819
93012
57284
76856
44283
73593
39677
54242
51776
37577
48923
23280
53827
9642
71435
48015
45346
59065
66172
94921
55359
29021
20457
86935
73412
90986
35455
92353
86947
37713
15879
38169
22152
31165
48436
26864
86343
31388
21364
65730
90033
33835
83220
20285
82518
90356
51231
67517
44979
55160
95447
80055
23605
47099
59199
45156
34662
56843
78617
37161
72614
75815
74704
42825
61169
60355
62914
9029
51653
46558
80555
60361
45133
85747
78512
78180
46158
25433
79516
20061
87349
53975
21151
8814
52312
83682
23366
39503
66028
52441
57630
9882
78003
53206
69323
58069
9210
23064
50114
18488
51920
75747
58372
13951
91392
19403
51128
92969
91522
48706
41076
37948
21213
59392
86570
69458
19625
33533
28279
74651
45298
45227
80222
78556
20875
24915
20355
24553
65292
23773
90747
23293
80082
11475
13711
58070
76578
21328
59162
30684
17072
32242
51486
92110
47111
45036
84474
10408
45000
11150
85759
18609
52535
76382
37838
30942
51724
90233
78438
22388
46488
16263
47042
20275
62476
7725
50351
40375
15561
83512
79757
46876
88016
84207
28674
68966
33604
11293
75874
37323
71706
33808
40390
88263
24342
52903
90345
20626
73659
72879
65473
93568
51248
43079
53347
84542
23049
90410
40074
89544
55343
82696
58883
58658
12544
18498
72578
28773
78706
72422
64426
72501
83523
47285
94255
46262
75756
63918
21410
77673
34907
68031
13179
55810
56170
36695
62238
45413
60106
60575
62984
58191
85507
40539
90651
69238
78860
70710
35900
30745
47493
19352
53838
91790
85090
13940
45554
58510
29854
49276
90062
82425
11003
42375
17388
68571
12642
64481
19730
50623
40447
71350
22924
15976
56363
79093
15968
61076
91609
56981
24918
41090
84478
13736
76420
12203
22035
34529
22239
46899
46809
95495
87007
82375
28872
82066
13186
64781
62218
20289
7853
59955
51807
48113
85724
20370
15024
66447
87927
77346
37635
59845
68020
93092
17161
76855
68317
43726
50229
94985
37333
60319
31027
90052
57576
48078
78348
66384
30135
13365
40417
20733
70448
26846
37729
13830
22111
43341
12739
30938
81639
85264
51348
83277
21556
31230
64259
46482
25045
39729
43030
78646
37062
71932
84521
49547
15633
46069
69333
7740
69706
51601
73087
83217
31637
64762
76753
70839
42179
24307
39418
21717
15702
86864
81887
64382
45688
88813
26178
38657
32349
13360
12364
72216
80204
80051
58458
51876
67375
21340
38027
55840
15742
52212
93993
55116
77050
23114
41064
86935
29999
11697
32144
76033
38168
59461
85598
50688
95389
13945
72444
40195
52560
23836
23602
88684
60859
50388
29327
65105
44969
8789
71108
68380
30653
24322
18982
49165
31181
89123
59615
50286
12175
72454
72381
75525
12196
83685
80738
16711
18721
68882
20994
78730
20664
77408
91338
62947
88367
66428
65692
55071
47453
82695
43897
26580
66585
89677
83211
89766
54698
86659
80644
36373
48158
69015
28036
23468
40730
51450
40734
67585
38729
93692
81945
85887
24762
24821
46948
8460
15489
94472
33727
8307
58879
71376
15119
7734
68343
26210
27452
51542
90145
53090
63683
83819
68027
33046
76816
26848
55725
36549
61758
67833
40484
67961
62308
41797
72178
69550
39845
57832
70556
52595
76213
49905
71862
10915
91562
59782
33607
42103
79266
69908
88186
64908
56253
65327
73343
64264
15488
41401
40123
65372
95427
54432
27319
50692
82794
48184
17058
28373
36626
31147
84989
87859
52595
12556
69179
27102
94289
26068
79959
75353
60025
33105
75209
83037
12631
56351
22826
67342
44820
7800
22095
39568
47047
40426
89580
39540
12981
18547
11223
45949
26677
83469
27741
90641
83784
21867
66116
56764
31607
30889
53259
30398
89195
44209
64310
60294
63390
12894
57668
55346
50419
33500
45565
16041
13478
47966
33261
43057
53330
45491
28177
17512
93249
54909
56666
17532
90690
20610
66015
66875
72110
27968
52213
79367
77409
23156
82956
52903
25472
45514
30519
89380
69187
92893
16691
20355
94933
26585
50774
91811
59660
43864
37388
7981
91139
34080
18360
60019
71503
95510
53685
31666
58003
14635
60082
43240
65802
86166
17918
31994
92410
30654
69628
67781
90038
62623
71578
84657
27542
11056
62993
61506
56480
69951
23870
82121
38960
94504
36142
26334
16170
67005
32447
85260
40587
10840
16437
20104
16355
44299
93966
60048
32645
27174
73656
16184
64102
55323
77202
72266
24076
87429
53814
68681
94435
30540
7797
77413
45036
56699
77503
31207
82146
70168
22166
86434
72949
37831
94262
32465
28717
75041
30176
31554
24058
75821
86512
41203
87555
24845
81655
71364
23125
11493
24503
90040
92042
58513
78381
21064
21719
76898
79871
66721
66765
75222
50337
46275
64884
19230
57815
56654
10044
21329
18255
19773
87478
54428
20136
89213
72556
26636
28782
42720
34440
77631
84517
33201
94054
71306
33128
18009
95340
64872
24605
41565
74386
78188
12158
57882
27069
12092
82330
77049
73569
28030
42551
95376
50196
87757
60996
35359
75603
11678
32617
77267
16394
45297
68481
87803
30886
92252
37413
51182
17173
61763
16102
62801
64244
56920
94664
61330
25816
35343
60191
78528
53842
65333
34038
37181
42088
88926
57604
93799
34767
24708
45023
14428
20334
53050
92567
60182
14408
27622
77502
36883
47850
23169
36462
64038
92504
86163
15438
70063
55229
62268
90705
54905
58940
17173
26896
94469
75284
64151
27809
11290
65854
38396
46656
67242
23599
27845
18278
63625
35628
53763
42943
44156
62065
41108
61429
70329
48154
77441
91840
34781
29139
39652
69579
21145
47890
47092
26220
34869
90028
36676
71098
49725
45876
93210
59279
46434
60759
83930
9287
12217
94827
62541
72396
12202
35468
54261
31229
79642
87857
31478
33327
73559
41653
29455
28164
28903
70924
44558
58668
8751
47566
21039
71707
14793
25328
59174
16212
81309
92914
65657
13364
31361
16345
46589
19336
81370
80269
51983
93220
78521
46931
57300
54451
8288
79746
20121
75719
90636
28983
67093
73087
67166
53511
37301
72753
70463
90169
36432
88887
8208
88040
81520
60739
47477
33169
58380
43694
16830
83575
43891
17857
73136
78227
50290
52226
21641
20952
75753
60613
13315
89919
58697
85576
7881
69561
37542
71892
48989
78161
82429
89249
74239
69979
15839
53659
78687
25929
12273
77703
13116
59682
55648
68729
53174
68003
55093
91786
84950
15667
76414
47913
14892
47815
90712
85018
28591
74421
24149
50739
9292
37217
91235
68776
70016
13515
86959
78382
70572
16914
86932
12727
85204
85852
49423
64862
87922
78782
82181
53427
43720
39082
60624
93644
12131
37580
45898
16966
89355
9889
68755
83524
37479
56625
66693
23433
45964
50346
68734
47208
40694
37729
86845
78733
31366
43868
39114
95026
76894
48233
57186
59445
24130
64548
63513
75487
32278
85559
18219
48610
29673
53806
12387
69524
83712
18797
68800
62704
82587
73118
29792
35633
86735
11344
64616
49568
36570
25388
16965
66955
24970
37711
22827
28983
71097
63651
8758
65135
33597
11979
31193
44418
83360
55298
47109
22069
45452
65093
39097
12188
38015
17598
77706
12169
80322
94707
79638
62273
26000
69812
47042
63977
50683
38966
13764
26455
63442
36332
52248
79925
17310
68357
12278
75374
27619
92665
83230
13457
61871
91226
43789
88330
70270
89052
64632
10286
31045
44935
55016
78621
39389
8726
44133
65069
28227
46265
27971
8482
76056
56586
47717
86436
70024
73618
24259
79750
76136
51929
68774
26421
43285
86997
15416
76901
43661
91935
14841
37636
60321
65690
83481
28608
9513
25913
10899
84532
33460
52740
80616
84140
32134
42578
70907
80184
68613
45794
67318
88682
60581
90836
46481
54288
7870
12785
84817
11314
20705
35734
22942
25397
74617
18240
93469
60467
13518
21059
83294
85577
45724
9363
51937
71261
85310
58329
84626
10865
12400
8358
92174
25571
50829
7908
73047
69484
29443
19141
7922
31121
62933
84491
18344
36336
35447
48131
86309
37034
82063
16953
29718
81705
64096
57728
64499
74660
52122
25697
59970
36710
55543
65013
17411
13718
24109
90039
13445
82345
41253
78906
62247
86231
19992
40149
46205
59397
30975
62255
14128
74101
59838
71805
88153
51907
9566
38291
8541
50756
84120
17538
91264
32975
52671
62744
42791
22206
27141
89101
14357
28717
69463
89843
18643
46280
78077
80727
24816
67852
94331
62226
66207
49248
23992
81309
34136
62149
12263
76595
29241
29471
49297
80965
11020
47532
23860
33049
17973
73531
82038
35574
40781
87247
36352
15602
36426
44540
47416
94940
93193
40641
13342
72053
62157
80391
18576
49877
45429
74487
24243
51398
48548
36142
72111
62372
33611
86679
61464
60065
65232
8932
91042
14487
41714
37141
82981
34414
59072
64952
32888
28254
59622
67142
49121
51612
60730
70071
92950
33309
52113
89375
84956
17027
75762
43975
8459
31606
38251
69191
25666
50775
73836
45470
39372
89952
77902
60417
88417
74490
26550
86687
92984
10162
95161
51623
31159
26999
35355
40605
81874
74685
72529
31314
41706
16604
11537
73822
10702
66231
82327
34663
11124
74696
10196
66464
43530
40249
87394
94578
77469
50831
46966
52912
31098
20910
31938
92086
59236
74091
8524
92597
34811
69806
47594
93308
12284
33583
12703
18896
12060
33351
24967
66700
9068
84709
15113
54418
23567
20335
71362
7805
29425
64401
24988
39255
87457
21742
37161
70844
76915
75194
23111
23698
47147
60707
70187
25632
52476
50652
59806
24964
68999
47830
23975
76762
19589
68958
55504
27221
30249
75416
25150
26791
35584
19771
60570
46740
73188
85012
37747
22352
43995
43733
84419
8976
28177
41590
75809
69703
54556
36884
12775
24989
81765
16261
17811
91376
53552
91961
89312
38695
92669
69170
58915
67841
15011
21433
59861
60099
85236
12627
80041
34793
18607
61560
53802
85102
45643
32051
38652
18713
42682
90444
35221
31639
90992
71026
23841
67623
75966
35153
81570
19225
41566
86770
94771
85200
64016
49455
25561
71135
93239
61600
37750
77052
10855
59174
67043
84312
78406
32051
90056
70706
38377
12589
21443
70686
59571
60253
19731
28787
43166
38314
20482
23188
90786
82899
21983
81199
27037
58428
19205
72471
47989
93340
11328
83097
14796
21183
38951
11966
33012
90966
50920
14712
91776
94023
86135
19640
89045
33404
36703
80461
40976
70938
49088
84118
22229
30299
45534
70378
48973
31811
72616
64665
43245
40430
56996
17999
58163
52156
80774
58858
83947
88942
72960
13545
74011
93959
77403
77105
32384
77157
55260
61748
21095
20528
24347
37774
50236
44965
42286
25936
55205
45817
41494
80655
56165
38739
55359
77431
72415
88246
89919
87602
21302
46861
33205
8433
42021
48348
71458
43193
54810
38135
92047
69790
75802
40753
55699
8498
70157
65368
74738
51973
20419
48389
89170
8826
85639
75377
37310
15684
27539
58017
86933
18818
76606
53905
45717
47339
8925
90292
60060
11021
33628
52338
7786
79065
77019
7702
51439
13827
11537
89108
85569
18481
25955
80121
40688
44989
86136
67162
75719
46340
63133
52513
16486
25300
