826
-4106
-1422
-122
5789
-668
-7573
-8095
-7249
-7148
-8026
6969
7384
-1884
-3334
7608
449
-9227
1635
-8127
5693
8914
-8555
6934
-1766
-6391
352
-4523
-9091
6026
-3181
-9794
-9804
-1495
-3459
2797
-5472
8821
-7936
-961
9018
-4745
6979
-3181
-5616
9369
7179
8504
6060
6904
-5462
1915
7527
5298
-4122
8992
5667
-6109
-7288
5757
149
-7401
9838
-1911
-6955
5522
-625
2522
237
-5919
5744
8478
9025
-8926
448
-68
2980
9530
6943
-6982
-5418
-5874
8667
139
7666
-3970
-5097
6268
-5198
-7338
-1770
5674
868
670
-2480
1171
-7784
-1888
5220
8518
8508
7379
4077
-3710
7103
-8317
8572
9493
-2813
2051
1272
-9911
-7227
-6720
-1514
8153
4180
-6463
-2407
1125
-679
8035
2785
-3970
-1859
1432
4677
-1011
5425
2677
260
3969
3984
4802
-447
-8776
-8780
4666
8843
-2679
-2615
2745
8016
-893
-6840
-7481
-540
-7494
-9664
6047
1666
-289
5035
-3616
-9265
-6008
460
371
8207
7167
1202
5536
4545
-5122
8305
-4651
-4425
-4522
-1470
6673
-9498
3855
4350
-8597
9801
523
-3866
3695
-4668
6417
-4226
-4345
4637
-2031
6253
-2832
-5150
-2308
-6902
4306
-4320
8680
-1980
-4494
-2897
-3692
8298
5486
-943
-357
-8119
-1052
-9470
-315
-314
-2877
6916
-7916
7069
-4440
-171
-9889
9247
9285
-5602
4202
-2024
5153
-4931
7644
7256
4152
-5919
6451
-6627
4312
-9578
-8697
9920
-5476
8015
1224
-418
4958
-1954
9431
7781
3692
-3620
-5682
4433
-8023
-9093
-9904
-898
-8641
-4389
630
4153
-5702
-6942
-1055
2828
-8834
1302
-3697
2401
-4950
2412
-5530
2694
509
3233
7406
-8126
-8201
-1685
-1016
9731
-9178
-6712
-2379
2267
5997
6555
642
8463
-6028
6301
3596
8724
5013
404
1815
-5315
3434
5886
-4187
1855
4960
5751
-931
-4535
9213
328
3312
2241
8940
6626
7634
296
4498
-9245
-7770
447
7913
-5402
1153
9526
-8557
9787
5443
9450
-5122
-5738
-8832
-4802
1483
-2156
1999
17
-6073
8727
-7300
2277
-3179
3628
8537
9427
-1898
-1996
-6177
-9573
-6298
6582
5371
9508
-6198
524
-3411
-3578
9820
6839
1746
-2149
-2728
-2203
3182
1956
-922
8672
-6211
9473
-3586
-804
-3384
1157
-5818
-976
-5118
6061
338
-2376
7320
2645
5319
-4435
-1018
-5296
-9385
555
-2128
2240
-3676
-7324
-7798
-8183
8819
-753
-8694
2669
1147
-856
4877
-5855
-1717
-8533
300
994
4430
4883
3489
6716
-3822
-2677
2882
2635
-6496
-2776
6644
-4672
-8052
4927
-7807
6766
-8973
5510
5514
7312
854
3301
-6819
9438
3575
-4711
7601
-2036
7418
-8647
-1790
3304
9631
8287
2155
-4151
101
9341
1346
-3788
2748
4398
-1169
4611
465
1341
9087
-4419
-9025
-668
8270
7217
9616
8580
2328
-69
255
1523
-7678
-3338
-4355
-3792
6245
-8401
8992
5431
-7937
-9068
-3150
6297
-979
-1577
-5932
-2499
2984
-9572
2115
2844
376
5894
1690
-2130
-7094
-234
-5935
-3932
-3692
-4799
6946
502
-8066
-8518
706
420
-5272
5256
893
-4669
-9688
-3719
-8870
-9037
3341
-9394
-3251
-3443
5074
4222
3023
-9325
8046
8601
9558
6484
-5211
-5895
-6826
-2801
3900
5489
-3446
-1082
-9806
-4949
-5727
2337
-9482
805
-8139
4014
-2629
-2073
8360
-3490
6986
3463
-7804
-5702
-2614
2534
-9616
-5662
-1507
-6637
-8298
2317
-7093
-1092
943
4321
3522
-2533
-4565
-4770
-5460
5572
-5224
5557
-6908
1502
7580
1226
-6221
-9616
72
-1715
6843
3621
9608
1397
-8155
74
7855
-2167
-4736
-4970
-1743
-1411
-747
3887
7022
-951
7671
7939
371
6959
-2491
9282
-8417
9452
5774
-871
1259
-2146
-9957
4235
-5676
-6635
-3650
392
8537
1359
-9327
-5645
6103
9194
9498
25
8797
7842
-5950
-2771
51
-5679
2662
-6686
6292
523
3180
6015
961
9239
6866
7958
-410
8459
8179
8966
-3606
-4944
-9502
-9840
9487
-2155
4653
-3393
-2712
5306
-1145
-4932
4151
-8862
3428
426
1057
-1386
-8520
-683
-814
1505
789
936
8579
3484
-5872
-3128
7572
5288
2082
-1146
6444
4418
8992
-1356
5740
6409
3197
2299
-7690
9687
-1761
-2053
6869
-728
5809
-42
1247
9871
3064
-1643
4231
2117
5660
-9654
-3764
-1159
-2279
-971
9880
1763
-6426
-1161
4809
144
6917
-7287
7242
-1272
-4779
7437
6890
9782
5825
2434
3858
1246
-9620
-4053
-2536
2981
-5443
2104
7985
-2750
-6064
-2934
5543
-6
5317
7616
-2123
1955
-7180
8348
3819
2269
-7990
-6004
6822
-3627
8726
9574
3131
7070
5064
8809
-6130
1754
2874
-3170
-7361
2105
-5671
-6607
4604
9968
1579
-2111
4573
1633
-6058
-6054
-5521
-835
2469
6788
3645
-2499
7226
3184
2765
5450
6217
-782
-3689
-586
-6562
1066
-1685
5956
1842
-5387
-8162
9001
3278
919
-6571
1588
-8073
6762
-1169
1298
4993
3559
6064
2989
-4376
-3531
5004
7114
-473
4842
-8280
-556
3869
2324
-4506
6536
-6132
9184
-1410
-6902
-1006
3358
-3047
-2223
-9092
-6623
451
3251
2527
-995
-5830
-5977
9549
5846
3548
-3669
2614
-717
-3286
4672
7030
-235
-3926
1938
5556
-2754
-8523
-1909
7365
1808
-8467
5870
-2518
-6485
2156
7437
5596
3930
-9798
-1649
-3932
-2933
-5856
-3920
4750
3986
7552
-2800
-8679
-6308
-2802
-6830
-759
1675
8793
-4953
4963
-9615
7641
-1059
5645
9360
9592
2270
-5128
-2073
-7987
8445
-4025
-3142
-5555
5654
-6665
-4458
1971
4517
-4466
4258
7038
-6166
5528
175
4023
7964
5470
-4447
-4117
-8218
-3847
914
8580
5549
9989
-9511
172
1525
4435
-8242
-4079
-7208
-5646
-4385
-2473
8288
2009
8048
807
-2187
-3420
5892
-4337
1951
-2164
5682
5728
-7378
-5535
4018
2704
-9827
-2536
-5270
-6990
-4540
-3646
4163
509
-1949
812
-4926
-8475
69
-2806
-6240
6791
-6390
-2387
317
8967
1321
5507
48
5778
-945
-3091
-1302
-3782
1176
-9911
-6749
1475
-5120
6031
8690
-8762
-6649
342
-138
-8351
-5519
-6457
-3981
-313
-5025
2630
5299
5020
1200
2449
-9094
9841
-8933
1443
9548
4112
-2536
-9448
6187
-8458
7413
-5983
-1732
3692
1714
4560
-9674
-5420
2409
-9924
-3518
-6423
-147
-5379
-7163
4562
-6648
1427
5298
-6306
-7222
-9940
6287
1422
2667
1042
4646
-9391
9031
2654
5890
-6784
-4630
8352
-6052
-3291
1463
-3705
1696
-1533
1291
-7078
2029
-1216
-9466
6208
-7480
9144
-2119
2130
-7957
323
-7886
6170
-8861
978
-4109
1448
6719
-8335
4113
3736
-2425
9525
-1389
8881
-7769
7082
-5466
-6473
8790
7230
2215
7266
7465
5809
-7269
-3251
-5834
-3957
-3095
7148
4306
5123
-7538
-35
3374
-7376
-1379
2844
-8542
645
-4347
-108
4264
6284
3408
-9998
-6414
-4687
-3810
-3250
-3581
-3106
-3895
1951
9800
8538
-141
5944
9583
-812
-1592
-7353
-8268
-4506
-8174
-8210
-5883
-2074
-7506
-1698
7589
4334
-5005
3376
6376
-6756
4617
-1967
-1974
4744
8407
-9604
-3265
6353
3920
-838
-3311
-9117
-2154
-4625
-9497
-7659
662
-62
-9305
6434
4896
-4285
-4121
-5797
1963
3816
5360
4677
-2067
2580
-4395
3611
7586
-4580
-6240
3718
9362
-9489
-2738
8145
-4699
2969
4726
-9512
4371
-2473
-9600
5032
-6795
8551
-6597
-2842
6178
1796
276
2358
4424
1944
1674
1613
-888
6361
-8871
2111
-10
-944
-7450
4679
8323
-3222
-5842
616
-3673
9291
-7596
-8705
-492
3901
-8826
-8123
2019
8251
1803
-8586
-6538
-2334
-487
4483
5993
7342
-3692
-7902
5489
-716
8938
-8117
-5070
-8769
-7733
5312
-1872
7456
-9642
-8881
-5542
-5289
-8178
-1569
1965
9753
-3279
8847
-3625
134
-9761
8065
9977
-1561
-9090
-1101
8361
-8275
-8600
-620
9750
-652
3153
-6654
-3978
2109
-1375
7526
-6830
-1989
6586
-5827
-8391
-9664
5323
3468
-1793
-840
-8912
-6824
4771
2166
-1956
-8868
701
359
7697
1898
-9427
-5275
7498
-9828
4295
-3250
2976
3282
2021
-3387
3770
1901
3012
-4103
5798
-345
4647
-2495
6779
8957
-4211
-6168
2835
-5561
-8795
-5830
9909
2491
-4788
1375
-3526
6283
-2059
-9997
-7348
-9244
-3565
5603
-6543
-8725
7202
4151
3895
3929
-9745
7131
-3910
6783
-6677
-523
-7942
-5614
-1365
8329
5768
-3306
9610
-9880
-8428
-7658
2788
7716
-3323
-865
8367
251
-9107
-6242
5241
-6734
-2172
-8245
-655
6746
3831
-1004
2710
-8035
1409
4219
6851
7019
8680
5268
6344
8342
-7859
9971
-7999
-6343
5894
-1379
4070
-4901
-6988
-9806
9013
-8646
-1377
-3487
-9146
-7741
-4228
-6055
-8626
4368
8799
6557
8580
4766
7191
-1154
6826
2809
-8515
2468
-7538
2608
-801
-32
5361
2271
861
8809
-9381
7297
-516
3903
1152
1554
-4443
2573
9218
8815
-1950
-3742
2927
6282
6371
-7712
-7921
-9320
-6690
-7152
-8086
-7512
-5976
3288
54
-7789
-5360
9310
6259
-4174
8094
486
-5147
793
-3360
-8619
2677
-3940
-1388
3961
7858
-298
9569
-4079
3857
-2034
-7571
-5517
-1150
8012
-9036
9028
-8921
-9994
-7453
2383
307
-8504
-2485
-7341
6478
-2319
2957
-2495
-2112
-5855
8421
-2481
3597
-4895
-4744
-1167
7529
2741
8865
763
-2214
3204
-9319
-1036
2216
874
7885
-9754
4197
5969
-8136
-1423
9902
-7397
7959
4421
966
2131
6331
4161
8578
2705
-1930
-3796
-2909
-263
2388
833
9457
5083
1983
8669
1043
2682
-9402
5691
-1889
-1211
-1170
-7100
4801
5893
8986
-6728
-5876
-3018
-9020
-3847
3860
6149
3495
2365
-4765
2372
-6828
-1918
-6429
4387
-2205
-6101
7297
-4505
-426
-2731
7862
-1667
-9922
9951
-5896
2421
5169
3704
-755
-3310
-6196
-3491
-258
5411
-7783
-1475
222
5173
8350
560
9432
-6240
6725
-6042
986
9851
-7863
-5665
3848
8230
7536
172
9881
-4932
-5233
1555
1042
205
2645
-3726
4217
-5578
-5095
2158
5196
1404
-7805
2376
-4176
8160
-4164
9436
-992
2965
786
-718
5670
-8625
2536
6664
2747
4389
1021
7782
176
1863
-5839
-5864
-5345
-1540
9995
6505
-3565
-6858
-4677
4217
-5951
2428
-9648
-1286
2172
-4497
-612
-8597
-7335
-1040
4987
-459
5409
9643
7669
-2026
-7506
-9219
6276
-2912
4415
-3752
-8358
3524
-731
-3193
1877
-8472
-9810
-9965
-477
-1419
4417
4970
-786
4517
-6468
-3975
8869
-1680
-3709
7762
7155
-7229
8170
931
2831
-7458
4440
3344
-6333
-6418
-7118
4102
959
-8046
4751
8042
390
3191
-2388
-4725
-2903
-300
342
6112
7597
7455
9829
-4818
-2845
1957
4507
9260
-320
4387
-671
-2237
636
4580
4574
-8615
-4100
-455
-7675
8707
-7085
-8181
-6457
-573
-3009
7564
-7580
5723
2419
-5280
9547
8213
-5603
-913
8334
-1762
1800
-1083
-212
-2197
-6711
9408
-5795
2711
816
9872
-821
-127
6901
158
8079
-45
3475
-2008
-6294
-8733
9437
-9603
5814
-4524
5228
3392
8728
3593
5653
-4097
-1737
-491
2777
-803
4240
-420
-3374
-4691
2140
9676
-1232
-9229
-9435
5413
3988
6630
-4911
1069
-6656
240
-2375
-3241
-26
9773
-6324
2756
9588
-5366
-6889
6078
6594
-2423
1368
-7412
-6255
-5699
2753
6676
-9169
5362
-3853
-4911
-5798
-379
6844
-9087
-7948
3414
-970
9016
6414
5836
-177
-6608
-8287
-9631
-6015
4397
2293
-8318
-9392
-9011
5905
7188
2619
-919
-4005
9500
-5268
-9526
3778
-9937
-1060
-2787
9520
4138
3199
1461
1197
421
-3774
5559
5763
-978
7344
-415
-5660
2824
-5283
-3033
6092
5981
1306
3123
-4002
4299
-7256
3522
4722
4879
5782
455
9614
-7303
-8707
-1733
5882
1863
-7205
-1042
-4346
-280
2045
5516
8595
7621
997
7344
-6384
-3566
-5303
-1947
4550
4448
-5790
7630
2517
-3723
-1149
4142
9748
6434
1845
9151
-4044
7000
-2683
2856
9863
6728
-6082
-3817
-9217
-9248
-2415
2576
8444
1044
6390
-3860
-4594
-9923
-8954
-2356
-5927
-1386
-4713
2140
8329
5060
-5022
-1997
-1917
7534
9848
-8747
-3408
-6758
2122
-4991
-1418
8002
4705
1992
3419
-5204
-9988
-9677
4574
-2406
4462
-5745
-7187
2858
-2140
-1986
-4907
-7719
-6290
-7398
5627
2401
9030
9018
-8772
6890
-800
9763
-8220
1250
-6425
-9048
-4422
8772
3600
-1024
-9299
-3201
-6826
3456
2950
7317
5004
3958
-8925
5444
9263
-2022
558
-8093
-5937
6929
-3657
7527
2314
-9312
5944
-2873
-4794
-5259
307
5589
3130
-5237
8034
5477
-3894
2210
1761
-9688
5948
5132
7225
3294
1696
6991
1354
-3571
-8590
-876
9233
8942
7959
-6567
8208
-625
4298
-6471
6040
8083
1646
1255
4365
-6775
-5642
3420
9338
-8757
5342
5054
8774
7367
6201
-6660
7092
-7434
1722
-2638
9690
9250
-9156
-1722
7582
-5410
-3436
-2772
800
1077
-5251
-6330
8855
-1391
3936
8538
9325
-6499
3527
4400
4140
2283
-1217
-8481
6780
8765
1451
2546
3860
-3963
-1573
-3804
2220
7052
-2161
5775
-2091
8918
-9794
-8410
-7149
6807
4046
5078
-6037
2792
979
4147
1888
-2536
2957
-7638
-6131
91
-5364
-6271
-7619
-4859
8130
-4962
7632
935
149
2352
7938
1958
-109
-1335
4453
-397
-7894
-7114
341
5543
-7385
273
-1310
-9704
2864
3930
7762
-9910
-9908
5166
4495
1417
3618
8403
6130
-2393
4601
5725
6419
9174
-8901
-68
7716
4339
1758
-9888
1026
4471
1232
-5630
5936
-8908
-6704
6084
9665
6338
7417
-4153
8055
5441
-6910
-1243
-4230
5413
-9376
6447
9142
-4236
9152
2505
5457
8969
3012
-5411
2942
-1135
-8485
5687
-8502
8295
-9362
7833
1103
-3175
-4815
252
-9487
9609
-6573
-2302
1731
7404
-5936
-6193
9094
9961
1360
6544
1609
511
-5463
-5426
3737
-9588
-2483
1044
4288
-3891
-7968
8399
-2508
3048
5218
2821
-3685
-2626
8430
2273
-2841
-5633
-9187
9913
-7303
-1157
1316
3350
8086
-1449
2168
7299
7403
-6876
1362
-5662
-6263
2716
-7290
4548
7690
1055
-1217
-8221
1719
-605
3392
-9707
6943
-1410
6593
3327
-5274
-9533
5208
-4658
-5241
1773
-8729
-1176
-3348
2319
-5842
780
1950
-7062
-1764
-668
-87
-7683
-9320
9433
-3051
9644
-7231
-7224
7587
6355
-98
-9794
-4718
-7368
8018
9327
9520
9667
-4395
6403
129
4592
-735
-8454
-1433
4546
1240
-4162
9365
8112
2848
7711
5045
2055
-1931
-7245
4822
3403
-6656
-3642
-6130
-5108
8436
2235
-1297
8178
-4764
-8817
-3860
-6523
1031
-7613
-3738
-8415
9378
4189
4927
5310
-4067
5038
3831
-4345
-3097
9124
7748
7450
1178
4303
4178
1647
7557
2162
-6353
-2995
-831
-4704
-9393
-2641
-1820
6799
-7231
7106
433
5955
5172
8229
-1792
-5903
-9526
9835
-1797
-3809
-7723
1478
-6220
1563
-3092
-7808
5963
1996
3837
-5649
5937
-5411
3816
2333
3564
9985
3319
-3928
2829
-6203
-5474
6973
4695
7646
-3103
8086
-7631
-8146
2364
1718
-8669
7534
-4658
-3710
-4129
-5417
-9211
-5095
3332
8363
-13
4744
-5017
8247
-6763
-5491
1463
3047
-9717
-2297
-2302
8664
526
-9942
7812
2175
1223
1699
-6436
1718
5022
1097
8352
-8921
-1678
-9094
4923
-758
-7179
-3302
-4659
1780
7657
7966
4074
1774
3102
5145
-6853
6244
2201
-6659
6953
6365
5823
-9811
8185
-105
-8782
6662
-4251
9784
3778
-4507
726
-6142
2979
-8756
-5845
-5347
2391
1215
3164
4175
9463
3408
-2571
-7474
-9512
6588
-5354
-8399
-3654
950
7164
-2912
-4612
-9912
-6494
-1095
6197
-6764
3762
-3724
9128
2690
-9693
4715
9360
6761
-6383
-6560
2009
7565
-1205
6330
836
1596
-386
9559
6191
-5225
5300
-8547
663
-1768
-3829
8717
-6516
-3971
-8998
-1356
-1636
-2065
-2271
-7062
-7027
-2749
-5230
-7600
3424
-672
-775
3229
-2988
360
3089
-583
-7955
6369
-6530
4493
9622
8882
-9339
-599
-6094
8982
-6432
5512
-3036
1556
-4247
-2895
3477
836
-3242
6463
-498
-8402
407
6424
7091
-3194
-2998
1983
-3781
-611
-8623
4430
2868
374
2577
-9783
-1780
9986
-4244
-982
-8153
9924
5347
-8557
4446
-8410
9780
-2242
-7909
-1669
-7310
-6745
3029
1513
-1081
2113
9790
-1700
-6001
-3615
372
-3147
4029
1843
-2875
-488
2492
-9021
-9125
-9296
-9584
-6994
-1719
-6569
1683
-1638
4024
-4322
-5014
5232
-3517
-5377
-3668
2466
-543
2829
-3176
3497
-4967
3201
3181
-9752
-1710
4620
7440
-6303
-5195
3929
8755
-5845
-6485
-7675
-5929
2760
-5587
-9673
-9197
2433
-1487
5411
-3421
4446
-4758
-4314
-6309
6409
5041
9639
-3977
3971
5323
-9361
5943
-7473
-9688
-104
-2637
7875
-1498
-4793
-6907
-5912
-7675
-2981
-349
8492
8667
-4445
1350
-3430
5992
-3144
-3390
-789
-5562
8137
3482
2181
3138
-982
8300
-8829
1996
-188
-9175
-4149
-5285
-7308
9299
2162
-5382
-6601
2138
-8014
608
8283
7104
9221
7611
8726
-5604
-5479
7073
-1785
8719
-8732
8142
-4358
6551
-9485
-4830
8348
7025
7669
9239
-3965
3454
-9877
6875
2539
8594
-9084
-5755
6427
-3891
-9855
3248
2487
5455
8810
5167
-6577
5932
862
491
6760
-2343
3836
-2111
-1086
-2470
-629
8562
-2017
-6475
1199
7262
-2777
206
-7519
-2401
8021
-3177
-4619
6056
2725
-5676
9076
-2441
-2301
313
3556
8776
-8732
-4919
-6485
4726
-7693
-3082
-3349
-7773
-2886
7284
-2064
-8549
869
2011
-8655
3645
8516
-3005
8680
-7545
701
-8597
4286
9877
3256
-3156
9993
6438
615
9879
2427
3871
6013
-9483
-9181
5510
-5544
2708
8554
-2630
-4217
6032
-3703
1252
5564
1310
-293
1285
6623
1059
-2753
-7518
278
6721
4880
735
-6450
-1790
-2750
-1673
-889
6038
-1951
476
-9470
-7059
-7395
-5409
9914
5753
-9643
1491
7105
-7028
2763
9006
5608
7999
-3452
-5194
-3678
-214
-3791
-5498
3822
-7150
-4758
8726
5257
-6156
7754
-4571
-3116
-4407
-7688
4783
-7928
8630
-2887
600
2070
-693
7870
3852
-8956
-5201
-717
2856
-3337
-7590
4872
-7586
1332
9046
6688
4211
-3093
3665
-7379
-941
7940
-6194
-9116
-1140
7106
814
-1471
5085
943
4502
5581
2554
-6263
-3957
-5945
2877
-730
-4477
-5508
-8687
678
3057
4127
6504
-8902
1439
3736
-9091
-3838
-6095
-9538
-5161
5301
7025
553
-6348
9792
-5940
-4721
2480
-6721
-1176
-1291
-7479
-1732
8470
-6436
8117
-3236
1620
-6436
3565
9347
-2365
-2358
8854
-7899
-9311
-4370
9319
-5327
-1068
5802
-7663
-6403
-85
-461
-5235
1071
9352
6823
-4733
-2742
6133
-9041
3261
386
2363
6068
2030
9808
5037
-7788
-6337
-6996
-5942
5986
8881
-2426
-1779
-7405
-2570
4037
5648
3394
3787
-4065
-4060
-2528
-6471
-3969
9231
8840
-210
969
6530
4526
2493
4075
-2540
9022
-1459
4799
-7455
3956
-2474
3743
-61
5120
-4703
-4061
3997
-7631
-3414
-7706
-959
1521
-7044
8556
-4768
9356
381
-3676
6809
9441
1008
-3751
3317
-1342
-5282
-3738
-3128
7539
-8526
28
-4610
-8952
6792
6545
-3181
-4919
-8219
-2288
-8443
3007
-3279
1851
-2269
-6898
8281
4944
-2324
-8027
2185
5555
3122
-7743
-1667
-3821
-2819
-7293
4781
-1091
-252
-6644
5874
-8119
2131
-3936
-3670
7820
5677
796
-2111
-8833
-3166
3306
5343
3080
-9719
-4718
1248
-9186
-7726
-9228
-9658
340
-8756
-9939
-3580
1922
-7035
7969
-4388
4789
-7048
386
-9434
-4881
-5287
-1092
-3679
-7156
9476
-4919
3268
411
3231
-8546
8853
-6336
8118
2776
8222
3612
3987
-1142
9429
-9148
8560
-3187
9328
7648
4383
-576
6509
-2959
-6992
-9776
-4291
-8844
-6491
1853
-5184
9353
-9852
-1744
8804
-3216
-384
7726
2445
-4058
-3963
4754
740
1302
6726
3421
9293
-9498
8194
9816
3188
2066
6410
9211
8107
2951
-5380
-2422
-6340
3366
8648
-8644
-1487
-3980
4124
-10
4019
-5664
-4178
-6079
5815
4755
2068
6244
9765
-6717
-3990
1653
-802
7566
761
-5671
-3736
-7388
8815
4802
5139
-4197
7362
8675
9561
-6095
-1357
-8769
-6809
1086
959
-270
227
7555
-1071
-1994
1434
-4352
-7639
-1437
-8848
-7079
-5435
7513
34
-8425
7202
9508
-7773
-9527
5532
-2726
-4601
-8792
-9023
-8692
-5171
9870
8566
9093
6582
-4425
162
2962
8328
2009
7493
1047
2269
8449
-238
-5187
-25
-2808
7406
9979
1526
9634
5059
8993
-1255
-8874
-353
1253
7338
-4451
-4516
3446
1017
246
3987
-8598
5135
-2814
440
-8646
-3375
-3622
-1692
-9275
9778
-2754
-1517
-9929
-6691
5442
5123
9852
4676
-3466
-3560
-9279
-1907
1734
-4595
-9632
-1125
5380
-3052
-7415
-8133
7274
9503
-1690
-6022
5411
8188
-4120
7841
-9416
1866
-5096
219
7858
317
-9493
7237
-22
-7520
9849
-888
5547
-5743
1702
1072
5322
5492
7153
6050
4271
5210
617
4772
-1178
-8129
-5006
9407
4785
-610
-4885
-2506
-3681
-9322
-2954
1765
7130
-5456
-8576
-8614
9413
-5384
-4066
3556
-8790
-7851
9337
-7753
-8154
-230
1284
5331
-134
7443
483
-9811
-6683
-7616
7143
2300
-292
2855
1094
4637
-4918
430
-6518
-7537
8894
2910
2163
-4653
-8209
1580
9297
7133
-8377
-5427
1108
-7622
-3864
-9848
6849
5971
3358
-5392
-2570
4805
-849
7055
-6027
5713
-2192
-3306
1046
6795
-1770
-5573
9074
-1331
-3273
6707
5812
4054
1998
5179
4124
-5990
3315
-2998
-1427
7844
-937
714
5523
8865
2007
145
-2316
-7194
-9579
-1839
-6259
-5047
-1179
2664
4043
-9234
8536
8381
-4054
-7321
-2596
-982
4405
-4592
-4557
-5483
4407
4113
-8527
2013
4724
1263
-7773
-8688
1580
2180
4529
-3410
1434
4710
6094
-5513
-5519
5096
-3520
8895
4014
8185
-8340
-2052
-9663
9620
8016
-6353
-9865
-1216
-6285
717
3552
9613
-4752
897
-2319
-821
-8537
7546
4749
-7979
4139
-8141
4872
2244
7891
3788
-1530
1859
-1141
-8934
-1360
-7449
-5368
-2055
-7579
-9823
-321
-521
-8545
5253
4553
-2445
-7386
-3867
-7299
-311
1151
372
-301
-4473
-4340
-1522
-4546
2842
4024
-469
-5294
5627
6436
-4577
1765
1365
-7523
-8754
3089
-2997
1769
187
189
-6370
7355
-6149
-8790
-7989
850
4781
9800
2600
8947
8334
-3402
-7750
9626
5338
5368
-8955
-8531
7806
-2578
3533
9737
6385
3010
5743
-7939
2788
-3522
-4656
9825
1106
9492
-4419
4015
5291
2623
3134
-8388
-4758
2920
-7539
-6417
6943
4876
9800
-1497
-3236
-6595
-5631
-5697
2447
-6528
94
-7566
225
2095
-1987
-1543
-8052
9252
-7888
-3431
-8040
5309
-9279
9653
9500
496
-2600
-1840
-4302
-1198
2436
-551
3093
5558
5641
6682
-2125
-8595
1611
2224
6516
5060
-6238
7717
-9016
-4697
2029
-3141
-2685
-2699
3822
1118
3663
4418
-8666
-8014
-423
8563
6655
-9584
-4474
9644
325
-4566
-2405
-107
816
8360
-6341
9073
-7904
-709
7699
-9917
-8339
-1152
-4320
-4558
-159
-5162
-5200
-1694
4531
-9078
-1085
7888
1441
-7059
-5164
6389
-5537
4466
-7282
5031
7492
8277
4393
-823
-8256
-9557
582
7385
5080
23
-4788
4162
9180
3742
7271
8812
9171
6074
2577
9906
-9330
-5442
5544
-6851
-7832
1088
-7163
232
1231
7616
-7068
9974
2542
8051
-1419
4498
2020
8723
-6052
3469
1040
8680
6314
-4811
5411
-9243
4459
-3644
2279
-3300
6371
3772
-8536
-5254
-6340
4667
9174
-326
-9826
-7209
3547
-46
4609
1310
6018
-2191
4003
8133
471
2288
-4360
-9790
-5833
-7097
-7580
3073
-2368
-2297
9063
8802
1888
-9346
7661
-2290
3185
8764
-952
-4297
-7776
-9958
5099
2958
-695
8556
-6895
-4048
7660
6532
-2086
-7075
-5259
2871
-283
2881
9305
7200
9692
2492
-747
-8304
-865
-5455
-1180
3793
2107
87
7980
-1350
-8160
7142
1522
-3438
6636
2697
-770
-3144
-3856
-9602
-2149
-9172
-9531
-1233
-3016
-4686
-5632
-4290
-2922
1768
-6069
2608
-3961
-185
8256
4157
-5974
-937
4215
9705
561
-8136
9508
-5582
-9693
4904
8041
-2055
951
-4935
5843
3395
-805
-1416
9612
7060
-4974
2720
-9392
-2990
-3693
-6177
4619
2520
9701
-4996
5345
7351
-2597
8833
-6837
-3174
-325
3498
2641
4599
3036
-5777
4084
7481
8522
4036
-3434
-6261
-1895
-4968
-9956
5609
-1520
1146
-3532
6194
2773
4573
9339
-3535
-3615
6711
-73
3660
9168
-9613
-7911
-3487
5997
855
-4203
6024
1549
5979
5708
5976
-1332
-2949
731
-3294
2614
-2147
-3592
6778
9736
5125
-5835
-2815
5471
1990
4613
-6537
-3724
6129
1885
-8568
6501
-9448
8270
1840
9047
1054
1401
-1866
6814
-6738
-3338
4446
-1313
-8562
-1802
-5384
-7744
7132
-6650
1989
7354
-9617
1836
-1437
-4749
-1
-2591
-5601
-6976
6329
-7796
9343
569
8260
6348
-5890
34
-3523
-3972
6258
-5103
-5755
5714
-8189
4966
8405
8358
-6858
5292
-3891
-5947
7899
3159
-2887
790
-6355
8075
7253
806
442
8613
-694
3127
-2663
-4270
-2991
4707
-4910
6705
-244
3597
8104
8038
-5662
3608
2949
-2401
6352
-643
7089
-445
926
-5108
3424
-1837
-4359
3755
-6517
-7906
7509
3145
-54
-5071
4416
3253
-8662
1050
1943
8865
-8719
-9605
-6671
6623
9344
4898
994
3248
8902
-5135
-6472
-6873
-472
5987
2791
-9538
207
-476
1679
8873
4077
-5277
200
2875
8531
-4845
-6623
-563
-1502
-1525
5256
-149
-3240
6798
7197
5889
-7609
5138
4435
677
1926
9015
8295
-9851
-8309
365
7772
-2026
7215
-627
-2136
-8707
6700
-5451
-9393
2215
-4268
-2124
3935
9329
-4108
8539
-4430
-547
5420
-6025
-9892
5298
7728
1163
-9079
8378
-5180
8873
-9547
-3108
-1028
-1279
4995
9609
-6966
-983
-9892
4234
5581
2012
-2674
-4577
-7248
7080
-4354
-4400
-469
6608
6978
-5579
5801
-2952
541
-6922
-3667
8168
5780
-2406
867
268
1286
-4167
6172
-2759
7222
-3021
-2272
1840
7544
8855
2654
-8448
3285
8334
979
-3399
6148
1845
5600
3708
6999
-4556
-3214
-7296
8886
-4045
-4895
-8044
-3070
6670
774
7733
4075
-9128
3456
598
7466
9933
-714
8726
-9042
-187
4229
-640
-9463
-128
-727
-6359
-2494
-1740
8514
-8980
-2568
7081
-1596
-6571
-5261
-9546
4517
-8396
-4492
-2035
-2181
4986
-1306
-3578
1728
5158
2494
-1595
-8177
-2329
8455
4863
3370
421
6102
-1110
-4339
8116
423
-8617
4083
-2756
8217
660
-3856
-851
1450
-6843
3242
7436
-7819
-589
-6988
5858
4798
2806
-6909
-7558
-2719
9264
-1216
-982
6031
-828
-6129
-6335
7042
8316
9582
-9460
3530
4976
-8840
-5551
3316
-9707
-9515
-4790
3623
-6051
7126
-4172
5887
1221
3527
-911
-90
8951
3113
6666
-7337
-2353
-3479
25
-9985
-2238
-3024
-2949
-8330
9947
6514
2773
566
2507
3828
-441
664
-2030
9776
-714
5171
-1509
286
-6946
-181
8728
2291
567
85
2840
-5253
5120
-5485
3401
3168
-5182
-4144
1194
-6530
-7695
-6874
-9063
8942
3922
3884
-8199
6163
5064
-3178
6300
-2888
-6770
-8850
8913
-5867
-5462
-1413
9953
7217
3394
-6508
6996
-1382
-3531
9778
9609
-7240
6361
-983
-6535
9746
5761
7668
-8495
9952
6023
-6552
7550
1484
-2796
1057
2599
-8304
-1585
1174
8647
9928
-8722
-6920
1065
5144
957
3532
-2265
2193
-3175
-3253
4816
559
1969
2770
4486
6144
8489
7871
10000
-3418
3898
-3180
-3351
1853
3681
1769
5834
4460
-7022
7283
6836
-6438
2787
-7903
-8426
-4675
4195
4812
-8120
-2683
1850
-7205
-5615
135
-1062
2002
-2171
-4766
-5628
6158
-9953
2237
-4535
-8027
125
-8037
3354
-8372
9750
700
-9714
-1475
696
3958
7722
-4782
-3736
7221
2746
7649
9141
2724
6092
9866
-3789
4396
2486
-8496
-7615
667
-2233
6382
8258
-7007
-3570
-9443
-6239
7288
-2814
4983
6257
5129
-6315
3054
202
4651
8433
3326
-3374
-6925
6439
593
-6214
-1451
-3389
9128
1565
-4800
4194
1942
-1132
7632
-7779
-2300
2315
7091
1896
-8600
691
-3296
-3011
-5107
-6084
-8843
-3063
661
2336
5001
920
5390
-488
5949
-4064
-359
5685
-146
-1297
-6151
-2929
-5943
-8504
-8462
9821
-1664
-9472
-8495
-2012
-50
1414
4154
-7082
-9230
-5789
-4336
-1522
3855
-8348
8749
-3475
4695
3337
-2302
-5268
8247
-7494
332
3480
9365
-3779
6494
-2247
-2943
6854
-8844
-328
2811
-8079
8517
-2012
-167
6079
1191
-5555
-5548
384
1206
-6816
-9751
-7859
-5930
-2329
4134
-5169
-7341
1598
-878
4409
-2493
7115
905
-6616
1139
5837
-602
1935
9764
303
5850
824
6597
8234
7095
-2514
-9809
-1714
2262
6927
2150
9944
-2477
1105
1152
2543
13
6299
7113
2701
2687
-4262
-9876
-9175
-8375
-6268
-4609
-3409
-9738
7568
-1853
-5827
-7153
3250
1580
320
9180
-98
-9426
-5310
9183
-2154
4843
-4898
902
237
-1058
6105
-1165
-6060
1000
-5382
-1336
-6504
-4698
-3718
7995
-492
7075
-3779
4191
-2435
6284
8278
-7810
-1806
-4066
-6652
5168
7609
5413
-7655
5878
3963
3898
875
6972
-534
-4665
6319
2459
4127
-1982
220
3210
-9837
535
-1195
3396
-9755
45
9274
-7727
-7999
5861
-6944
-6938
2842
-3773
-1740
-2346
-8295
9264
4579
8229
-6433
-8447
9119
3847
-6855
-2560
-5665
9879
3981
-421
-9666
-1220
8518
-1770
-1410
-1705
-7518
-1332
7358
3218
-6706
3660
-1049
452
-9905
3309
-8222
-6508
7038
4600
-1813
-1718
-4040
4739
7637
3951
-3653
761
4697
7205
8150
8236
4431
-8868
9977
-6760
3044
4856
8351
-4346
3941
-3290
-9627
-9405
6944
9221
2012
3400
6851
6483
2843
6297
-5156
9746
-6213
-3311
1235
9981
-4856
-5482
-8993
7746
-4192
3821
-5263
-5313
-1800
-3612
-1253
2032
-331
5560
2588
1037
7557
-1518
6642
-8404
-2684
-8891
-5096
-3658
3023
4650
9578
1009
-9047
556
7809
8814
436
-7501
2786
-449
-9401
9478
-9341
6074
7399
1445
8970
7116
5862
-1682
9309
7770
9226
1507
4944
-2926
4358
8780
7788
-5229
-7229
553
198
366
-8807
-7123
9343
-3562
-8409
5938
-2742
2940
-9619
-2877
-6834
-1222
-8144
3792
-1402
-3418
-5279
-739
7528
7311
-4187
-8035
3108
-2376
-6010
-7996
286
6836
-6391
7271
9106
-138
-2545
238
-5634
5929
-8227
1793
-1782
-1962
-2295
9015
-6268
9195
-260
6587
-6505
3125
-2300
607
5971
-1995
7036
3317
-8847
-2022
-4566
-6717
-3512
6680
-7888
-8765
9622
4902
8059
-1921
9363
-5787
-9607
1919
941
2778
501
9775
-6185
4109
-7305
7148
-9193
7521
8739
-4805
7028
3346
-9763
-7921
5954
9685
3091
-4443
-8189
-6444
8283
4593
2156
-773
3631
-572
1623
4719
-2166
4667
-8616
243
2667
-4125
2905
5362
-8030
1826
-5417
-6260
-3435
6029
7561
6613
9222
-3994
-3761
-5673
4944
-4811
9151
-949
6555
7808
2586
-5414
1460
-219
-5000
-8946
9644
-4887
5680
3248
8508
-1132
358
8423
-1151
9704
3908
-1839
8739
5175
8585
-8081
4482
-3
1269
6078
2757
8387
7689
-81
-6700
8383
2590
7572
-2991
-4754
8169
2881
4364
-3134
4027
8175
-3324
-1520
3399
3221
-1414
-2944
4598
3279
483
5399
6803
-3398
7847
7470
-1428
7414
2772
9873
4182
1709
9632
-3502
6255
-8055
-3597
-311
-534
-3484
8879
607
-8800
-4087
-6432
7006
6065
-803
9901
147
3396
2811
-7103
255
-4523
-158
7477
-5944
1690
1802
8619
2024
1976
3847
-347
-898
-818
8371
-1763
9425
-2603
-713
-2623
2700
470
-2108
-6333
-26
463
6358
-8757
5329
-8145
-2492
1112
-5964
-179
8315
-8491
416
-1335
-577
-2877
6881
-484
-5976
-6779
-9554
1859
-3819
4259
-7390
3579
-19
3670
-3970
8362
-9981
4934
-6136
7627
-8733
-4479
1486
-7995
319
3875
1690
9542
-3540
3096
-863
-5653
2622
621
6719
-8669
651
8237
5155
7514
4224
9978
9972
-7097
-8645
-3192
7381
4186
2478
-2156
1718
3849
2727
-7476
3506
-4953
8430
-271
6242
-7086
4319
8391
-8248
3100
-4340
-3959
-4389
9143
-8654
6815
-1041
9676
-5982
9529
6487
4900
-730
7437
6898
2709
2049
-5208
4193
-1282
-4125
-7319
-7299
-8486
-5854
-8508
5454
-2296
5866
1450
1109
-1183
-5899
-3846
4398
9061
2827
3791
-7473
-2193
6250
6549
9860
7502
5933
4628
724
7988
-6890
3829
3713
6639
-7044
9520
-5858
7393
660
-6083
-9353
-7226
963
-7657
7631
942
3392
-3052
-6137
-8790
2535
6826
2468
1829
9710
4386
-4999
-231
5404
1896
-6127
-4503
5585
-589
2072
3925
1676
612
-9657
4357
-7918
-7370
-6806
3519
6830
-1763
-2401
3475
1788
-7471
3145
-7591
4643
-3699
-3774
-999
-5530
-6448
-71
6844
-70
4063
-1682
9457
3380
6302
5730
-5309
1635
-1992
6846
-8682
-4409
1610
7971
6345
-553
3391
-2724
8127
707
5285
-263
-8760
-5506
-2577
-8226
9210
-530
-5122
8860
2669
7074
9176
-4689
-9745
-4290
8849
-1275
3861
-3094
-4545
3534
-5433
6858
8475
6773
2211
-8429
4869
-6838
8007
2196
9242
-152
7595
6796
-8542
1485
-6288
5589
5725
-4513
-2058
6752
7857
-2550
-8986
9717
4801
-2786
15
-2114
-159
-8679
-6860
5694
728
-4116
8425
7341
-50
7457
2253
-5683
6685
6506
-1328
-9687
401
-3673
9905
6305
3232
-9144
2757
-7949
-8267
-3874
-3547
6914
-7065
1718
6984
9424
-1904
2976
-2948
6674
-3009
2461
-8841
1785
-410
8086
-24
8680
468
5006
-8241
7625
-3580
6187
-2912
6961
8629
-4118
3404
-8436
4588
-3143
2644
8266
1429
8299
-6074
-7565
4174
-5943
4708
-8872
-9345
286
-8320
-9029
-1355
4644
-775
-5947
-3479
-5295
8455
-1475
9362
4174
-934
-4020
7072
1107
-5728
9152
6347
4568
2963
-9705
4090
5394
-5755
-7218
-4655
-1359
-2413
-4391
4096
-3549
6415
7174
6364
8883
-8093
-3582
-4286
-7367
-3922
7024
-3208
-9362
1383
2073
1899
1793
3879
7699
6310
4460
3810
-3022
-296
-8465
-4832
-9140
-806
7456
1333
-6423
-4316
-8362
-3272
-9823
6470
9680
1266
6462
2186
-9102
8005
5181
8052
-6502
-5913
-2061
635
2428
4931
8957
1179
-9268
-3935
-7208
-6913
-6174
-2925
6164
-9161
-8378
5095
3075
-5562
-3332
-5622
6267
-952
-2864
3069
-1024
-1238
-4713
-8860
-1806
-5318
8682
-4959
2166
-388
-6457
1666
778
-6472
6054
6418
9195
-7457
1042
1949
-6171
-6806
-8460
-4170
6606
-9790
6307
5281
-5700
7210
-1235
-5866
1387
5637
9153
7103
-1542
-8379
-9476
-8320
-6317
-9607
6018
-9033
9334
-9092
2832
-5921
-1861
-4203
934
-1053
-6364
-4594
-1907
-4883
2604
889
-5315
1142
8827
9276
-3406
-9251
5901
3533
-8460
6674
9736
-896
-7148
-3712
-5673
2101
7563
7519
6582
-6358
-5837
-2990
5455
1020
4489
-8206
2101
-9055
4755
-7298
-6545
7826
-3370
4882
2692
7746
-1534
-6188
9510
3098
7541
3951
597
-4104
-4189
-3309
-6028
-1286
4306
-9420
7415
9538
-9126
4442
-163
4623
878
1625
-428
9228
4865
4813
8898
-8383
-425
6995
-9949
-3829
-1460
-6693
2043
-748
-4469
2365
-767
9782
5894
1986
-7839
-8160
-3425
-2515
-2515
-6719
9071
1909
-6368
7605
-4485
8997
-1158
4675
2958
-406
-6546
-605
2570
-5787
-259
7413
2444
3436
1791
4975
-6373
-5261
151
1366
-6487
-2314
-7119
-622
-547
3698
-8292
-1247
3975
5343
-4455
3581
327
9119
-1675
4354
-9702
6457
5966
-7993
3169
-7513
-5310
-4833
9799
-1386
7698
-5519
2129
-1215
-5471
3344
1924
4768
-5180
2980
-1869
4987
6127
-1792
-873
77
-9113
-5021
8090
-9055
-3245
2217
4829
-418
-3419
3392
6981
4260
8006
-9283
-4597
4341
-2462
3742
-3438
5225
-7332
1818
-1467
5971
9490
-9567
-3498
6358
-5246
1986
-3872
4983
3884
430
7620
7584
3954
-3434
-3325
-1259
5119
-7513
-8865
-226
5495
3745
-8839
6558
-3958
8263
-9020
-3516
4145
5736
4204
4883
-2913
-4315
4620
-5620
6929
-5241
-5249
-6461
-4722
-6141
-4123
1105
5894
-4138
-7100
-8850
-5149
1416
2918
-9546
-8096
-8423
-575
429
6448
-6143
-1597
-1787
-3805
-9793
7619
4727
-7661
7512
-1604
9733
7200
3395
6368
-1250
-9715
2724
3558
-7193
268
-1708
7479
-4856
-2048
-2280
6812
-4026
-7318
2415
8648
4458
4556
312
-8319
6727
2170
919
-8828
5712
5754
253
-5990
-318
-9100
1904
6709
-7981
983
5545
-2478
-4251
8006
2865
112
-3940
3946
-6196
-4225
-413
1983
-5104
-1366
4694
-4325
9474
-6167
-2052
2601
1507
8668
1950
-2849
8908
-8150
5427
-2749
-185
7242
-9696
-6534
-9658
6323
7407
-5725
7179
543
-5523
-3056
-229
8392
-4855
-3240
3066
3083
-1811
-5893
1450
6716
-7164
-630
-4325
-2675
9617
-212
-4247
6798
-762
-1479
903
601
-4178
-4844
-3428
8116
1219
5528
9241
-4774
139
557
2353
8806
6617
-1299
-9001
-1466
-4342
-1143
-8414
-2293
2254
4470
3100
3311
1615
6548
3227
-8432
-8386
-64
5096
7723
-8596
-7090
-8476
121
3849
-9795
-9222
-4605
-9302
-4633
-2084
8098
1512
5500
463
-617
8406
-9979
3917
-8742
4433
-6860
3274
-6796
5434
8408
3523
-6485
1655
9523
-1888
-9201
-202
638
-4629
7098
-5844
9297
1923
-1014
-2035
-4287
-2455
-2118
-8841
190
-3696
3858
7811
6467
-9648
3349
5584
-4163
3813
7819
-5441
-4160
-9847
8532
8465
2992
7313
-495
3582
-4701
6972
-4776
-2563
1401
-7873
-8520
-2096
5650
-4061
337
2648
5210
3798
-2237
4735
-9317
337
-9422
8959
-5810
9462
-9598
-1598
-7543
-9980
6125
-1848
3633
-2218
9691
-5789
-4723
2061
6098
8903
-5816
6653
-7704
4675
2022
-5118
-4990
3667
4080
-8944
2423
1588
-1818
-1018
9218
570
3391
-3704
4472
1824
6428
4750
-3087
5097
7713
7688
-1946
5338
-1270
4603
2001
-382
6562
-7360
8969
4427
7085
4367
5254
-1580
5104
4143
-5087
3380
382
1304
-9240
5396
865
-9033
4048
9150
-9259
-866
-2776
-4554
5072
113
-1707
-1841
5391
-4066
-1657
9949
6235
-3654
-7458
8869
-9965
3530
158
859
-9850
9255
6689
5271
-8387
1981
4920
9506
6919
-573
-3980
-9659
7756
-4913
-1206
8149
4717
-7876
-3140
-3645
-5454
-3902
-6364
-7296
-9182
-6539
-9814
9055
-2132
9247
9054
-6292
537
-5950
1429
-7047
769
-7273
-6134
9746
8529
-7291
3241
2815
-529
-5742
3754
-822
3903
-3280
8217
-7171
6796
4629
-9786
-8781
-1576
-5296
-8047
1963
1684
-6824
5251
-2418
-7691
1784
6714
4456
-9500
-7865
5646
2141
-2551
4598
472
-2594
9506
9951
-5020
7083
-555
-4569
3910
7298
-7794
4131
-4214
-502
-1049
8283
-775
328
3501
-4244
-4470
7482
-9165
-5745
-4459
5924
2142
-1863
-7142
2097
9243
-844
-9203
-1825
1434
-812
6905
4473
-7931
-7516
2751
-321
5114
7372
-9798
8517
6518
4448
7205
4406
4100
-5897
1284
-4113
6613
2483
-8857
6392
-9570
-7493
-2933
-3906
8826
-3480
-2578
-4720
-7960
-4168
4258
-1254
150
-5709
2081
360
-7490
-292
8346
56
-3719
-4700
1105
5014
305
4630
1914
2646
-1334
2338
-9915
-4910
2293
-7346
-2285
-704
7066
6841
-8345
-3832
1042
-6967
6130
7527
-611
-7884
-9282
7519
-3828
-3140
6100
7580
3550
-4332
-487
-8822
-2598
2869
-944
-1031
183
-5267
-7998
-8046
8430
1116
-8525
-4283
-1430
-4587
2084
6892
-2472
-8131
-5156
-1523
-4918
-2662
7301
-6481
9961
3469
3764
9213
9097
4041
-7378
8956
-2468
5182
-6433
7810
1419
6167
-6369
2647
-6352
1662
-9140
2324
-7292
9563
-6446
6462
-9459
3377
5258
-6845
1889
8365
-8801
6675
-9844
-8279
-9398
-8054
8674
8268
8441
9316
8540
-5662
-157
596
-1571
-8199
3092
-8750
-6666
259
-5646
8805
6732
-6011
87
4932
6390
-1332
-1974
3088
4068
-6130
-6453
-1806
5870
3712
3858
-8641
-166
-7148
-1734
9155
2233
6548
-3690
1508
-395
-6446
-6688
968
4382
6635
4748
-3804
8182
-1369
-1385
-84
-5750
1986
6028
-9082
2904
-1617
-3597
5224
360
1738
9607
373
6990
6228
6774
-3510
3649
5381
8565
3199
2620
-8030
-8171
8900
-3482
6814
-5622
5833
4478
9572
-5178
8176
-9761
-8948
-3598
256
2130
-8288
5932
8225
1775
-3663
-7377
-1455
-6171
-3055
752
3907
1117
-4060
3522
-1908
2603
3521
1072
2894
-6746
4569
-716
5735
2825
5680
-8285
-9620
-2148
-6696
8330
2744
5098
-3878
8326
-500
-2564
-2816
-5778
-4256
5359
7055
-6116
-2168
1943
6296
1342
5703
-6190
-451
-2606
993
-8402
-2974
-740
-6571
7364
-6262
-9221
-5923
9962
3297
6459
5441
4308
-1079
-8013
3600
4350
-5012
2522
8996
-7381
-5044
-4613
-425
5028
5556
6816
-6409
-1639
-5118
3375
4776
-4569
1466
2939
-1757
1900
-571
6806
-548
-2359
-4606
1437
-217
8918
-6313
-6510
-2404
9504
3313
2483
-4277
4795
-4604
1044
-3786
5335
1715
558
457
6927
9422
4032
8873
9277
5325
-2259
6263
-9224
8577
-8039
1703
-7304
-9818
-1570
-1436
9115
-8797
-4391
-5055
-7252
-7254
-6773
8890
-3175
-6410
-9238
1052
-7375
8369
-7190
-2862
-1599
2486
-8546
-2150
6292
-1084
-9712
5606
-5136
8020
160
2232
-1749
-7542
8874
-9260
4462
-9153
-4601
-1232
-4840
6299
-279
-8461
6070
8248
-8450
2458
7175
3580
3805
-4534
6879
3838
-1224
660
-3407
6319
5016
-9369
13
-9505
-103
-5510
6992
-9200
-1207
4587
1332
-6031
-5690
6662
7877
704
-9404
1254
1216
-9852
4352
4605
-7146
1955
8978
2357
9273
-5478
-5948
-3201
268
5643
3527
-1996
-3884
7336
-5788
4380
3939
4507
5895
-5387
-1932
7446
-4393
284
4446
7255
-9623
-258
96
2923
-3703
-9586
-5454
-8964
-9512
6612
3133
-9428
6618
-9051
350
-8843
6763
8074
-5593
-7612
9911
6250
-2642
-7023
1167
4034
-1072
6948
-3865
-9822
352
9386
8309
1925
-5101
8469
6230
6296
7503
-7384
-7488
9492
-7548
-8566
-638
-9367
-2834
2598
2703
-9848
-6974
-5656
-3887
-1523
5475
-1866
7600
-1040
575
1884
-6294
4863
3797
9198
358
-8180
3877
-3727
5090
-8787
-6264
6329
-746
-810
8095
-4551
-1229
5702
5325
-7121
-6130
-790
5183
-1145
-3958
7427
-6118
-1526
4474
3601
-4049
-2940
8589
-8619
6812
3106
6197
6577
-4852
9055
-7078
1569
-1719
-9963
4844
-8867
-6040
3756
491
4178
-7374
-4777
7763
-7679
7881
4343
-3609
-8764
-1263
6072
-9936
-3649
6203
6812
-5575
-6749
-1864
-2569
-1335
8300
-2328
4830
9171
-5442
-4838
-4626
-5401
4269
-8780
4243
-6360
5211
-4907
1323
-906
-8342
249
2310
-2706
-362
2747
-748
-3862
-3909
1754
-3226
5933
-7873
1394
4192
5193
5825
-1511
-919
6291
9872
8084
-4845
-4376
-3116
-4873
6190
1089
4225
-9711
-4877
7357
-6429
-7107
-1569
938
-6855
-5226
-5064
4548
-8240
-1853
-1881
-8316
5443
-7433
2188
5414
3406
113
-721
-7185
-7320
-2600
139
-2585
-9244
3087
3231
-7578
-8602
2523
-4402
-3504
-5434
-9537
-1065
6765
1502
11
9852
1784
-9416
1271
8775
1617
-4112
8562
1036
-9140
-5803
-7591
3373
2144
-8854
-9139
-4594
2325
-7483
7112
3100
-3745
4911
322
7721
-7845
-3957
8164
3791
8286
5824
-843
8519
3954
8036
9638
715
7612
-2803
-6889
-1316
-8564
9876
928
-6507
8460
2046
7231
-299
2216
-4414
-8663
-8505
9187
-9599
2499
-5180
4150
3186
191
6102
9802
-8890
-546
-5821
-3106
-7035
-2480
-3233
-6350
7400
-6052
5510
2175
-5267
-6320
7911
1870
5193
7198
-9989
-9703
2942
1966
-7082
-671
-5408
-1154
4538
-7650
4332
1293
4315
4175
6892
2331
-1166
-8419
5151
-3630
-2411
6281
-6131
8229
-2105
-3962
-6805
3188
-6505
-4325
-6312
6346
801
-1791
-7012
-366
163
-827
-625
-3822
1186
8053
-2281
50
-1514
15
1473
-6976
1644
9557
-9884
-7308
-4823
-4928
4654
-8794
1621
511
7155
-4838
6565
-2974
974
-5333
6713
2592
111
-8616
4764
7620
1799
-3010
192
-5646
-6176
-7692
177
706
-1698
8377
-1277
-6415
-968
-1101
3394
-7179
7686
-7075
9867
-2805
-4657
1744
-4212
-9233
-1423
-4363
-5158
-1408
-6257
4158
-5478
7822
-6208
5314
-2525
-7197
-9410
7348
1964
1395
-1283
-7220
-1799
7972
-7635
4463
8533
1945
9636
-301
-7790
8493
-1780
-9077
2352
3413
-7049
-6996
-2455
-3722
4822
8378
3709
-4089
2618
4074
228
6459
2681
-440
6786
9718
-1062
2917
-6637
25
1432
-6928
-7626
-2210
-9442
-9706
-1866
-9767
-9393
4930
-5583
799
1065
-4615
4537
1679
3119
1446
2377
5346
-7382
-272
4951
-9003
8002
4678
6921
2269
828
-4833
-4284
6379
-6141
8800
500
6516
5217
1938
2830
5918
-766
6931
7582
-2340
3860
5830
-7575
3812
-9431
5620
-3565
2839
1882
1377
6845
-3950
-9884
-4451
6490
8286
-6666
-7125
-7826
-7057
-5658
6042
2347
-503
8569
-6874
-4108
7853
2931
-1106
8346
2097
-2179
-8960
4670
2262
-7593
8813
-7505
2249
-3621
-6720
4844
7134
5894
-8026
1371
-1823
-322
-7332
-1475
-3483
-8757
-2593
-6589
1796
1904
6735
-5454
-7243
2998
241
-7744
-4395
9112
5216
-4938
1140
-5287
7120
-7718
8143
-7089
-9740
2811
-6511
-1626
-2076
-9701
8182
-866
1688
2698
-4778
9485
-6976
173
-1522
1570
9937
-3534
5464
-7326
-5218
7494
-6166
-2141
4213
-4017
-1000
-9043
-2297
-9448
371
-3179
6139
2497
354
3219
3205
-7232
2295
-8990
-4695
6632
5271
152
189
6992
688
-2401
-5305
-2498
3192
430
-7665
8808
-7432
4369
-2397
-2498
-8878
-4337
-6934
-9034
1966
5694
7994
3007
-4195
-8552
-8561
-4706
-1382
8701
3449
-1176
-6850
-9793
4927
-4831
9855
1978
-4384
9458
8126
-8108
-6927
3184
1485
-7351
-831
-9073
5737
-5858
9256
-8224
6720
4512
9690
-581
-2748
8005
9376
-5840
-6693
658
6554
-383
7596
4117
2732
-9037
-2681
-3243
-904
-1711
2107
1916
-4592
2568
-3984
99
-3486
4522
6012
2018
-1418
748
-543
4875
287
4820
7432
6998
4057
4740
5422
4601
-5508
5617
9446
8506
-9238
-4082
-2677
7591
782
-7673
8676
6039
-6857
8099
5950
-7802
-4650
-8176
-7656
-8584
-2026
5446
8799
-4872
-1468
-8314
-1847
763
4737
-786
-7538
9962
5233
-1228
-4466
-67
4819
2609
-4744
-9962
4334
941
-5981
-2745
5069
-7138
-547
-1979
9683
-3345
-8391
3492
706
9601
-7475
2013
-818
3300
175
-9634
5306
5116
3257
-1926
6420
-392
9195
-5030
-3715
-3380
-4796
-5134
-4562
6683
5917
-6974
6440
7383
-5228
-92
7833
7260
-2085
-7511
4851
4745
-3709
5735
-8391
-1152
4309
-7116
4084
5457
-6539
2298
1841
-8613
-98
4702
-4482
-4002
8708
-4857
-9719
-7131
8911
9476
-6689
-3164
-2461
-143
7409
7512
3253
-5436
-9965
5350
-651
8551
5962
-9320
6887
-9141
-1767
-7435
6234
-2886
7921
-5779
5032
-8177
592
5918
-8244
-9575
-7612
-3904
1076
4999
-7212
9016
8587
-8264
3242
-9196
1092
9740
3047
-1380
-5866
-717
1168
9372
5525
-9050
-6829
7181
2040
-1254
-9784
6219
3479
-6195
6408
908
4380
4301
-487
9689
4530
-6539
-2739
9762
-4693
9483
9685
4293
9913
7818
-923
7175
1891
5024
5200
4221
-5319
-4952
-6212
5636
-7052
5104
2415
-7038
-152
3080
-3375
-3476
6376
2830
8082
6829
8396
-3486
-3388
2665
1413
-1246
5591
911
-145
2423
2238
9535
4142
3846
3730
2151
-4096
3384
-8726
2559
2381
6420
-8370
-2223
-7679
-2560
1758
-2166
3623
9678
-5500
-6479
5027
-6137
8416
-7235
4486
-5699
-7326
-9730
754
-5456
-14
-4653
-8644
-2514
2226
404
-73
-6297
-4115
6681
9919
6883
47
5274
-160
2187
6990
-6361
2076
8036
-2157
9780
-6577
-1295
-6741
9885
-1045
8704
9539
-4273
-3630
-5478
-7593
7508
3682
6096
6647
-6470
-1948
-7236
-9036
-4061
-113
-636
-8245
649
-7848
-335
6793
-4215
-2583
7878
5981
-1420
-5061
2090
4540
-9766
-7363
-8975
8187
-3634
-8034
6824
-3513
-8499
6660
6445
4426
-1892
5812
-340
-8496
4270
-5883
208
3119
4618
-5393
2204
-9769
8847
4929
8541
-9139
7435
4265
6617
-9314
8660
6535
-5721
172
-708
-3625
5142
4620
-4848
-7844
-7580
6512
3895
-2363
4465
4143
3058
-68
-7637
-3642
8994
8423
-9730
6157
1828
-9230
-3620
-7043
3816
-3582
4495
6345
-8707
2704
6690
4364
8768
-2772
5387
1667
-4844
2782
726
-5666
-3385
6127
-9146
-2353
8550
-7587
1388
8872
-2274
-3124
3602
-99
3825
-9619
9721
7122
-214
-6600
-3413
-9407
1960
6946
6370
-1199
5905
1888
-9198
6288
-9130
3861
1228
5786
-9687
4770
4414
-9446
-6702
4368
-9120
-289
6811
1172
1037
-5561
-9489
5472
-3319
6902
-5951
3646
2227
6073
8185
2956
-9652
-9148
7641
-3818
9185
2219
-3109
3737
-9755
-6156
5211
-4530
2958
1614
-7544
9402
-8284
-941
-4301
-936
2067
5073
3048
1662
-4648
-8926
5412
1507
-9356
-8532
-5992
5875
3364
4247
3033
7226
172
2001
7957
1296
4687
-9075
-2774
-3294
9647
-5089
4711
-699
3918
9232
4851
-309
-7566
-2501
6176
6726
5502
-6814
-2121
4618
7536
-8147
5367
-2330
-8170
1032
-8967
-9420
-1967
-5007
7920
7564
7839
7837
7492
-8716
-1380
-8014
6684
322
-6212
2556
8841
1385
3737
390
319
-7353
5785
-2741
1293
-2067
-4165
-3914
8001
-6097
5858
-3386
-7246
-4435
-8705
8285
4294
-276
2518
-7322
-8581
-8056
-931
-8926
6557
-7882
-3471
-5445
-7424
1273
7033
-6072
9077
4442
4735
-6380
5044
5986
-4913
-1289
-307
2185
3737
2446
-1630
196
-7468
-7703
8551
6657
9670
-2884
3064
5875
-7263
-4394
-7278
-5100
3694
5986
-4641
-1675
9023
-4419
-3889
-4392
8272
1707
-6949
8024
6199
-1790
-172
-1069
-8430
-3064
8515
5626
4860
-260
6676
6184
7077
-3212
-5175
-9913
-6610
4352
-242
2328
-9898
-5503
-5389
-2244
694
-9298
-6779
-5537
2313
9743
7583
1718
6952
-3220
-6520
9091
3010
8309
-1487
1513
-9717
-5157
251
-8397
-4680
1581
4363
8659
4675
-2306
3760
-6672
5025
-1133
-7079
7730
-1410
7400
-3061
-6533
4907
8414
-7250
6151
175
-4260
-2084
7331
-8189
5548
-2122
4980
-2739
-7180
-6504
6950
9577
-9094
-6406
7369
-7339
3437
-6976
9174
-5252
-3997
-6505
2330
-9332
-6758
-84
9654
-1956
-1686
3670
-5631
-4779
5050
-4834
-7190
-2226
6046
191
-8869
6318
5126
6140
6752
7430
1795
-9770
-152
7252
-4618
1469
-6156
338
8045
-4525
-6859
-7289
-5400
-6007
9493
4586
3443
-5219
6833
-1528
821
-3422
7453
7832
-7900
-4800
8296
-9522
5147
-8636
1935
7683
-874
-6711
-5548
-1129
6315
-4156
-1956
3797
-8325
-577
-7076
4023
7993
6151
9388
1276
-5203
-1742
5591
-1891
-2692
3089
-1943
-3379
3942
-8673
9920
-4086
3570
-2415
6225
-8389
-1094
9635
1303
8648
3379
-3690
-940
1661
413
-5897
4668
9498
-9695
5292
-6603
3278
-6470
9449
3268
-6402
245
2700
-3355
9819
-512
2072
-1609
7930
-1928
6748
4286
7360
-104
-8926
3620
6731
6012
-4997
-8402
4080
-8738
4750
-1585
-6532
-7208
-252
-913
716
6987
-4660
9116
-6759
7186
689
-6006
-7990
5414
4311
-2001
6726
-6730
5862
9799
9214
9778
-7187
-5580
6418
-3369
6797
-718
-697
-7809
-9369
-6228
1488
-2902
-5283
3561
8074
2019
4709
3974
-4470
-1465
3208
-1151
8090
-5597
-7770
-8021
-5973
2180
1524
5457
-5397
278
9832
-4017
7380
-5121
-7733
-2663
6440
-9923
857
-255
-3033
-8929
7083
-4977
2622
-8979
5869
5138
-827
9467
9612
-7248
-6388
4000
-2034
-8986
718
-6170
5423
4854
9537
-1564
8806
-2121
4372
6417
1305
-1260
-7139
3084
73
9930
7478
6036
-4737
7192
-4169
383
-7949
-8388
5027
-1330
3285
3881
6005
-1374
4748
-9532
5933
5505
2678
-561
-1384
-2652
-1977
2393
9249
5085
-4909
-5529
3605
1891
4826
-3672
2626
980
268
-6277
1475
-1239
-9070
2236
-5607
6078
-6751
6665
-6692
9019
-7038
-5067
-1038
7522
8678
5486
-3879
-6522
590
4818
9441
-6512
-9753
-1502
4477
-8376
6231
-8491
7359
-5352
3662
-261
-7116
4111
-2047
-6035
5579
4088
7716
5080
4400
-7385
-3990
-5254
2925
-469
5141
1970
7900
-24
8169
2373
9758
-1869
-7725
-4954
-1427
8114
3789
9095
6169
8523
8332
-1633
-5647
1697
-4184
6881
-6724
-3432
7640
-3853
-7463
-9409
9358
4142
-2604
7687
6592
7678
-1424
2533
-4961
3434
8856
-7543
2601
-5788
-3353
-7487
-4166
-742
-3631
7044
9466
416
2485
-1909
-4579
4529
6327
-740
1202
1427
3759
-5895
-1671
1408
-370
-6518
-9015
-4770
4339
6691
6982
-2480
7772
7162
8786
-7382
-1942
6586
-7990
2177
9011
-5375
9371
8631
1813
8714
-6201
-1061
6902
6296
4889
6459
-8108
1224
-1317
-6429
-1653
-4414
-1802
8968
9962
-8375
2280
4386
-1466
-4371
-274
-4691
639
1846
-7975
4221
-2462
4709
-6942
-2815
7658
8125
-4075
5271
1708
3313
5037
4147
6238
-807
-9957
8040
7278
8683
-4200
245
-9515
-3934
-1313
8433
-729
4660
-7785
-9216
-8320
9040
-8649
9599
7719
-106
-9020
331
7876
47
-58
-1912
-5769
-706
-7964
2776
1125
3584
-2342
-9303
-9533
-9111
-4367
5380
-250
-5433
-321
572
3527
-7581
-7171
-8622
-4294
-1363
3570
-8734
-5874
-8729
789
-2138
2076
8019
3617
8187
-5248
-591
-9688
-6779
100
-7091
6828
-3736
4495
-4947
-2263
-7553
1929
-6932
-823
2232
6090
4186
9615
9246
-5087
5342
727
-1614
5227
-4626
2241
3884
-9359
-1344
5860
2509
5576
7121
-1666
-4305
3480
9518
8595
-8408
-3255
3646
-2973
4453
8273
4041
9198
5962
8788
4558
4227
6558
-5532
-306
6734
8055
-7039
-438
4318
3701
-3560
4656
-1201
-4192
7549
4274
2252
-5022
117
6215
3790
-6888
9473
969
979
-7711
5438
7620
-1102
6871
-9793
4060
-7179
7281
-2396
6214
8310
-8488
-1864
9947
1793
-7388
-1984
-9162
-5119
2962
-6485
545
5264
-7416
1484
-9824
-1804
-927
2471
-1632
-1609
-8611
913
-9534
2859
-8457
8271
-6192
-2155
-6106
-6765
-5945
-116
4570
-1521
4129
8717
-7167
7388
1199
-8238
-9707
1041
-6957
2075
-4326
-1306
9039
7069
2913
5609
-550
-8044
5358
-3874
1895
-7871
2672
6703
4875
5034
1764
3807
9667
-5574
8575
-2522
-4372
205
4322
-2712
6467
-4633
-7323
331
-1332
-6033
-3196
-3163
-9199
-7982
6455
-8606
-3410
6767
7945
1368
-8778
9776
9347
-1814
5723
-3936
6416
5527
3098
3868
4812
6353
-8385
7651
-1724
-6584
4219
3561
812
2978
-4904
-8064
9669
3587
-3272
6412
3930
-3056
479
-6238
-4740
-9241
6404
854
-1920
-5798
2281
718
3017
2134
-706
-3683
9769
2796
-8797
707
6338
8233
2367
-6138
4671
-3715
8924
7582
-3328
-214
6314
3877
-9546
3605
-6309
-1455
-599
-1913
-1481
-2780
8328
-1713
-1680
-759
1561
-9144
-6068
-337
3718
-2865
-223
2867
9422
-2652
-5077
4969
-6022
2536
-3027
5902
-5042
4846
6575
6140
-633
-1835
2323
3198
1532
2693
-5119
7404
5148
-9506
874
3771
615
8830
-2050
-8780
5663
-1601
5347
8020
753
-8002
-4476
-6994
2381
5916
-3098
-2034
4985
9264
-1073
573
-8571
-7810
-3766
-905
-1866
5805
-4403
2012
3350
6611
5723
7960
-65
7843
6966
354
3160
-5360
-738
8286
5817
-8963
4441
-3620
3017
-5784
-9404
2421
-588
-832
2605
2360
6118
-5333
8745
8594
-4302
-4821
3374
-7825
9929
5295
-4833
223
-7104
-8174
8139
-3836
-1755
8634
-7296
-4972
5820
5122
7257
6945
2385
-7503
2242
9361
3325
2552
6718
9210
-3274
-3654
6742
-2156
3408
3134
-4237
9286
8412
6333
2000
8659
-4115
9977
1965
-3548
-5064
-4500
-944
-102
3391
-6109
2899
1255
4350
4115
-3887
-3126
-5402
-1881
9869
2695
-2957
9408
9142
-4558
-7306
-1054
-1136
2310
-4023
-8301
-9179
9812
265
-4465
-7651
4910
306
9186
2150
1831
-5348
243
-9402
6073
8063
-7987
3515
-9444
9242
4425
-9351
3393
6492
-5561
7719
-7647
9481
9651
4097
579
6284
1654
-5169
4461
2172
-2081
9025
-7659
4988
2105
-2306
-3827
-1074
-3077
-1180
-6134
5081
9540
7184
3865
5914
2292
3126
-8579
8857
2016
130
-5915
6350
-9249
8767
391
2946
-6343
-6594
-521
-1745
7552
766
5752
1663
-3446
-1576
9179
1035
-2813
-367
-123
7613
8857
-2104
-5775
6899
1791
8558
-4408
-9825
4589
-4708
-9675
-7616
4993
-3215
-6910
8501
8275
-3733
-6468
-7106
-6001
6846
8056
-7376
-192
4957
-4360
3803
1431
6652
8031
7645
-2054
-579
6008
103
-7756
-9581
-3867
-170
-7228
7135
9258
3955
-1604
7248
3606
5932
-6595
-5658
6908
8044
-8511
4984
-848
1384
-4089
-8954
-7307
-3745
7541
-16
6278
6198
8710
7867
-7595
8943
820
-5450
-764
-4291
6662
-127
-1601
6599
5818
7514
-4493
-3651
1052
7815
-4874
-6743
-8935
8286
-721
4008
1518
-2198
9265
-5485
-5999
7119
-910
-9808
4850
-8062
4838
9441
9107
4399
7186
-1029
4616
9695
-6048
1260
-8475
-1983
3786
5536
-2449
1327
-7047
5109
1135
9790
-4736
-7777
9760
-4117
-3824
-5941
1983
6442
7596
-7600
-2577
9034
-4754
5472
-7689
6547
1063
-8438
-9542
6153
-610
5901
9388
-4878
5285
-3538
-6074
5512
-9136
9137
-1691
1388
-6740
-1392
-5313
-4532
934
2103
2823
-2260
-7120
6403
1432
-1257
6554
-2583
6014
8840
9615
9914
282
-4632
2708
41
-4427
-1973
8846
-8508
-1415
-8819
738
-3844
-406
2703
-2752
7229
9710
5305
-6569
-2869
-3582
-9249
6748
834
8519
-5512
-1496
-1126
5468
-4399
-4168
3823
7775
-7553
71
-1627
7463
8303
4863
6423
1743
7047
-6209
-7494
3909
-5340
-2479
-6835
1937
9029
-6293
8271
-7219
4872
-9855
-6339
-5089
5033
-3222
-6573
3674
866
-4747
7220
-3279
2842
6558
-2557
6452
3302
-1923
-4097
6485
1283
-9864
3990
-1947
7317
269
6282
-3699
4508
2528
-5310
-2598
-5762
2380
509
941
1927
-5128
-4986
2810
1064
8464
-7948
-8078
4656
-9119
-842
2788
-4317
-8472
9054
5091
-8323
-309
-1411
-9616
-4409
2156
8712
-3241
-6921
-9887
9245
215
9294
-8808
7068
9171
-7518
-4382
8934
1932
1721
8976
7294
-8454
486
5428
-7622
-2877
-8893
5860
-5499
3207
-8032
9881
-9015
-8252
1560
4775
1832
-4238
-4673
7617
7520
-968
1138
9825
-5739
-218
4710
7494
4163
-6090
-2921
7539
-8341
6669
-766
-5635
-9109
6426
1892
294
166
6561
-1646
-7657
5222
3952
-857
-9835
1493
124
4689
-2718
-1183
8004
7465
-5481
5433
193
-2211
-3076
-8102
9335
5200
-8197
3217
2428
-5847
773
3387
-7434
909
3389
9524
9015
5890
-2453
1333
4115
9409
-6196
-6260
-2566
-3016
-2237
8902
4034
-5713
-8347
3027
-5992
6111
-2860
8548
-3929
347
6008
845
-2375
-8386
3365
-2662
3287
-7386
-6384
9443
-7946
9379
7028
-6168
3364
-9645
2217
4105
-4485
-845
7587
-4557
3767
4613
-9805
-6239
3455
9308
-3214
1358
-3285
3861
1601
-148
-9343
4655
978
-4172
9339
2211
1441
-3095
-7426
-7830
-7390
-7672
8015
3395
1533
9213
-6879
-1143
8010
-3712
-4597
-6710
8518
6175
-7333
4979
4535
-1242
9201
-2816
9475
4987
3177
23
-459
-3512
-895
-3368
-9745
-9046
-1794
-7745
4226
-5284
-5667
-1159
6069
9801
4538
8582
6981
-4233
6481
-5736
-2088
-1437
6056
-3070
1852
2702
-5680
-2768
6513
-663
-9475
8106
-3519
-9347
4009
6413
-67
-2953
7674
5255
-1224
-5803
-3635
7697
1136
4882
1154
3634
1655
-5733
-2165
-3308
6839
-5495
7643
-8660
-7726
1186
1928
7089
1080
1544
-9438
-8877
-3538
4418
-8200
-4545
-8936
-4530
9334
6391
5029
1487
1377
8951
8131
8179
9518
-5830
6302
2717
3682
-3419
8013
-7644
-8995
5390
5423
1323
5303
-6370
-9969
9110
9658
-1117
5617
4692
5497
6072
-8782
-8342
-638
-4222
-1419
1741
-4313
-8904
-5960
-1847
3696
-1066
-1829
4064
-4755
935
5957
545
5148
-5999
5021
9492
-3414
-289
-1040
8277
1393
5407
-7533
-5171
-737
-6662
-363
-472
-5309
-8945
5553
5751
1237
-7790
2066
8130
1036
-4658
-1984
9324
3800
-4924
-5483
3906
-8462
4905
2969
5484
-6979
8723
-5554
7050
-631
-2108
-1952
-9111
8066
9219
3811
-8716
-1132
-9737
-4357
4856
-6923
-3483
2164
8280
7834
-5731
4498
-2244
1341
6741
-8540
8078
-1482
9460
-251
-495
4366
-758
8275
7371
8207
623
-9681
-8017
4370
3840
-5308
2812
4125
-1405
-7847
-55
2172
5771
4734
7215
6691
640
2674
227
5793
-2704
3449
-6058
-7
-1597
-9241
3327
5893
-9184
3123
7371
1691
2310
7571
-6247
8392
-7857
-6310
5513
-396
4822
-3123
-4819
6107
3525
9357
87
-1079
9626
-5148
-5493
6304
3009
-7146
-3713
-2213
-5690
-2425
8015
-1541
4959
3290
3677
8557
2776
4178
-7991
-4125
-4430
-9647
2241
9966
-3526
-6019
-5674
-4927
-9466
-3967
-6240
-7635
4801
-748
-5445
-7359
6994
8057
-3302
-101
7101
-8607
-7092
4169
1924
370
1309
2561
180
-9669
-6726
4623
-2690
-3993
-4795
1169
5466
2401
-911
6700
-4661
-12
-5676
-2974
7462
-4759
-6917
-1662
6417
-4328
-6488
-7615
-5092
-9144
-7406
-4874
-1897
-9187
-3170
1962
4961
-8922
5901
962
-5910
-2492
-1145
-6266
7085
1241
-2178
477
9352
-9923
-6846
-5457
-6837
5239
9739
-5268
7712
-8436
-1117
-6742
-7462
244
-8381
-1587
-4153
-374
-7986
6578
-5338
-339
-7626
-9643
-8465
8746
9449
-1214
9885
8645
4562
-7444
2356
-9137
1076
7405
1883
3111
6326
-7046
-2562
1463
4541
1327
7260
-8330
-7603
2834
-910
-29
2807
1894
-4278
4043
-735
5430
6111
-8650
-1179
7395
-2330
3013
-1299
-6528
197
1532
-6508
6519
4951
8108
218
3148
-812
-9803
-7225
-2242
-1560
-4304
-9511
4695
-6037
1571
1319
-55
6893
7004
5077
-3485
1376
7978
-6486
1721
-8369
7355
-6415
-5613
-771
-2685
-7475
5614
1409
3005
-9100
8682
-2179
-3615
-9955
-5879
818
5847
1906
-8113
4969
8550
7779
7751
3148
-7535
7205
9741
-9968
7895
-5032
-2939
-9578
-9920
9363
-1729
-3012
-2211
2386
4959
2079
-9709
831
-6672
2177
6203
7579
-8435
9565
7375
-1060
-7914
6208
-7276
5694
208
1864
9552
767
9948
-5179
-7015
-5185
-9117
-434
-1426
8291
2775
-3317
-9941
-8305
-7315
2545
4478
-863
-6622
8853
-1816
-3463
6467
5874
-8352
1610
8002
-2959
6560
-4246
7258
-1966
-4974
1879
-7304
1369
-5222
3509
918
-146
-469
4661
6308
-5245
-2284
-2498
1635
2176
-2902
1198
5094
-5041
-5955
4985
-1469
1889
-9629
-9064
-328
8046
-1838
330
-8096
-8938
-9275
-4496
-4180
15
6051
8423
6374
-7527
8979
6148
-790
-7614
-3686
-5644
-7595
-5562
2212
7362
696
-7007
8719
-7677
-9191
5206
577
3266
6688
9258
4145
-3309
-1499
-7813
5716
4229
-6980
-8471
9588
-6702
6423
-5121
-5307
-1183
-5898
9029
-4498
-3422
4470
5124
-9386
-295
8457
-3964
-7994
-6739
3652
3850
9889
-2410
8338
-7925
-86
4739
-5579
-5667
2117
-9727
2266
-817
-6394
-6162
4584
-7615
3479
-643
-8890
3527
-8277
-3273
-9902
-5218
7837
-1479
-664
7461
7904
-9830
-3516
-4427
3667
-8462
1506
-4362
4147
-8344
6428
2091
-4806
7174
7971
8687
-5431
-5211
7319
-1716
5827
8792
4810
5299
-1094
2487
6304
-4941
-4664
5890
3163
-3154
3120
-9124
