3655
767
8899
1905
2982
6666
-3014
7934
3004
-4106
-783
-914
4116
9467
7440
898
5209
-2993
-4613
-530
-1099
-5009
-5722
-6753
-7209
-2328
-9231
630
3608
-1126
105
8297
-7238
-6535
-2571
-4571
1093
2069
2181
6864
-7960
-4515
-9940
5465
6087
-8633
3480
3469
-8185
-7074
975
2414
772
3900
1237
1222
332
-4228
3478
3622
842
-368
-4128
-757
2071
3064
7120
9646
4023
-4959
3807
9392
3090
9639
-4213
-9334
1386
8159
-6443
9597
-6791
-4193
-6801
7250
2452
-1827
-2876
-1707
1913
6936
3457
677
3536
7500
-1947
4335
-4796
-8741
-4338
-6425
4883
-4323
9990
8275
4926
-4878
7028
1060
3114
4023
-3335
2781
-6943
6607
3490
8132
-2422
-3539
-6901
6500
8187
-2786
5762
-3402
3887
9284
5752
9570
7771
9030
-9977
8202
-1224
-6561
8223
5908
-4655
-2141
-6963
-163
6503
-7458
6085
-3894
-3801
245
-2526
1556
3173
-6131
3171
-9286
-2215
-66
312
-801
8118
7957
9386
-9277
5660
448
-839
-9209
-1583
8658
4039
-514
3495
1311
9733
3953
-243
7826
-2678
-2729
3180
1452
-4793
7648
-8586
-7851
-1474
831
-290
7826
54
4670
6843
3647
-8447
-9931
804
6611
9236
-6382
-7577
-6771
6896
6066
-9855
-6249
5724
2623
-9382
6924
-8266
1878
-7355
-7635
-1147
-3966
-5816
-6662
-268
8202
-1286
1319
-6444
-1470
-6544
3794
7458
4875
2817
-1094
8577
3724
3431
-2358
-7250
-747
1605
9196
4320
1454
9435
2466
1077
2105
-7586
-7787
9541
-7847
-9998
-2354
-1540
2625
-8833
3541
5107
-972
-6241
5284
-9709
9635
6535
6546
6144
-2947
3949
-3018
-5579
3008
4985
3330
2981
-8199
7613
8037
-9137
-1662
-1308
-5028
6281
182
7704
6277
-9923
6832
-4782
-5425
-4238
6030
-7004
-8877
4112
-4380
6038
6953
6602
6334
-2170
9757
3827
1621
8813
6782
-2044
981
-3052
2794
-2046
-3256
-6043
84
1378
-3387
-9574
-584
-9586
-964
-5304
-8907
3929
6710
-1953
-2678
-8046
-9390
7465
1189
-3606
-7829
-4227
-8506
7904
-5518
8369
2584
-169
5151
4522
491
6145
-791
2145
-5447
-760
2852
17
3146
8820
8495
-4232
-3150
-6048
-449
-1364
2881
-4367
7281
-5074
-6095
-928
-9721
-2301
-8636
-7491
-6666
8792
-7645
3280
-1812
9991
-5055
4473
-844
-6092
2258
392
941
1125
-7078
7274
-3507
-3534
1112
2229
7177
4640
-672
-3467
-3976
-4773
-5885
3610
-104
5692
3009
-3843
3743
4589
7317
-3152
4757
-1382
731
3802
-3029
6819
-7554
7043
765
-405
-4211
6463
9484
1816
6651
2107
-4151
-8633
2447
2030
-9357
-8857
-1022
-8848
5797
1986
-9368
-7389
8241
-2666
-4855
5071
-6419
1785
-51
9373
2497
394
-6581
2876
6651
3553
-5762
-8879
-1112
8408
5252
-949
-4212
-8740
-9911
6402
-7934
603
6383
-6923
4429
-2728
-2442
-5853
2148
5625
5215
5615
-6823
-709
-8365
-9371
2697
6084
9345
1176
-5436
3544
-9340
-3232
-4910
-8089
-6962
-5603
-3590
-1467
-4323
-5367
3417
3940
7852
7798
-5034
3472
-3300
2959
2906
8577
7412
1379
-3580
-3105
-5936
3476
9117
9842
-9750
8384
-6448
-9717
-3117
1361
-1006
-4054
2677
7084
2483
-9132
3943
394
935
-2477
-6884
611
8686
7809
-7680
1713
-3705
9617
-8448
1622
-250
-8550
-6737
-2039
-9390
6458
5354
8355
7956
9463
8245
-3666
-4254
5514
-3222
-1427
6644
7242
9533
6461
-8774
7752
-8286
6502
-2163
8109
531
400
7832
-2002
3275
8638
-8623
1213
-7279
-6627
5728
-1265
-2146
-4612
3336
-3164
5844
-1900
-3699
1965
-2119
3364
9189
-4752
-4957
6815
427
-4632
1319
-5562
1548
-2983
6473
7616
9787
-200
-4814
9881
2237
3474
3675
-8761
-3018
3270
4253
-7416
2340
-6654
-8892
3352
-2760
-2278
5869
-7688
-5303
8686
-2734
-1518
4409
724
9538
-9847
6493
-2655
-1225
-6609
-2046
9713
-7558
-2032
-7143
3231
676
7469
3134
-8301
-7452
-8822
-7467
1147
-8031
-7750
-5771
-7842
2291
3951
-5085
-5860
5828
8752
-9008
5434
2814
-6761
-5764
8142
1676
-4636
-3037
-5402
3350
407
-5078
-8562
-5185
-6384
-8721
7329
7439
-6989
2646
-816
2433
830
-5064
5026
4002
9654
6924
6971
8306
5951
-4409
-3923
8460
7382
5273
4017
-6402
-6237
-6930
-2636
-5703
5574
4543
5641
-9354
-7128
-5663
-7359
-7790
-5688
-6462
628
3927
6593
-4428
2607
-471
-8160
6011
-78
7552
-7475
-9031
-9846
-3840
-2505
8201
-7743
-8341
-3720
-5794
-1702
7391
-9643
1960
8373
-8722
-5629
5903
8830
-6597
-9055
8305
9976
-405
-6746
-3515
1230
-6397
4767
9758
-5516
-9465
3898
-7940
1403
-6834
8818
-7179
-2234
-2058
-3896
-63
-1802
8309
-2247
8818
-5285
1313
2901
-1642
-2598
-7060
-2919
4738
-4397
-7743
1245
-1469
469
9242
5800
5736
9322
-3689
-3543
4833
-2327
6027
-3591
4638
5712
6827
-6886
-1844
-5997
1994
6504
9337
6760
6761
-3900
802
9789
3228
3530
2619
-6286
4190
-5360
5543
841
1599
-706
3106
1422
-2783
-6877
9137
9658
-5410
-6518
8168
6828
-658
-912
1706
7294
1797
-5541
-2202
1029
-6200
2023
6911
-2556
3102
7336
-7340
366
8004
-9616
3839
-6035
-3460
-1289
-8954
610
2412
-1982
5239
4700
3045
4462
-6772
615
3238
1323
4136
-2209
3899
-9672
1529
-9638
-5555
3852
-174
8193
-3585
9335
-4693
9469
7494
5390
-811
-1571
-3415
8542
-1641
-2504
-9178
-8263
-9248
-9470
251
-364
-2659
-8695
-220
7155
1538
-4054
1613
-6425
3470
8498
-8655
3989
-8346
-7492
-1764
4452
-4424
-3960
7967
-6041
9956
5227
2518
-1046
-5955
-3978
-3886
1444
543
-8855
4610
7639
-315
9258
8543
-7881
-3754
-6334
9629
5131
-7542
7225
-4027
-3576
-9726
901
4735
-9328
2339
7466
-9289
903
5791
-6281
1186
1216
-736
-4457
7
3841
548
2419
2005
6474
-466
2308
-7010
6967
-6370
6823
1736
-2547
9198
-1808
-8053
-5168
-302
-3993
4266
2588
-33
4881
-9927
-1263
-7707
-6494
7894
8711
4197
4412
-3895
5811
6630
1082
-5397
-7690
-7189
5956
-7411
-1022
1280
-1284
-6953
-5467
-5565
1213
-6947
9234
4721
-9936
-8742
-9210
-9768
-3908
-5336
-7410
-98
-1803
701
-9188
6443
156
9592
-9171
-4840
-6275
-6810
-5886
-6649
8967
2215
6274
4006
-1219
-6117
-2192
-3009
-9889
4184
-9755
411
-3981
-8066
7971
-2219
-1944
1568
-5812
-1319
-4929
-6842
-6983
7964
-3732
-6418
-8019
-9099
4934
-9322
9257
107
2656
5395
7145
9735
-8585
212
5231
-1712
4178
-210
920
-2112
-2837
-5515
-8090
3787
-2965
1980
-5969
-3505
-5015
7304
-1824
1924
-4528
6579
5766
1565
172
-134
-2620
-2030
8192
-4348
-1316
3280
-4301
-2714
3059
8892
-1593
-853
9702
-6170
879
-6968
3833
-6838
897
-2157
-3476
9746
6036
-3933
6923
198
-3571
1671
7247
1850
-6033
-3724
5947
9718
-3325
-4349
8262
8018
1654
-6641
9586
-6095
955
6102
1555
-2569
-8406
5784
9148
-5392
3166
-5667
1492
-4828
7557
-7047
-5911
8088
-2389
-3730
-6619
-5205
-9582
-6159
5469
-625
7714
7728
-2261
-8816
3826
6833
82
-6285
4932
-1495
2183
8896
4178
-655
-7604
8998
-986
-2125
8987
8205
5265
-3624
6726
-4989
-3107
-3434
-6125
-6795
-1394
-7888
6136
-7101
7233
-4699
6241
6530
2008
2982
8133
-1793
-422
-762
-3866
2221
5545
-2969
-2940
-9223
928
2672
-4129
5303
3476
-2897
2352
1222
7003
3332
-8805
5339
-7077
-1969
9440
4033
-4584
-5398
396
6942
-48
-3428
1660
-5404
3297
-9396
8186
-7634
-6436
-8183
8168
1296
-5234
8034
-9381
-9110
2193
2064
-9549
-9281
-7800
7731
7744
-6779
8170
-6649
-7540
-9641
-3376
-783
-1964
4652
-3173
-4095
4323
-3616
-2036
-2323
3857
6808
6065
-9252
4883
-4796
4541
-2910
-2902
9442
-55
-1284
3461
8636
1978
6100
-2081
8874
9284
-9878
-2668
-6832
1996
8835
-6723
-1620
-6458
-2945
-4042
9922
5107
-8791
1052
7211
175
-7553
-5352
8109
4296
-1612
-7769
-2098
9825
7869
-7801
-7104
-3567
-9018
7048
4928
-3666
4348
-4101
6303
-8796
9470
-1787
5915
3982
3668
3339
-6089
6808
5926
1725
-8869
-1488
-3333
-9034
8109
-8601
595
5803
-6138
-5874
-5509
9128
5841
-7014
-7249
4274
5378
9219
-6180
9564
6161
1968
9064
-4630
-692
2624
6968
8644
-9576
-2619
7151
9325
7264
-4888
6662
5399
2950
9332
-4043
2750
-2466
6060
-6050
8227
-451
2729
6798
-4628
9343
-5380
-9397
8688
-6867
8807
-8302
4906
163
5941
7469
-3642
634
9040
1492
1213
2130
-4101
-3863
-2715
1943
9521
-6118
-6938
5484
-5292
5310
-198
-8565
1026
5383
8985
3229
9973
9839
-5070
7121
1115
-9796
4639
2513
-5866
5508
3481
117
-3746
6712
-3222
7947
181
-7393
2284
2769
5878
-7405
-695
778
-1580
-8105
9500
6721
6589
9687
-2298
8347
6227
9243
5403
-6513
743
-2120
3447
-7464
3324
4908
-2004
3682
1123
-8710
-7122
-3462
-9327
-3997
-6798
7248
-5746
2108
-4584
-1966
8127
-2426
-4016
-8386
-662
8700
-2796
2586
3356
-7309
9974
7759
6821
-5502
-333
-844
6404
7460
7929
-9432
335
-1632
2978
-5826
-7852
9430
-8206
-5594
666
-8311
-6790
9778
-3262
-9625
4026
-708
-9380
1358
4414
4804
-9054
-3433
-8148
5266
3338
109
-3968
-1959
8788
6460
3659
3502
9398
-2046
-6651
5527
9472
-5223
-2965
5813
7968
9462
-9449
-6056
-8720
7363
-3146
-9085
-2857
6634
-9168
-9143
-1212
831
3632
-2656
7181
5807
-3293
-368
7075
-6923
-8856
5659
8531
-3339
1643
6568
-6086
664
-625
-2829
-1732
-6158
8189
-556
9094
5544
2080
1737
-4775
-2713
292
3214
1230
-8374
-3686
1303
6770
-7626
4328
9563
-6939
5900
3313
6581
-9967
7214
9962
5781
-5426
-7607
842
-4537
-7998
-8477
-3675
646
-7879
-3924
205
2737
7017
-1180
1167
2796
6097
-3636
-1240
8397
8595
-6055
2972
1524
-7806
-4912
7513
-4258
-225
187
965
-2345
-316
-1561
-7786
1726
-6420
-5193
-5425
8946
798
3708
-6544
6568
2961
7564
1932
-1286
-5720
-5860
-6625
-2829
9402
5485
5869
-8174
-5516
9412
4220
-6673
-2825
-3537
-5678
4766
7665
-2929
-3512
8888
8838
-3349
-364
-1223
1303
-6264
7954
-2110
-6073
-6778
1751
-4187
6912
6870
-2597
6813
2530
1523
-3977
-8884
8977
1696
2477
8481
8516
-591
6668
7175
-1733
8457
-1204
-9581
6119
-4668
5532
8615
-9810
-9120
8153
-8946
-7282
-9411
-7085
-7496
4061
-2542
-3260
4900
-8614
-8998
4366
2085
8010
-74
-8479
-5074
-6910
5468
-6624
-4590
-3412
3393
7444
-7378
-4872
3242
3110
-7084
2134
1707
-5440
-595
-7869
7624
452
7023
7354
-6465
2723
-2598
3047
-9796
8922
2678
-5723
-4076
8406
-638
7549
2234
-6856
-798
280
5040
6556
61
8332
-6827
9588
9975
-1296
6089
2941
7696
9958
-9887
-352
-564
6468
9746
1707
481
3554
1950
533
-2611
1639
5022
1429
-5376
-5937
-5846
4693
-3739
-5725
-3584
-6107
8649
5230
1447
-9640
193
2991
-5216
-5138
1338
5227
4782
2748
-9418
2469
5426
8427
-3873
-5607
4260
5341
-1690
-6029
-6092
-15
8067
2616
-1035
8889
-636
-3385
5666
-5767
9199
3643
-1037
5539
4887
-4941
3052
8562
3355
5530
8995
8581
-1863
-324
2433
-2678
-2585
-6455
-1749
4931
1052
-9698
-4918
-4036
-4822
2346
577
846
3017
9406
5086
-9460
-247
-3793
1332
4955
4590
5263
-9678
8986
2721
-1372
5774
7007
-2897
-8056
4602
390
3935
1485
4192
7897
7193
-697
-1586
7690
2241
-3953
2642
-4954
6038
5187
1203
-8767
6088
-809
4237
-6599
-5804
2589
2625
-9060
7899
6085
5429
5351
-7243
-670
-8423
-5812
5930
5894
-1582
-7382
-523
-983
4944
3900
-4898
-4049
-7761
7154
-4103
1579
3538
-2452
3280
785
2408
-6720
-8904
2212
905
8650
2010
7415
3426
4832
-5431
8316
-7402
3517
6427
1086
5723
5406
-6849
6267
3531
5673
8328
-2820
-7210
2186
4605
7618
4579
-6574
7170
3268
633
3087
1436
1599
-3402
2207
2786
-9925
5296
349
-7441
-6464
8375
6252
8167
-6591
2063
-8112
9775
-2739
-8484
-6892
3428
-1098
-1898
-7423
8533
4438
9180
-147
-5029
7606
-1948
-575
-200
1594
97
-5338
-4030
3451
8491
-6772
9863
5280
-8427
908
-1826
-6251
-1217
-2171
-9253
9001
6101
1213
-4211
-2883
-3888
1620
8127
-5973
4416
3007
-680
5425
-1809
-4753
-5337
5196
-4111
-2305
9652
9340
4941
-1689
-6169
-2591
-3434
-5485
9749
-7618
-7529
5922
1366
-8811
-2756
-7096
1966
-5875
8457
-2683
7650
-8156
6318
-5979
5119
-8006
-6643
4115
3061
-5648
6285
5786
6171
9990
2437
-3656
-5512
-9676
1044
-3620
5588
-4135
-6744
166
4631
-858
4334
-6170
7043
156
8757
3138
1763
-3906
4028
-3641
7597
-5474
-3695
-1582
3665
-2762
-5859
888
4553
6253
-7073
387
-1034
-696
-964
-3321
-4347
202
6786
5406
872
-58
-2684
4142
1517
2081
5560
-7854
-1230
-9793
-662
3729
6973
-2592
481
-5381
5777
-9098
137
1258
8298
8059
1563
1322
9886
4869
-2723
-5919
-4282
-1225
1014
-868
-6674
5674
9711
2874
227
5656
-1104
9408
-1578
6204
-5530
9851
6999
2714
3817
2462
5798
-8811
7525
1980
2026
6640
2792
2017
8939
-3034
-1199
5759
811
7900
4397
-4365
-5410
-2283
-429
-3297
-390
9164
9998
7236
1341
-6213
5418
1456
-2281
-5148
-6045
5523
7757
-3696
-3120
-211
-1838
3440
-640
-8882
-4941
-1846
9714
6190
7410
7518
-4894
9560
3533
3994
-7289
4957
-9969
-8621
5219
-8218
-8824
-5056
-2494
-6043
-8954
9187
-6018
2856
1216
-5801
4666
2117
-7412
-5420
-7935
-4542
-3736
-8323
4402
6158
6754
8106
-2418
1175
-2755
-1264
6244
-7841
1898
-8805
8566
-3788
-4890
2932
6934
6475
-5310
-2973
6198
53
3229
-3483
9595
-9612
-1423
-2703
-7230
2264
-870
-7180
545
-4658
7014
-4943
8772
4369
-4910
9163
-52
-6976
-4943
-6873
3394
5808
134
-9149
-2708
-9125
-6781
-9003
-8006
-246
-6072
9829
5948
-5657
6245
4266
6998
6637
185
-7698
-1601
-4208
-6176
-7069
5736
-3383
4451
6239
8378
925
892
8386
8262
6037
1285
7222
676
260
-9893
-5440
-787
3814
7269
-293
1268
4881
728
3834
-8434
-1571
-4352
-6576
5503
8192
7801
-7650
4611
-7576
8468
-4447
-309
7208
5500
-765
1558
-126
5181
-3
-9125
-2239
-4015
4566
5821
-7197
-417
5419
-2098
8595
4115
-3040
4752
-5579
-434
6040
-1515
-343
-8173
3173
2941
-951
8351
-7477
-6581
2625
-8636
9853
6228
2627
-6659
7041
-5069
-9416
2815
-7971
-3607
1096
9791
-6875
-8986
8674
5802
8343
-2527
9558
-4089
1328
1951
-1245
-8405
8234
-2929
-3388
3309
-4934
-5051
1920
-6279
7140
-646
-9657
4200
-4023
1283
-391
7410
9653
5179
8299
4833
-1064
-9271
-3113
3670
-8166
-4321
7224
-2499
-8761
-9365
823
2657
5335
-5559
8563
9859
8233
-4052
-748
3667
-6230
-5087
-8623
5421
5992
-261
1947
-8309
-6762
-7706
-1486
710
8641
-5086
9215
-2556
-2034
-1258
595
-7763
3792
1883
4080
-6693
-2238
-7399
2875
3819
8779
-5062
-17
-3387
9298
3920
-1857
3730
-389
5883
4646
-9217
-484
5136
3508
1410
2924
3930
-8869
-8553
-4857
5474
-5333
-1151
-7564
-8039
-7716
7977
1823
1698
-5818
5066
8545
6354
3370
-2492
-1252
7287
7054
5010
-6214
-547
-4823
998
7547
1551
5235
1238
-817
-1784
-8467
4010
9901
-3935
4117
-8647
-4203
-5303
-9474
-9835
-4404
-5672
2088
3873
7893
-6258
3962
5511
424
9762
-7340
5595
4917
-2676
-5152
-4207
-5404
-9055
9515
-8373
7366
-2647
2006
-2112
7397
-1817
-4320
4292
-9156
-4541
-8532
-9181
5501
-4458
-3713
-9482
6375
7380
-9673
-9779
5140
4586
7723
5336
3802
-8299
-3642
-9713
7942
-6572
-7445
6359
6646
4948
-6351
-4416
-3732
4415
6314
5027
-7517
3794
-206
-9085
-9791
4828
-4268
-2146
-7560
-735
5552
5875
5696
-684
383
-9727
8666
-5044
-689
-2220
7429
4198
-6688
-1293
-3402
2184
8742
-6923
426
6239
6313
-3640
-1290
3140
-8183
-1022
-3428
-1124
4912
-1435
-1699
-8935
7334
-6922
-7714
-3355
-8832
-6203
3557
1788
1500
1418
-2899
-5755
-4881
-4771
-3001
2265
-5099
-4804
5053
-5951
8734
-7866
-7975
4049
-1718
9634
7689
2405
-9000
-7147
752
-754
-4602
5899
-8281
-9878
1379
-2451
7733
-8492
-6886
8446
9585
9326
-9869
-1470
-3098
-8579
-4184
-4334
-710
-5833
-7109
2454
4495
395
-8557
-6220
-3517
9586
-9709
3173
9715
-5112
-1475
-5558
-7128
-6325
8500
-3376
12
1930
-4270
6876
1894
-4912
8435
1920
-9948
7086
-8087
3718
-6258
3722
-8446
-1205
3278
2983
-8906
-102
7226
-8043
-3349
1696
-5557
-178
-3041
9006
2599
-7374
9385
-2168
6281
8834
-9644
-9729
-4498
-5324
-9040
-6218
1907
-8607
1139
4164
2713
6703
-4164
654
-6319
-6973
3798
2304
185
9734
-283
4134
7875
4577
-4665
9760
5655
6824
-1039
-2123
-8784
-7509
-8312
2949
4480
6643
-3020
-5334
-7878
5966
2897
576
5068
-8060
-8172
-4641
939
-7170
-8555
913
-3216
5118
-576
-9479
-5373
-9344
2282
6726
-5370
-4731
-5908
-6535
715
-3732
-5561
6794
-4574
9560
-2082
5056
7419
-9187
-8595
8526
9326
6891
2404
4725
6890
-4835
-138
-5780
-5011
-6255
-6305
-5849
8024
-6805
9565
-6396
9531
3071
-4429
2834
6857
5838
3393
-3543
8447
3912
2311
-2464
4194
-81
7960
8207
-8970
8795
-566
530
7298
-2465
8622
-1909
2498
-726
5616
-9598
-2765
7761
2222
1950
1412
-9064
-9301
5657
-9727
1273
9689
-3670
-9307
-2192
7390
9116
4445
1313
257
9625
-9737
9024
-8049
8676
-3744
-4040
-9217
-4631
669
-3442
7735
-9678
879
7998
-8304
2629
4735
-417
3872
-1406
-3044
7726
479
6086
-9548
-4471
4948
577
2979
5825
7718
2277
4269
1719
3135
-878
3176
-8261
-5671
7316
-8829
3190
-1269
5479
-1881
-1120
-2391
1174
8268
-2204
-1333
-3535
-8438
5505
9355
-6385
-5385
-6930
72
-2470
8121
2392
6448
-4624
6214
-6239
8689
-8684
4418
-452
-8565
968
5959
-1641
-7137
-1549
-8313
-2084
-8607
-2792
2641
5921
8841
1454
6172
-8667
336
-1731
2490
-7071
-8022
-4893
-3380
-4533
-7176
4151
-4942
-9020
4412
-1151
-6554
2305
-2166
3824
-110
5102
-2305
-7210
7945
-5692
-9410
-4541
-832
4197
3868
8146
-8918
1121
-9963
-3712
8287
9902
4337
7539
2208
5309
8989
-5014
-9414
-7582
7503
-7141
-9275
4058
2725
5339
-1836
1318
9264
-7098
9851
3350
4200
3569
-2965
-9682
5929
4140
9994
8302
8219
7725
-6039
6605
-5550
-1676
-2887
-4810
-3454
9019
-8228
-1611
-32
-3626
3822
6723
9615
-5501
3272
2753
-1472
-9405
9329
3370
-7267
-576
-8826
-321
7418
-8601
-3525
-7408
-3807
4394
-3167
-3203
-1213
4795
-6618
8026
4278
4583
3993
-5762
221
8583
-1836
8486
4830
5945
9278
-1580
4649
2613
-4782
-5832
945
1244
2708
865
-5551
-2866
-1616
-9354
3592
2104
6049
-3995
4267
-9057
-2631
-1569
5681
335
-8462
-6166
8838
1524
-1981
-4837
6452
4025
-1559
5530
2188
6643
1808
7221
9823
1488
-496
9084
-5989
7047
-3072
5994
-30
5782
-8688
-8944
8654
6425
2125
-2507
-8646
-7016
7083
3791
-2297
6668
1441
4983
6300
-9940
4223
662
9110
-1493
2415
-854
-8894
-8971
8317
8432
8789
-8249
4631
9310
-9586
9393
5655
3198
7028
7986
-1550
-6394
-6249
-7123
-3007
-4827
8481
7097
5974
9434
-155
-4299
-8071
-9726
5466
4994
-642
2274
-8581
7298
6189
3766
5936
-3229
-4108
1290
-6327
1069
3607
4125
-6129
7837
8017
2275
-6952
2861
-2440
-6501
-1625
9628
5465
5973
-2303
-3863
3610
5745
2597
3089
3511
-4171
8054
1213
-1146
-9495
7049
-7221
7648
-3799
2162
1013
-1323
-5446
1486
-7186
6975
-7736
-163
-5436
-3038
7340
-471
-7453
5536
-4527
-4258
8390
8667
-6354
-3466
7840
-4789
-609
7424
4510
6017
1040
-9776
1808
-2419
-5735
-1253
7453
-31
-5282
1009
-7696
3200
-1113
-7686
3635
1874
-4292
-4029
-1123
6046
-2807
6984
-869
-3125
-787
-5023
-3866
-745
2351
3419
-9561
-8182
-7542
-5515
-1539
-3446
-3845
-6816
-389
-5245
2356
-6319
1938
-1286
7139
9722
-6471
6471
3998
-4459
9813
-3299
-5148
1422
-4955
259
-6554
-7348
-8916
137
-6094
-6917
-6887
5915
-4387
2850
-15
3800
-4370
3043
-3357
-7583
-876
-610
1576
5204
-9996
-2100
-5231
-845
8480
6807
-282
-2663
-3798
1982
1292
-1955
7459
-2657
-628
9512
302
4525
-1039
-7638
6693
9613
-451
-9630
-6127
-7396
8557
-8878
3792
-448
3311
-7981
9215
5798
-5991
-7040
61
4221
350
-8085
4185
-7615
-9767
8477
-2650
-8683
128
9599
-8887
-6282
679
-2781
-3769
4507
3302
-4142
-3467
-6236
6405
-2998
-1056
-3853
-8127
-1340
-9321
-304
2880
-6413
-105
-7301
-1432
-8735
8744
-3587
-1118
-9306
-7474
-6854
-9783
-139
-9793
-4747
2069
42
-8182
6929
-8319
7659
-9307
4791
-5978
580
-9054
-627
-9546
32
-2970
-3920
7410
-3900
2131
-5063
3611
2365
8734
-557
-7426
-7151
4118
5047
-5963
9846
-6956
-3321
9450
-6924
-893
-4645
7055
-8128
1755
7836
-7251
2478
-5826
1347
-4085
-3590
7879
-8315
-7833
-3156
6221
-5304
8181
-4570
9962
2634
7325
227
8551
4393
720
-6827
534
-9469
-6636
-1279
-9349
8829
-666
-8402
8773
-3489
-7330
1322
-904
-3518
5522
-8338
-2006
5741
-5508
-3721
-2392
-2171
1629
-9716
-9423
9982
4505
-4091
2829
4868
1420
-3349
8003
-1449
-5428
6756
-4128
4591
4959
6782
-4312
-3656
-9570
507
7408
4263
2931
7225
1898
1169
4230
4638
-6519
7679
-2574
425
4018
-6112
3940
-6457
-33
-9266
2944
-6080
-8900
-7201
-6052
-4614
-8119
8417
8854
-4108
1882
-9815
8823
3913
830
-7246
7346
370
7466
9853
-5532
181
-9470
-5252
-1595
-9149
-5006
8506
708
9831
4462
9029
-3251
-933
-1302
7723
-2510
1190
-1625
1797
-2948
5155
-2364
-5386
6277
2019
-5493
-4950
3020
5526
-1165
-8732
2750
4157
-1954
1875
-5512
-8690
-9645
-9271
-8018
1024
-2535
-3393
-4048
6613
-7551
-6812
-2601
-8715
-2867
4757
-7798
5823
334
6419
2316
6652
2869
4300
-1904
6271
-3853
-6806
2867
6357
5134
-4146
-7267
3439
7412
9956
-9230
4872
1922
4723
2665
6966
-6149
8904
4772
769
-8021
3227
7282
-604
-7983
6983
3233
7419
-595
8829
-7404
4389
-3318
8756
-9053
-151
1566
-251
3672
4723
-2831
6030
4931
1669
-4228
-7933
2897
9827
5377
-1215
9059
-7803
1
-4971
2318
-3103
-3062
-2148
392
3881
5036
5408
1715
-3498
-8829
3683
-1557
-5032
-1714
884
-7346
-8810
-5199
6599
953
5556
1230
-8884
-2043
5086
9839
5370
-1958
6592
6419
-713
-274
-7414
5884
7774
1902
8084
-3426
4457
-1613
2033
716
8223
3113
-4438
6812
-927
3768
-6990
7503
-3082
-2875
9400
7351
8560
2827
2126
-1862
807
-8375
1040
5476
3187
-6112
-4455
6356
-3382
339
-725
83
8998
-1213
700
9783
-4519
-3702
-151
-5057
-8514
4243
-847
-3734
-488
2916
-1711
7240
9163
1312
-4761
-6966
-5612
4941
-1157
-8346
5876
6787
6853
-414
5629
-3378
-2735
-7504
-2132
5292
-2124
2031
-7544
2391
-8718
9562
-7825
4725
-5107
-105
7539
5969
3436
-7320
-4614
3157
-7338
3988
-4068
-7797
7342
-6850
-4102
-712
-4817
-3747
-5656
9023
-5704
2541
6246
9287
-2351
-8809
1912
-9425
9318
8254
-8854
2324
-8837
9153
-4521
6397
3799
-3295
6044
-3518
-6104
3612
-6285
-5381
4974
4390
4503
4050
-9409
-904
-597
6702
6850
7988
6604
3744
-2072
5331
8710
-6020
6493
4536
4037
9262
-3567
-7531
-2375
-3395
-7928
5191
3121
2872
6265
4679
9735
5145
-2572
-9370
-2032
4742
9802
-4887
-4316
-3259
-4700
633
2611
-9182
-9892
-796
6262
-853
-2511
1453
-1254
-5221
9845
1382
4108
2443
9658
8411
7872
8069
2872
-5720
1948
1020
338
-5213
9103
5819
2056
-6892
-2835
-6997
5669
5028
-3956
1324
-6324
8068
7413
-9224
-4762
-2659
-3158
-2954
-6984
-2695
5404
572
1399
-5177
-3727
-4211
2069
-4433
7349
-3933
-689
-7666
6121
-3918
5233
4331
5661
-4963
2854
5393
5181
9769
-318
-1420
-3303
6366
-5204
486
-3612
-1949
8441
-9712
3186
6949
1314
-5692
-6724
-6903
-9066
4233
8601
5054
-9567
-1015
3055
4709
-9109
-8487
-2245
-3028
-5429
940
7412
9531
3165
5439
1939
-9359
7564
1928
-8307
-7856
9559
7471
-9767
-4077
-7105
245
3472
8687
-5718
3522
2556
-2462
-2637
898
-4027
3286
-2802
-7756
-9581
-9271
-2352
-4483
5876
-1336
-5568
-7934
-1017
5076
-4151
-4879
2772
-2273
8788
93
5934
-5922
719
136
5077
2159
1488
9830
6740
-9559
8547
-720
7896
4077
-9342
-6468
2198
-3893
6599
3897
1099
-5836
3985
-23
-1489
4309
6207
-4300
-2528
-883
-2345
9459
-9144
298
-3496
6569
-3043
7927
7182
-1827
-8256
4895
-1801
-9889
5326
-1812
1065
-9609
-5510
-6351
-7396
247
9769
903
-8612
-8649
8200
-2429
5440
1545
-8295
-4590
890
-7984
526
1078
-46
114
2998
-9208
-5276
-2358
-5730
-41
-6953
-785
-8833
3872
3420
-7078
-8047
-6516
-4164
5693
4530
-1293
-9170
-8048
-9817
6706
9112
1686
2563
1690
500
4773
-7214
-4365
3788
8825
-1315
-3269
2011
4764
-9992
3022
7761
6278
-4003
-762
-8076
-1852
-5543
7805
5765
1984
9614
-1397
1191
1650
-9122
-9533
6566
-5769
-4833
-7725
4084
378
267
3236
-9974
2750
-610
4280
4491
-4279
1669
-230
-1588
-8362
-3360
-5699
-4067
8198
5706
5011
-7871
-1721
-3770
9759
-7886
1846
3116
5340
-4764
6547
-4576
5592
4688
9239
-1861
190
-2526
7524
620
7436
5264
-8429
-4855
-5671
-9676
-233
-5996
-1063
6373
-4694
2809
6911
-160
-980
-1293
-5944
4940
-1444
5004
-7082
4165
-3446
2960
-9106
7382
5575
-8682
-5120
1426
-2634
-9419
3150
2325
-8911
-6225
6046
4816
-5676
2922
-4659
2018
9942
9415
-3675
9112
-249
7828
3151
7473
5745
-8257
4938
-6073
2333
7537
-7022
7521
2544
-7292
-5359
-7411
5263
-5713
-5296
7190
-6142
-4881
-1250
-1837
-4391
-7151
7080
-6753
-9967
3998
-9950
-700
2001
-8610
-7740
-6460
1605
3224
225
-6301
2390
-5414
-2045
-5424
-716
-8794
-7871
8167
3723
-6220
-6333
-2074
1429
4561
-1369
-8358
8977
-4124
6511
2021
-7794
3730
7613
-8425
8453
-3923
2027
-8231
-9106
1457
-8192
-1168
-7902
8623
2670
-8544
8408
3912
3822
-6514
5028
-1638
-8325
-8944
9197
-22
-5698
-6378
-5219
7482
-6433
5167
669
-3424
5449
-539
-2736
-3865
5712
-1793
4233
4324
-9413
-8241
9723
-6998
9516
7791
-6482
-6951
-3674
-8397
3439
-9283
6822
7919
-8394
9683
5433
-9981
8221
-9709
-994
-179
-6568
6886
-7001
7475
-7469
-9936
-5191
-4479
4907
383
-8591
3528
4119
9566
-669
3289
6536
-9648
2909
9293
-2056
7844
-4218
-9522
1653
6981
9797
4294
3904
-8230
6101
-3826
2912
-978
-921
5493
2155
-3143
536
-2260
6871
-5081
5074
-9972
6655
-7466
-3326
-4275
-8297
-7055
7577
-8959
4550
-2379
8793
7580
-5542
-852
8359
7256
8902
6156
8634
3366
-3806
-470
-3563
8961
7
-2426
8066
2573
-3153
392
3181
-3269
-1419
2037
3406
5817
-8390
8479
-2492
1681
-6943
9175
8545
7565
-2740
5879
-7412
-1793
5428
3364
-9407
-6545
-642
-3713
6376
660
7955
-516
-6737
6447
-7064
-3589
-8069
-1953
-1388
-8198
-1882
4303
394
-1113
5762
9451
-4382
6371
-2976
-7637
-2260
-2977
-941
-8008
-193
-6213
5461
5186
-7439
9431
342
-2669
-8324
8392
7428
-3500
9555
2015
-8834
548
5092
4680
-3102
2447
-1880
-9915
-2992
5555
4362
-4375
-2751
-3889
-6720
-8396
2536
-800
-7124
8413
-1037
-9212
1688
-3452
3147
-3731
5930
-5041
-9829
-8227
3653
6290
-6693
-2131
-377
-3911
8969
341
-9539
-3963
8949
-8699
-9053
9912
-6418
-9243
-8766
3588
-8663
-6406
-7573
-5717
-6030
3020
552
871
6013
1854
6228
7023
-4036
-4103
1934
1557
3465
-4463
3233
5168
1051
-1897
-9527
-1127
-8563
-9072
-9502
8976
-7828
-9821
-3019
8657
79
7135
-892
-7329
408
-5303
6093
-5699
8358
-6083
2658
-37
6009
-3016
6528
-8055
-6606
-8327
-8245
2434
-1135
2445
533
-5110
-734
-9892
-8969
9782
-2039
792
9449
-1826
-9516
9319
-1358
8951
740
-627
3989
-2669
2314
1034
7215
-2776
-8613
-8894
-5889
5653
3392
-8884
1111
8444
834
-1023
-6066
7001
5152
-236
-6315
-2598
7308
1790
-9061
-1779
5063
-6340
4261
5637
-4701
1029
-6983
5355
4950
3045
-2284
-7720
5176
-1567
5225
7920
9020
-1153
-3401
331
-2667
1601
-1606
2421
-2728
1398
1009
7788
-6146
-1346
8563
-2480
-3122
1569
-1246
8734
4676
-779
-5903
-8684
-393
-1281
3546
267
-9677
-2409
-3283
-5384
-6202
-525
-4907
6651
8812
-4675
-7183
-2483
4424
-1003
5669
9383
-9756
-5886
7645
-9309
7955
1834
-8885
-3778
7754
-7798
-872
3029
-6413
9500
-3265
2001
7053
-3191
-820
6490
3752
-4832
3815
1596
8440
5746
5892
-3858
-5374
6372
1921
-2483
-7267
1724
-1560
-8796
5715
2660
-2859
2605
-2697
-5596
9644
932
2996
2591
-2361
254
1541
14
578
-5121
-2155
-9799
5751
-7918
-5113
9678
8382
-7378
6046
8533
-7960
3962
-8513
6746
-1340
-4882
1120
6469
-4303
2616
1702
6525
3607
8203
5226
-5588
-2550
4196
-3099
1352
-407
6443
-8228
-4788
3842
3101
5483
-6071
2954
-2989
-5202
9474
-7760
-7423
5766
-5422
1562
1965
-6171
-9308
6354
-3301
6599
2776
-4269
9720
-559
-3734
-511
5073
1791
9463
2595
-3366
-7791
1650
-278
-9721
4716
6256
8230
-4139
-6014
1187
-1465
5001
-4216
2228
-8180
7740
799
3851
-2137
4419
5992
6055
2985
6908
1862
-5079
5692
5794
9567
4184
4229
-3329
9557
2522
-8265
1256
-8235
8923
-7201
5162
-4914
9269
-6658
347
-4507
-7006
3021
-3249
763
8016
-9770
-4409
6926
8159
4392
-238
-3591
-6626
4258
6945
-6096
4917
-3047
6180
4455
5340
8444
5911
2696
2063
-1496
-2999
-1962
8909
5411
-9852
-9914
-8769
-5105
-4760
6869
-1891
3744
-8081
1732
-1007
-7870
-5703
-5154
-3220
-5790
8529
-5360
7633
-5117
8743
-3404
5334
7183
-8805
-4051
-6572
-6065
-9295
-3711
4815
-4673
-6005
-3689
-6598
-9996
-7448
7789
8778
-6888
1622
1318
1201
5238
9745
236
-9068
1164
4884
5130
8281
-332
-5878
1166
-8693
7172
932
-8297
3837
6498
2403
-8960
7140
-4539
-8398
4622
9487
5790
7575
-9975
5670
403
4411
-2790
-1034
-7350
9190
-7995
-5695
-4730
-5495
7857
208
-7602
5920
-7096
-3227
-6866
-1985
-4802
8964
977
9430
4724
-1566
-5146
-2243
-8782
2395
3363
6869
8613
4130
-9199
261
8558
4378
-2045
-1432
4798
1592
8536
3418
836
-2590
-2724
-1873
-3372
9341
-6813
9101
-2997
-9483
-6380
6185
1919
5967
-7571
1945
10000
4118
-723
4868
9152
2318
7438
-473
-4673
8804
-2133
5342
6439
2483
-3593
636
3012
-1966
5230
5456
-9990
2388
7322
-150
-287
-561
-4171
-5631
-9864
8651
-6011
1755
-5639
-5537
3729
-8428
-6017
1048
-7575
9737
158
-9538
740
7949
-886
-7941
6509
-1090
-1225
404
-1513
-7714
5318
6986
-2656
8219
8508
-4469
-1077
-4092
-6175
-2902
-8554
7477
-8327
-4171
-7684
-2223
-3311
8702
-5188
-3010
4018
-6454
5345
7556
-1789
-5652
-5670
-2480
-1786
8001
6976
-9432
-9332
9227
3468
1108
9374
4785
7427
-7047
6336
7969
-883
-6759
8543
-3674
6604
-8439
9041
466
-8642
1033
7128
20
-6319
2431
-8757
8717
-3030
-902
682
4405
-9098
-1762
7490
-9852
8268
-1315
-6311
8406
-4137
1368
7725
6959
4027
-7972
-4624
2457
8938
-5289
-5904
7120
-8613
-856
-1946
3301
-9658
-3466
-6729
-1226
7508
-4516
-3596
-8262
-4725
7972
-6485
-517
-7120
3784
9824
1135
3992
-7913
6451
-3524
3332
7146
-8413
4841
8399
-8097
5241
-9375
-9100
6373
-526
6332
1116
-6651
9439
-3358
-3806
6296
636
-7848
7069
-8838
-673
2936
7156
8889
-6429
7874
-1121
-9962
2686
9035
2366
3748
-4453
2819
-1340
-3953
793
1908
-6261
-3756
-7192
-1687
4096
-7058
18
-4516
-1740
984
316
2866
9934
3358
7937
-1662
-8088
-1805
-8460
-6498
5545
7695
-3835
982
3654
3710
9980
-9747
-9293
-8111
-5753
-8525
7669
-3940
6720
-6001
-2017
-304
-9723
-702
-6574
335
-3775
4161
-3801
-3862
7787
-275
-2714
-5325
2688
-4944
7774
5611
1296
-9965
2350
-6740
9839
-7845
-2107
828
889
-6911
-199
5153
-5958
7252
7259
4452
352
-8042
-9512
-8723
6195
-185
-5407
-8205
4891
-3802
-9086
9775
9482
-9066
6110
-1809
-4954
109
4874
-9274
1696
-5761
7189
-2711
-9614
5911
-6970
-126
-5524
-9954
-909
4786
8209
3571
1418
3180
-3024
-3458
1092
-6850
9221
-824
-4634
5450
-2159
1426
9792
2290
-1111
1921
-7486
2790
7165
4891
1420
4884
-5096
-8847
3845
-6582
5939
-4941
-9773
-4445
5099
-7582
6174
-3221
-6998
9372
2172
6547
-316
-3360
-6676
-4074
893
-252
3334
-8187
-1864
-3210
7363
5744
5443
-3620
-841
-9842
6665
-9609
9304
-8557
-7419
-113
1948
-1483
-3425
-2499
1707
-9794
1504
9222
-5919
9591
-4613
-5769
4887
4572
-2270
-993
-233
-1742
8505
8756
2594
-2365
6963
1458
296
8084
-9971
-2490
8105
-5175
-1866
-6407
-1966
7129
8944
-4702
8446
-3910
-506
3393
7327
-3748
-3166
8269
-832
3579
6460
4628
4777
8508
2882
-4885
-3743
-3059
-6669
-2311
-1467
-404
2919
-5794
-852
-8878
6718
8885
9682
-421
-9711
-5969
4502
1631
716
4383
6105
-6911
-8045
-5012
8392
-2988
7068
-1985
-2585
8196
939
329
-3664
-4348
-6727
-6970
-1808
-1462
6389
-5155
1463
7319
5484
8883
8939
6162
3219
-7309
-6447
-5963
8487
3311
-4813
-2012
2386
-3890
3988
532
4524
4131
2626
4764
5257
-7911
9653
-2329
-810
2562
-7195
6749
9656
-5514
-2088
7829
748
5998
6433
-9833
1854
9158
-720
9678
-7933
-3566
-637
-2799
-5859
4074
-8312
404
1029
4268
-5145
7910
-9961
-534
1592
-8575
-6285
-7845
1253
-6267
-2640
-2870
2838
3233
-1680
4524
6854
-6958
7051
8834
257
6497
5525
5801
-332
9967
8899
2024
-3190
9318
-6543
4172
377
-4631
-2341
-6320
1382
-5121
-4463
-3062
168
-8754
-9920
-7223
6195
-3123
-482
8768
3269
1026
8750
9114
9267
5174
734
-1954
-1117
8740
6776
-6887
-585
-3454
-5010
6526
4805
4305
2118
-7260
2430
-7263
-3781
-2853
1084
1994
6768
-3378
-6946
-4928
697
2549
1819
8673
-306
3582
3784
4360
-2428
-8995
-2807
-2790
-3036
1600
4868
6567
-9652
-6751
-9617
6408
-3621
-9432
-3893
-6253
-2022
-9333
6914
3120
8175
-7508
-739
463
6607
-7344
6735
-3012
8858
-9496
8077
-2118
6991
2704
6297
-9684
3044
4935
6767
2712
-3647
-6314
-3011
-6808
4930
-3016
320
4787
5044
-1402
-5529
4333
9211
-6671
-8518
23
-8762
3895
-8166
319
2139
-3161
6362
5616
-6554
3422
6328
-3150
5740
7464
6173
776
-1359
-2199
-610
-2435
1511
7075
-9489
8660
-4904
-731
-7982
627
-7381
1992
-3042
595
-125
5157
250
8792
-348
8564
-6963
-2266
2052
-7096
2082
-2280
2037
-775
-3138
-4744
-5505
-5499
-5457
3369
7123
4320
-989
-417
-8505
3354
5137
1675
-5084
-2113
-4440
8276
8970
2921
1931
3181
7658
9302
8066
-1507
7427
4892
-3919
1974
-7277
1954
-2219
9912
6302
-2524
-8968
4477
-2987
5833
1673
5977
-1801
9758
8013
1297
1644
-930
1613
-2084
9424
5796
-7355
8072
-6147
-1230
6996
-7350
6542
477
5584
6663
-7098
2492
6327
9572
-4615
8810
7470
-9473
4748
9561
4306
-9105
-5826
-7307
5575
-3180
-924
5998
1094
-3057
5965
-4357
-1009
4172
6231
-8311
-7384
-176
4089
2165
66
8333
153
-8511
-2885
-6152
-7112
4168
5892
8373
-5431
9934
7586
-2972
5696
-1099
2343
-8334
-785
5456
9391
-2930
-4737
9873
-5200
2390
-5847
-3739
3891
4102
-9954
-7287
2972
7974
7816
4344
1510
-2079
-3799
3720
5910
3559
8889
-8944
4705
6761
2348
1931
184
-6574
1721
-3106
4138
647
8503
7541
-5439
6590
4517
5041
-1018
-2016
9896
-9685
1771
-3874
657
7002
3231
6540
3755
-5297
-5217
8237
2493
-9294
4939
4784
-3623
2325
-127
-9419
7531
-1217
6159
-4719
-7360
3270
-4540
-4957
6626
2672
-9576
-3981
6002
-6627
4637
1300
3378
-7371
6122
5192
-254
-7144
9862
9684
2712
9096
-7569
-6946
-1528
-5358
8231
-632
4182
2468
5896
2741
3140
7503
-8709
-9395
-2167
-9844
5502
1646
1823
-7041
5168
1384
-2989
1517
5463
2121
2307
3774
8481
7361
7452
9983
2985
8565
8710
-6096
5530
-8615
9036
-4927
-509
-7530
298
-8645
468
-2103
8013
-7682
8226
-1377
-8932
2554
9556
1083
6272
-1010
9126
-4504
-2841
-4150
6171
-6072
2920
-63
-291
-1604
2815
632
-1515
-8345
-2482
-3710
9342
-5372
-2697
7219
2463
-407
2170
9140
6728
3467
-6770
-307
-6240
1844
6685
-855
722
-7977
-4007
-1863
4027
-1999
-2819
-3484
-8949
9571
164
-3117
64
2009
6265
-5323
8971
9907
4873
-6399
7077
-5918
2701
-2905
-1366
2799
-1871
7250
-3283
2356
3510
-4733
-5051
5393
7512
-2837
381
8639
9304
-7186
9
6225
-540
-193
4821
-5202
6889
7575
8601
-7585
-9094
2267
3107
-2599
4359
-2371
-1670
8836
3005
-5135
-7733
1254
-6616
1815
2420
-3009
994
-7795
1680
6391
6245
3347
-9595
404
-462
7399
-9031
5708
-5146
-4392
7739
3173
-6502
-7770
-2941
-6252
1643
3312
-7850
7143
-1462
-3012
-3976
970
-9916
287
3321
7852
-47
-2586
-5957
6454
4953
5912
7021
8134
7886
7265
8334
2447
8128
-5109
-9052
-5972
3043
884
-1180
5895
3414
1639
667
-1596
-598
-6852
9170
5864
-6931
-5506
3064
-1720
-4497
9492
-4750
-1338
-4546
-8471
-192
-5475
-654
6322
5058
8578
-5030
9870
1586
9034
-4935
-1927
-780
-1005
-1096
1023
2528
-419
8833
-7503
-4165
-223
-6613
-3015
8708
2741
-8903
4834
7364
-2396
-8167
-4274
8135
-6687
941
3010
2602
7112
7357
4706
-1112
3618
9284
3603
-8447
-8649
2690
9178
5689
-238
2444
-9235
-3592
-8627
-4511
2267
-739
-4897
9434
-3637
-2202
3901
6139
-7958
-4648
-9763
38
8571
-3286
-1811
9634
-9631
9954
-6476
-8297
4645
-8490
-7505
-5777
4399
1719
-3984
9246
495
6685
420
-4056
3693
2741
3923
-8856
1763
8465
5430
5689
-9943
2557
-3802
7837
-9892
2209
6854
-7905
-9154
-5690
-3076
6008
-9505
4148
8067
6980
3643
6458
8748
5297
4021
4027
5306
8815
5772
-8156
-1812
715
-7930
6043
-3091
4023
1896
1571
-8894
-1403
-8384
8647
2258
4704
3985
-8200
4886
-9472
-9450
-7659
-369
-1531
5830
-9229
-8406
7229
2635
3698
-6576
9338
6890
-7541
-3251
-8405
-3299
4606
-1952
9588
-4699
-6230
1219
-1906
-687
5160
-8289
-186
3166
5132
-7940
488
8628
146
-4264
6491
8041
-5516
4854
-5807
-5656
-7946
-8689
4566
-3610
4455
9402
2243
6539
1711
-4625
-1675
7266
-6478
-2518
6071
2350
-4335
-8028
-5136
-2368
2570
-3746
8412
4931
-631
-1853
-7164
-4888
-7584
-7853
1992
-4590
8298
241
1999
7715
-6254
-792
9322
5811
3725
-5931
-4344
8482
431
5363
-558
289
192
-3546
-2428
7796
-6016
7837
7676
-5396
291
2665
-2032
-1867
-1122
9512
-5582
-5071
6657
-2244
-3666
-1012
-6674
8381
6294
465
-6849
-3060
4021
5177
-1112
6279
-2493
7497
6213
1429
-6883
-6593
3212
6879
-438
858
3974
8222
8076
6864
-2836
4933
-4722
5139
2775
-9549
3263
1149
-1232
-1893
7754
-4994
-8987
5769
9273
-6011
-9089
-9631
3178
-1092
-3539
-3577
6083
4483
-1074
537
-7972
-8255
-6235
-1117
-4406
3476
7632
3445
1053
2070
-2955
-6380
2436
9105
-2915
9970
8772
-7333
4418
2893
-4229
2782
-59
-6487
-5600
344
-9180
-8215
-4867
1888
-8721
54
5879
9460
-5290
9421
-6667
3564
-9232
-7168
-673
-3208
-6985
-5422
2317
4838
-8090
6065
-8215
-4636
-124
-8910
5757
9689
395
-7932
-2627
-1153
2179
-3508
4029
-615
-6106
134
-8085
-978
6999
9470
7690
6824
6991
-3634
-2155
2775
7797
-838
4412
-4854
6809
-941
548
-9550
-3727
-450
-4544
7796
-9664
-6830
-673
-9389
-9135
6982
-9123
6749
-5197
8204
7283
-9528
-6717
-2688
9500
-7676
434
9931
2908
1991
-2251
-5773
7946
1326
-5615
2013
-968
-714
-9173
526
9061
-9724
-661
-3465
-4374
-4966
-9532
-6044
-2679
-1244
6280
1201
-4083
2451
-8813
-7143
4728
-5136
-3232
-4663
9812
-5978
8048
-6975
-5950
8156
-2634
-7467
4236
-2438
3267
-7054
-1088
-6270
-9695
5533
-8311
706
-7952
2477
9005
3454
-8467
8996
-6615
5043
3951
-6938
1372
5051
-9194
-4529
8288
-4895
9541
-3388
-8680
4830
-2445
-4473
7449
-7379
-3435
-9751
205
-6387
3254
4145
4496
-1757
-2926
259
7484
5911
-5326
-5965
4942
476
137
7635
5693
-1106
1184
-9591
2452
6113
-2614
-6962
4434
-9247
7007
-6322
5626
2782
-6668
-5729
-8704
9952
-6945
-7650
5770
-9196
-3983
-1932
8670
2553
-4750
1767
-526
-5322
-5815
6853
7844
7820
3597
-385
-5047
4975
-6908
-8793
2201
-6682
6446
-9613
-944
-3808
-6320
4671
-910
2205
7124
-3627
-2137
6811
-4898
-3311
7609
5241
-7491
-5967
5747
-1636
4931
-3942
-5850
4406
-2697
-7460
-1849
-1820
1342
6793
2834
-770
-8798
-4890
-4836
-7030
8076
3296
-977
-2743
-8375
-6472
-8237
-8387
5799
7617
3303
2806
-6054
4491
-6606
-5034
-1705
168
-3145
-2913
5881
-4214
-3511
3546
-7231
-3429
3371
9489
-3412
3614
-1181
-4379
6295
3064
-334
8610
115
-7609
-3559
-4641
-8956
-4952
8020
-3539
-2073
-7088
-3322
6635
4783
-1953
2
-3677
2202
3013
5585
-433
-7464
-3443
-1305
-7326
1789
-7603
3388
-1612
-5011
-2989
553
5677
6961
5102
-2343
239
8733
-1912
3203
-5206
-5084
5374
2304
-6930
6556
-6950
-4583
-5753
-933
1204
-3523
8284
-674
444
-384
734
4824
4901
2039
-1844
-2513
9243
5806
-7766
1847
1964
4597
-2020
3344
9415
3102
-6523
5440
6463
6467
-2264
-8207
-653
8979
-1156
4798
1569
1156
3841
2279
4010
-2909
7966
833
4986
6345
-4797
7190
-9119
-9495
934
6543
3955
540
-6270
6192
723
-8409
-6053
-8821
-155
-2852
2759
9860
8657
5047
4884
337
5582
2297
9963
-3866
930
-3474
-9263
5099
1173
5175
7737
5223
9506
-3356
2084
-9022
-7888
2243
-2894
3956
2131
-715
5078
-987
-3754
-7747
-1403
8768
9628
-8199
2082
-3225
2149
-7278
3465
6080
-4017
1342
6620
3101
8648
-7186
2512
-6882
-4060
1851
-9520
-503
6021
-1696
5609
-6348
-6105
-8561
-887
-998
-2207
5713
-8748
3320
4626
5643
5019
-7491
8682
-9929
-1631
209
-4365
9610
9576
-7053
5413
2969
182
-5109
-4778
-4119
-8258
-6342
-6457
-2914
6130
6067
1563
6400
-3331
9597
-5752
-9253
-2214
9753
1617
1624
1779
-2952
4846
6024
-3788
4040
-2330
8700
-1731
8155
4356
-7606
101
-1041
1175
-902
-410
1316
-9862
4978
-4369
-7746
-8125
-2089
-4639
4949
6288
3742
-9647
349
6464
3913
-5610
8613
2101
-2128
-7025
-5194
2826
7112
-5661
4953
-1643
7146
-1188
-7523
-1097
-7957
-4001
-8075
286
-956
-8384
1334
5108
-4375
6574
8962
558
-1524
-1447
5188
5939
-8346
3225
8698
-1496
7299
-1665
-9323
-390
6770
-6093
1992
7082
-4156
4376
-3461
2841
-9702
-7628
-9254
-1863
-4549
-7484
5214
2919
-8774
8851
3840
-2903
9750
-1045
7908
2518
7306
4818
-4420
5931
-5633
259
6235
4377
-834
8949
6305
5495
-5851
4949
5912
1660
-3280
-3700
1041
9497
5703
57
5098
1262
8849
7490
9395
-2006
-8618
7090
-3717
-3913
3928
7596
2068
-463
-5020
-6757
9467
4409
-6326
-4739
1688
4663
-4060
-1346
1218
-2816
8654
-3177
-6051
1855
-7987
-8338
1586
-5654
-8886
-3909
5776
-2257
-7296
-5916
-5944
-4852
-7488
9874
198
1244
-3611
-6552
-1538
3523
3843
-1257
-7252
-5450
-2301
-8559
-8619
1094
-1801
3447
5231
6770
-7309
-4697
7233
5011
8908
-9988
9250
-2571
7933
9503
7695
7928
2278
2291
-1422
784
2988
7032
-1612
2343
-7667
4245
-3772
4856
-7554
-2333
6170
8118
-566
2912
2700
-7369
6515
-2917
-126
-9187
7409
-3484
-9329
-8896
256
8823
861
8335
-463
9575
-2897
2744
619
3532
1323
3721
3144
-1815
-5137
-6264
3690
5774
-8072
-9220
-9456
8268
-5572
-3916
5571
-2029
9896
-1490
1570
-366
8132
9759
8573
7298
5420
6261
-1295
-5065
3587
2473
8239
991
-5845
6192
2311
3588
2837
3328
1352
-2411
-5872
-721
5460
326
1296
-7698
1621
-2254
6141
-176
-7121
7696
3561
7416
-6473
-3285
3921
-8909
-4992
-8599
2589
5039
3375
7737
2490
210
1227
4520
5434
5723
-7039
8407
-8669
1542
3396
5737
5949
-2525
-2824
8169
-9678
3785
9219
2348
-3689
-3791
9936
5668
-9376
7509
1804
-188
-921
8264
1816
5452
1593
4100
-2467
1492
4818
7622
29
-9327
8114
-1083
8043
5167
-7689
4747
-8837
6136
4777
2467
1682
140
-2813
5065
-9616
-4884
-9852
178
1915
4881
-4934
2643
6173
6870
-8260
-6951
-5289
8738
1070
7395
3745
9678
69
5682
-7008
6353
9806
7989
-483
7774
5684
-9038
9709
2855
8783
8363
4079
3858
-6802
8164
-7461
6312
8741
-2437
-3148
-1309
-7561
1030
3230
-5161
-9059
-7029
-5463
7456
8570
2008
7840
-8641
5370
-8268
2162
2008
2411
8950
-1421
-335
4424
-3321
1701
-3999
8276
9780
-5558
7890
-1619
-9993
-4202
-583
-6679
-2591
6746
-1172
9817
7611
-592
-7792
8209
7138
6312
8032
-6636
-6289
-1915
4377
-3456
2095
-3523
8887
7820
-3702
8125
5038
-465
2312
-2912
2210
-7772
2084
2016
4970
-9984
-9188
-815
4185
9450
-1398
-4791
1181
-2280
-7398
1526
-6602
-7824
-3137
-2336
2893
-8162
-593
-827
8062
-6121
-3129
3768
-2232
-2486
-3221
5920
-5122
-3171
-6281
540
661
-2725
4702
-3054
-1344
-6114
8463
532
3560
-164
-8127
9406
5245
7530
-2657
3983
-9455
4099
-9378
6550
3446
153
438
-460
-5982
5678
2358
1915
-5041
3423
-6480
8300
-1703
-3421
-7037
8037
-7934
8348
7502
1777
1786
-769
-6574
-9612
403
-4389
3348
6652
7447
3380
-9772
6571
-158
-1155
-6816
-1721
5120
-2377
-3844
-8951
9780
-1287
-1065
6894
-9600
2769
-5868
-5849
3431
7455
-4890
2135
-1700
2035
-5524
-1100
-318
-4567
-1368
7346
268
6241
8983
8072
3678
8540
2152
4543
1356
4428
642
-7509
957
-7391
1080
8433
-8079
60
3343
-312
-5796
-2839
1491
-4122
7413
7019
-1254
-8929
-3066
-4555
-4302
5272
3915
8737
-9933
-7344
7488
4392
-5454
-1071
-2258
596
6610
-7524
7506
-6482
-3366
-8748
5114
8101
-4720
-610
-9542
-9401
661
7397
-1594
-2551
9590
6599
5914
3459
3198
8505
-8426
4692
-6773
153
3683
-785
6397
-6197
-9667
-9238
2493
6088
-3072
2240
1855
-9010
-3768
-3121
-271
2230
6217
-6487
8077
1825
8565
-2798
-8709
-2049
8974
-7631
8381
-7289
-6742
-4491
1214
-7334
5756
-362
1131
-2202
-3885
-9239
6309
-7518
-6463
-7086
-6666
9760
-5448
-583
7753
-1901
-5444
-4936
-8872
5197
-5807
8601
-8242
786
1083
-6461
6820
5537
-9930
-4892
1519
-6737
-8746
-9494
8221
-7210
8746
9057
-4700
-1251
-5738
5182
-8064
-134
-1031
-1057
-4298
3971
-8894
7529
-3434
-9142
-7745
1619
3252
2716
-5676
2316
8810
-4567
-402
-8992
-7304
-810
4661
-553
-7158
-5969
-2474
-571
-1653
-4114
-1106
-3231
7782
7991
-4504
-2743
938
-3268
-500
5124
-5841
8181
-6778
-4367
1867
-3851
9185
-5971
1664
-9343
-9162
3744
4956
-9573
3428
8449
9219
-8617
9467
-7753
2753
2804
6301
7162
-1630
64
-2555
607
8751
-1093
-9545
-3024
-733
-1170
-7904
-596
5636
-5134
2898
-6728
7381
-8213
-4994
2654
5925
-3276
-4057
-6021
-9658
-9469
3225
-1434
-5053
-452
9535
9329
4862
-7623
-9443
169
3168
-652
8186
4798
8727
607
-8669
-3290
9441
-9523
9188
277
2413
5085
3308
7010
4364
3327
-3262
2738
7152
-9924
1605
-9069
-9344
-5069
5258
5722
1524
2182
2700
4912
590
4020
-5462
-5075
3791
4696
-6622
-969
1469
3796
1004
2190
6897
-7434
5272
9368
8935
-7605
-9105
9532
-1963
3756
8605
-3695
-797
-2464
-5040
-6689
-2584
-6848
3150
9369
368
9433
5070
-2467
6903
6507
7303
-8040
3515
2175
1453
-5248
7839
-4497
-5381
3292
1767
6193
-4564
-7116
-5888
3868
7221
-1636
7177
1687
5777
3362
3135
4161
-313
9462
-5052
3852
4489
-3655
9022
-157
8407
5197
-7650
-5013
-7494
7618
9823
-4304
5582
7667
3789
4255
6071
-7309
-9979
-1125
9206
-7853
-679
-9724
-4262
-4186
-571
-3256
166
9999
-8747
-761
6610
1035
7619
-5037
-5009
-5738
6514
2258
8810
-5525
-8077
5638
3155
-3056
-3459
-4174
644
-5485
7736
-9177
9834
2993
-6819
-8664
-6738
-7519
-5296
6896
8726
-3714
-1475
-2811
7684
3759
9745
-6943
-7386
4682
-2650
977
-3701
8712
4726
-7224
-7122
2355
935
8391
-4556
485
4726
-906
1176
-3215
-6693
3875
-1303
-7690
-400
-3082
7790
-6935
4442
9472
2821
-4286
9061
3222
-2067
-9570
9536
6350
-1570
6903
-890
4742
-223
8395
5698
4824
6412
-2801
2588
4350
-2519
-7891
-3577
-3627
-2432
-9773
3843
-8528
4174
9110
8100
7829
1326
-9119
-248
-7811
3831
449
5735
-5714
7790
8653
-6154
-1768
6900
6836
-1493
5535
3904
8425
3530
7835
7316
5466
9605
1865
-2688
2992
-6224
-7868
-59
4272
-8618
4612
2517
-7232
7194
1730
7727
-6762
9560
-9392
5388
2450
6385
8716
-9238
-1256
-8079
6100
4487
3483
273
6283
4347
4926
-3776
375
-368
-2697
-6664
-8776
9455
3290
5853
6109
-8185
-9447
3334
4237
-7105
-9844
5886
-6068
2846
-5494
9181
7113
-3108
3937
6431
9440
-6073
-440
4856
4171
-3797
-508
-2413
9277
-7037
5530
255
-5752
-7933
-6279
412
-407
-5474
8109
-9342
3674
6708
4798
-8041
7880
-5232
2565
5835
-434
-633
-6258
1180
-3204
-8037
806
-7173
-7668
7226
-6698
-4874
-544
9366
1106
80
9638
2447
1151
8262
5996
5232
1279
1376
-9197
-1842
6798
1225
2666
-6467
-299
-2578
8810
-6859
-487
-6485
1850
3618
8796
2980
-396
4234
-4778
6782
4168
-1324
5948
-4266
-1667
-9602
8224
7002
6100
4557
2739
-6595
2251
-8949
6733
8473
-8992
-8709
-9918
5540
5750
-6085
-3617
8265
2398
5989
7813
-4846
4973
-3624
-9417
-8060
3506
-9712
4132
-7247
2198
6768
3120
5023
7958
-9579
135
2781
-3267
5352
-545
4200
-5055
-9062
-7605
-2846
-6601
8931
-4170
-9476
-1637
-8879
2556
9262
8476
4208
-5037
-4557
-9952
9984
6950
6998
-5008
4601
-5832
-366
5309
4989
-6858
-2167
-6934
7485
5857
-9641
-1170
2110
-6872
-7483
-7325
-5298
9473
3909
-948
-5654
2447
-2607
-4695
-8764
2820
-3934
304
-5614
-869
6449
-1637
-7449
8766
5013
-2040
-6679
-2938
-5120
-5612
-7174
8920
-1371
3912
6308
5163
6124
6991
594
4433
-6554
-8730
-1944
5425
-3612
5158
6491
-6384
-1083
-877
-8502
-8138
-5982
-4730
5607
7827
1368
8865
-9369
9815
-6024
-3140
-9431
-7917
238
-2710
6012
1516
-7080
-5773
-3287
-5365
4311
5509
-1824
-2802
4009
8174
1191
9687
-1804
4242
208
-6869
-7
-8962
-3760
1886
3381
9699
7602
-2035
-9547
5968
1578
2853
-8246
-3
-4532
8855
2807
-1298
7090
-44
-4590
5909
-1915
-1461
-927
-663
-4460
-318
4018
2918
-3077
-3683
-9390
9348
1002
-6855
-9667
6089
-6445
4036
7972
-423
4895
-2580
-587
3004
4171
-8107
692
-1073
-4748
9723
-5883
-7398
7838
-4098
-7005
-5299
2921
682
-1565
-6664
9271
-8950
9356
-2161
3690
-4061
-6571
-6065
-728
8482
-6294
-7614
-6186
9390
-6692
5645
-153
-211
-665
9112
-7952
-4619
-8896
1971
-7775
7854
4998
9437
6802
5337
-5514
-3179
6939
-6390
-7261
972
-30
3011
5229
4312
-43
3750
2949
5039
5410
-5448
-1164
8798
-7413
-8049
3056
9230
-8088
-9180
9814
6801
-9938
-905
-2648
-9602
3910
-7344
-7654
-428
5311
-8830
-1506
4188
-9475
1793
2015
9895
-4801
9263
-4443
8286
-3119
-7337
1476
-8031
3468
6504
1522
-8870
-3134
2055
6574
2148
103
6939
3499
-2844
-4599
1495
-6437
6586
7716
1093
2442
8736
3312
-3316
891
-1050
187
-6886
-376
-514
518
-316
5544
-4517
9739
9789
-3339
7400
-7611
1159
-795
9762
-8749
4102
-2637
-1682
4792
-7923
4701
3150
-8287
2464
2136
-450
6912
9654
7893
8100
-2808
-5777
6750
-1000
8310
4273
-5500
7805
-5685
5494
2503
-5001
3026
9317
-6781
-2603
-5137
5174
-8469
3630
2524
-4615
4182
2819
-2945
-1435
4161
-6213
-7460
7819
4662
4441
2380
5935
-3489
7182
-149
3712
1289
-1246
-354
-7678
-3424
6359
-5959
-5910
1853
-6292
7322
-4388
5973
-9717
-5558
-2647
-4746
9607
-9161
6706
1440
1523
-7091
2771
-9552
2999
4314
4091
-7340
-4079
-249
1435
67
3531
-3261
-4473
5487
9709
-4486
-6529
-2462
-4629
9727
7265
-1482
3404
-5922
9890
-1184
4238
4338
7181
-8332
-6421
-1513
2182
-9243
4599
-3984
-3762
-5591
-6723
-7992
-4658
-1067
-2589
-6532
-3480
-5419
-858
6782
2195
9737
4339
4264
9054
-6149
7211
-5946
-8773
-2708
7712
-6276
-7410
-8112
-5564
-415
1332
-3475
-3244
-3293
-9974
7942
-3998
-3790
-4686
4831
9516
5197
6044
5932
-4585
-9378
-8788
1776
5010
2023
-2040
3038
-6861
685
-1135
-3725
3751
6349
-3799
-7476
5831
-6659
7816
5007
-9870
2089
6647
7852
7261
9399
9716
7210
7645
-3864
8067
4921
9566
7195
-8905
7129
8009
745
-49
3984
137
-100
-666
-107
4750
5114
-3597
-4423
3868
-2239
-8300
9170
8996
-835
-2147
-3666
-6261
6448
-5442
4881
4098
-355
2529
-6927
-4829
3890
-2207
-6915
8448
-9091
-2820
9995
-7214
-2275
-7997
-4972
-4257
6697
5636
-7287
-4370
5463
-306
9986
-6162
-6480
4364
-9695
-6504
2132
9085
7313
7102
5714
3355
8530
-7907
1877
7300
3435
3615
1811
1476
4161
8233
5513
6098
-1834
2674
-9178
-3232
-9547
-4881
4814
7416
-1686
4748
5411
-673
1540
84
-9637
8384
6200
-7645
6327
-4564
9532
-924
-88
-7254
1912
3813
2124
531
3436
5002
2306
5595
-5002
4452
-4931
5355
-1914
7538
9042
9576
-1592
4770
-2068
-7416
6977
-5989
6570
-3729
-7560
-8011
-5520
3427
3504
8070
982
1030
-1093
-7191
-1813
4184
1294
-1655
-9158
8091
-8082
2345
-4390
2473
-1014
-9160
-9788
8885
-6632
-8624
2600
-824
-4353
-5392
-3716
71
-8277
-7525
6817
-3216
6010
-7815
6005
-7479
177
-1155
3759
-9442
-2149
-4127
9888
9113
7314
-1817
6213
6104
3162
-7892
9767
-3359
6210
-478
4811
-2578
-2124
-1373
-9500
4782
-1990
4805
1153
-5993
-9811
8379
-6125
3824
497
3891
-4845
-3212
-3937
-1218
7152
7625
-9723
941
-8353
-2276
4725
8359
-923
3548
-8481
-5549
7166
-7848
7442
7542
-3038
-4941
-4784
1036
-9597
-7989
-6276
7635
-5596
-1848
-7627
-1209
520
-6029
-7981
-7013
-2508
-9796
-4941
-6159
1658
-3571
-2478
-9514
-9980
1105
671
8659
-8164
-4222
9022
8569
409
2980
1944
7544
-3634
-7965
-4353
-5450
-9336
432
-2737
3922
4108
5233
8237
-6753
-431
-6423
9121
537
-2989
-3880
8388
5163
-1959
7169
-2662
-3188
4932
3724
5145
-4277
-1802
2492
5063
3877
7583
8917
-7690
-3785
-2444
-7455
7956
-3561
-1457
7564
6605
-3916
-9675
9916
2523
-1990
-3915
-2644
-2281
1503
-6433
-1898
-5301
1424
5554
-7032
8746
9935
9200
-7310
-683
-5459
-573
3125
1505
-59
-5370
-1683
-4031
-4783
3146
-8006
7726
564
-8517
8767
4970
2932
-5178
-9390
-8845
5983
5512
-1929
-861
5019
-9979
-9882
8688
7983
-7484
3241
-4009
1833
1482
-478
-3347
7568
2160
-4075
-302
115
-947
2463
-5127
1356
1743
273
-3538
-4912
-2322
-3348
-7768
-1496
5911
7545
75
-1908
2950
2749
1795
456
770
-4188
1441
1637
-8502
-8477
1800
2904
-2772
4681
990
8329
-4285
431
-7177
8302
-4573
-5655
3179
3148
-982
-6891
-9811
9475
6938
-672
1933
9966
-5363
5687
-2326
640
-6478
557
-9256
1108
-473
1338
-6427
7912
9252
6179
-6219
930
9125
-5837
224
-1504
7122
5587
-1961
-8339
-7942
-6252
3511
-5814
-3418
604
-7906
-8718
-6605
9652
7516
-2653
-328
4906
6675
8711
-7253
-1206
5972
-8338
5191
509
-6013
7295
4438
4581
-7847
-2491
-2447
-8684
4429
-7115
-884
-1455
6241
-2255
6618
-7299
378
-4091
-8778
-7381
3340
979
5423
9863
6991
-3213
-8400
3329
-8658
-8299
3995
-4289
-9419
5428
-2448
-2332
-5233
3384
-1651
-4621
-1311
-6880
3005
8275
-817
3053
-1792
373
-2972
7560
-360
-5762
573
2745
2935
8331
3909
-7203
-1503
-6932
-8399
8636
5874
2659
-8387
5876
9404
-1157
-1817
-3798
6897
-6998
869
7097
7652
-169
-5880
-1975
4035
2085
-9427
-8348
4634
-528
9174
-8189
7907
8508
-2135
36
-6478
6369
-2521
6439
1316
-4469
8758
-8497
7806
8446
-5232
-9729
-9487
-8675
-7654
4850
-5746
-1907
-4375
1962
-8124
1248
-8547
8047
-6484
-5479
814
8732
-1740
1848
9168
-6704
6667
-6688
6818
-3289
-8647
2420
-5368
9069
6140
-7700
9002
9627
-4373
9557
-7542
-9352
-7417
5191
170
1632
4676
-3822
-2362
3656
7378
4224
-293
8957
8663
8587
-4348
-7255
-3065
3101
-4533
-2248
-5384
1692
-364
56
3877
-4280
2460
-2788
5184
-7184
-6060
-4819
8492
5131
-420
-5014
-9785
-7227
3099
-5220
1549
852
1335
9620
-4412
-8544
-5825
-8022
1262
-3779
9341
-1114
-7862
1069
978
1124
-4864
4400
9947
-2322
3121
8486
-8414
6596
5175
5621
7541
3390
-6796
4990
1152
5744
2095
1691
-6157
2916
903
8006
-6164
194
6793
1998
-1743
-1362
-5942
1069
-9396
6867
-1134
3453
9797
-1463
-3427
-1835
-2868
-8477
7533
-2909
4432
-488
-562
-7590
2802
-6147
-5195
-2480
-2934
9660
-4075
3888
6313
1140
-1643
5298
-883
8116
9201
-8833
4887
3052
-9351
-1636
-97
7523
3188
4256
-176
-3050
-3713
4806
4598
4772
6361
-4536
6762
-6825
-59
-6928
-9655
-8374
3555
1111
-3557
-8176
-2760
-7111
-3256
-3199
8955
-2224
-2068
-5501
-5970
7187
-2840
3232
5138
-9410
-4343
2497
3648
8944
2074
-4981
-9367
-3502
-632
-2829
5954
7927
7182
-961
-5687
-691
5806
1114
-2558
4769
5614
9056
-5331
1964
-5850
-3269
-1086
891
-7953
-7736
5111
-7576
-5154
-2427
-400
3285
875
8816
6557
-3121
-912
5817
3996
-1489
-695
-8287
1474
-5844
-6548
2550
3221
-2049
6382
7784
-2588
-2843
5636
8328
4704
5570
-634
-8140
6374
8727
338
-2364
880
3182
6939
1014
9164
-5590
-6236
7420
7243
8132
-7872
-7727
5794
-9834
-2631
-2821
-3001
-1569
1601
-3849
-9728
7723
9911
598
-4369
7088
8763
-8705
8209
8038
3773
-7626
8328
5959
-1158
-8557
-8353
4539
-2545
-3189
5440
7776
-9804
-7890
-1077
1639
-303
-4154
-9947
3832
-4253
2602
5009
818
5032
-878
-2564
5934
7502
5842
6452
8300
7996
-8126
-2451
433
-4041
-6736
-5338
-4971
-1367
8078
4105
-6680
31
413
-4276
-1031
-7508
-4592
3588
-5859
-2987
2496
-5060
7371
3580
-354
9076
3873
-257
5108
-738
-7537
-5259
-6957
6441
9373
-2866
4681
8405
-88
693
-3240
-658
2871
880
3627
8696
-4226
8262
-1602
1280
3076
2785
-7464
-1057
5965
-9508
-2272
-725
7796
2672
-7418
7263
8003
6153
771
6950
-9086
9933
-1468
-5375
6789
2892
8768
91
-5153
1501
4569
-7591
9058
-4986
5827
6860
8741
1385
3915
-8669
-6981
8937
-1562
9637
5459
1444
4209
-7346
-7614
-4077
8048
3352
2434
1796
-7691
9495
-2090
-7891
-8526
-2450
-3826
9818
-1537
3617
5409
-7695
8078
-7757
5432
8456
7378
-8601
6612
-5114
6219
631
-771
2028
5201
-3686
7089
7389
-493
8095
7968
-128
4624
2904
-8801
-7544
-1760
615
3819
-919
-9410
-9080
1468
-1213
-2001
8697
-70
-4170
-2846
-2968
5128
4068
-1378
9163
7739
-8641
5066
-4590
-3524
-5758
-6120
-9424
4450
4360
3672
8541
-4946
-7612
-1697
6724
-7413
746
-41
-7903
-9049
2431
2162
-7713
9069
-9357
-9596
-6186
-7466
-5003
-8900
-5898
-3381
8250
9710
7201
-5925
8456
7152
-74
4664
-2111
7234
9304
4176
-2528
-130
9904
4011
-5457
-721
1458
-435
7552
6341
2036
3261
8127
6151
3624
-8979
-7020
1076
-8431
2160
2697
-8818
7948
2273
1049
-4415
8351
-7415
-7120
6709
-8672
-1234
-9552
1263
-1435
-3873
5371
1413
6985
9738
1172
2263
5478
-3541
3308
6526
6100
6095
7356
3481
-4334
-9073
3769
6571
9951
-7397
-9346
-5724
7715
-3761
-1051
5709
-9498
-6710
9690
7112
-1720
-6372
-5024
-3274
9171
-4378
-4934
-1089
-6255
-4049
8293
7365
4285
-728
-143
4423
-9857
-9876
8563
-5141
-4118
4727
137
-475
9532
6510
8746
1311
8928
-298
-2953
-854
922
1470
1094
4469
-5773
-801
8614
7287
7603
8851
-9765
5846
-1562
-8235
-908
-1530
2937
-5606
-4462
5194
8159
3446
156
-3034
-8261
9202
5701
5083
2959
2275
-8677
1927
-5327
-9161
520
-9939
-6790
-8734
-5012
5464
-1038
-4621
8716
8137
-40
8778
-6564
644
-9422
-690
-6835
9497
5880
7332
-4470
-5341
-6549
-1042
8605
-287
-5477
-7436
-5695
5165
-4106
-4382
8737
6285
-4962
5346
-8570
-3739
-7580
-7991
-5684
508
-7565
-3106
2407
2555
4502
-4370
-5192
7080
6079
-7417
-3685
5953
2203
2928
-9917
5431
-6662
-454
4763
6459
1494
-6067
5740
-2116
-5423
1985
-8051
1071
-4277
8147
-2719
6811
5307
-1663
-2688
-122
-1736
-2142
-1212
5190
6820
396
9837
7007
1740
5677
4598
9570
3417
6353
3087
3031
-8622
3277
-656
2809
7640
-8585
-5412
563
5293
5281
6157
8223
3297
-3887
8805
-9577
2004
-3011
-8919
-5488
5837
-5384
-3521
1671
-9144
-3959
-7412
-6293
4973
8737
-5643
-650
1860
-6478
302
9185
8755
7284
-7103
-890
-9006
5781
-2948
-7131
9733
2991
8990
-9380
2533
-7073
-5486
-1466
-4957
2335
-1600
-6622
149
5058
-7492
8944
-5067
-2397
-1964
9915
1586
9844
501
6333
-235
285
7744
6413
5528
-2075
-7041
-5110
1744
-5644
4620
-9082
-6905
-6863
7383
1032
-8099
6140
653
-2328
-7861
404
2411
-7045
-4778
216
3980
407
4735
-1643
6240
-1469
3367
-5612
4056
4315
9547
5486
-1662
4386
4182
-8127
-444
-1192
9019
2847
975
7855
