9695
151 4482
679 666
385 2434
579 2714
94 1733
763 1074
720 2424
45 4995
895 2950
549 2542
927 3397
256 977
560 1654
641 3299
632 3479
102 2496
14 2383
172 3723
19 2498
194 3253
806 2060
37 3306
396 3882
97 1105
864 1772
62 2316
609 2714
975 556
737 3128
355 848
737 2899
926 1603
554 1960
912 3654
41 2378
449 217
495 2548
550 269
755 3707
378 3949
257 4891
551 1433
105 3073
688 3128
158 2899
464 4403
414 4811
598 4137
133 102
966 2843
804 2027
410 639
972 4055
676 3010
850 2897
583 338
756 495
985 2304
835 4760
491 4950
670 2148
596 1970
630 800
609 4124
917 4011
421 4827
295 1978
190 1696
942 1560
772 4532
292 926
176 980
780 1912
551 857
222 1355
509 631
743 2784
478 1281
398 4964
694 3565
317 1629
739 2261
799 2275
264 719
341 3154
592 2736
518 572
511 3565
528 994
33 5
714 4833
418 1802
239 4274
103 4679
550 3678
44 1820
547 3609
520 1291
573 4564
714 3786
719 417
868 3206
997 1630
441 3627
967 3148
442 819
832 2694
563 62
105 416
855 3617
492 3565
879 3974
779 2804
65 1246
3 2354
134 3857
940 3432
29 4972
851 2865
847 4143
680 997
250 1938
415 3466
368 3391
354 3227
937 4036
992 1757
785 3679
70 3404
992 2696
372 1002
525 1769
5 3423
743 3389
688 484
591 2766
768 4385
146 4567
655 1475
261 4059
789 14
837 957
238 4341
596 4803
537 1190
325 2997
984 1650
681 1878
779 723
395 1780
312 25
33 4811
948 1175
704 320
838 1303
293 1503
808 4578
491 441
439 251
78 797
755 4917
538 1950
856 4740
39 280
180 2242
343 3926
271 1606
415 4768
363 4578
353 1904
327 4884
96 2248
167 2717
653 1378
219 2318
212 3362
140 1796
854 1368
635 2004
237 2897
314 2851
589 841
566 1086
804 1143
472 441
928 1209
654 4353
468 1719
84 4237
669 4890
454 1555
934 206
361 4774
994 1011
242 3362
801 2831
56 2677
555 1378
549 3778
46 2669
762 624
230 3015
674 4712
218 3678
961 3988
610 3236
701 2600
797 93
262 1506
320 922
972 619
934 98
433 2785
543 2428
782 458
171 570
664 3886
60 4674
920 1331
978 1043
833 4597
67 863
831 1784
758 2437
428 347
474 2678
44 1404
608 1217
207 119
229 2618
454 4951
571 1335
209 2380
448 4611
661 1228
714 2552
24 2334
349 1636
512 3091
679 2036
866 1862
126 3284
174 2049
2 3514
609 1977
836 2922
242 4664
319 4847
217 4836
544 2750
793 1505
34 699
237 3502
280 2152
397 1276
830 4016
42 1048
587 4783
711 2109
241 1931
875 4432
367 3504
881 3954
532 1585
612 4732
901 2620
777 864
975 1108
992 2738
190 3053
74 1121
903 2171
777 4018
791 1701
424 4388
744 3575
439 990
575 4557
236 661
327 2240
951 4319
526 1403
538 4675
813 2628
536 3811
255 2108
728 3752
905 3385
423 3870
526 2571
144 2240
340 3872
529 1822
818 1696
641 831
662 4566
612 4974
142 2581
383 1475
931 2741
575 1416
394 2536
320 372
731 2158
891 3342
163 654
397 4793
553 85
274 3639
403 1309
38 659
585 3272
819 3210
537 2063
559 1822
516 3172
366 1656
865 1111
920 4982
592 952
666 901
160 1029
853 2942
8 2887
118 3247
284 4219
480 3865
542 313
440 4466
550 2123
82 557
727 1527
670 2942
964 3160
568 2702
960 3455
638 3404
877 3686
641 3409
634 23
386 4122
785 1653
852 3629
676 2878
791 3353
777 3455
304 791
517 2067
739 719
10 1741
60 3319
156 3781
111 332
825 907
53 3545
158 1612
178 278
995 4472
76 230
638 1431
194 222
169 1626
162 684
43 992
891 4765
268 3554
194 3376
94 1977
491 859
670 1090
374 45
2 2388
807 3081
920 218
560 1898
587 45
810 1780
204 3956
405 3717
4 3373
16 2444
43 2281
972 795
671 1621
805 2604
643 3774
440 3674
343 2021
952 1082
2 3448
700 1504
671 574
316 346
502 3505
997 3713
143 3801
321 1629
792 1214
515 182
167 1162
652 2897
917 2148
834 2379
452 2048
416 176
990 677
632 2918
157 1642
587 3441
532 3505
578 3850
886 3737
423 2286
846 403
328 477
61 3331
319 1640
50 4899
928 701
432 2749
728 3565
611 765
265 4329
875 4258
300 4781
766 3268
15 2582
483 472
333 3911
605 1401
529 4789
947 3316
251 2566
740 542
368 1165
189 1422
784 814
555 991
519 3283
245 1997
202 3347
978 3568
140 2469
501 3909
743 1981
605 1751
20 2818
641 4148
221 4794
818 4784
319 3868
647 2916
64 2595
812 2983
314 2706
957 2583
470 21
79 136
724 4038
564 1871
867 1643
541 2116
405 3275
238 129
95 4510
241 134
836 1246
985 2803
811 2879
928 2003
134 947
234 1299
359 247
469 1839
535 1412
237 1718
786 728
42 1479
957 1778
375 2591
380 4921
494 556
628 4757
177 620
777 2113
947 2753
419 2139
618 1531
692 1480
131 3133
936 2106
848 1764
514 2642
192 4577
708 3410
622 4161
379 4403
16 4351
16 2365
852 4623
258 4113
153 4585
452 4881
426 3697
471 730
259 2537
868 3813
400 261
278 4765
675 4401
966 4873
310 3485
132 4418
191 3012
366 3013
877 3754
994 3107
462 3246
474 2317
295 2840
147 4137
329 3656
293 1747
977 2120
810 1714
743 4693
58 3836
99 2147
498 3842
243 1337
957 4127
339 816
631 2422
304 4242
736 452
652 4696
201 559
72 1869
352 2677
338 564
300 43
742 2374
620 3431
859 1727
534 4825
343 1847
508 1160
193 2051
432 347
91 2269
783 4068
191 1978
63 746
123 2975
773 4289
539 4876
809 4471
241 4953
313 103
414 4881
235 2398
701 1676
4 2502
837 2503
938 3309
365 3676
704 927
7 3739
289 4620
53 3855
46 927
476 511
968 3188
118 4967
541 4841
720 871
85 4561
539 2782
778 2273
931 3306
241 644
227 4910
210 1294
371 4366
785 2434
964 4651
146 757
872 632
655 2095
156 1179
321 2744
245 4146
823 1679
735 1795
24 242
330 1746
509 3963
552 4562
63 2156
870 707
343 4425
491 4323
651 111
114 2121
828 1464
967 1808
449 650
827 3491
629 3735
832 1354
890 1561
200 2575
557 2812
820 1465
123 4277
257 2062
451 3325
301 4549
186 1593
998 3494
824 4324
613 879
262 2113
401 4672
809 2511
186 4747
766 3107
511 4803
492 2575
96 1821
51 2307
469 2591
25 1648
83 1064
673 1832
918 3851
942 2222
897 4960
190 143
491 1303
391 133
124 3990
387 4858
93 2196
946 4327
137 4683
127 3995
182 1716
242 1996
426 4328
188 4914
940 2563
28 3464
78 2827
50 2994
292 541
669 262
863 3511
596 3921
591 608
470 4748
169 3359
945 3580
500 2412
622 1880
847 4442
411 4289
678 2189
571 2063
516 2127
856 246
598 1671
635 2987
69 4296
390 2890
679 549
44 2024
787 1314
363 3467
683 668
363 1252
325 731
667 4861
927 1065
767 1830
22 693
796 4517
364 2608
702 2115
418 141
976 2354
955 3463
635 4047
353 914
728 37
576 4635
65 1679
302 868
231 170
363 555
640 3078
254 1322
935 2703
940 2818
355 1899
177 2795
684 4289
510 201
161 47
441 101
16 3372
788 4346
907 1328
640 984
10 817
407 4654
925 1382
997 1487
937 1207
298 3206
805 4700
110 1169
583 3604
651 4233
412 3722
337 3548
373 990
732 1862
418 3658
729 1793
127 1230
654 3605
986 4115
850 1036
605 451
138 3725
819 2891
403 761
12 876
473 4203
428 525
105 4716
520 3497
914 2899
826 800
55 4858
739 1326
885 1380
770 410
255 2970
721 1457
953 760
483 2797
420 1465
769 2373
124 420
688 462
974 590
779 580
175 3620
350 174
910 2497
210 1591
60 1832
801 3264
109 4434
300 3736
971 1689
474 654
119 197
93 3177
187 826
58 2173
880 2739
763 1925
340 1593
424 15
816 2754
136 2995
302 1486
477 4456
618 2217
714 4140
84 1529
669 196
156 3583
92 4093
729 2987
682 660
459 4789
203 662
946 4153
256 1720
409 767
970 309
896 2346
524 4689
434 1992
264 3301
181 1546
488 13
912 3458
3 3876
723 4202
648 904
159 1945
701 13
871 424
454 3519
239 3594
196 780
886 3176
939 70
990 1284
735 4212
535 1414
387 496
641 4513
990 2223
653 3355
627 2171
250 198
14 1382
262 1255
623 4644
559 953
309 4225
444 1380
738 137
115 2898
956 1299
290 4885
398 2432
413 3235
416 1025
92 2133
613 3525
336 507
336 2493
461 3656
144 1734
459 614
842 3762
663 4285
314 1916
489 2183
200 94
742 2363
981 4631
971 2186
584 3763
179 1728
485 3232
289 3549
122 174
416 3361
273 4773
466 4939
312 4472
176 4877
152 53
537 4819
396 679
652 4806
289 2502
406 872
992 3184
544 2499
392 2371
222 4434
531 1254
16 1562
940 3933
859 2776
642 4239
743 615
729 4881
164 413
96 3662
838 623
614 1144
982 79
22 3218
538 2317
890 4691
960 734
196 4539
774 2035
182 174
435 354
63 2963
333 2558
21 4952
304 285
180 515
529 2618
608 1450
678 4138
339 13
970 3263
144 4204
657 817
887 3265
118 4740
940 1142
608 2389
463 1217
855 4481
208 698
502 2865
808 4369
679 4484
187 1578
13 3906
646 2092
909 4946
11 3567
30 1594
243 4856
36 4792
647 516
958 1869
231 1769
361 832
818 4949
835 2149
126 3638
396 1284
883 3617
210 4800
642 293
292 4610
77 255
844 922
718 4718
797 2796
633 3856
535 1106
560 4546
629 2919
32 1946
438 3388
376 2739
9 3211
785 4664
21 2053
745 1064
645 1880
473 1359
891 3104
691 2521
188 1412
230 2577
16 4274
181 1372
955 2981
58 484
304 1708
677 758
288 1700
67 1243
316 4290
5 2314
464 2865
150 194
358 897
499 4808
466 2645
884 189
691 777
459 656
951 2350
348 2774
864 3859
336 1259
232 4814
495 1252
130 2588
579 1660
345 4462
60 277
481 4471
527 2372
680 1190
216 1958
529 4404
801 2648
51 1396
625 2651
611 4702
24 741
786 1027
722 1537
696 4288
129 3423
781 1888
552 4014
376 4054
326 4462
451 4871
384 3649
854 380
616 2952
922 2012
839 257
333 4586
209 4062
536 219
250 4817
820 3950
809 2071
229 1267
912 506
785 4343
413 270
2 1224
447 4055
837 3715
290 1102
897 4520
68 760
816 4595
212 1448
527 291
193 940
383 3252
428 285
567 858
42 744
317 2898
904 4415
470 925
632 1512
360 1053
74 4897
148 4846
53 4020
320 1920
435 4610
607 930
858 2727
906 3478
672 93
803 2791
689 3709
943 2313
408 2383
572 47
124 3563
996 3492
822 4359
206 4090
963 4069
133 4780
429 1395
18 2349
380 4657
917 2381
813 3492
610 1443
486 3097
806 335
407 589
321 2801
730 3723
936 1613
315 2986
29 414
593 227
517 3615
651 4598
801 3145
668 4013
821 2565
683 4321
497 3902
301 2041
817 1103
15 1647
139 1942
736 1932
856 4249
486 3218
245 2109
904 1516
59 1461
936 3720
898 1213
69 1654
356 893
249 4739
536 2931
636 1886
512 130
663 2743
890 3954
157 4103
384 3099
657 4389
905 61
368 122
469 662
768 3210
498 3349
993 1342
532 2933
831 3266
409 1816
61 4745
989 1573
750 1062
975 3624
753 4743
854 3105
716 660
833 1999
382 1309
334 366
571 13
688 598
887 1710
378 143
599 3000
72 1497
953 1017
120 3002
555 4391
450 662
465 3414
381 562
683 604
105 664
349 1024
608 3170
250 1247
840 4496
262 2533
2 3131
191 3821
449 144
507 1546
500 2590
749 3294
916 2239
953 2306
552 3948
1 4074
488 257
574 1492
361 1384
693 662
901 840
574 2660
556 4040
83 1376
236 2372
67 4815
172 4831
566 32
989 4861
278 4998
433 4643
92 4350
792 4990
231 456
429 737
322 2826
776 2996
654 1084
647 4343
251 4114
700 3186
858 2540
306 1569
932 274
145 4590
835 607
462 2082
981 4862
508 2198
577 571
396 3943
487 4061
745 3831
499 1146
271 4177
25 3478
75 855
66 3021
88 565
700 3536
643 2773
662 3954
132 3725
897 3299
838 3887
855 3302
707 2384
110 4380
815 4132
944 607
108 106
639 4172
145 4603
697 3130
492 2432
626 4647
136 353
239 1986
715 3901
73 4434
160 646
165 761
115 1169
779 166
233 4837
792 4535
75 2036
424 4139
136 2918
471 1447
194 4845
207 2569
54 112
749 2623
710 4883
66 2566
183 936
983 1514
247 4075
987 4602
865 741
866 4312
9 2971
374 3621
262 936
532 4732
26 2120
958 4315
947 221
811 4561
652 2030
332 4563
230 2566
171 939
909 868
67 4494
260 193
210 601
8 2867
13 2982
59 3623
398 3052
220 4443
793 3847
827 2677
889 1340
572 3619
500 67
322 3444
182 2646
775 945
897 4843
434 881
201 4322
889 3676
514 123
976 2103
749 2878
255 2343
923 4428
893 1058
605 2052
74 3584
297 3104
856 4788
402 905
23 4292
615 1723
291 1074
185 1321
221 1015
591 1780
985 1936
811 3998
802 2983
660 3802
152 97
59 1892
708 86
75 1836
161 3071
118 220
257 564
59 845
919 3918
150 2424
186 4067
867 1018
180 317
988 2705
871 4106
995 3418
351 1367
614 2006
836 2607
507 1614
753 2838
221 3243
923 3515
250 4698
912 4817
678 449
653 4822
118 1280
553 454
909 89
814 3464
772 3467
127 4483
139 3554
775 4933
608 97
814 202
967 444
151 1807
264 701
811 3314
202 1809
482 2092
497 1434
705 151
27 236
887 3080
258 4306
712 4476
643 3888
775 4007
842 2785
85 1345
983 280
494 4253
67 1742
996 4420
939 3886
356 3794
261 4725
637 1040
12 3203
208 2849
294 1869
846 2382
975 806
561 3381
167 1047
590 1867
841 3435
562 3791
909 3835
501 3781
508 2737
314 242
75 3380
703 4669
961 1029
41 534
120 1581
467 871
214 196
274 3216
993 2149
234 2097
301 1104
468 2035
208 2862
638 4136
564 1743
321 1985
355 3555
747 4079
193 4688
425 4028
246 350
17 2513
115 3802
53 1941
896 3384
113 4961
173 4975
457 4505
656 1682
47 2355
305 2916
675 1695
53 3338
750 1051
223 3520
276 643
11 3866
279 648
764 2383
797 1577
438 412
426 1112
920 1647
417 1292
9 6
542 4670
962 3041
618 1053
93 4349
492 648
442 1056
292 1297
562 1121
105 2868
948 2096
363 1177
380 592
643 1231
985 931
892 2689
264 2366
133 3869
350 191
27 2130
896 2579
488 1064
496 2874
623 434
559 2930
667 4678
741 426
75 602
106 4116
400 2119
904 4096
840 2391
666 4453
33 3759
234 1305
466 608
940 1696
140 2838
112 4991
729 4630
180 1190
166 3241
787 1602
415 1730
628 791
785 4158
498 2667
749 4464
959 1830
319 975
248 2492
967 1425
731 3400
325 1958
15 3193
323 3080
393 4573
296 2654
637 503
576 4923
15 4361
316 1091
221 4237
643 2883
429 4351
890 3514
462 4299
492 2192
46 1617
156 4192
820 3189
791 273
153 3894
573 2036
566 1094
51 648
402 2154
159 447
431 640
131 4549
893 2886
272 2310
12 2908
695 2147
485 1371
875 3017
758 4418
1 9
942 2778
300 1325
24 3147
120 1394
126 2340
269 699
62 2850
219 353
415 1985
468 4063
748 4117
364 936
997 2606
931 4467
525 3779
325 4428
55 2581
573 2278
800 1274
529 1683
517 397
214 359
919 4349
244 2453
478 2391
233 1806
109 50
804 4547
430 2616
439 3079
685 2317
972 1098
681 4598
679 287
28 3215
78 592
621 1514
270 533
423 3744
46 3040
896 1224
128 1352
68 1072
281 2119
401 2450
203 708
393 4252
54 4557
267 1403
857 2400
549 4270
566 1699
621 1406
378 2402
383 2517
395 1588
59 1639
157 1945
885 4835
16 2171
974 891
500 1237
799 3748
47 4638
281 4576
709 822
998 696
991 3689
299 2644
199 3231
949 4446
739 472
412 77
451 1466
592 1176
790 4867
855 4030
14 1199
748 1460
500 3573
500 1358
94 670
658 483
692 1528
451 419
919 295
349 142
982 4781
987 2873
686 1484
756 4438
54 2705
976 4441
899 2531
749 3230
403 2593
90 2362
136 2249
320 4810
67 2415
554 2762
32 1374
813 3925
381 4002
11 3008
897 886
191 4107
244 2950
335 4529
299 2657
8 4171
239 391
715 2306
169 4762
673 4524
365 4408
659 4626
45 791
265 3009
291 2015
521 4921
375 2652
588 1713
949 1197
331 101
48 3425
610 3165
474 1318
935 481
808 440
843 892
989 717
632 3826
305 3468
904 2070
246 4056
807 4352
504 2365
356 3433
827 3284
376 904
873 1710
514 1777
531 1192
634 4811
892 3120
214 3205
615 2088
492 1200
710 4806
309 3479
421 273
356 2736
24 48
10 1870
533 1911
273 2738
914 4986
570 975
986 1893
893 1665
370 1624
977 4288
701 2663
874 2554
748 4401
53 641
404 161
490 3382
593 97
736 405
618 4062
628 4255
426 3074
698 1318
266 870
505 1152
49 872
596 3485
608 2556
81 824
884 919
230 2381
9 2907
296 1917
633 2505
373 3332
409 3780
531 2494
834 2266
407 4902
102 4266
830 575
458 3147
427 1353
891 4197
287 821
490 1409
202 2174
670 293
310 1936
19 1235
375 4317
182 2690
560 3316
985 4771
546 937
296 3206
313 2392
641 3914
300 3621
313 1345
640 3689
325 2631
168 4633
109 3501
460 2038
197 3119
608 704
410 194
925 1054
586 3574
156 4515
261 1828
252 2008
854 3096
816 4036
95 75
876 4841
900 2983
342 2167
858 2986
235 1546
826 4431
344 1947
459 4674
128 4803
362 2755
706 2565
54 424
345 3111
367 655
652 1053
454 1297
316 3053
555 1349
409 1820
156 1603
217 1061
203 3112
480 1700
208 1012
311 1662
546 4683
663 4036
324 2355
138 3168
74 1426
444 2191
929 3926
48 4177
189 3887
760 707
433 4513
237 666
880 2987
393 3394
82 1546
654 954
344 1960
473 613
368 368
247 307
109 4803
620 1077
456 1612
681 4211
628 672
834 2992
250 3466
936 4208
430 135
877 2581
598 3129
756 2520
522 2353
59 902
196 1136
201 1480
791 2248
955 370
184 3004
328 1440
206 2497
469 3365
259 1606
966 3942
229 3649
561 4122
998 1945
557 4417
334 2130
914 4691
943 3177
819 1421
784 4810
674 737
854 3822
287 2957
984 3299
848 2243
299 2967
316 396
920 3543
206 524
481 4664
415 4310
693 2305
555 3832
727 906
147 65
502 3676
756 4761
775 573
35 4964
537 3899
208 4892
688 1328
949 1628
749 2735
714 3946
585 1846
991 2268
851 3951
469 3620
226 3899
780 3253
164 4970
305 516
24 4667
857 1221
530 3078
886 3908
924 4200
65 2224
524 4495
150 4025
854 694
110 425
208 1751
142 1397
288 1451
252 2989
508 4901
653 1872
27 4039
861 3447
71 3853
940 101
403 2340
251 522
471 4955
220 943
719 361
932 883
339 1537
915 2902
280 2391
941 1871
318 697
289 1716
144 1298
818 754
391 1175
655 4668
438 469
782 2228
344 2002
762 4501
651 2455
945 2636
580 1757
857 308
660 3672
388 998
9 184
387 4745
356 3180
15 672
185 1083
885 2743
324 2181
575 3749
91 2882
227 4463
578 3000
361 4463
619 786
548 2074
907 3175
31 1784
769 1521
743 4501
719 1892
428 1191
22 1735
376 2987
858 4222
801 1702
696 4160
458 4517
575 3870
545 958
433 2474
116 4753
799 3992
37 30
798 4558
734 4802
617 3234
426 485
534 1479
193 3135
731 2518
830 3463
723 3337
816 1084
420 3070
528 2832
735 3576
632 4646
203 2025
800 29
244 1797
512 794
714 3409
573 4187
855 904
605 204
192 4761
488 1376
749 3595
682 2373
28 3835
349 1675
922 3294
571 2542
746 1082
378 686
715 1503
768 612
418 4929
98 3261
134 3709
958 4119
533 3189
423 1102
741 3892
38 2200
148 1806
750 2894
342 625
153 460
156 2155
832 223
133 2437
662 2966
230 1094
634 3887
981 962
850 4414
695 4540
330 3890
613 3720
501 2496
184 3543
366 4486
414 4005
87 1395
591 2389
195 174
735 1616
821 3605
463 3143
131 4619
2 4734
244 295
135 3277
138 808
737 1396
11 3507
384 4018
922 4825
497 1909
347 4365
927 739
44 651
912 3319
526 3549
443 3780
133 4786
587 2512
631 4245
91 4560
939 1917
149 2515
278 4386
350 61
61 2173
769 3657
172 3401
93 139
633 3796
213 3439
837 3037
71 4029
284 3090
110 2708
354 3334
378 244
744 3748
680 4258
281 4512
193 1659
819 1155
927 1920
612 2811
323 722
335 3994
813 2572
431 4456
558 4497
346 4089
263 2105
912 70
607 1649
271 1471
911 2851
95 3460
962 1059
640 2765
180 1060
407 19
250 4502
375 2467
153 4340
557 4164
937 4156
916 835
366 3815
297 3981
443 1820
357 548
86 4929
320 666
638 3227
235 4234
37 4515
648 2188
704 2763
848 4205
297 2116
734 656
660 4679
188 3112
992 951
651 4859
761 2250
58 787
227 2316
887 1837
374 1023
330 4400
867 2124
812 202
430 137
999 2243
653 3821
155 841
866 438
237 3125
839 3230
283 3012
559 2358
344 4419
908 4232
355 2070
288 848
831 3985
602 4162
820 857
123 1683
699 2782
647 377
662 2900
536 2495
1000 3124
324 2612
401 2307
468 1839
547 2132
788 1026
707 1330
277 2271
710 3587
130 797
658 916
919 3172
902 1542
91 4481
248 2738
819 3759
583 2957
839 439
111 3901
630 4237
286 4427
618 736
628 1158
504 1388
410 935
64 2284
87 3665
447 975
817 3955
188 4427
606 739
243 650
523 2690
58 2102
240 1584
694 3969
23 3801
670 3383
323 2750
211 4266
636 766
942 809
843 2493
860 1679
982 1376
583 876
376 3781
644 4498
716 1405
848 1561
1 2591
405 1220
448 3805
88 3270
752 281
599 1759
602 3491
683 410
559 2626
6 3874
262 124
883 2686
325 1641
576 1223
643 2216
675 2922
193 438
349 1180
514 3499
777 4367
705 815
901 1693
363 4498
329 1238
301 1405
203 2819
674 2175
964 3146
836 3634
657 1188
400 2057
730 3918
826 179
860 3210
10 4989
853 4217
366 3641
383 3810
529 3110
362 489
8 3115
906 64
968 3682
474 2127
656 4090
993 4907
439 3338
222 1088
977 1701
820 3932
691 1832
888 131
349 1314
992 4389
880 950
520 903
526 1886
450 1073
445 2715
171 1658
751 2233
804 3291
336 1496
733 4579
681 4160
590 4530
925 4749
827 13
285 1679
727 2815
220 4933
84 1137
332 973
755 1830
274 739
962 93
954 1895
33 4999
864 2941
112 1091
153 1617
46 2723
75 1963
319 337
685 4107
761 453
948 316
879 445
108 3308
240 229
300 3249
250 3657
324 1620
291 1443
939 1893
669 1803
730 3476
126 2278
110 3502
717 2719
390 4310
105 2606
137 3083
749 1624
100 3430
286 173
828 2442
795 2265
676 99
337 2619
399 1282
557 407
491 4483
627 3886
21 4076
370 1749
979 3025
297 2668
316 4667
622 4939
262 2152
690 2333
346 345
889 3482
488 2909
677 1613
178 1929
205 4772
661 2800
838 2204
29 1806
812 4955
774 4663
280 1159
501 4016
389 1331
136 3100
325 3790
805 2966
177 1411
867 1629
968 220
18 4801
398 4268
339 4627
6 3929
417 1285
933 118
996 3850
855 464
250 4262
119 2759
91 4912
454 1288
180 2
617 3
589 695
312 1878
814 813
621 2633
946 2164
545 3806
741 3452
691 3860
395 829
754 3391
632 2233
613 1991
394 604
872 3383
977 467
749 2000
771 3745
590 3175
896 4679
378 3750
27 2015
259 3570
844 2274
85 1956
811 1831
895 3222
876 4966
845 1186
792 542
220 316
199 3411
54 2764
305 2346
448 2129
797 2054
272 2169
389 2754
230 1943
428 4402
775 1477
159 1245
792 892
988 4510
635 945
215 2308
108 4168
27 2257
142 783
863 314
307 1079
364 3599
97 1269
108 1135
684 19
460 2526
730 135
652 4682
246 2008
542 2824
786 969
997 3633
333 4407
161 917
696 2244
869 4387
475 784
600 3179
705 1246
815 2838
706 1885
744 2140
322 2942
676 3174
136 1503
654 1200
134 1430
230 3353
199 3774
252 402
217 152
301 789
478 156
534 2717
897 3294
7 3725
628 100
208 3715
457 4419
20 1449
517 4470
833 4706
664 733
645 4655
800 328
861 2967
33 3310
329 4126
877 3177
386 1627
212 3726
126 4440
475 3133
456 2100
910 4522
817 4065
390 56
603 1332
687 3955
797 3598
893 4060
260 2161
905 3131
836 3260
739 3593
684 3428
882 932
355 220
928 3788
217 2730
887 2444
937 4776
691 1337
147 419
638 922
484 2441
582 3501
845 4369
516 932
60 1884
290 2346
100 2451
482 2516
320 4669
960 3080
540 4672
36 480
428 1987
242 2800
498 245
489 4892
814 4948
610 4889
870 1056
147 4862
570 3504
965 3545
81 2064
536 2873
25 708
930 814
668 3029
947 229
293 1654
580 2916
475 1402
547 2739
804 823
992 4028
818 1926
825 653
723 2857
382 312
246 1471
982 573
858 1998
33 3807
329 422
563 2575
148 3528
659 68
506 3761
557 20
428 2121
426 1523
863 1295
549 1593
855 3097
74 2532
226 3340
799 721
436 669
446 1128
458 199
893 4557
172 2545
411 2073
89 4991
163 2991
476 1007
952 2922
336 2653
129 374
523 2479
191 1777
905 2581
180 3574
536 4404
524 903
190 3767
723 66
926 4855
647 3454
212 1082
69 1262
172 4881
783 605
805 364
851 4681
903 2656
689 4619
672 4975
873 4965
61 620
121 671
480 4216
869 1059
148 4709
291 3297
65 2954
588 4981
547 1947
970 1784
350 2830
492 3179
540 4122
886 2315
827 954
952 131
959 2241
644 917
114 1920
335 576
502 1507
166 3773
713 3942
503 160
434 2541
389 3064
282 4887
564 3819
356 2621
479 4943
66 3313
207 283
596 95
592 2605
970 3194
906 1718
987 3363
691 2318
861 1975
725 3134
730 1263
47 3973
26 881
437 1684
617 4769
999 3602
801 914
288 2315
224 344
399 4775
863 3189
173 4957
723 4872
608 4656
847 737
296 2849
549 3029
807 1338
605 3833
528 1923
853 1454
543 2726
668 3889
501 514
98 3507
807 520
812 4836
853 4837
984 1156
548 3972
23 4087
849 931
176 165
988 4244
744 3618
673 705
29 4841
511 643
655 3317
221 4782
424 1169
795 3556
960 920
323 3975
282 1759
762 1164
815 2222
919 2316
907 993
476 4190
428 2981
9 3263
21 2105
281 1241
766 1175
399 3862
211 364
591 1588
938 3847
766 4558
860 1978
218 4689
507 4563
774 4678
185 82
377 4453
783 3451
786 4917
586 1594
937 3100
930 4144
197 4522
892 3623
981 403
568 4960
334 592
869 3905
84 4093
380 2694
762 1527
202 3819
928 4448
86 3873
850 593
308 310
984 593
719 4045
698 990
483 836
729 74
887 660
18 736
649 3986
310 4291
783 4740
760 3036
512 2934
562 4512
388 1178
796 249
703 2007
804 4274
571 1070
519 2829
197 334
637 2821
406 4120
984 3868
851 2292
875 4864
226 254
269 1607
924 2999
468 2756
963 483
849 2596
744 3068
145 265
252 2377
451 1540
411 4585
344 3363
521 781
378 732
49 3711
681 1184
192 727
763 3697
54 3008
551 1828
885 950
931 1066
79 4233
875 905
223 2965
9 498
924 3012
917 4056
237 2311
349 2552
803 4937
70 4120
493 3994
416 98
830 381
432 3718
260 982
566 2257
777 2706
371 4004
130 909
154 1266
914 2940
752 4110
573 2152
884 4000
619 53
357 807
446 1788
40 1100
520 2262
310 2681
900 3715
807 3487
559 3422
175 278
111 2737
49 1859
231 587
125 4069
108 224
770 2787
11 4721
345 3843
16 635
74 2037
26 828
514 2309
48 4788
191 1161
228 3672
328 641
949 1971
835 2135
314 1231
943 1668
644 3092
547 3654
69 646
430 4826
607 3439
247 3133
144 2217
765 349
589 4819
264 67
565 4196
630 4591
33 2386
688 3778
800 572
545 3729
82 292
137 2214
480 4768
483 1804
500 3434
75 4490
654 4840
750 3087
903 3329
99 4029
462 1637
479 3267
286 3855
678 4379
141 239
517 526
904 1689
575 4897
892 2389
418 4196
409 2915
390 421
639 1162
162 3452
871 465
678 2285
178 1181
651 1630
190 252
381 1769
706 3552
322 4609
639 344
146 4383
213 3390
395 657
923 1042
312 3103
207 3050
759 1577
68 2477
706 2505
84 3919
34 126
846 3976
880 820
85 3060
952 2911
401 2808
676 4962
944 2269
569 140
844 116
355 1645
748 3791
743 3447
533 1651
440 1194
381 3997
840 4548
494 3645
757 4513
160 4523
511 1074
860 999
588 540
41 2128
42 3750
577 4811
463 774
747 4505
936 994
263 2177
829 2817
3 4990
218 4878
350 4805
859 2696
308 2822
621 3053
683 1716
660 766
129 3530
132 3764
719 3066
473 3828
188 4110
910 1062
113 4690
789 4973
507 3826
444 4938
458 443
480 956
540 970
282 217
758 146
367 4462
288 1954
324 3826
864 3053
659 3587
220 736
299 1029
531 4570
15 1270
841 1083
595 4060
137 4939
710 371
791 3477
788 2011
379 500
608 2309
64 1391
714 4691
337 274
553 3016
345 623
30 3729
183 2022
367 2368
249 3544
599 2610
974 1733
690 1974
187 3834
533 41
424 3252
957 1271
31 4489
807 2495
698 3528
858 740
844 2828
830 2893
172 3152
486 4251
30 3742
12 167
537 806
292 2436
417 3370
892 216
852 1083
828 4661
771 3373
280 103
374 1458
625 1040
40 2107
143 2986
179 3205
609 49
669 2278
994 614
550 866
466 229
137 993
188 1453
386 1697
513 1738
112 2626
289 3979
739 4710
893 4130
506 3684
416 2973
223 2578
512 2452
345 4261
364 2288
240 4208
245 2108
787 4377
749 3856
986 3540
363 114
851 1100
828 4085
907 2163
296 4261
895 2863
953 64
653 2283
725 1634
861 2232
157 2116
281 2411
458 3276
146 237
338 2393
288 586
611 3454
671 3505
671 1290
208 2283
571 4092
896 1408
789 1282
882 3459
278 2527
997 4200
601 4200
656 3907
503 659
74 4454
659 3158
755 3620
543 1226
944 109
875 1699
162 3749
379 71
141 2643
55 3128
335 3182
849 1188
969 4488
513 7
611 4514
750 3397
786 3054
121 4098
598 788
412 369
959 4968
178 202
6 1142
558 2409
865 4781
53 2651
910 1814
48 4293
987 1997
886 4574
356 3362
655 3924
913 2233
185 1494
837 3406
503 2069
33 4106
700 4340
110 3077
574 3706
429 3059
486 1378
797 3226
415 909
36 2310
72 3953
743 482
823 3629
835 485
167 4227
353 3185
451 1542
258 2130
523 1381
774 734
87 2248
713 724
850 958
531 4396
660 3049
736 1381
240 3658
990 480
233 272
7 2669
464 4571
739 4281
271 1961
606 4920
163 2135
254 1728
801 4341
467 560
862 3304
392 4587
154 1497
844 1715
402 1333
436 163
403 1972
186 1220
676 3299
480 2192
62 1679
917 2193
115 3491
522 4818
47 2044
308 2085
46 4071
653 3022
904 389
66 1276
532 517
506 3497
478 1220
660 3183
99 635
228 291
78 1515
714 2894
93 2281
84 512
674 2034
961 1310
534 748
742 1680
614 2663
564 3071
244 3618
551 4300
179 2442
117 581
638 4188
452 1288
128 4611
692 223
802 391
972 48
951 3372
879 1806
417 1223
809 515
461 1000
655 3495
510 2848
344 3044
473 3454
996 526
428 1991
730 4019
343 1395
909 2035
971 698
169 3457
403 1409
771 1576
373 254
904 2859
300 1698
197 28
845 3447
53 249
899 1468
768 2217
877 4833
648 3283
546 4733
978 714
186 3932
499 716
545 3047
612 4040
796 414
25 3277
732 4859
97 4348
415 2937
606 61
704 2582
518 4378
380 1933
291 952
657 4456
122 3129
822 2803
591 2116
118 2192
735 1343
393 3565
445 1540
154 839
890 4371
757 4515
750 1358
925 3345
636 1256
641 2354
935 2572
429 3932
119 966
69 1374
313 3986
851 4564
963 3573
426 3634
73 4233
615 4287
759 2760
248 4759
463 1715
764 3629
93 2670
41 4466
815 3823
452 3771
670 961
854 1536
263 4515
817 3640
175 2187
144 4823
548 446
161 2023
28 2662
642 4282
585 1533
198 3073
912 3877
332 1087
330 2475
46 2945
70 4056
461 1497
566 1025
546 3002
534 1716
164 4657
683 3007
103 4418
628 856
762 1839
304 2193
359 2883
725 2186
811 3421
589 1130
549 1731
774 92
237 153
846 1429
853 4357
290 1211
345 3887
395 3479
362 3302
706 3112
948 4860
467 1554
95 4126
334 2193
738 556
452 4134
706 3004
441 1272
420 395
296 854
437 4011
43 408
521 3187
177 3377
958 2959
57 1511
103 1398
109 3135
971 2605
626 4822
762 4417
230 2378
27 1524
412 1860
649 3493
132 988
801 2315
68 1232
744 1286
566 4892
81 942
204 3493
228 3621
521 4368
880 4944
333 2856
696 693
150 934
143 1941
554 3727
636 1056
534 3260
238 229
570 1227
112 3796
175 1866
617 1982
192 3267
911 739
465 2342
754 1
590 3276
669 3340
840 1209
119 658
678 127
777 4307
478 1530
533 1466
856 4600
190 4510
128 1417
117 2985
531 4251
280 468
846 879
230 647
634 1225
959 756
119 2994
88 1466
67 4561
860 4197
113 3216
235 1893
985 3145
955 4434
968 4898
156 2768
113 2169
101 617
481 84
928 3513
986 2737
339 2889
769 524
196 891
445 3810
159 1238
358 2350
243 148
261 4403
885 3035
197 2432
396 3810
341 1888
575 1826
480 2986
310 94
301 540
356 2425
841 3931
350 4862
666 2358
511 3238
810 3800
567 3813
508 2415
692 4976
126 1855
57 4236
445 1837
706 3864
637 2007
852 1703
363 4922
857 3996
922 2176
127 2430
810 1706
758 1250
276 1247
18 3197
680 3582
757 3765
951 4045
593 4337
471 3179
476 3523
715 1553
935 1593
887 1027
795 4407
365 393
991 1084
777 603
751 3354
439 1776
733 3943
485 4632
461 1794
374 334
489 321
665 806
165 4132
175 4820
46 1966
457 1271
840 780
332 3491
198 1047
705 4756
519 3317
385 873
99 4717
54 3254
386 1741
422 3421
47 60
126 2339
927 1607
548 2971
987 160
11 1571
23 4843
938 1436
749 517
375 47
265 2390
87 3781
20 1805
321 2965
144 4086
606 4117
348 1112
271 111
787 3374
128 291
351 2026
926 42
136 1872
36 702
443 568
42 2210
279 3614
363 4251
537 4138
63 4484
629 4895
208 2098
891 1108
335 3105
841 1516
61 2573
756 920
840 96
919 389
697 1508
913 4021
462 4085
641 4316
931 2614
246 2740
549 2283
817 3495
951 3495
170 1469
285 1419
808 3446
856 225
634 112
902 3310
553 4388
26 1424
917 3618
522 4257
940 569
9 3214
463 4845
332 4096
611 3282
614 813
492 3856
836 3629
359 2509
698 1975
149 713
343 1518
183 3515
212 4216
255 1405
98 2882
841 2926
748 520
250 2229
582 2702
709 1760
232 4804
337 2117
342 246
552 1776
598 3878
838 3796
585 3387
292 1822
54 718
157 3583
329 428
523 1425
538 13
106 4291
166 4342
484 716
769 4083
790 1954
793 4440
265 4055
41 375
306 1612
758 3170
777 1234
686 1604
197 622
300 2063
52 3947
432 1428
26 2726
941 1076
108 1075
884 542
149 3062
226 542
265 2190
946 602
839 4677
841 845
888 2354
506 37
529 2421
651 4104
422 2066
12 1902
495 558
372 1656
747 2765
520 93
389 842
512 912
90 3663
507 3951
61 4359
56 1800
324 2783
960 4162
24 4248
896 2191
304 4531
999 3366
405 2893
401 1431
143 2856
654 3597
428 3779
393 3004
385 2914
634 3884
226 1615
960 2068
98 346
337 4829
304 2437
896 2083
254 859
171 861
998 3528
425 3895
697 4354
416 3782
438 3541
202 4496
620 808
347 4362
20 3967
920 1514
233 813
572 279
782 1809
355 281
547 2666
521 3431
282 934
557 2859
94 1637
569 1930
696 1971
830 1971
515 2862
23 939
690 3388
979 3262
323 1874
834 2615
428 1927
42 171
207 1699
88 58
19 4388
977 3603
99 1873
369 3683
168 1478
969 3190
926 339
1000 288
774 2685
466 4555
174 3858
659 3149
76 842
191 1583
758 2862
104 2338
455 875
35 23
991 360
27 3057
30 3062
83 185
193 3992
551 2276
95 1242
869 865
876 1807
281 4630
251 3970
13 2341
457 4038
672 3734
305 5
463 2577
306 4808
877 3614
58 542
863 1464
54 1591
861 371
680 2282
468 642
504 2285
24 665
851 1346
173 4171
128 4923
607 3874
791 2234
636 145
474 2298
535 3971
953 3464
3 4110
607 2827
421 193
169 2601
995 199
19 1839
26 4767
337 4400
177 2950
531 1233
266 1716
562 2532
340 2419
252 1552
969 412
977 7
888 2409
594 4177
428 2424
6 4650
367 4400
606 4682
279 4287
525 3525
5 4950
454 841
564 4685
476 4801
171 1721
238 4929
954 669
212 1493
76 2386
614 3230
564 1652
839 1362
756 3808
273 456
870 2661
453 3541
415 3020
473 746
617 1434
60 1745
849 3891
111 515
152 516
229 4937
700 3768
645 1617
591 4764
436 3429
720 973
42 4064
873 2006
964 1370
520 161
561 2148
327 1981
624 3894
452 1158
479 3018
432 2906
320 221
839 2772
378 2148
820 2264
615 1337
647 3770
977 3645
134 2956
249 2677
543 2895
149 3493
586 1279
7 4083
977 2598
17 4542
956 31
378 4255
185 1874
830 2844
396 4309
728 4782
974 4020
659 747
698 4876
237 3498
846 4774
422 4712
145 3909
936 2947
129 932
807 581
361 4436
896 3548
63 1332
534 4364
890 3999
845 4485
217 2967
234 2382
454 2385
438 3609
154 1864
66 1751
45 2631
84 1805
72 253
896 1454
759 402
919 391
669 3397
183 471
300 4025
701 168
936 974
722 227
166 9
145 1118
331 2062
313 2688
309 997
364 3636
672 1574
205 3091
881 3374
520 3920
46 1526
115 4100
755 2511
779 882
82 3694
350 4906
355 591
754 2286
220 366
301 4906
296 4562
24 1888
404 1880
428 251
139 4349
388 1118
295 2876
517 774
881 2448
518 2396
711 1542
308 4801
641 4681
608 2289
879 4738
287 4863
48 4352
657 1427
679 4155
710 3505
908 780
615 4399
229 2643
446 197
957 1130
726 2466
91 4170
423 1196
77 4006
624 203
613 2525
928 1368
308 1889
573 3355
351 4511
865 2746
399 1024
808 1946
870 4810
491 3996
942 485
368 3108
349 385
273 1787
803 2541
728 2367
344 3424
395 2423
598 4243
150 1838
448 1266
938 901
127 4594
435 509
254 1666
813 3350
610 1301
130 1896
479 3999
850 2185
251 3354
125 2949
710 1653
474 2837
164 1628
759 791
617 3825
653 4007
768 1779
496 1320
107 4248
119 1333
365 2557
136 519
860 4751
254 2955
636 3020
756 1661
857 4416
29 3776
454 3245
342 2021
842 4293
116 4189
497 2834
578 3725
306 3266
483 2670
472 2023
422 445
7 2152
411 1747
557 3787
82 1279
376 1497
341 4428
938 2432
642 3602
325 3666
602 2254
593 2663
165 4202
650 982
660 2195
904 569
799 2273
931 2429
231 4152
740 4258
103 2920
968 4647
574 4491
780 2381
417 343
919 1493
699 3210
559 2907
337 2040
287 2219
206 3277
170 1405
449 820
722 2147
209 579
219 772
87 589
103 4209
447 343
705 867
779 3031
891 3272
760 574
548 129
823 4306
522 931
745 2400
924 4617
291 769
514 4719
882 4849
373 2528
911 4126
235 837
171 3562
245 1296
207 2990
305 2101
809 4078
246 703
727 2504
806 2797
708 4440
429 824
556 2851
716 4035
922 4140
915 3198
466 3860
25 2168
911 46
266 308
233 131
97 1253
305 7
456 3815
410 2652
800 1117
411 3291
416 4389
619 2008
971 4153
83 1476
962 4562
267 1822
298 1135
229 3516
491 547
469 4400
66 3229
38 3167
974 4801
871 1707
143 214
894 2334
18 1202
646 542
320 4987
662 3933
170 3996
488 370
87 26
734 3809
307 4230
40 4115
4 2243
155 4102
38 1073
514 4974
743 596
600 2008
134 1306
522 368
718 2229
742 2586
924 4054
982 2046
75 3062
469 2198
940 2049
804 2188
808 3061
233 615
147 1100
741 3007
968 17
794 2116
44 3833
281 1036
707 4591
13 4934
976 2766
871 1252
922 1483
549 743
721 2661
566 3541
473 1098
440 3136
65 3030
935 900
892 2250
145 2730
744 3318
152 3672
38 2375
81 2974
74 2032
626 4760
20 4950
968 4460
612 395
610 2537
195 1275
558 2081
902 1891
649 3431
671 3190
657 1040
490 2620
507 2035
714 4994
962 2844
394 1340
640 578
473 4373
359 3305
679 2263
73 4668
188 2669
852 2420
840 3120
341 1450
899 51
592 3018
504 2905
499 346
531 564
529 3901
396 339
155 1216
21 987
203 2913
127 1642
753 2562
720 2385
78 2918
212 932
480 2669
595 4605
750 4250
650 2326
221 3906
71 2915
809 2844
303 3
296 1047
365 652
574 4667
989 3485
677 1678
947 3488
733 2216
790 535
427 2698
218 4510
713 2503
176 578
539 3370
178 1176
351 1104
220 4556
111 3337
21 2397
592 1166
370 2285
492 3968
939 4657
669 2581
853 3156
416 940
889 2850
192 3447
691 879
278 481
252 3461
56 2354
345 2228
59 1871
300 765
620 2167
181 2763
744 1708
809 871
838 3558
414 3496
490 4043
328 1241
44 21
926 638
346 2049
714 1
179 3629
738 1112
490 3225
985 1218
618 1690
184 3155
628 3869
328 3577
889 1695
113 13
326 3504
372 1176
215 1192
457 954
233 3461
756 1287
954 1531
630 2868
491 4924
348 2889
260 4991
370 433
43 4239
91 1018
208 371
282 2535
578 1136
786 4283
827 2106
328 436
338 3635
434 1357
966 2938
520 3346
214 1088
690 788
232 4111
583 662
930 2463
492 2237
58 962
581 774
987 2179
63 1831
433 4811
834 954
326 2470
59 2355
143 2497
201 489
257 3013
479 1665
573 3478
848 1239
371 4283
71 3762
314 1268
334 2186
979 904
917 26
880 2359
288 1252
539 605
752 1127
518 3700
475 3064
583 4058
514 2238
227 4948
209 3359
763 2713
431 4189
491 4240
340 395
730 321
513 4753
883 1317
559 4640
848 313
423 1561
667 1958
634 1781
539 2941
589 2304
883 2485
826 1951
148 4251
69 3958
243 3845
113 1786
550 1787
224 4771
802 2533
284 4822
857 2203
681 1489
349 4951
509 739
302 409
785 1546
174 3378
26 3214
406 2681
242 4007
409 4938
459 2315
800 393
45 2446
647 565
681 3825
566 3609
144 173
968 1374
197 1231
116 2326
718 445
620 1859
850 4536
234 103
705 3889
765 1459
136 2160
738 1033
588 1274
584 4538
407 704
604 3433
739 4826
811 3911
84 3848
23 4326
123 3281
928 4203
611 4496
225 525
474 3215
923 3078
516 2394
631 2381
671 1285
442 230
476 3261
677 807
813 1634
754 236
219 895
143 82
991 1640
46 2401
715 2230
352 192
928 3277
962 121
917 4845
534 2569
226 238
73 1716
948 1391
365 1070
327 2764
330 4496
199 1532
973 926
804 888
702 1106
550 3452
151 3706
433 4624
679 3862
353 2120
556 2745
757 4684
115 1016
698 3323
924 4043
894 1168
968 1871
126 3016
671 2816
788 2169
5 4941
657 4867
798 4614
483 1304
457 2069
164 2490
224 3524
2 213
695 2126
915 4381
39 2724
750 372
254 434
600 842
124 4525
821 252
354 3001
60 4769
242 316
808 956
880 4279
770 2421
916 4690
668 424
401 2295
403 2893
292 3291
927 1587
827 4389
345 673
403 2075
890 244
477 2024
967 1659
34 3706
213 1722
667 4107
834 2298
237 93
104 2947
104 4933
634 3701
28 4120
965 14
898 2993
548 2614
843 2239
567 2075
940 3340
420 2550
437 3951
581 3407
536 3664
340 571
440 3138
204 4359
634 4172
666 4124
437 4072
213 1146
643 2191
3 1336
989 1138
416 1505
207 4778
352 1749
907 3957
667 4241
285 3156
176 4647
295 168
47 2281
334 3543
630 2373
771 1329
151 2109
534 3079
778 3668
391 1044
857 2500
704 1275
258 3669
657 934
256 590
500 3202
424 4604
419 59
792 4771
88 2440
251 3895
151 244
808 2500
976 4299
217 4018
444 4438
962 4135
700 4135
210 4796
58 467
270 646
490 649
400 4139
496 3847
788 3955
671 172
867 2033
163 3903
87 4847
832 763
352 4327
310 4330
881 3136
537 1111
531 1037
567 2680
852 3603
855 868
982 4881
311 1707
896 411
27 1948
488 3326
235 2880
648 1063
15 2877
164 2182
308 3624
82 1820
490 891
130 2800
254 2341
837 4382
253 2870
924 2809
583 2287
132 365
949 129
491 2698
802 870
41 3401
362 3981
138 4502
979 2866
377 317
98 673
698 3378
151 2485
639 1522
747 2516
843 2978
11 1135
821 186
900 479
721 4449
249 1192
822 2811
259 1651
364 3653
114 2953
284 3401
14 1554
616 1888
392 4395
259 833
522 3687
402 3127
805 3746
671 548
20 3705
390 3009
999 84
66 145
281 4234
608 199
630 4159
193 3367
645 495
528 1667
734 4216
803 1606
314 3364
909 4742
193 2320
418 718
301 4105
193 2091
595 2071
450 3410
87 3358
25 4695
937 3528
345 1667
417 1018
778 4178
977 3341
872 1827
772 428
689 430
883 1427
26 4250
888 3528
559 4750
158 4177
478 3364
811 4476
661 3714
778 2084
7 4947
845 1845
12 3076
239 49
10 4427
369 1327
152 4776
467 1670
819 2058
714 1547
984 3357
774 4530
719 164
641 739
312 3947
513 3708
556 143
131 408
790 1276
423 287
808 2084
143 876
592 4940
826 2892
306 2102
830 3011
646 1204
406 2683
222 4848
158 3372
215 1691
574 4253
586 1338
651 2487
295 3377
651 4473
210 4730
449 3026
984 3599
194 3968
839 4938
63 1270
992 3719
646 3311
682 4954
441 1859
159 1917
756 1907
117 4135
931 2662
76 1882
788 4828
289 3158
879 4192
901 3951
821 1743
973 565
821 925
404 4020
181 4914
743 4654
540 1585
674 4554
204 1636
370 127
528 1467
728 3218
828 2927
683 3741
925 3503
132 2406
123 4572
150 4446
685 1572
447 4669
918 4254
429 3043
52 3056
162 4685
654 1175
396 651
881 171
859 412
865 3610
839 174
405 3854
154 2057
357 659
723 2214
998 4139
375 2928
783 538
356 205
932 1304
667 592
558 1588
33 720
573 4340
910 993
8 2124
283 77
775 2525
489 2168
811 4168
152 3300
243 1432
778 1776
967 4681
55 1152
958 660
101 4237
505 2112
880 3221
355 3336
494 3939
399 2359
917 1827
13 4804
908 4222
242 2412
374 2302
852 3095
95 2887
205 1298
544 4699
900 3580
850 3988
494 906
299 2128
973 4553
870 2883
16 3762
83 554
565 2543
250 1485
43 3370
555 4979
560 3108
621 2300
246 962
29 2425
430 3523
953 558
717 4748
336 855
143 4890
45 154
879 1777
215 2551
578 2603
540 2082
899 968
811 2316
623 3019
258 2369
12 916
282 2726
593 4574
657 3835
120 678
789 3991
932 1559
971 3702
451 3178
945 2252
611 686
612 3540
139 1630
400 3886
718 2246
105 1494
449 4007
597 1956
977 3409
402 1451
930 3822
962 3774
442 4233
5 3212
774 2491
829 2198
763 1844
804 3602
212 1741
184 4877
497 907
256 1747
204 1328
942 1028
771 2378
170 1451
139 4087
686 4485
171 4305
214 4904
209 396
570 2324
912 1270
251 1790
424 3438
128 4608
71 1859
921 2029
315 4434
193 536
838 2260
320 348
397 4998
765 4899
658 4773
701 3194
374 813
799 3500
461 1226
340 3151
763 3254
732 3675
431 2286
852 2545
766 2276
224 761
824 2
990 3418
393 1213
365 885
594 4091
563 577
802 859
50 995
334 2740
838 4488
608 1811
318 3964
846 4083
402 2874
467 3269
138 4262
124 2112
260 3693
301 3731
905 2448
865 3544
856 3724
801 3788
281 1766
580 4085
583 3565
760 754
851 2333
751 3149
56 372
197 3529
131 1189
645 3396
719 4099
393 179
649 4040
95 485
55 1315
442 4501
359 2517
21 3919
618 3909
295 2761
580 3388
334 1935
52 788
733 1415
504 2346
929 3047
347 3860
550 4448
946 247
161 3175
42 3749
718 2046
742 2403
272 4211
186 1956
432 1194
278 727
370 1713
408 2005
67 3927
320 1892
397 2112
920 3348
412 663
770 142
935 475
281 1900
652 3799
726 3748
141 614
104 3701
837 317
971 3286
876 4446
618 1707
647 2408
643 2932
127 2372
484 4336
370 4759
98 99
287 3004
996 1249
676 2062
211 4177
569 3656
954 3992
926 4159
796 4049
128 3361
307 1377
305 550
198 2373
124 1441
198 158
488 2886
742 3705
193 4429
664 4051
641 4821
699 4008
860 4865
108 1554
70 3019
727 1074
429 3366
647 2771
900 965
795 1208
810 2011
710 612
859 146
382 4422
626 2833
872 2071
672 1488
264 1168
606 3120
293 2623
575 1555
890 664
821 793
119 292
698 3877
493 210
156 3328
971 737
224 3957
408 1563
812 4127
442 3133
239 64
261 2038
686 1278
262 3202
599 4019
896 3717
743 1260
660 1262
949 3085
744 3848
324 3262
864 2718
107 295
29 870
414 1206
882 4492
402 3855
918 739
264 1181
377 3273
661 588
905 1214
989 390
925 4310
533 3557
170 1519
820 581
646 1448
820 2567
823 98
317 2441
372 162
914 216
769 3770
783 3439
192 4432
219 4269
45 2692
91 2808
631 2264
724 994
405 2446
355 2854
186 830
198 2870
418 170
198 655
36 4040
511 1115
204 3624
290 2873
352 75
429 3971
509 1227
750 121
408 4033
107 658
50 4325
808 2691
469 1010
737 1993
54 539
754 3623
953 4506
380 4092
244 784
311 3992
827 876
715 2584
4 3283
723 230
625 3630
224 1071
678 4688
235 146
358 4683
881 4495
320 4162
874 1301
153 3756
996 4216
354 4978
572 4154
9 3748
453 490
307 961
233 258
17 3343
645 2646
258 22
848 3271
20 4809
848 1056
841 2063
679 2001
825 3516
815 613
646 3810
589 3276
181 3185
205 2347
642 133
690 3062
153 3877
638 2643
865 1639
104 4924
665 3005
522 2468
451 1999
576 4919
822 4157
409 2527
710 3687
636 2718
207 326
977 15
533 3236
192 4929
820 4232
837 1661
156 3020
126 108
778 2020
420 2312
14 1624
16 1670
403 4065
119 105
521 4286
743 952
20 1789
467 2774
133 1437
88 2189
714 2880
714 2651
442 2946
817 4055
868 4515
895 4877
7 4186
904 3650
71 2895
716 3599
886 4010
984 2367
249 2672
240 2852
56 3031
446 971
656 2538
219 1746
532 2731
681 3763
595 4477
27 4959
32 873
381 1515
850 4703
611 4192
520 2613
674 4477
225 221
502 987
514 95
963 4122
619 1572
195 3725
419 989
293 4556
19 1284
170 1453
490 4841
440 3263
435 704
44 3034
80 2691
792 4883
835 3304
639 2197
912 3487
726 99
643 4531
824 1159
386 933
95 2447
900 3140
79 1456
172 186
942 4305
92 1920
957 2856
17 1746
530 1099
836 2337
753 582
825 3905
629 812
735 3194
2 4326
645 4432
953 4319
588 3669
791 56
505 3671
412 3443
536 769
709 926
14 2350
544 3333
273 1298
412 2396
197 256
558 2450
353 4970
296 235
406 4042
763 4316
931 3900
191 1875
363 181
825 4376
736 1180
503 4096
976 2330
293 839
204 4968
484 2807
687 3395
219 1075
826 292
758 3275
221 1121
933 1815
272 120
936 1103
185 2595
344 4345
84 1008
968 4963
261 146
665 4925
544 4864
594 26
614 1173
476 1239
345 490
64 2197
554 4276
437 2708
36 2364
36 149
163 4162
225 839
949 604
849 4867
205 3341
542 4158
179 4106
280 4158
953 2709
478 4402
879 545
645 378
955 2755
351 1594
611 501
590 3825
827 3509
870 3879
338 837
355 4453
709 2470
632 560
597 2000
745 1898
447 2995
20 676
505 2182
431 4182
434 3699
904 4402
105 262
676 1246
456 2963
283 2254
135 104
439 2996
788 1194
609 963
127 1677
858 3882
741 1082
56 2965
897 1595
453 1847
386 2840
341 3363
100 268
982 1181
980 2303
885 1477
463 3474
473 220
244 397
777 3112
496 4590
386 2732
122 4083
86 225
258 1500
278 4596
51 3385
22 2455
895 1791
348 1164
561 2440
387 338
982 2470
151 2276
266 48
20 2796
412 4303
73 4608
705 2835
237 4716
617 4183
285 1229
121 569
179 4482
905 4357
170 2447
161 2856
651 2720
295 1624
300 3725
656 620
275 3372
905 3310
777 4293
75 4775
892 4768
665 3557
904 3839
411 937
342 1103
507 1170
455 2966
699 3326
269 66
464 1968
947 4825
524 1753
162 2569
29 3208
55 4163
153 1288
352 2171
202 2641
983 3206
317 1167
888 2151
673 4212
566 4086
843 688
684 1863
161 1822
119 4040
272 872
447 1627
232 1473
744 3045
133 2928
537 1520
127 3342
189 2005
366 4856
720 1412
549 1759
831 2677
830 4667
238 591
787 3802
952 4135
496 886
281 1715
7 4859
229 3511
442 4787
186 1892
652 1399
571 4443
223 956
94 842
780 1813
146 2695
553 3985
118 381
18 1197
709 4498
840 1571
577 2652
377 1315
103 258
443 3332
183 3930
280 830
729 2642
75 4104
448 4578
333 198
835 594
840 1692
673 266
915 2280
531 3337
361 1842
44 2660
596 1187
319 4585
110 3657
528 1955
982 176
326 4975
897 3515
434 1539
800 3582
442 3874
201 2765
144 1965
496 3585
4 3648
921 2825
802 1413
480 1362
313 202
595 1083
442 612
796 3059
302 1504
274 4411
162 972
98 1445
435 2787
171 4175
660 956
460 1834
754 4001
439 728
442 962
22 1571
242 3826
925 2836
764 4396
898 2410
525 1670
540 2436
882 3368
302 2564
842 34
486 924
637 3308
516 3018
230 4876
292 3539
975 3532
872 4114
20 2851
25 3949
722 908
703 629
21 4244
88 1265
716 2554
624 2965
949 1035
405 154
680 4065
592 1966
468 4411
60 2105
77 1520
483 747
297 1560
257 4605
374 3729
852 321
477 4379
924 3607
621 3835
256 2919
787 340
576 3540
691 4015
393 4358
438 1391
911 1840
578 876
564 978
775 1161
341 4841
544 999
17 1748
285 4680
777 1207
856 3486
412 2506
665 4901
627 2202
103 2165
693 1738
27 1123
400 2388
429 2860
241 1577
610 3137
985 45
23 3340
742 4259
353 2986
821 3091
124 1177
745 1524
583 3677
130 2914
713 2511
102 4572
482 4039
315 1647
437 2576
793 2211
60 2589
487 2693
48 1074
531 2211
531 4426
719 4211
276 3153
365 4393
423 4105
8 3109
101 4054
534 4845
505 1929
651 4198
990 1449
699 4683
284 4441
907 1414
320 4098
970 945
698 3263
841 831
235 3236
887 3162
842 3914
930 2337
706 643
267 3979
98 4170
454 1819
242 1182
933 770
57 1365
661 4283
655 4209
426 4911
980 2279
754 1707
291 2471
544 436
311 1137
228 1368
104 3813
79 3231
60 508
918 3508
952 2338
422 1126
637 1014
819 4963
566 4517
834 3285
619 1145
674 1835
288 4280
508 3758
381 2256
704 1189
57 3593
998 1178
411 3825
368 1011
297 4743
957 322
857 1138
857 3124
535 3110
917 3175
337 614
671 3937
867 3812
832 2542
787 3065
212 2834
687 1895
582 4353
647 4748
19 978
337 1782
292 4520
702 3637
24 4476
607 101
455 727
524 332
422 4751
797 3874
267 1430
859 1076
368 1253
743 1130
855 1371
447 2071
925 4059
376 1602
22 350
300 4761
195 2493
785 1541
86 3260
571 3009
132 1915
226 3011
496 620
785 494
95 4248
599 1795
862 448
841 3772
909 3943
293 3674
632 1154
575 2606
418 2134
647 1728
912 3194
800 4939
356 3205
786 2560
89 1171
971 4003
171 3196
947 1431
125 4477
552 3790
932 813
758 1680
921 3135
145 699
666 4077
554 1621
671 220
158 3607
868 4706
553 1396
169 4668
847 2368
546 4426
2 2047
542 3718
788 4942
148 3333
662 1568
946 1098
256 880
741 4601
751 2845
126 4971
58 1575
930 2029
441 3033
781 4121
843 569
189 1994
144 302
942 2497
307 1757
816 3095
103 3159
48 3223
277 831
285 2641
11 4324
135 3636
692 521
762 3734
227 192
502 2346
660 3723
923 4591
820 4907
428 2168
460 2386
527 1356
912 1463
733 1232
590 3627
256 4276
421 4609
617 1286
378 3744
426 4724
132 305
438 1809
508 2282
527 4510
446 1175
246 3036
833 352
12 4855
119 780
344 3113
354 1586
832 4328
902 3606
611 4854
293 1835
425 3452
583 591
122 3414
177 1889
897 4430
604 2636
511 2408
283 1009
837 2349
716 4274
74 2592
165 2939
564 241
440 4864
672 4204
421 2407
490 26
15 3180
870 3923
971 4500
682 196
926 2808
294 3763
817 1589
216 4109
553 2940
147 2252
893 1813
246 16
103 1428
382 614
991 1890
189 1202
908 135
450 1243
364 1957
937 1361
841 2067
772 247
393 3863
144 678
315 1957
776 891
77 4300
192 840
247 2762
276 3463
405 4102
21 2944
515 1264
687 553
920 2710
703 2712
475 4053
669 4296
619 4475
959 3577
657 4178
406 2381
775 3941
661 4822
310 1855
888 3818
19 3369
941 2661
600 2368
894 2586
691 500
491 1378
948 3051
778 159
767 4696
65 223
316 1791
789 25
940 4624
333 1731
985 1657
990 2001
590 2030
560 1370
639 4403
214 4668
28 4249
398 3028
795 2664
833 741
972 3300
718 1434
515 580
592 1029
745 1271
17 4770
320 4542
99 2853
467 1034
840 2299
434 2843
916 2846
100 3492
996 4007
471 3893
60 2107
442 977
696 4240
104 164
331 3324
474 929
601 2956
231 942
29 4191
280 3544
256 2921
667 4478
512 2618
128 1689
930 916
659 3311
275 4368
473 411
218 1353
469 935
945 2621
664 4823
46 3498
875 576
111 180
178 3388
159 3146
966 2680
909 2146
458 1227
148 247
862 1805
922 1856
717 3373
784 165
892 3899
527 14
924 1636
26 257
719 938
137 3737
947 2788
319 3219
479 2454
496 4084
582 1872
136 1297
738 2385
607 2868
373 486
629 937
293 951
964 927
733 4670
574 3859
734 3848
815 4739
315 3864
124 4333
697 1751
502 3461
555 584
441 1007
430 1343
738 1230
58 4918
727 3027
154 3165
389 1985
518 409
418 2457
801 4144
166 3633
868 936
825 2286
847 2799
274 2937
525 2519
114 4934
98 2186
839 3618
786 4280
423 2242
920 4509
419 2766
393 3568
491 4103
453 3582
403 3990
212 2473
96 2527
361 3993
230 1066
579 1183
715 320
346 4624
143 3770
387 2181
848 1344
935 3972
942 4914
10 3362
836 960
877 2984
490 4524
581 1939
236 672
353 1257
544 4760
36 3536
172 3131
631 4914
588 4278
27 3716
727 1175
128 2307
214 3542
54 2129
626 3523
407 446
854 1889
429 205
298 1442
944 1819
727 1067
775 2010
418 2941
76 3729
650 4230
65 3311
657 971
951 3175
531 2818
564 780
641 2949
135 4538
744 3599
964 1653
477 3255
243 1856
580 4696
546 93
1000 4235
167 3480
41 3075
961 2523
278 278
89 113
116 4417
572 267
503 2611
150 3247
919 2526
314 231
833 4997
292 3596
962 3835
268 4141
290 1685
300 4884
15 2914
911 1776
649 1739
547 1499
994 2942
891 1272
471 686
686 2560
405 332
632 3492
33 4661
458 1161
745 2386
671 4423
934 1090
65 412
896 340
610 737
622 2023
677 1730
1000 4827
382 1516
523 3212
48 1936
820 4896
455 45
388 809
255 1448
24 532
63 4890
431 361
501 3086
621 4134
339 772
342 289
478 1870
975 2676
787 4840
837 2217
405 2560
386 2052
164 1185
229 2334
320 1698
910 2732
500 353
775 292
133 1054
654 4432
798 1444
925 236
393 3610
608 3269
255 3676
694 74
162 479
581 4075
366 1935
524 1060
557 1008
787 3685
307 3048
993 3790
711 657
504 3562
191 887
10 2007
698 166
966 883
952 985
253 2933
241 1647
788 2045
160 4691
638 2515
944 4773
187 4565
486 4861
306 2944
667 2923
249 2181
137 3926
821 357
917 4266
881 2394
394 2010
878 2059
131 2539
463 3049
984 4212
394 2949
492 74
208 315
137 4047
837 486
381 2192
298 437
922 301
922 72
113 2643
887 1017
410 4061
702 3452
895 1366
487 80
437 1720
609 2995
80 1153
305 1766
864 1235
857 27
500 3173
51 866
952 4502
429 2246
982 4610
160 3778
440 4061
667 1071
832 384
706 4217
787 907
341 3301
559 2477
195 4644
288 1425
155 1081
633 1608
466 3417
347 1022
63 31
768 3230
135 1102
563 4518
838 27
14 812
748 3517
318 1489
550 792
914 22
752 1192
387 2491
504 3830
220 2085
471 1438
68 2445
515 4891
613 4002
370 4244
79 3543
191 2552
681 3877
70 4477
488 4236
894 4924
529 1793
93 4609
230 2894
466 1444
232 1277
101 528
424 1447
601 3066
479 1154
346 1793
949 3254
455 3951
351 3305
387 2733
17 3725
822 2661
163 1793
641 4306
548 3324
90 4203
155 4598
906 4237
385 3562
443 3015
137 1511
402 2748
369 356
477 1350
843 3659
170 641
624 57
901 631
763 926
554 2967
179 1629
91 2977
996 868
851 2207
364 4563
553 298
396 2795
919 4822
430 4365
788 1858
664 3549
624 178
713 1684
367 3033
14 3632
986 2782
549 2515
571 2274
886 3332
576 4604
116 4848
42 2684
887 1756
21 3793
207 11
854 2333
969 2320
623 1646
339 1887
177 1825
280 526
361 1417
532 3450
408 940
853 1061
457 1061
156 3873
767 1812
439 3673
854 239
535 4135
236 1358
5 671
996 2049
104 4622
873 3901
714 2336
499 3165
328 314
73 4225
694 4801
484 827
386 255
902 1340
389 3973
668 4556
728 4570
525 4507
700 4508
757 1595
276 2460
269 1777
547 3448
960 4849
487 953
996 2291
8 2416
851 1644
341 81
962 4629
549 2999
241 668
54 4454
928 2766
291 1657
376 3458
715 2658
829 3174
724 1431
579 4460
23 4767
78 2488
515 274
2 1675
745 3180
141 33
633 2710
896 3349
526 140
663 4804
596 1367
410 4129
262 2016
824 965
824 2951
419 2902
609 4460
487 3302
151 1101
455 1778
606 1947
437 1909
526 3644
472 2361
977 2533
254 2138
326 4229
89 115
407 919
140 2790
928 2082
576 3357
583 4299
397 3880
299 339
383 3716
400 3131
937 855
708 1032
758 624
21 4532
744 4661
436 344
869 1660
480 2602
354 3429
63 1267
372 36
24 4951
411 930
94 3963
388 4181
794 4869
844 31
78 986
100 2731
714 2136
241 2441
129 988
984 3717
421 3311
765 640
620 4194
589 680
265 3737
712 2965
627 4584
763 981
185 1004
914 3365
919 3709
979 1508
311 3035
423 1815
775 1220
606 2202
31 1705
113 54
536 2106
635 4071
406 1996
249 2049
538 1923
203 3330
616 2745
877 2786
408 995
413 3325
324 2344
415 1708
795 3915
154 3101
85 1244
608 1285
501 176
187 4675
757 361
523 194
641 186
465 3865
88 3915
614 3207
220 3805
180 471
390 4216
268 2304
792 2984
735 2450
377 2476
906 3500
617 1411
92 1526
550 189
49 661
155 2814
707 1304
213 4970
569 3814
118 3649
479 659
322 3156
907 1594
19 903
447 4090
356 1491
973 3382
985 2453
656 1231
527 326
892 1178
386 4753
138 2702
936 2682
857 2123
642 20
537 2707
860 1640
220 4986
464 3626
795 3231
813 1070
926 3162
981 2869
893 4971
79 2243
493 3280
491 2187
593 1417
581 131
113 780
596 1422
157 4004
219 2667
301 1245
895 1489
590 3068
449 1897
701 4104
792 1482
799 209
157 971
279 4640
945 2249
164 1684
75 4581
794 3514
130 4288
858 2775
687 2893
114 1274
623 3366
600 3648
345 914
241 4469
895 792
217 3883
399 2840
823 4336
458 1205
900 4290
721 3830
828 509
664 1081
870 1149
106 2739
388 1671
641 1851
31 4780
958 2430
956 4572
713 4585
820 281
597 2424
17 1620
889 3535
849 2379
395 2734
212 3256
491 227
821 2842
86 407
316 869
305 3191
18 1700
47 415
454 2496
402 4026
949 4424
735 1203
635 2019
592 3369
980 2956
920 1922
121 4952
195 2686
639 3602
267 3730
119 826
871 461
222 4445
726 1275
659 53
922 921
344 944
571 4370
3 2866
757 2510
561 649
748 741
59 933
179 3738
603 996
95 3744
155 3795
98 2995
858 2454
875 1869
405 1691
365 306
303 1414
874 2398
576 4956
576 526
846 121
842 4846
692 3855
518 4722
632 3575
644 4861
802 2037
346 1003
201 2571
884 1810
584 2043
446 1584
932 3692
94 3118
842 4967
186 1135
996 4616
411 3697
413 2346
887 1182
918 1286
806 4263
603 4392
152 3473
630 2051
360 204
857 781
488 4856
271 4104
524 4284
970 3287
41 380
457 258
33 4397
714 2809
315 3063
666 3815
236 2770
879 2876
898 940
574 3997
87 2418
331 563
24 3301
382 794
605 4744
815 4288
920 3587
321 784
971 4801
54 1194
358 3820
339 3541
275 4051
583 4167
800 4690
894 1585
259 845
362 2478
240 2781
799 2479
730 4631
434 1600
821 4978
603 1143
872 4980
639 4449
680 2006
995 3064
551 3060
864 1305
733 4003
31 4485
493 4516
607 3369
111 4185
66 4708
771 1491
19 4596
774 3711
349 2027
605 3939
971 3767
422 2542
110 2913
664 2304
378 4650
829 156
199 2204
548 4307
75 2434
621 4822
58 3662
584 1493
954 2258
789 1373
777 87
942 154
601 2076
480 1786
380 3834
877 4640
882 4718
269 2505
649 3729
945 2559
604 2266
700 4189
657 1338
839 1086
660 1609
555 1327
997 4412
814 3244
308 2618
96 4196
466 1743
908 3845
101 827
770 4369
651 2728
903 2683
435 3332
467 1335
621 755
479 3789
548 1408
264 3864
899 2914
102 1587
613 342
117 175
931 688
79 3855
941 3325
972 689
311 3158
478 4089
549 2572
750 4548
194 129
906 4307
609 1805
416 4379
961 4179
8 2110
125 3678
844 2611
649 2106
750 2454
199 594
357 1705
141 1592
263 1289
521 3799
934 1228
232 1710
242 183
940 750
604 4736
292 2929
691 3392
739 4143
92 360
104 3632
639 4959
723 3381
864 876
676 1054
239 3002
104 4800
66 78
716 3341
671 4093
662 4273
120 543
323 4578
478 22
577 4165
962 3747
900 4855
967 1647
34 1708
727 1931
278 3236
235 385
166 4752
78 2653
212 2653
274 84
331 618
535 2111
466 4455
836 1019
949 2882
792 195
314 156
210 1496
494 1026
449 1778
738 1652
643 2058
953 786
27 3775
389 4393
527 1617
193 4481
956 10
276 3698
975 23
634 1945
214 2554
711 3360
790 3653
360 2379
148 1971
996 3758
531 3924
729 4168
569 1735
246 2479
473 3424
908 383
316 508
966 324
892 2361
83 1963
664 3406
776 2415
136 806
574 2200
689 2941
602 3696
141 2318
764 82
845 973
645 4066
282 2028
961 367
370 3309
687 801
243 4022
20 752
980 1548
61 3493
128 514
978 684
988 1143
494 342
853 4890
760 498
162 4713
408 3951
88 4535
666 2260
709 4882
148 2334
253 401
208 1153
161 812
323 645
35 2393
644 3440
661 640
743 1433
540 2565
421 3368
323 2042
543 2311
120 1979
23 2275
716 1744
76 889
280 4826
612 3084
256 3974
853 3964
966 1626
401 4069
649 1919
714 2314
124 1051
704 1626
399 990
180 4595
73 1759
615 1813
788 4185
745 4552
454 404
292 3789
287 1459
680 3376
191 933
757 3559
213 463
70 643
891 1344
890 153
815 3914
806 2145
684 987
104 412
737 59
797 4311
162 1814
126 1891
62 2401
616 3741
242 3500
256 3169
869 3369
565 248
518 2388
631 3726
170 3102
882 2813
945 2869
315 716
642 882
427 3172
1 4232
259 592
314 3231
828 1237
822 3149
636 1481
484 4093
816 2580
286 4337
972 3093
42 2930
362 131
923 464
424 780
675 362
993 937
55 2603
528 2823
531 4555
669 1779
172 1727
526 2225
581 4147
586 2010
672 2279
520 2410
227 616
340 2708
640 3643
561 3121
196 2471
337 1656
662 958
498 4233
656 3624
523 3997
795 2241
24 4350
315 850
769 3272
641 1774
546 2180
656 4792
427 2488
521 2123
177 4299
109 1132
405 1948
744 3363
463 1364
208 3060
481 3892
59 4694
264 925
389 2354
740 2840
5 930
586 4588
44 3073
131 517
595 3361
267 1546
530 4400
382 3482
895 2835
260 4539
92 4174
792 4585
520 679
5 2219
756 4110
57 4072
919 1364
917 500
48 4023
891 1265
774 4652
806 669
752 1601
291 977
642 1729
979 2546
867 4062
344 1806
903 1504
870 3313
820 3721
103 1865
586 4951
846 1909
777 89
350 2496
771 3950
887 2849
174 4899
576 220
108 2855
190 2628
451 454
919 2545
681 916
607 2687
774 1632
376 3020
634 3544
388 2091
245 1288
976 275
919 1727
12 757
213 518
657 1232
183 1807
154 877
288 1860
145 1057
821 4309
976 1214
287 3850
662 758
574 2631
128 2810
330 1453
158 2689
937 4605
689 4540
947 863
931 4302
931 2087
225 2864
552 2993
254 1350
312 3506
737 4207
881 1448
624 1297
787 766
852 1915
859 4843
601 118
754 2575
124 4394
546 3040
472 647
885 3031
210 3350
397 3442
96 1299
872 1520
818 2452
52 1192
866 1705
774 4102
321 2814
639 4143
340 1366
792 4385
575 2172
540 3117
901 356
610 409
858 1477
94 3296
997 589
885 2105
959 68
962 3749
227 4054
533 3343
908 2466
149 199
283 4400
302 212
289 3885
129 1718
538 2640
990 3969
431 4234
245 846
742 3867
923 2747
754 4924
453 1549
711 2073
929 3693
733 3818
148 2899
402 4701
109 3402
185 3949
214 4650
737 2476
993 187
360 4475
958 3118
302 3716
290 4416
128 2368
454 3292
522 4924
888 2766
227 3249
177 1442
72 3146
961 3510
130 1138
613 2009
145 1675
516 4291
321 1083
555 1021
481 3021
150 1201
434 4932
157 1914
652 4108
31 1509
596 2715
878 3596
29 1850
110 526
963 3411
632 3311
316 1799
713 3421
934 4063
586 576
257 1569
97 4091
981 3357
850 2608
566 634
877 2482
887 4890
441 3083
341 1684
518 1088
430 3190
738 3306
455 2200
966 2904
864 4879
582 1746
254 3378
567 3609
176 1738
641 111
785 3014
372 1155
549 522
631 4533
566 1923
60 1297
521 2675
777 4587
656 2082
661 4375
76 3456
267 2795
864 2785
339 4095
232 1525
839 2203
782 3389
706 627
675 3263
384 576
403 589
666 3443
337 235
447 2618
541 3677
302 1180
458 3679
511 1290
803 4845
259 3964
404 935
66 4323
777 4829
60 3525
168 3287
13 3450
741 2691
536 3225
618 4018
664 1919
903 4150
36 2121
918 1277
238 764
489 4547
59 1287
48 4804
843 874
909 4840
988 2689
69 2648
544 1480
941 2577
271 3277
536 4514
539 2799
630 2163
131 4465
838 880
263 2635
473 4165
511 256
533 4216
445 4332
918 2566
302 3529
847 1868
318 1524
221 1362
916 4627
157 1835
936 1573
213 949
524 4517
369 3411
357 2125
353 205
731 1814
822 1178
833 2993
477 3129
649 2418
712 2474
353 4756
575 1422
903 204
60 747
127 2723
173 2610
589 2525
816 4931
405 1950
866 847
815 1259
548 686
274 383
255 4342
838 2182
660 1129
792 4695
141 1207
34 1081
53 3080
423 627
163 1491
789 196
44 4243
560 2359
56 3314
278 3427
35 4423
82 2320
854 1079
215 3078
879 4290
839 2942
686 2434
61 4597
100 3771
625 209
537 2311
781 493
638 4120
435 4020
249 632
12 4826
915 4105
55 995
244 3671
746 2835
727 4579
627 3180
54 3547
825 684
692 3538
33 455
588 2663
712 2958
92 3250
116 3607
431 464
88 1559
458 4539
952 1664
117 45
683 4657
225 3779
713 2550
697 4003
336 4549
415 641
275 4539
153 1395
788 1677
168 3918
481 4378
245 3613
715 115
544 4434
590 349
623 297
261 3328
794 4057
629 4249
890 89
386 4262
476 4421
607 4904
830 4653
159 284
104 348
978 875
695 1984
485 979
750 459
584 692
577 3685
831 4770
433 1691
51 2592
613 4776
737 2102
630 1747
425 4496
862 1050
855 108
822 3903
216 1878
264 4807
169 3981
792 2977
822 2856
454 474
753 770
980 1981
936 1157
891 1872
227 2646
543 4838
805 408
543 408
963 3734
884 4084
896 3155
593 3154
955 1520
139 668
58 2995
851 4846
581 821
574 1828
388 1409
663 3563
658 1004
614 2395
939 1697
913 2691
982 1101
219 2768
714 2747
91 3522
153 724
344 3473
445 4279
727 3211
54 193
761 3990
773 3098
332 3584
583 2937
870 3933
202 3474
596 1186
249 553
899 4570
999 1539
295 3409
514 3453
743 1061
982 1343
600 4459
806 2578
25 552
281 4413
909 3753
391 2070
671 4110
884 1185
882 4522
823 3161
556 3571
979 1193
500 1195
99 851
159 902
149 214
88 2190
532 1901
241 3186
633 3939
456 2091
860 2935
741 3472
206 4131
194 2845
990 12
752 369
62 4123
654 3769
392 3769
230 1492
832 3775
718 492
386 3954
389 1485
291 684
640 2787
834 1606
699 1381
809 3764
494 4655
347 212
503 2903
365 983
320 3721
294 56
679 2607
395 862
431 2505
195 3726
453 49
550 1150
283 3021
435 934
223 4727
658 4884
469 3965
966 2785
842 2490
570 4771
341 4948
766 3663
970 689
194 3208
689 1201
372 1265
665 349
907 4541
90 4319
609 454
280 1447
249 4083
901 1794
73 1871
110 4153
55 16
220 4550
471 1917
851 1155
990 4468
954 573
205 2966
690 3910
141 470
924 586
10 2875
944 2487
500 524
431 653
310 2578
129 1520
26 604
48 4564
106 2290
522 3437
202 1998
229 411
633 235
578 299
244 3163
538 3152
624 2401
708 1348
971 230
281 3984
571 4726
514 1977
705 1050
820 1000
818 173
559 2393
349 2812
244 3284
132 2814
622 2449
496 1290
656 1279
670 948
702 1395
194 2645
753 2114
438 1056
161 24
927 2681
440 836
820 74
679 889
460 1754
336 1947
945 1008
917 3390
526 3276
758 2579
243 443
498 4345
78 3759
424 4167
879 2990
201 3866
337 4693
49 4226
6 621
197 1909
952 3505
814 1814
121 315
415 4468
812 1660
581 1239
426 2119
900 3170
54 3644
450 1429
145 3008
369 2258
100 3531
184 4922
299 2428
245 3131
904 4753
155 2420
366 388
593 1599
945 3707
878 4471
644 2318
344 4012
881 955
316 2903
407 3250
993 4808
167 4766
222 2975
875 3540
682 4128
264 3386
78 981
484 1440
728 4244
637 2665
711 399
704 1443
56 4605
161 1689
670 1795
169 1513
470 2673
691 4069
30 4323
618 329
241 2557
922 969
282 114
655 2611
768 4703
758 1800
692 3661
929 3079
449 227
834 4010
717 1210
75 3958
803 230
668 4472
653 3440
881 1318
506 3915
287 2565
371 3956
173 3217
100 4136
135 481
761 3387
293 4036
933 2676
375 1631
722 3661
357 4960
866 4837
243 1411
389 748
895 3323
360 1996
165 3972
681 4303
380 2914
144 2637
956 566
393 3607
999 3151
558 1688
413 58
196 60
958 1807
756 397
995 4843
4 3273
759 3849
595 708
192 1523
491 2048
398 3806
391 649
857 4091
726 410
172 3759
710 402
422 3382
952 164
134 2457
335 3642
863 3798
959 4489
322 3151
100 2055
633 2289
767 1057
891 598
284 3569
377 1545
536 1309
659 3860
917 2169
354 1009
428 1712
247 2869
299 3059
276 3570
296 2990
965 116
760 3619
273 4992
376 2461
402 3416
138 603
246 4566
893 1933
68 1032
864 185
213 3113
932 1780
433 901
429 1425
766 4457
668 1707
532 614
215 678
781 1355
259 2182
839 542
861 4465
873 2341
6 3722
355 2415
157 4120
150 2949
3 3653
82 2256
832 4703
463 376
157 858
893 2175
985 4918
470 271
334 1430
246 1317
478 2606
760 1538
118 4020
799 4647
582 2663
883 1608
492 3938
134 2015
858 3241
682 2786
432 4301
532 4010
129 99
196 1846
237 3833
113 2077
66 3951
176 1379
945 392
251 735
925 4355
154 802
157 4254
895 4183
191 1623
60 4321
791 1093
56 3613
317 3425
695 4014
276 2081
734 1498
820 2733
49 3610
770 1155
964 2189
360 2977
391 112
148 2569
726 331
506 3031
242 4419
915 3007
643 2548
762 513
911 84
536 4142
663 4183
326 1151
997 3305
381 821
797 1968
218 2749
132 1285
385 1465
739 3949
388 3197
668 3480
940 1724
348 3798
490 4376
407 4378
854 1391
931 3072
965 4117
483 2387
765 3039
639 685
936 4584
448 888
313 929
504 4432
172 1707
944 503
773 1853
865 2839
598 2229
935 1622
909 2387
831 4948
889 1920
562 1525
505 2977
305 408
79 4266
790 3109
31 3057
158 3098
225 4091
231 378
960 524
901 3556
111 3696
897 4605
976 4669
540 3055
555 3858
840 3024
596 2169
164 3707
124 4803
35 1607
542 886
383 4505
545 137
355 2457
252 2773
606 4025
591 253
179 16
328 782
221 4857
300 3689
78 4808
109 2172
284 2698
626 1644
889 2283
252 908
656 3738
135 2309
835 2986
565 1893
314 2540
814 2863
518 3804
141 1077
762 2178
717 2930
770 3988
584 1125
706 68
678 2184
931 186
528 3179
658 4457
570 2358
632 3007
413 3872
933 4167
912 3290
544 3123
657 4232
276 2820
529 3000
560 4336
930 3869
828 3821
103 1616
16 3125
112 618
296 3179
74 4298
674 3475
839 2825
610 3756
653 2369
369 2610
904 3708
348 3490
442 3125
758 621
68 2389
594 3896
974 1148
277 1974
566 3834
378 4766
378 2322
457 2615
489 618
361 3550
305 2194
76 2105
427 2857
845 1155
755 4645
237 747
488 100
751 739
831 2654
409 975
228 4081
150 4656
119 876
148 1577
248 3501
860 2308
363 1273
523 1225
803 1279
622 3190
367 4361
952 850
625 455
255 3662
186 822
506 2978
277 3155
805 3540
746 4128
297 4073
374 4256
46 3902
163 1040
660 1846
288 4189
6 73
634 2382
219 1349
24 3096
912 1572
848 96
266 4844
517 1982
472 2734
393 226
341 1985
814 2434
654 230
626 168
304 117
590 245
273 4739
507 705
428 183
276 55
935 1677
104 1520
317 2796
909 227
127 4621
94 4215
674 589
214 2065
838 4898
131 81
146 3853
891 3970
579 4378
316 1295
815 4914
763 523
176 2978
962 3621
368 3148
936 222
127 4513
560 3089
532 3744
807 3454
327 4049
70 946
209 3505
932 3634
723 1282
750 3859
822 3210
817 880
197 2892
180 2925
483 4683
717 2635
481 3819
259 774
469 318
362 2178
71 1477
893 4029
81 3885
20 1660
585 2866
523 1951
848 3505
891 1889
705 1470
433 2997
450 2412
522 1763
9 2935
170 3526
538 1707
280 3169
472 1124
104 728
665 1024
150 3059
864 187
633 3930
621 2415
230 2530
584 3287
298 678
375 4574
556 1239
974 961
153 4232
351 1773
612 3763
428 1727
911 4850
797 4977
608 2826
986 1466
707 1556
22 3668
44 4181
899 4695
376 490
110 748
82 3426
436 1672
721 4056
421 88
130 3588
796 1197
789 2241
38 3999
766 2257
209 619
479 4415
802 4102
814 958
958 1380
715 2147
558 4644
744 2848
669 230
987 1788
505 1785
302 2917
728 3254
878 2555
473 520
168 4085
794 4813
374 4190
632 4714
52 3910
838 4590
34 335
268 4437
836 1511
518 4585
13 4598
383 4131
89 3684
90 4552
752 4937
246 864
299 1693
808 1570
914 2491
18 3336
998 2081
184 2093
850 3903
850 1688
490 3331
147 2174
867 2500
144 3862
414 1508
192 2627
304 3097
49 2807
668 341
697 3028
494 713
706 4016
364 603
967 1805
456 835
141 1763
865 4009
249 3511
853 2457
989 1860
441 1466
966 4091
873 1914
969 3608
938 57
162 1822
282 655
215 3634
449 3572
736 2811
512 888
785 2215
970 1177
638 475
395 1471
95 2936
458 773
828 306
418 1640
621 242
258 190
982 4422
299 4392
228 1479
804 2349
693 3501
686 2293
438 2228
378 1948
402 2534
221 3691
985 411
568 1520
852 3036
397 1409
381 381
775 1769
143 2953
869 1404
449 781
982 3496
886 553
619 4639
545 2475
75 2526
104 1012
696 658
589 4733
792 2352
967 4275
931 417
251 429
822 1413
349 735
9 4279
422 3694
558 1074
514 2465
311 1611
935 4444
651 484
615 561
322 1248
98 3718
325 499
356 4013
937 3995
85 517
502 1034
168 3898
30 4193
270 2899
58 276
479 269
176 268
912 3534
700 911
510 3002
118 1983
73 520
391 3310
100 623
389 4698
141 395
165 3721
628 513
693 1662
932 3368
233 3367
833 1147
573 1745
836 4599
3 3844
834 1786
789 4524
980 3826
362 4945
885 556
425 4476
134 4300
552 1807
853 2967
679 3834
66 3082
947 616
494 3788
220 4717
15 3036
562 3434
123 2569
172 4905
337 54
538 44
543 4360
586 2744
625 4887
421 2613
908 1977
151 537
460 3773
634 3660
257 704
928 3612
890 3357
293 2872
568 862
17 3203
891 1744
361 2747
87 2215
770 3440
114 4038
664 3953
793 4592
256 4387
514 4948
264 3982
231 3805
145 4556
398 4736
464 2323
4 352
965 1033
991 1988
867 4433
770 4500
441 3507
66 2169
320 1002
748 4189
636 2699
715 3746
352 3694
897 3494
486 1708
73 2064
102 779
692 2042
760 227
946 2632
932 4912
216 1066
880 63
288 3157
19 4164
497 527
655 1113
588 4092
834 1115
340 543
288 4325
305 1754
486 1829
105 4618
587 2406
705 2627
612 3631
677 4780
381 3469
603 135
902 697
699 4044
436 1190
723 4667
602 4377
5 4121
426 2165
617 4914
641 4039
438 3222
283 1362
145 3872
730 2576
431 2014
215 669
543 1703
551 4267
239 4409
342 3110
612 4920
343 302
993 1121
339 4761
506 1491
368 1298
982 3672
478 1429
859 2289
143 4068
635 2581
640 2659
202 2433
558 82
582 4640
105 4752
406 3889
882 3589
689 4214
580 2766
676 488
836 2426
175 4932
748 2350
340 3013
340 798
753 213
585 2063
838 2243
294 3311
908 4931
223 4828
844 1240
27 752
603 619
281 4769
515 1738
33 2489
910 2762
979 381
280 4581
457 3948
901 4110
774 393
550 914
839 788
718 4928
773 663
842 4469
331 2267
570 4535
186 866
430 2246
134 3416
383 1676
362 570
17 2787
612 1913
273 232
808 3545
496 4182
422 2018
320 3956
456 2568
456 353
590 3322
648 1277
94 3909
563 2896
865 4695
676 3776
538 4300
56 2570
458 3782
966 576
778 2969
201 450
53 3504
452 3967
70 3673
770 4542
407 289
43 2227
134 4597
490 997
326 337
472 3838
480 4187
449 4608
42 3961
627 2665
811 4206
573 3331
549 2745
130 812
913 1221
670 2217
904 169
403 4088
626 1164
20 3569
853 123
359 1574
900 1632
736 4907
677 1331
166 4562
589 1218
365 1473
337 3626
382 659
478 3336
75 4151
240 1478
797 2564
164 665
663 4321
206 1830
371 2163
40 2063
969 577
530 1927
695 3455
842 4148
806 2276
591 2351
949 598
949 2813
331 1717
847 2802
110 3475
165 4165
841 4448
282 549
400 2756
419 783
596 2402
219 1661
19 1078
628 139
225 3169
266 2941
818 1697
594 2477
678 899
330 1650
63 74
166 2710
31 4700
198 1430
435 619
613 2877
798 4320
963 4387
612 437
188 2590
470 3471
100 2477
845 1133
941 2827
416 2942
428 1784
887 3759
419 4179
914 4158
211 214
8 3009
799 3767
798 2118
593 666
674 4526
574 2373
722 1076
935 137
410 1447
871 610
346 1957
650 153
364 4714
334 1610
631 3294
58 3661
879 1144
629 969
123 4544
81 4547
831 1598
513 794
600 682
696 1144
147 4083
4 4300
245 225
319 928
52 813
79 4888
695 919
440 4601
49 4716
739 1901
207 4255
21 3836
835 1380
45 1978
568 2019
281 528
616 2733
564 2543
953 3550
891 457
815 3845
388 2317
333 4367
546 688
279 1098
635 4180
370 2677
647 3480
456 3683
619 3152
815 4784
200 1219
647 218
158 3962
755 3952
645 3326
932 4551
517 4309
223 1876
871 2851
192 1745
560 4127
388 3377
567 639
257 4089
703 4435
85 1124
989 4240
366 4261
929 3206
748 916
880 4482
460 1681
665 881
909 1507
384 2854
561 4207
196 3557
397 3318
672 1042
269 1820
308 2980
172 1887
10 842
510 3380
904 3270
260 3168
643 3909
333 1697
290 78
598 194
207 2524
257 2116
205 4437
458 3863
628 2288
442 1869
719 2406
245 1769
102 1720
943 4551
549 948
523 1713
824 658
452 3230
51 2132
615 4685
441 4798
489 3563
360 3412
886 718
688 4446
299 3402
261 2881
519 3405
622 4846
295 4451
408 3574
328 612
646 4156
155 2347
181 1087
179 3229
932 4927
393 3158
501 1937
140 2483
26 1149
211 4349
715 4111
300 3869
930 1821
255 4392
348 4583
379 1718
920 3991
610 1587
706 1295
465 4350
250 3001
699 2073
957 611
265 1552
98 4593
233 4229
171 3351
183 2422
966 1599
386 3010
887 323
334 4806
878 1486
699 3470
768 2294
725 1429
385 2492
75 1549
897 4101
405 3410
829 2425
390 1560
166 2081
102 4540
439 3179
150 1090
706 4691
489 1953
236 2261
628 5000
647 849
935 3467
362 1848
985 844
477 1569
809 2833
341 513
308 4766
263 1088
555 4643
677 4340
118 2390
209 1791
644 3668
411 168
657 1392
287 398
707 2970
672 4935
656 2187
189 3209
182 52
63 626
703 1215
938 2021
693 3947
264 4736
740 4665
57 996
924 581
22 2170
836 468
863 2786
278 3853
634 3717
355 2087
799 3030
527 4557
942 1389
740 3618
19 1643
46 1517
304 2041
562 2565
187 3442
355 3255
202 1993
167 3204
604 1744
363 2621
786 1226
727 2080
333 4664
639 1967
893 2786
131 248
468 1856
585 4656
294 3918
349 1639
913 1223
443 1045
759 756
666 2514
418 463
1 1077
983 1632
904 1110
105 1400
594 2345
972 2971
8 1238
340 479
284 355
499 14
770 4678
720 3100
948 4950
915 2558
333 3859
488 2750
486 4101
185 2941
135 3120
119 372
594 3405
375 69
227 3877
669 21
407 546
147 1373
181 203
690 2295
828 310
399 1365
108 1647
744 2531
837 544
470 3460
473 3236
416 2702
385 3352
300 2756
591 2474
580 2810
280 4504
931 300
894 647
92 4160
794 3449
486 3296
436 3704
969 3
415 2598
854 2002
900 4333
793 3978
87 2769
238 2184
152 4884
692 2125
671 1248
831 1237
609 141
717 4104
834 2703
956 185
679 1368
677 2756
223 334
381 3660
692 1307
866 3180
661 1728
857 3360
287 3473
347 1309
650 1081
13 1958
854 3291
212 1084
367 2944
563 4576
733 2247
848 2988
242 3178
493 4746
39 4310
483 1843
705 4925
672 2762
837 2075
362 1553
802 4040
704 499
389 1427
576 1253
175 909
880 1893
536 1854
147 581
671 3476
593 4051
550 971
897 3001
281 2503
13 4415
488 3476
395 1033
162 3720
594 1916
485 3178
354 1446
925 2430
789 3589
326 152
59 4009
922 4118
292 3951
428 1102
961 1831
350 3892
285 4729
345 1333
487 1682
874 2091
631 4585
877 1608
42 4715
527 1229
124 2273
34 3548
449 2329
411 1054
717 3312
543 1210
159 2496
646 4829
138 1390
981 4819
520 2209
267 1800
358 3379
626 4591
898 2835
297 1154
610 4354
947 2956
224 2332
136 3451
906 3598
772 3369
882 2975
201 1567
309 2332
400 4665
601 2440
408 4260
590 1756
586 4266
139 3577
51 724
476 2445
137 4965
737 234
916 465
119 3339
542 1981
492 2389
146 1752
610 4596
464 112
717 2507
5 2944
247 757
123 2936
744 3283
816 2634
45 3511
527 4746
497 410
366 1122
435 3696
386 2757
272 3446
506 3576
143 555
444 1715
727 2269
261 547
701 819
356 4985
974 1651
46 4271
15 4692
170 136
617 2811
541 1998
45 4571
380 2346
856 60
140 378
439 711
944 1866
139 678
587 2760
513 4797
351 3981
745 1131
857 140
826 827
65 3358
824 1949
3 4466
526 306
808 3402
283 2534
345 4166
663 540
296 1012
762 24
734 2406
54 432
737 1657
869 4028
296 4395
889 250
350 4631
775 1131
842 138
855 602
729 2183
987 4693
670 4757
711 2543
413 900
781 1821
561 1552
108 3004
817 3235
779 4929
252 3197
81 1329
912 1257
898 1359
349 4298
421 4403
534 3297
556 3581
363 1200
347 4868
292 502
772 1893
75 2719
500 3420
815 277
104 3420
438 2771
539 3348
787 2430
769 1824
662 2664
858 2310
526 1608
980 1778
195 1737
62 4591
872 3413
641 3480
419 398
121 4942
296 1496
163 1906
94 1806
591 1858
405 1439
21 510
893 4640
466 631
956 4696
426 3713
768 444
322 4824
36 4201
822 4881
406 4148
605 1325
214 945
974 404
172 1702
58 1866
889 4009
690 1813
512 760
111 416
429 3206
381 2226
83 2569
831 2957
342 3961
924 933
775 581
663 4312
721 3728
373 1998
464 167
612 65
486 1875
207 4446
83 704
699 707
401 3265
821 2390
72 2006
292 60
460 3845
954 2919
417 994
680 3848
150 650
977 1331
108 3393
964 4546
702 4775
771 4380
793 4893
547 3440
573 2409
499 2231
546 1000
625 2047
840 1972
632 774
217 2518
523 1770
123 4280
857 2289
394 4514
690 1129
320 135
160 671
607 1131
434 651
654 4855
762 187
553 1016
766 4278
26 4239
222 1899
865 4257
323 1722
89 2309
529 1827
811 2708
8 1832
892 1357
436 4524
816 1776
752 300
167 1367
382 1255
776 1411
810 241
891 1132
18 3947
95 3413
45 3821
669 3419
230 605
958 1078
835 4620
768 3398
374 3996
40 2430
320 498
36 2725
189 1735
493 197
978 3881
699 2480
138 4170
199 3362
389 4920
365 2082
50 3010
327 1561
468 1308
631 252
471 3003
58 4820
309 1958
660 1478
778 4880
518 2068
22 3850
553 1500
940 714
474 3193
233 98
19 3552
827 3991
906 4284
940 1653
513 2074
415 748
743 321
237 3896
920 3135
209 2077
813 794
219 4485
585 4579
838 4759
313 1905
192 1615
789 1605
759 2894
804 4128
654 3366
489 3070
27 4436
89 3853
510 914
780 2724
964 3299
325 1097
363 1389
447 2780
578 3263
172 360
486 1688
23 4667
341 812
575 4362
747 2668
17 3088
607 1870
799 2040
702 4359
616 2858
442 3725
504 173
935 2840
603 2101
150 2799
403 2979
410 1706
318 2383
645 4727
901 2209
622 3548
842 2797
496 174
785 4249
27 4799
335 2700
416 181
82 3045
546 3149
584 4195
412 705
849 2921
811 4386
811 185
981 2848
50 1521
114 782
678 3039
776 2150
60 3929
807 1234
194 482
610 2383
615 246
112 3338
700 3508
870 1933
820 4327
25 2632
9 4085
553 3983
214 2302
630 4203
709 295
573 1417
643 2156
598 4628
653 3103
892 3385
23 2707
742 1640
737 1296
435 2880
397 181
868 1227
379 4971
300 248
884 1171
576 826
428 2877
481 1720
591 1363
529 485
420 1710
24 3696
545 429
717 1704
908 252
713 4214
458 955
394 1428
561 144
645 4982
662 4397
478 375
679 365
880 1587
560 185
664 4443
244 1605
215 675
471 4802
572 4625
302 563
732 147
563 3344
998 532
245 3412
646 2295
715 1900
374 1836
138 842
38 1658
401 3696
905 3458
248 3188
122 1800
139 4184
385 3422
741 2303
371 1309
400 4225
954 1364
742 3171
262 4520
98 2611
160 4243
581 3748
856 1472
622 4045
768 1359
727 1358
971 1718
998 3807
813 3990
534 2360
264 2499
615 4005
988 315
537 2136
542 2480
755 3756
206 2265
522 4457
925 1198
706 2588
158 2719
461 276
311 4947
669 454
378 4708
786 2022
326 4289
993 2766
170 743
722 3471
197 4781
803 161
13 42
167 4121
97 3153
656 902
148 3613
564 3528
951 1722
311 3082
459 1785
444 3611
475 3715
282 3549
681 3066
743 268
851 3477
453 4599
331 1455
348 870
423 2212
823 4812
426 1500
364 585
890 4344
147 4034
489 3246
434 1095
826 2373
96 53
540 1750
505 975
964 1031
217 2265
222 357
516 2561
545 3262
906 2487
703 2387
629 223
281 2923
532 290
461 1807
896 3196
134 1449
199 3793
371 867
481 2459
357 703
959 1037
577 706
423 2454
970 1869
832 2164
460 572
35 1820
615 4381
580 3606
291 1517
391 472
654 1340
647 398
533 3265
218 1941
949 4900
887 1053
448 4389
97 1422
697 1158
177 3337
917 932
208 472
934 2562
507 2983
832 2285
592 2798
592 2569
201 4899
638 699
743 4953
75 4494
719 129
309 1463
156 955
818 3555
455 1517
559 3560
614 1281
829 1169
300 3565
107 1184
293 2357
934 1636
485 349
182 4741
624 656
22 2308
777 1689
202 1192
7 3168
131 4695
131 494
979 4267
790 1362
221 2639
475 4441
955 4849
459 1464
825 538
422 3797
988 7
117 2932
155 3224
855 2632
588 4503
736 3169
259 3281
524 2532
127 846
968 3448
984 2638
561 4521
829 3518
231 3303
893 1998
774 4750
347 2468
32 3130
498 4586
751 602
80 2612
960 4388
762 4632
347 1421
63 4631
230 4808
419 3246
785 4801
348 4763
35 4303
871 603
8 3123
625 2533
322 2532
688 3821
8 2076
705 3990
1 2854
100 4819
427 4948
24 3777
237 623
443 957
880 4930
847 3521
105 1901
478 914
970 622
505 788
868 611
930 4229
300 4062
29 2256
695 1851
277 4078
741 4707
4 2199
867 2308
203 3082
504 4242
213 1555
944 2528
522 4525
147 2921
697 850
112 1917
43 2046
824 4597
239 3678
777 4522
221 4304
83 2613
248 4895
308 2731
96 2323
151 4962
146 454
607 3027
514 2836
49 4951
873 3937
73 3093
589 1963
635 2308
697 971
863 3892
11 3383
728 3438
807 4485
748 909
488 1507
101 3047
723 98
774 1046
409 396
63 3960
133 4433
570 4959
217 1394
41 4844
643 748
557 1462
218 3982
333 2508
183 992
54 3093
501 1338
351 347
789 1970
562 759
522 1626
615 4557
186 1182
966 4491
637 3040
898 3310
559 3615
910 166
447 930
170 127
139 548
739 2270
830 3849
190 779
850 3269
34 1929
810 1921
809 2450
998 2386
580 412
351 589
332 4511
838 936
669 3113
555 4260
66 1359
186 3639
401 1349
733 4037
773 4375
952 405
451 123
76 505
313 2404
543 880
414 2981
949 2056
417 4447
162 3403
489 1583
582 4514
644 3177
17 2756
907 1830
170 1537
459 3397
13 3051
617 3983
555 3105
567 190
844 993
596 3631
424 4342
503 4635
556 2512
878 311
291 4981
501 1822
994 1691
982 2391
656 2635
262 1247
900 1009
184 1593
698 4029
94 387
372 72
962 840
733 1017
289 4009
786 4815
925 1187
822 308
82 2484
403 2539
682 1725
880 4864
730 1887
30 2967
606 131
146 4576
896 4808
344 1851
836 327
894 3981
932 35
519 2606
715 4467
142 2656
137 326
219 4300
138 3180
681 4102
203 1848
461 386
555 3468
15 1797
238 1317
148 4770
76 3204
67 3650
12 1499
824 1148
980 4105
789 4574
68 576
791 4354
97 230
391 448
275 2488
944 4569
660 609
560 4872
584 3768
152 3091
162 1564
79 1795
442 386
497 93
376 4233
989 555
624 3315
524 1916
694 4542
296 3486
671 394
278 3846
474 3492
159 2434
539 440
625 3661
936 3294
948 2365
342 4770
464 4467
421 3602
543 2545
593 1908
517 3310
890 145
551 2665
284 2321
158 3902
7 700
327 4088
950 1098
220 3962
660 2019
607 1927
449 523
490 2510
887 3149
424 4142
202 3046
978 1052
401 2209
690 4261
113 3728
314 1237
696 1339
799 4204
675 233
368 3200
592 464
227 3978
499 2222
657 822
812 4668
27 4627
484 4314
88 4085
267 4316
41 1758
526 3264
717 2566
472 1981
457 2346
835 986
861 1941
250 2807
982 4419
717 701
818 524
85 1656
638 822
188 1296
981 932
353 1363
584 3447
229 2990
224 431
719 2588
870 4218
579 1531
195 2588
195 373
377 2070
236 2885
148 32
397 3742
280 2174
154 3984
987 2524
548 905
642 4970
312 665
265 2768
74 1251
148 1200
776 1294
850 3458
957 3584
115 3763
452 2365
233 3001
701 3106
222 3071
929 4919
946 4334
29 2942
326 3165
288 2644
2 2021
647 2991
265 2660
980 2871
881 4326
105 3876
406 2784
844 243
278 3538
651 4803
2 4357
81 220
428 4465
76 3259
984 667
920 3126
583 94
578 918
20 2088
623 3778
798 4570
32 4771
729 269
358 1036
555 3765
696 1260
749 2089
910 2946
887 3191
550 159
326 1205
95 4719
630 3831
475 510
700 4304
815 2793
82 1747
730 4412
952 1078
935 3649
694 4489
155 3952
702 2364
62 1509
81 3737
17 46
504 4365
731 1375
503 4140
43 4384
129 1455
175 4540
987 1974
279 4368
141 1923
5 830
373 997
727 4235
209 4309
985 329
448 4325
918 4705
624 4901
779 345
803 2688
405 4076
171 3909
285 776
174 3389
184 2387
955 1510
89 1066
512 1169
491 4264
262 765
420 3566
977 4652
542 3034
769 44
187 591
283 299
840 4125
286 2519
986 1210
406 2355
942 3089
283 3453
281 3343
147 145
845 3156
270 4911
304 3512
517 2573
42 65
25 421
88 4153
556 2272
788 3561
879 2925
679 4557
686 3284
739 2393
412 1998
890 576
408 307
308 1123
626 1698
316 2704
259 184
54 1472
787 74
637 3513
88 73
432 4047
642 1413
783 1123
760 3849
213 1236
434 3864
642 4796
341 3407
955 3041
528 3233
56 2191
517 2586
718 590
501 2053
806 1642
135 3652
754 957
910 3685
260 156
461 146
182 2946
748 1408
658 2417
126 4771
241 3526
79 495
640 562
583 28
254 1021
875 1368
914 3511
928 3180
323 4238
875 550
825 2944
28 385
145 970
778 2603
590 3306
590 1091
373 568
569 214
911 2166
747 4687
195 3716
809 4104
262 1491
599 2308
475 2538
893 2297
156 1738
641 3473
713 609
66 798
697 1833
558 1260
602 2764
623 1389
192 4815
803 2488
123 514
706 606
336 3776
501 1140
477 2503
423 2203
261 3373
704 4882
544 1446
504 2313
774 1908
555 558
285 4898
71 2431
472 560
761 168
363 1556
45 1920
685 560
449 4713
31 3971
339 2101
641 224
950 3423
420 2211
17 3255
160 3563
824 2560
942 2781
147 2052
754 4716
647 160
304 1218
69 3795
79 2039
421 1510
786 3328
514 2906
379 2681
102 1649
507 3095
242 3615
610 106
889 2379
402 2291
405 1808
726 1863
580 348
189 426
607 2171
402 3688
393 1690
369 1067
783 4319
855 3670
263 3795
860 3785
397 2563
722 4080
443 235
952 4542
518 1806
79 2402
499 3742
96 1588
538 4673
905 3383
377 783
34 4093
356 1892
628 136
58 249
816 601
184 2576
718 3449
859 3159
611 3057
392 1707
428 4104
108 487
391 2007
518 4034
404 4686
149 3642
920 550
871 4795
413 719
635 1586
313 3750
664 2287
203 1663
373 1320
457 496
845 4284
953 1077
39 1151
830 4161
245 1256
577 4698
575 3642
12 2711
38 1717
640 4000
301 2356
342 142
164 1038
788 1885
929 612
