931
33 20
9 21
36 14
4 28
31 25
41 35
13 10
20 45
14 41
30 24
3 19
24 39
35 41
33 14
27 21
48 49
50 14
8 36
2 17
44 1
42 3
46 40
2 18
42 43
2 16
5 34
2 17
24 46
1 21
31 37
31 32
25 18
37 22
30 12
1 31
6 14
41 42
37 17
49 39
49 34
10 44
9 4
31 10
48 14
40 1
33 39
7 25
40 33
2 8
29 3
44 44
47 19
18 48
34 7
45 29
43 28
19 30
15 47
28 42
46 12
16 39
48 5
30 31
26 9
40 32
11 21
45 23
1 40
39 23
9 21
1 34
35 17
44 28
12 10
45 12
35 29
22 30
9 49
10 6
4 39
13 4
42 41
21 8
19 10
44 5
6 10
33 46
41 22
24 29
22 42
21 20
32 11
1 10
17 1
29 31
14 25
47 23
23 7
21 49
23 1
13 33
18 36
7 19
16 10
5 45
11 44
43 33
21 11
42 45
47 35
46 3
21 19
32 2
7 38
30 29
23 35
25 19
1 21
40 41
21 17
42 9
1 37
18 41
29 8
33 28
49 12
12 15
26 28
9 12
22 30
22 49
46 48
36 11
31 41
46 41
26 34
37 44
33 27
49 5
1 44
3 10
12 36
50 10
29 43
47 7
32 30
16 43
14 3
34 43
1 38
32 25
38 36
44 40
49 24
50 20
42 46
2 20
41 21
24 27
2 29
36 8
35 12
31 23
5 47
32 8
9 17
30 41
14 40
34 21
41 28
6 50
8 7
41 45
19 16
8 38
22 13
32 40
6 7
11 39
43 24
34 9
48 47
40 3
37 15
42 4
42 13
4 15
37 29
17 12
41 3
20 3
13 19
50 48
24 18
26 6
23 25
24 32
6 18
6 14
19 4
7 25
28 37
6 28
24 27
47 34
22 32
14 39
18 9
43 38
43 25
16 40
32 24
4 26
20 44
4 9
18 29
42 38
6 42
11 15
43 47
1 49
31 16
27 12
23 41
26 38
34 23
1 13
16 21
6 16
20 10
25 29
21 8
11 30
37 8
34 2
36 37
28 18
48 12
38 15
47 4
2 1
46 43
2 16
18 29
31 9
3 35
29 6
7 50
34 29
47 12
1 35
13 16
35 19
39 12
2 21
16 34
45 16
8 25
38 47
25 7
50 20
47 47
38 36
48 17
38 19
41 25
17 29
14 44
32 6
30 15
29 19
28 25
29 4
21 28
43 16
33 24
9 2
25 37
41 49
40 16
41 8
11 7
17 33
36 9
30 37
38 3
3 31
45 34
28 50
24 15
50 30
28 15
3 34
35 4
14 6
48 25
37 18
41 30
35 28
43 13
30 40
22 38
27 14
42 23
4 10
25 9
7 17
47 10
36 22
15 20
50 6
49 13
14 2
21 14
26 28
14 33
19 9
20 46
9 37
41 1
34 26
3 20
3 28
32 48
29 44
19 50
29 12
47 3
9 32
9 42
6 30
45 47
3 21
49 36
18 20
13 39
33 4
34 7
47 5
43 18
48 14
22 8
30 7
29 47
27 28
50 25
35 3
17 19
47 40
24 1
30 44
37 36
22 41
16 26
17 27
6 13
46 44
8 44
36 40
25 45
20 38
36 10
38 24
14 22
7 4
50 48
42 27
2 25
18 26
25 39
8 4
3 10
17 11
36 34
5 8
45 11
8 5
19 49
49 47
21 29
12 25
1 23
16 37
27 39
10 38
35 43
10 39
10 36
3 2
23 31
5 30
16 6
18 9
34 41
45 47
8 38
47 17
34 34
37 46
20 16
6 18
30 19
45 4
15 28
28 28
28 46
14 19
49 5
5 37
45 19
15 40
20 41
23 28
41 14
17 39
27 36
6 14
37 22
33 46
39 5
19 5
48 27
49 48
25 39
24 10
18 4
8 50
13 40
5 40
35 24
16 28
19 41
37 34
36 5
5 34
35 32
47 21
19 50
12 13
38 38
23 9
9 35
30 14
47 29
28 11
25 7
44 36
46 46
18 16
31 28
24 13
16 24
45 28
5 24
3 3
42 28
45 38
4 7
30 42
45 18
23 31
39 25
27 29
40 22
40 28
13 40
8 45
31 7
15 34
4 3
3 44
47 36
28 3
9 35
18 40
13 3
12 40
34 46
3 12
9 46
50 22
48 46
44 49
37 20
4 21
32 40
45 36
23 29
40 39
35 16
43 30
10 49
25 16
46 12
33 17
40 49
16 10
48 50
17 29
48 14
25 17
1 24
11 49
49 30
38 31
11 11
45 40
31 3
46 5
9 38
47 14
50 44
8 48
38 49
43 39
4 35
28 13
9 22
20 50
40 7
16 17
30 36
25 46
45 24
35 38
38 31
21 50
18 48
31 47
29 16
28 37
5 28
23 43
36 17
41 43
41 17
23 15
41 11
17 34
12 32
16 30
22 34
38 49
46 18
36 15
4 22
39 43
8 36
32 23
1 27
24 3
24 16
35 14
32 23
32 5
44 45
11 50
19 22
41 49
34 45
25 5
30 41
44 38
28 34
11 49
39 29
35 23
14 10
41 28
11 2
9 20
3 37
10 14
18 33
50 37
47 11
37 3
8 19
35 5
9 34
35 48
20 19
25 17
6 43
24 37
5 27
32 29
1 48
17 22
30 17
7 41
8 19
13 34
35 33
26 27
12 41
25 5
45 26
47 2
35 4
46 41
42 22
45 36
40 16
44 34
18 2
49 38
19 25
1 37
36 24
8 40
48 12
8 19
16 38
33 33
16 14
13 10
2 47
30 26
11 12
14 4
9 39
44 11
4 30
6 22
3 43
1 34
23 43
45 6
29 47
47 10
33 40
17 25
49 26
39 4
29 43
8 20
6 11
5 18
46 5
46 41
47 15
23 50
22 35
14 45
27 47
46 15
25 24
42 29
34 1
13 9
10 29
28 29
35 6
8 14
30 28
7 26
40 24
23 23
7 9
4 1
47 42
45 3
34 26
35 49
40 10
4 28
46 32
25 49
42 22
25 44
1 32
30 18
29 42
42 28
7 17
7 10
5 33
50 28
6 4
16 43
49 42
43 42
45 18
45 26
50 18
46 11
3 38
8 33
19 23
27 6
23 7
22 34
46 35
22 44
37 50
13 5
22 42
31 4
31 16
4 13
27 25
22 41
2 5
32 30
33 26
15 28
16 5
22 3
1 30
9 15
35 50
3 1
37 14
46 46
2 10
16 28
41 39
40 6
24 33
12 26
4 39
37 19
13 22
30 13
13 50
6 2
8 23
27 35
39 24
38 26
5 20
27 9
2 45
48 30
23 28
5 47
6 38
38 44
22 32
11 27
31 36
48 19
47 35
25 49
18 25
16 37
33 4
33 30
15 23
24 26
44 9
34 24
11 20
25 45
14 16
37 47
17 49
19 29
13 43
38 11
29 14
41 7
47 23
16 28
5 27
14 50
49 22
35 1
15 1
39 9
19 17
14 44
17 25
40 11
30 36
11 8
4 25
39 27
7 26
39 22
45 50
46 10
13 37
15 7
36 10
4 44
13 10
33 29
32 34
7 6
17 48
45 33
38 14
6 21
11 43
26 42
33 36
22 6
33 40
7 38
44 19
16 4
41 49
38 19
50 23
37 10
2 10
35 38
5 19
12 28
10 49
2 45
16 40
17 7
26 18
40 39
26 23
3 3
3 41
48 48
11 13
36 42
14 31
22 22
24 37
15 5
2 15
41 47
48 27
26 33
16 19
46 40
30 21
34 16
26 20
39 43
21 36
26 47
12 37
17 3
35 40
28 22
13 26
31 24
45 34
7 38
18 25
47 42
28 19
24 43
41 38
42 10
28 36
3 9
23 34
13 21
27 33
16 47
32 22
27 21
6 1
19 47
31 33
18 26
24 43
5 39
38 49
3 44
42 12
34 47
44 35
6 11
46 4
44 15
49 43
10 3
31 20
40 33
16 27
6 26
44 46
48 5
39 1
47 1
18 18
12 15
5 23
11 20
38 44
25 7
1 31
42 34
16 29
46 33
47 32
16 26
27 40
13 2
35 28
38 20
17 12
15 8
7 48
25 10
22 33
37 44
5 17
13 31
30 42
24 19
50 46
19 34
49 15
10 43
16 14
48 48
33 21
41 25
20 38
41 39
16 13
44 14
24 43
23 22
16 28
37 28
39 49
2 9
14 45
9 24
