9402
9762
8558
4472
8412
9376
5028
5662
1482
4914
532
3620
2146
8206
2234
7106
3278
132
5574
9076
986
3636
3230
3944
9140
9828
5304
9672
1228
344
1430
7452
5852
6780
6770
4122
7282
1222
484
7922
2856
8770
9902
9696
2538
4190
5300
3704
6406
4864
4880
2544
5388
2378
7208
2730
7060
9616
3228
622
8064
4324
8310
8060
8324
6498
2684
8214
9790
8080
6360
7604
7396
6988
280
5160
9096
8070
8432
7856
9170
890
1648
5468
338
6088
6762
4862
5492
5786
1500
6478
856
5140
8356
4224
3512
8042
6726
7312
5360
980
6808
2610
184
7902
766
5894
5050
3004
6728
4332
6018
4486
2820
1956
2842
9794
2472
2596
226
5842
2630
8528
5748
7684
2740
5736
7926
7834
6622
9956
4510
9556
6890
4132
6210
9140
4358
5680
1566
5506
6138
2548
1028
4112
5020
4180
5906
560
6422
8708
7074
6350
2298
2284
932
5054
6564
5204
8590
3380
6704
9466
2722
6520
4612
3796
2908
708
9082
3796
8392
2910
5230
3094
5576
894
6966
8212
5318
8342
144
7812
5438
5458
5658
9276
4294
6898
4858
5144
4678
7616
2888
5852
3824
862
1248
7698
486
2578
2672
5360
2252
778
9170
9450
9142
6744
1790
5366
3334
8594
408
3920
4562
4702
1034
2232
5392
8472
8244
9058
8092
4122
4826
1994
3034
1456
4004
5448
8448
2220
5794
8588
6750
3816
2296
1748
2764
2850
7160
2308
6354
6612
6194
1910
5986
9524
5202
3890
6004
2914
1270
6038
2116
7288
2364
6770
1928
7790
5590
8652
504
4042
9610
7788
9406
8736
8302
5780
9852
7978
110
2314
6734
9332
5930
4296
3172
1474
9260
3196
8230
2498
9370
6700
2270
4430
8470
816
7064
3704
9882
8026
4892
4530
7110
7018
858
8428
7090
6938
4714
8310
3882
8726
980
3898
6352
9660
2518
200
2360
1142
9408
2068
9180
4108
4442
304
5866
4224
5920
2982
2390
436
8594
2206
7214
2140
6674
7292
7888
3352
4412
2704
974
188
3498
7546
4230
8792
5754
9678
4686
1030
4986
9996
130
2638
7320
3816
8560
3580
6622
2060
52
1512
2456
1270
2530
8616
1928
7288
3026
2746
3680
6022
4262
4778
9990
5056
7516
3982
5026
2606
3462
6722
1346
9354
4502
9206
5814
3516
5150
2608
4192
2490
1316
4798
5738
5850
1752
6054
482
1112
812
7470
1852
5088
3208
9322
5030
8136
9086
7526
9624
9590
5424
5512
4982
8888
6558
7696
6622
276
8260
7136
9208
5060
8750
3946
3600
4254
7596
5164
3438
2154
7416
6510
6936
5732
7732
7314
4964
4664
2050
8202
9346
9090
9378
1036
3762
4284
904
8500
3574
4076
9624
4340
1556
8454
3146
6892
4322
8440
4318
8172
8156
9620
9774
5382
7426
2746
9980
7112
8802
638
6896
9564
3524
634
8242
6106
1278
2888
6690
2958
6168
6310
6500
8742
2998
2708
9840
6786
5816
190
4158
8662
1774
7368
236
2060
4744
1176
1192
5732
1464
1070
2122
5072
4038
7246
316
3492
9616
8430
7886
738
9974
6482
8902
5872
9030
4950
6224
2420
9478
5230
1194
3854
114
2518
9890
246
3160
5560
6068
7382
7924
4606
4808
2234
722
9554
4922
5750
268
4814
5106
7800
70
1204
2306
7974
7712
5632
7052
7386
6650
1176
5988
6170
4802
202
3288
9340
6950
6328
6736
1628
3830
9060
5814
2086
1576
2870
9832
5548
2272
3800
2000
8590
2132
5344
4800
8184
86
9888
348
8344
3296
9720
7096
1010
9720
7218
8676
2166
4038
1562
4412
7904
1208
8728
2738
1792
7348
370
2694
4626
2580
1768
1266
1814
8864
9266
526
2930
2664
9802
4254
482
5240
5100
2728
6554
1874
8594
918
7074
5166
1268
482
6930
832
4018
2258
1930
4840
3580
5180
8906
7260
1254
5954
2830
9142
9272
2782
9918
3772
1968
6384
1634
8470
6692
6222
8558
1450
2690
4472
5232
572
4198
378
5170
4640
5172
6490
9704
6658
1326
1280
4928
6144
7168
78
1778
9680
3868
8902
5906
2352
9156
1296
6540
7438
3792
3220
8110
3032
90
2536
4906
9906
4870
6066
9736
8092
3750
1108
9934
5708
5912
5430
5156
2376
720
134
4918
3154
3996
5798
1016
6710
4994
6300
834
5798
5566
2432
6772
980
412
8900
9360
1300
1892
4496
4274
7580
504
1986
6736
5398
7624
1406
2004
1042
3580
28
8886
7438
9506
480
8390
6938
9222
4574
5732
1606
7988
7076
542
9632
8852
6412
7934
3254
354
4412
7328
9134
1604
488
1058
8074
194
8738
5298
1746
3830
9082
562
3830
9780
1266
6338
9838
2470
7338
1538
3468
4442
4010
4540
5140
3596
3464
2068
4302
5988
3012
1288
7580
5854
4334
4738
3028
7280
9148
402
144
9350
4942
8168
4878
1150
1608
6646
4266
9454
3164
1006
1794
1118
9778
300
6210
7382
9804
7766
8
6838
8578
6308
2628
8424
9374
5206
6112
6386
6716
6742
5846
4008
6394
840
9948
9082
1700
1702
5810
5952
3924
6814
8386
514
2092
2014
6414
8108
9862
6084
588
5634
4676
7204
2094
9042
3802
4842
4660
472
274
6016
6444
5116
6004
6492
2160
9322
5760
476
3118
2798
6526
964
3468
2154
1200
9864
5482
5152
6616
780
3486
2404
6
9080
3968
1050
3464
7900
8434
6786
2888
1586
4110
7886
1618
4604
2828
422
9536
9764
3644
6074
4772
4776
4576
1926
8026
3224
8866
9184
8794
8376
1894
3256
3466
9694
8028
8200
2878
938
1396
754
1502
5432
6968
2816
2920
3764
9170
9178
4766
2198
7460
3488
4524
6478
8878
2408
1688
1998
8574
5334
6496
7716
7322
6100
4358
9124
2750
2584
976
9280
1016
3330
8336
9698
2550
6332
328
938
1068
8170
8516
9044
6210
4422
3658
2450
5476
3984
8150
9458
7030
5404
4636
7620
6434
4792
6200
1304
4060
2528
578
5088
2076
566
1822
8310
9670
88
4274
1160
4348
7604
4088
9794
96
8058
6246
8990
4398
8782
9432
6226
4756
8360
4406
168
7150
4696
9508
6534
6478
9052
3846
6604
6028
6232
9924
2984
3514
2796
5122
4374
9234
7680
8624
6330
8768
4558
2532
3998
1544
3654
2452
1660
7142
8914
9686
5330
9706
4832
1244
5964
1890
7036
6566
5092
9280
8864
7256
8098
7972
8660
9612
8538
3790
6722
5514
3898
6042
8458
1888
6134
1414
9554
5422
6436
1110
4184
360
7430
8496
1748
4630
4182
5488
7690
4542
8106
468
9410
7236
1510
8242
888
7696
4998
2338
8630
6086
6960
8486
7512
4104
4814
932
6552
7820
2056
1952
7272
3218
8252
4528
9716
6266
1068
3824
3084
2764
8072
5602
7196
1100
5876
8970
3856
8762
404
5264
3152
7540
198
6594
2804
3132
1334
9598
9682
290
6806
5236
8392
3636
2894
5844
7164
7310
6582
318
3772
7072
9374
5226
9256
7450
5852
1764
5700
8614
7808
5332
2746
2028
2510
1054
8142
9152
7364
3316
9330
2746
6910
6850
3500
6852
1882
6888
3798
332
7538
8780
8386
6006
6334
786
5872
4590
3160
2356
8434
1324
708
2362
4342
5846
9252
3760
3972
5042
7202
9208
5856
3042
1550
7296
5968
1596
6916
2764
2414
5984
8690
4430
1096
1262
3538
124
1366
8842
9048
5832
9086
9400
1828
5146
1578
2508
3192
9738
7970
3152
1714
5700
5448
5178
6934
9024
54
7804
6398
9476
7600
3538
790
5452
6888
8022
2924
8164
4386
380
8856
5066
2656
706
2760
478
6508
9718
3724
834
6904
3126
482
4256
1090
6688
6832
6326
6060
6348
2952
4048
8646
4074
3632
4948
8986
4506
1482
5506
2616
8526
6156
9084
1306
3086
9252
1820
2264
226
9020
8228
9098
8086
8608
6020
44
5432
5856
3702
8598
6550
254
6924
2994
144
1106
7458
4134
3154
4038
1366
7256
7876
5110
3184
8990
4528
7314
864
4548
2856
8732
2410
4466
8590
6224
5332
5158
6470
9678
2548
3276
3900
2192
6286
5468
1756
9428
2048
6624
7496
5118
9800
8294
8612
3100
6556
1630
884
2318
7156
9096
9188
8568
5126
1030
1692
502
8464
3030
472
798
8650
5102
2662
7808
5758
9132
2736
6666
1896
4852
7736
1356
5614
3592
422
3142
9604
6030
6326
8994
5178
4490
5360
6770
40
2718
836
8798
9684
4796
4616
670
5192
1720
6658
3890
6458
5764
2892
8784
8892
1526
1626
6266
9432
7508
8250
6412
5812
9686
8936
6252
9620
2322
726
308
9356
6860
1570
7454
4276
6798
3850
5980
6464
8954
8666
2770
904
7484
5808
5826
7108
12
3068
4692
8612
1826
5982
4408
7442
1490
1032
4586
7920
6466
288
4552
3530
2104
3844
3684
5510
4974
4944
9748
9610
5438
6602
6318
5752
9606
7436
3526
5338
7180
1156
3300
8562
6528
958
8610
4490
4554
7292
3358
8272
3768
1248
2500
4680
6180
3882
7262
4446
6136
5672
374
6542
6124
3570
6026
3078
1690
9386
1200
6698
9618
4442
1772
750
2582
3850
3718
5052
8432
238
146
8474
5424
1952
390
8056
4302
9988
80
5544
2646
4052
4626
6640
348
5328
5340
7262
4180
3498
1212
6196
6530
8846
4436
4450
7732
1458
2936
5852
260
6338
2964
8428
5978
332
5478
2594
4406
2768
9122
9718
5166
140
9608
5820
4458
5760
4858
3018
9820
6716
1122
5956
586
9050
124
5206
9086
7950
846
7436
8398
7184
8928
2534
7812
8922
590
6260
1084
9436
5212
9614
3148
250
6518
3708
5728
7634
6772
4886
8848
8904
1660
3770
4786
1772
2282
6636
8282
1818
1088
1546
8420
2956
9672
5900
866
8326
8822
7860
8814
948
7006
6292
9436
7870
7378
1784
360
664
4174
1382
5632
8764
1114
3894
7816
9748
5682
7706
7884
820
8436
8962
7340
8500
8136
314
2584
5224
7708
2840
5806
4374
8
1908
1644
232
5566
2158
92
4792
482
7116
3228
7674
4388
802
4202
1896
7350
6888
7486
3786
446
9812
3970
1530
8176
7834
5388
2582
2898
5234
7774
158
6900
8950
7274
3574
9326
8590
520
7652
6348
6040
4188
3924
6796
3792
1948
7584
1022
2758
5210
9234
2466
676
8150
3340
5956
1934
2676
9670
1478
6132
5174
8348
4250
8676
5194
352
1434
7572
2232
1534
6600
6964
3414
2036
1850
548
3894
518
6440
3106
5450
7074
3022
8344
3288
4676
8102
3120
8450
9898
560
8120
3630
1172
7282
4530
4534
2764
436
7178
2424
4234
8608
6624
7372
2076
1548
2024
6470
9298
3518
3040
6830
6900
8452
1568
1700
9634
3342
1362
1406
3020
2572
288
8658
8666
1270
644
7972
954
1242
8340
2048
9312
626
8314
2962
6790
9160
5888
7774
4288
6204
786
1732
9028
1638
9822
2388
9244
1708
6448
2664
5366
5818
7382
9164
7008
3772
7284
1518
1702
9848
6824
798
1372
9592
4352
8288
6326
3626
6894
6560
320
9584
2896
920
8352
7324
4740
1220
8354
4782
5996
7184
4524
8208
56
5416
4574
4682
9924
4694
1974
4688
3774
7928
1012
9300
5866
896
7970
54
1398
9622
3322
6454
5542
4854
2038
1192
7552
9456
2690
6704
7756
1644
2524
9134
1394
5320
8714
8634
5152
5908
4142
5084
4822
8384
1036
4780
4054
1730
5334
4180
6234
2438
7154
4944
1560
5256
8134
3638
4318
3492
134
6222
8962
3210
9124
1726
1662
338
9058
3146
8184
8756
5104
6362
9662
4910
7820
2530
4156
1344
1788
4764
696
6380
8410
14
2840
3428
3768
4824
6148
2168
2650
4262
1112
604
336
4308
7264
6328
4878
7896
9876
780
3870
6384
4482
8100
2290
2452
1074
9288
3274
7228
7820
8716
9040
7014
4234
4144
5272
2242
1324
1094
1284
4434
3404
7344
774
9988
8028
5016
1468
2808
9288
2510
1136
5554
620
4964
2746
2186
7840
2548
5786
3274
5018
1580
6232
5984
8522
3238
5116
1164
7180
4446
16
2964
2698
9382
320
3276
8928
8788
8048
8730
7084
8018
9064
6996
5758
7044
138
5258
3010
24
462
5016
1664
1514
6466
7862
9458
8048
2226
5110
5668
6080
206
8922
9274
8372
2288
9598
7978
6404
8822
3566
6528
1388
3700
2758
3940
4470
7862
616
1170
5198
1278
2766
280
8328
8312
4024
6770
5794
4420
5724
1850
4140
3730
5850
5044
5244
9314
7904
8250
3656
236
4928
1740
5754
8986
34
5240
5792
3968
1334
5010
4224
5656
2958
2292
7120
3510
6688
5378
4650
2258
3964
8242
6942
4502
5734
1680
5964
6758
2636
9468
3172
4088
3424
2242
2
4684
5516
2184
76
1136
4256
8826
4492
7814
3254
6412
3478
8724
1398
8840
6736
1222
9644
2924
9106
6842
954
1194
7082
9474
1080
9484
4696
2964
8690
2860
8208
8584
3200
4928
3762
7878
5664
2844
970
2342
2250
3990
332
1908
1888
4634
4572
5772
550
9930
6562
8746
6306
6462
58
6874
5152
3254
3670
3396
1750
152
734
8438
2988
8696
5866
5636
6248
7196
6710
2770
7082
9870
9040
6210
8952
9542
5890
8886
3352
3046
3808
6566
6042
1892
7864
2804
4388
192
2196
9048
9200
9066
6282
814
7770
1574
2304
9840
392
626
1692
114
3374
176
3556
3970
4750
7974
6590
9244
3282
3468
1622
4580
3134
6730
7624
2986
3726
4072
5670
5980
7990
512
8910
3256
7302
4302
9278
9444
594
3648
908
9796
8386
6858
664
9984
8980
3338
2734
4126
2692
7812
9294
2436
8982
7466
6746
5346
6088
1498
5360
3436
7182
9774
638
7830
5782
6078
3758
5290
3136
924
2146
7674
6120
1782
4872
9160
896
3238
8868
6732
4568
8832
5264
9536
5394
9850
512
8520
5074
8332
398
4492
1140
2824
220
472
8182
1104
4522
1142
4980
7372
8478
8714
4552
9732
5388
9248
5116
6866
7146
2430
8532
9778
8224
402
1068
7756
1302
9350
7962
7126
5584
6892
1594
8814
8
564
4486
9046
224
8206
4632
4810
8160
6036
1826
8750
7050
6712
6610
6530
8552
1292
9592
5990
8898
6940
7360
9344
2764
424
5780
3656
1312
1096
9246
1234
6712
4516
4412
7466
74
4596
2006
3680
522
18
5284
1934
5872
3006
7934
6640
586
66
6188
7776
7534
8726
1108
3512
2294
6556
6758
784
2696
3672
9766
5458
2410
8220
8324
5810
7922
4650
3818
4612
2058
9086
8382
7858
7710
1200
4758
5716
3810
4060
7642
6814
2568
2818
1116
8868
1460
6568
4226
1852
6098
3988
1634
5998
4822
7688
9340
8938
7974
1400
7614
6178
7514
5366
456
3784
8696
9928
7254
4996
7936
540
2710
9654
2494
412
3798
7740
6302
8650
4324
2974
4134
2800
6390
4260
5668
4238
2720
2176
9002
4926
9300
9330
3520
5778
3052
300
930
1042
4676
1954
9418
7008
7504
312
8182
9900
4646
3436
5700
7884
3834
2240
6648
410
4702
586
3672
4416
2508
1688
3882
7742
4172
4614
3320
8868
6266
4216
2474
8616
4036
6476
2922
6112
434
4634
9476
2464
5080
4466
9154
2678
4400
2500
1602
2868
6222
5666
5754
116
6454
4530
8998
8546
9132
1758
7406
4440
7778
8330
7046
3052
2374
4638
3830
128
4808
2140
7450
510
7426
9072
5050
2244
9966
9678
6272
774
9378
9484
6054
9702
1554
9918
8914
9902
7362
2556
3088
2748
9184
7514
6028
3474
2668
7326
6910
2554
3016
8674
1592
6050
6604
3114
2822
96
2296
3074
1822
7418
5058
9548
2050
6682
1518
956
9506
5168
4312
6256
9802
7088
9396
1706
9532
5126
7780
8532
3800
58
3172
1610
5284
4784
3150
4446
9164
3736
1786
6330
7254
6664
4808
2096
1756
9150
7604
2476
6726
7814
2372
1286
5394
8858
8534
4878
5988
2426
670
1620
3308
7064
1554
6476
1460
8586
3470
8592
9860
9126
6220
9026
5844
1744
3478
5788
6958
4306
8048
6278
8328
4516
7764
8274
6284
7010
1980
1900
5474
948
2916
7288
8610
6814
9908
7108
5864
5016
8344
3004
4968
2636
1458
7198
4582
5294
2210
4346
5362
6662
3672
1870
3418
4668
9778
7328
7254
1146
8058
5186
2926
9700
3136
3428
3602
9470
9688
5706
8756
3418
4750
3006
9446
3428
7782
4978
6632
1230
9880
1134
3164
6550
9918
3040
9554
4976
5736
1410
4358
3612
1718
4834
5296
9170
6052
9252
822
3952
9572
7254
4412
2086
7136
6916
5094
7242
892
154
7864
8602
748
6018
1992
5380
9060
564
6160
4142
1636
190
196
3448
3376
4444
5906
9020
6708
1662
4684
7482
40
2810
8794
6576
5482
6648
2714
9878
50
4234
6872
8526
8414
7418
5698
6944
7212
7898
4772
4862
9996
6600
4356
2744
7330
4120
9342
6058
8820
3466
354
2910
8550
8886
3030
9806
3126
4912
978
682
5678
4598
1192
872
1650
4192
9938
8260
5266
256
9222
6600
6338
1012
2758
9272
3104
2838
8452
4012
7072
9628
1178
5052
6726
7060
8262
5840
4936
6842
7542
9422
2986
8908
6196
1464
2098
7926
1336
7294
6464
6396
6964
8794
4324
2624
9124
9876
412
4172
5294
8110
2468
8288
2656
8168
5948
5338
968
914
8618
8052
2700
7924
5972
5902
4518
6106
6770
5462
8008
7294
7508
4322
8094
4242
8466
8474
1086
4018
4852
7874
9646
1122
6096
8314
5412
6736
5516
3528
6398
1680
5336
1310
3374
8912
5240
6442
7986
706
8560
3320
5784
8244
7766
7438
2956
9740
4330
9052
626
750
458
9170
5326
2652
8430
5966
372
656
1292
2510
1562
6898
4002
8214
3778
5670
40
8700
190
258
3606
9826
6002
1028
4756
9810
3392
6380
4664
3692
6342
7718
5668
6684
844
7620
6190
7382
3994
5214
12
8762
3876
8348
48
7292
1956
1810
2796
9296
3010
6906
4472
8420
8460
6348
834
3050
9676
8656
2220
5120
406
7792
7870
352
5412
4418
2830
5668
1974
7206
6386
1724
4752
7922
4004
6114
404
7050
2272
3006
8984
824
4940
2752
9552
6822
1100
1004
6954
4524
4946
8270
768
1856
2058
6794
3242
9304
2454
9558
8594
7850
8372
4490
1024
844
3878
4872
1276
414
4344
4544
9364
1568
5260
3992
1458
530
4566
8942
9734
2322
1242
6572
84
4116
4000
7674
1452
2006
6942
2890
6176
2056
1148
1686
1692
4782
6116
9342
7960
7552
2274
8018
4320
4550
2294
7812
5234
9686
6920
2934
9966
6092
5770
6302
9058
3034
6580
214
5446
4994
1450
3478
1358
4234
2082
8266
2078
9758
8492
4202
1758
2552
474
8122
3350
6218
8848
468
3732
1576
1444
9240
6832
8242
8138
7178
2834
4826
7816
8134
6806
822
5460
3632
6142
5106
7266
1072
6542
4752
3946
1810
1292
2818
5708
4848
8418
3684
1158
5096
9816
8320
8194
4248
4996
3262
3090
8628
1368
6930
9864
5046
2746
8868
1868
3428
5090
8426
2528
8444
6838
622
3462
4512
4180
5014
8080
7612
2088
2346
9740
3978
590
5530
8312
228
5144
2898
1732
2658
5482
650
6682
3864
4998
4764
8362
6296
7086
3310
1002
4980
2534
7902
8158
7908
8972
2716
164
9348
6356
902
1400
8910
5784
9260
5366
192
1732
2966
8840
9668
4132
9134
4128
6392
2588
2292
2492
5508
2424
8628
4274
8416
7884
7724
6388
9934
3990
736
1362
1800
8256
2420
9054
1038
1436
4608
6578
6462
9936
3972
336
4286
8522
4814
466
6202
344
1080
2562
3240
2306
434
6770
8684
6162
7250
8160
9082
1536
4948
9616
9256
9358
8526
8810
6978
7658
7572
6140
6174
142
336
6372
4004
7740
4946
1742
8506
2586
5258
4062
1024
7652
766
1106
3062
7148
4244
9308
7274
3356
3786
7892
9608
9672
7020
1728
8600
544
6882
8552
7494
8110
7738
1560
2780
4328
9530
3674
8716
1646
3926
5922
7352
5010
8848
1076
3576
8748
1496
7626
566
188
1162
364
644
1278
2272
1664
8146
6806
7610
3384
9300
3272
2364
4446
9318
9422
8882
808
940
9418
6444
6620
6400
590
7188
8278
4712
8304
6302
5944
3512
2060
2428
5746
8276
6120
484
1272
8472
1092
3154
6374
3418
5494
8528
3818
9226
5274
2390
2004
3086
6416
336
1142
3484
1310
3202
3002
7018
9850
3458
3828
724
4534
356
8400
6338
3640
8098
8114
2724
4200
2830
6034
9466
8282
1000
6368
8760
3942
4116
9108
6022
6966
6138
246
9514
7964
2422
2226
5898
7210
1684
8786
5662
4594
7108
6964
2842
5330
8828
392
7024
9628
8846
5412
8424
3852
786
4572
1394
126
3896
6942
4418
4554
1878
9390
9100
4662
8614
6922
7520
678
4670
2092
4970
2868
3842
1964
3134
68
3436
6122
2634
7466
6570
6310
4356
3804
4158
32
7942
8130
9960
8380
4878
1034
1116
6482
8066
64
4554
2158
6382
9428
6534
2972
4438
2462
7654
5438
5952
2808
7422
3126
6676
5232
4238
7660
1620
7848
8198
3762
1008
5864
9168
6372
1972
8464
1506
202
5364
1438
9054
634
2768
776
4228
9062
1226
2752
5266
656
5140
8706
7574
7208
9892
2402
3968
6192
1230
4688
3682
6562
2466
4364
2134
6704
920
5364
696
5526
8726
5720
2298
3320
9880
108
5054
1970
2508
978
8892
332
6282
8680
4760
3100
7686
6174
9304
6510
1320
2044
2262
1142
5328
6370
9770
6430
2690
6674
2564
7140
6236
794
2766
6294
2316
9884
814
5532
9246
7334
448
9980
454
688
8236
3994
7148
424
304
8878
2704
9786
7930
7292
7504
5234
8042
8948
7538
7558
6656
6406
4798
7346
5376
3032
2316
9646
2558
3384
118
3104
3526
7410
4644
4742
7028
1730
4874
3200
7330
4604
9104
3716
8998
320
1552
334
6888
7722
1044
826
8452
7034
7086
9438
9304
7256
3336
350
2192
8250
5626
2786
892
6208
8604
9360
3918
862
2882
4156
672
5642
3596
5216
376
8568
2550
1318
8810
1624
4094
7676
5254
1938
9248
8722
5612
1418
9722
4944
566
1882
6788
4892
9350
4770
8358
2166
1490
3510
8502
4640
4152
8564
3332
7958
6054
3780
4070
1350
3570
586
2868
4596
7274
8954
1516
8314
652
3064
8530
7298
5472
4684
6536
6204
4650
8504
7096
8010
1122
5020
8564
3828
5568
3168
9560
7192
6354
6206
2870
4634
1058
8898
4748
9334
5358
9462
4358
8338
3744
9064
9720
9126
5844
3746
358
1680
6064
8802
2392
134
8052
6024
6986
8420
2174
1200
962
44
6844
3946
7502
8050
5452
7234
6324
682
2384
6700
4262
3760
8230
8092
5486
5670
7628
3588
1412
5840
1988
4746
954
7428
2756
4222
3592
100
7282
5820
5100
734
1296
6882
4010
60
3518
736
4420
4408
1174
5274
4608
1210
7096
2118
7030
8716
8454
3022
8948
4492
3176
6848
5322
8368
8702
498
438
9134
5386
1168
2276
9594
3898
1626
8038
7256
6112
4738
4566
3564
2066
10000
1620
2468
9880
102
7358
9910
8660
9890
254
3766
7788
7826
6284
2282
8360
8722
5600
3002
1330
7378
9858
3678
8972
9396
8822
5996
9696
296
518
6634
9974
9188
5584
1082
3438
4446
6304
7118
2540
5240
8882
4260
7160
3846
8172
5396
1244
812
7170
4348
5260
9578
4086
8308
1100
2720
7970
7684
500
6502
8104
2912
878
6146
2600
6528
4790
9446
4278
4804
2214
4222
7444
8062
26
2866
2364
9444
6602
2536
1000
3388
3240
7180
1734
8024
9470
8266
5210
2748
1138
4484
3060
5070
1960
3554
8508
386
8830
540
9630
7556
658
9312
3560
6768
4114
3958
596
688
962
9380
9682
1854
4684
7300
930
6052
4048
2238
9036
8804
3994
6964
8820
7800
8332
3992
2220
5312
9980
2220
2012
8454
3830
6862
9524
148
510
594
4544
3304
5346
8266
1522
2726
8348
8262
6184
3616
5312
7008
970
4804
1560
10
9906
82
4530
9110
7482
8132
2188
5774
9286
2336
1388
2874
4212
8716
8222
7438
1724
1984
8488
642
3720
8992
2392
4468
8294
4868
7924
6234
5284
4130
6186
2238
6736
9386
714
8172
8734
4768
3388
8896
4720
5450
3740
6176
7474
5448
8644
4744
4056
4156
8710
2658
6238
2242
500
8562
1702
3260
798
9900
4650
5624
1832
4306
4694
4268
4724
6944
9804
8500
4276
3506
2364
1432
8436
9202
2618
8092
6230
7138
8484
4576
7584
7160
2500
4432
3382
7904
8720
1386
646
4906
612
5476
4120
4658
4278
9880
9852
8866
7642
5832
1472
4252
8856
5102
3490
9208
1548
2084
9322
8106
172
1164
1704
9376
8206
3748
2808
1820
9470
7970
9424
4740
6084
8634
4142
9598
4190
1862
5492
7384
4572
8844
2190
3708
9804
2008
1728
3524
9374
5646
5602
2972
1036
3490
1906
4414
4054
5568
8144
5378
7214
2946
4024
6556
4518
6236
4840
2810
2628
7930
498
3854
6750
342
4356
5666
4140
7812
5906
4388
8706
3758
6628
5208
7818
5520
8910
4248
2256
5648
6438
5656
352
2576
5122
8480
6132
4230
8986
5676
1868
7088
5008
5424
1190
732
1616
32
312
2002
7716
6004
2912
5022
174
7288
5856
1502
2650
876
982
4674
5714
4566
2032
5638
5352
2348
1422
2794
9096
8452
2058
5312
2154
1736
1034
6406
8444
392
5964
7654
400
9408
5646
9566
982
7658
2336
4750
8654
6188
4724
9960
8478
9324
1666
2994
4876
1822
2750
1912
2816
5334
5824
758
3582
7806
9962
3932
62
5656
8708
9896
2178
2736
7628
7880
1754
4126
6534
6598
6486
6454
8372
1170
7532
9370
4032
7200
6060
3624
9798
1540
5884
6414
400
9864
5692
4672
1042
930
3144
688
604
4578
7978
4154
7270
6554
2300
7514
1668
8120
2806
9668
88
9260
5770
7906
4798
6168
4602
1890
7568
1928
7730
5206
9656
836
6252
4402
288
2632
5258
5616
7576
698
8382
8426
5362
8764
8832
9122
7486
2810
990
710
412
9992
9416
4878
1416
508
1294
9590
7162
2584
9282
372
5900
690
1080
9120
596
5464
2672
110
2870
2704
2042
3496
5576
7312
8020
7116
5122
4562
8364
4078
504
1786
9542
4992
3460
6316
3400
2968
3678
1222
2818
9824
8530
2936
9412
4126
2522
380
7748
7250
158
7770
2784
9818
8938
2992
3254
8818
2194
8806
3828
9614
6002
6712
5916
9082
8622
9620
6574
8380
2090
788
8284
5930
8434
928
8674
5474
3468
8822
728
9732
9880
9506
1234
8032
5758
590
806
5928
8776
44
4974
7364
7480
1310
6656
7504
4066
2434
5550
3732
6310
6220
8410
4098
4626
4918
8294
9986
350
1162
4432
2148
4504
2036
1952
9786
4478
7126
4498
1500
6776
7274
9106
170
4702
3976
5664
9150
1846
216
6584
6178
9860
3232
9446
3900
8350
168
866
4136
6122
3398
554
7562
8854
160
6280
7568
1316
2746
3494
5122
7438
4162
4806
2736
7750
7348
3566
2620
638
6744
2224
4450
3718
746
9306
3064
7042
1114
5292
1006
2156
5616
9924
7516
8362
5066
3866
4944
6418
1670
2570
4070
3664
3204
8900
1034
1286
3886
1992
7740
7556
5018
1200
8338
1730
622
2156
4352
2614
6230
5140
4984
3318
2188
662
3738
4860
7556
4244
6176
3818
8592
7278
5018
2838
9226
2142
232
2884
6826
6222
5130
8572
9350
8030
5308
966
9352
320
1628
8930
3768
1712
8794
9808
8970
9424
822
3656
3078
9232
592
9266
5694
640
4110
226
3450
5882
1602
5852
8004
5566
4516
1452
7718
202
4010
4968
9180
5516
8178
2344
3388
3132
7532
5236
884
1444
9774
3434
3122
5714
3150
5040
4132
3282
7636
2540
4620
838
9368
5986
3156
1212
9188
8952
9742
546
902
1444
3962
3398
8056
3734
8652
6600
1500
8542
3502
4008
1974
9118
5262
3018
6786
730
7872
3374
9448
6964
1882
516
6006
5616
4460
7326
2110
3446
8082
7704
722
2744
8286
5426
7008
7110
7018
2318
8098
1010
8204
5990
912
6258
8578
3244
6380
352
4562
328
4516
8808
7040
8724
7456
2842
1682
6736
828
5774
5820
5388
3822
8720
1610
3422
1030
8472
7124
9924
9780
4244
5346
7478
1186
8424
5106
6534
6498
4432
1880
5910
2632
7142
1538
6110
5154
9496
1168
1718
9038
1526
7560
9928
7632
318
5594
914
1040
1130
6694
6606
7876
3534
6192
5606
4974
9512
4296
1400
4306
6896
1268
1806
568
7376
6764
6448
7174
1654
1002
6280
8112
206
3038
9370
9528
6366
8906
8142
604
4706
5248
2276
2620
9130
4666
6268
3866
5520
770
5874
1346
7076
1896
5136
338
6596
3626
8416
1936
2858
4496
6116
3494
9762
5234
1762
3490
3414
1230
236
6462
8002
6526
3010
7524
7886
9082
3332
4862
3574
2468
3004
9280
1056
9710
9830
1696
5054
6666
5146
6944
9912
218
7010
5228
3042
7816
9844
5970
3948
6348
7858
8588
9146
5358
8678
8368
3346
4134
5672
4336
1708
9192
3462
1184
7526
3128
3572
8662
4326
8678
4606
6454
64
3444
5740
7886
8170
766
9812
5360
754
5352
540
7368
1246
2490
378
2582
5430
6624
180
2572
698
6712
9326
1846
4696
6328
6548
9256
4582
4584
890
9938
8346
8472
6346
4906
9824
9462
2192
6080
4918
6172
6782
2758
750
1850
9924
2964
1570
6514
8312
3286
8058
4772
4100
5586
9610
1714
8772
2064
5754
1346
5680
794
9038
5468
192
7426
2232
9118
7002
5428
4256
6824
220
7056
4968
1338
904
1672
5466
8366
6352
9580
1938
6824
3860
3484
3866
4426
4812
3636
4570
3152
9908
2130
2890
1308
6332
2726
9850
5760
6358
9828
5496
3046
9294
4256
7926
6162
5422
4138
8392
752
4498
1738
1194
4890
8526
9976
4616
3448
8722
6492
8918
4446
5140
1550
8544
8316
5918
8300
5508
7792
8258
9592
5896
4572
3342
2690
312
6418
5502
6108
10000
8636
30
7580
8344
6710
9908
2522
4294
934
1552
6694
7176
2264
2306
6966
2
2908
8420
9812
5608
5366
1366
8852
7658
3680
7122
952
7674
3164
6488
6842
4616
982
2572
6294
9576
5538
3166
1746
968
4624
7124
8854
4098
1914
7400
7760
4378
3574
5252
1990
6658
2358
4282
6368
8474
148
2248
7426
1502
5388
2628
9312
7654
9698
3386
9070
6534
3146
1670
28
7710
4390
7956
4958
7668
7078
6892
164
2256
6216
430
1116
6698
8684
8246
7774
104
9654
7778
7620
4816
3376
3518
9330
6264
7490
3460
2620
9102
390
8520
3494
2574
4336
3184
2776
6174
4306
7512
8056
5206
4660
7440
1786
6212
570
6564
5982
6372
5458
9366
1762
6964
7084
5240
5924
9820
5236
962
832
2718
6592
6898
7746
3950
8846
5404
5744
5278
9734
4298
5300
5072
9610
3872
9230
4866
4920
6664
5134
5176
2472
2536
658
8428
3650
4842
2732
3648
9198
6342
962
7752
2456
4824
9156
3856
6282
6372
8662
4194
3894
5010
214
422
7082
3218
8966
8638
9202
4168
2492
9700
4440
7706
3466
9002
7912
1498
2466
3132
9052
4996
1654
8886
5368
1996
9900
5678
1314
5876
4078
1190
894
7674
960
9880
3508
582
1074
9248
3470
832
1772
8060
6918
8564
7810
100
2766
1186
8874
9396
4282
1788
8328
9948
6074
3204
7698
4932
8786
2088
8328
978
4834
3212
6828
8564
7318
3706
6018
4636
4844
5488
7132
1366
356
5424
5490
4420
3848
4468
166
7484
1082
6268
926
1066
2720
3064
7316
2232
984
94
4242
992
9820
4550
4158
2070
3908
1676
6904
9436
3472
9404
4798
2798
6084
7270
5346
2428
6500
4924
4668
6714
6138
1982
8558
6218
1746
2928
8994
8564
2644
5012
9436
1490
6102
4790
8696
200
126
8140
4170
5658
120
5658
9242
4118
4596
166
8374
6784
6494
150
640
6476
8710
8416
3076
5584
5978
9752
8372
4306
6438
5858
7026
9340
1136
6844
7106
4146
6624
8432
6482
6562
8166
8274
1898
1228
7212
4668
4954
1486
3702
5398
8400
9076
458
8008
4720
28
6918
598
8034
9736
3382
2954
3286
902
2
4684
3798
6016
5272
6488
2008
148
2232
6396
5494
2164
5390
2156
1858
9734
4974
6022
4484
7234
9272
2012
1350
4902
9142
3226
9608
9690
3022
2946
816
4030
9504
8718
9184
4828
7268
4168
1440
8434
5906
1576
2764
5884
9454
1076
2192
4076
7304
7392
7756
5490
332
538
2112
7240
6320
9568
1714
4748
2382
4496
4028
5256
6948
8100
7744
3110
7486
4216
6160
6904
8900
3736
8732
3826
2758
2658
6794
6470
1154
6298
4040
9990
8400
7990
6704
66
9146
7324
8388
5904
6252
4268
8032
9800
7978
3294
7890
1570
8546
6110
6280
4924
4364
6042
7880
3704
3236
3250
4610
4536
196
7260
6726
3462
738
3224
4150
3386
4384
8832
7456
7728
7430
4402
7290
5010
6178
8882
9732
7272
5304
3802
5716
7100
8626
6298
2602
1568
5126
6970
1782
7644
8230
5304
2678
5706
9714
8372
8940
8002
2380
2088
2070
5986
9580
5640
5006
5976
6908
8490
7142
7344
5722
7518
7240
4548
346
4780
4958
5648
326
7832
9886
6390
264
3264
8216
9576
8864
3380
8684
9522
9460
5930
4192
6982
1950
8842
8798
764
6154
6938
9960
152
9168
7614
3324
6422
8280
6846
5874
3500
4162
1292
5084
2622
6444
6912
2714
6338
8488
1352
2340
2990
7486
4702
9068
6762
7480
6416
9156
1218
5478
9534
3462
4814
8954
992
3156
6270
2902
2412
8560
4994
2464
6624
5048
6242
6470
7998
5050
1190
4160
9636
9650
4126
1954
2730
1994
7398
4230
5578
5518
1720
8580
74
9898
7494
2756
402
7430
6200
8984
2278
8150
5596
3992
3250
5970
9614
3500
5854
4372
1900
6658
9338
1330
8126
2796
5396
7664
1496
2680
5318
7512
5898
7500
8440
2854
7782
8608
2966
9922
5356
5110
6652
1070
3816
2856
1730
44
3978
9574
5724
4754
9790
9562
828
6816
3892
5500
9036
8966
3940
2932
3614
1620
4784
1470
4962
8938
2326
6754
1466
4990
2458
1194
7036
362
6810
40
522
1310
500
8090
8974
5748
5832
2582
4142
3300
664
3068
6822
206
7420
3616
884
1376
3546
9906
3388
1284
1340
8668
3524
9120
4674
1742
2338
8664
6200
4914
2588
1526
9624
5384
6250
9574
7090
352
980
6512
9920
2868
1056
9994
9318
1028
4894
5828
2376
812
838
822
6328
4216
90
7070
5884
1870
5310
9072
8080
4980
880
5056
7736
9864
1952
6968
1506
3898
7912
9646
5732
1008
9434
7354
5358
3736
2400
7640
7244
1666
990
1410
9350
6346
748
1014
802
8394
4792
782
7570
3112
2068
2626
7072
1920
4934
6856
9236
9696
1884
8984
7756
1808
8386
7220
3812
3404
8108
1300
5164
1468
3348
7662
390
6826
8888
8200
3838
6030
6896
3154
8924
7710
8382
2492
5300
5340
7678
4708
9330
3174
7732
7846
6348
1468
4154
2412
7582
7786
4778
1070
8602
9136
280
7934
7804
8728
4998
7600
1360
5182
862
7006
1706
6698
9464
5176
5734
7808
9126
4512
6964
8502
9656
1698
6254
7468
2158
9218
5928
4420
3974
5082
7174
5230
602
7752
8374
2134
3290
3110
640
1710
7202
4290
6388
9980
3542
4536
854
8602
3770
8220
7448
4888
6550
2906
8280
9870
9568
8976
6452
7856
2116
6862
2154
9238
5952
2598
4474
9126
3656
6310
3344
5474
1640
5584
2476
1038
6096
6606
5716
3058
5656
4714
2462
3190
4408
8840
4476
7112
5210
9048
2284
6480
3544
3446
1794
3578
4212
7180
3312
142
8334
7662
4868
438
3074
4826
5748
274
8202
6628
6594
5224
9786
4680
2278
9354
5160
9720
5004
5494
7914
126
3352
8896
9516
7456
1514
3694
2736
9166
268
496
4302
384
1448
1308
3746
9064
2958
5956
2310
306
2696
4756
4816
4814
6940
1576
8316
1550
5462
4132
252
550
9052
2794
9016
3408
3414
2278
7564
1644
5586
3980
4858
674
9602
860
6916
4462
5588
3030
6310
6418
5210
3592
3870
5672
5852
5686
4262
8988
4750
8002
8762
4364
1394
3706
6416
834
5434
3340
3348
634
3524
9728
8520
1100
6388
276
1332
2270
7104
1372
2730
7806
4702
8636
6566
9562
7226
3662
7392
3408
7888
2984
9956
9324
3304
7692
3050
548
8576
1596
9848
4468
7726
6988
9320
206
8452
7558
4634
2534
2284
7684
5222
4518
1750
5238
2898
5912
606
6956
4538
3846
8224
758
394
6856
3252
4754
5898
4004
3346
2428
1024
9344
2934
3940
9680
8096
8158
1114
8318
2204
7370
7096
3506
7092
760
5922
9844
3158
9860
8450
4094
9970
5976
7446
4002
6560
2890
3358
1994
1630
9080
3878
2146
6172
8766
1280
3566
5422
2332
1530
7578
5248
8770
692
8110
8266
5386
8072
1230
2000
1134
2922
6016
1268
3390
8198
9444
8978
1430
9646
7554
5526
8610
414
3070
5402
9804
2610
4692
9086
9598
6448
8868
5324
3028
9288
1008
1708
9182
6386
722
5158
352
5162
9884
4990
2362
7208
4210
176
9666
1988
6818
4194
8664
5500
9382
5526
9344
6964
8108
2034
2566
2640
5918
670
8536
1628
166
8136
8180
86
3912
1496
7648
876
2366
6792
6690
2948
7892
9766
4668
4162
6364
7222
8184
9006
7754
242
8212
9950
6792
2020
4732
7054
7538
9590
4430
9970
3490
8070
5826
6972
1662
316
710
8632
7340
7016
7094
4460
2328
3954
978
9954
9042
1464
2878
6214
3014
12
166
8206
4794
7736
9030
8298
3868
1364
4932
584
9490
6888
498
5634
1824
2866
5234
2154
6580
3976
1576
8090
3430
9340
4960
7062
6516
7466
582
1690
7132
4896
3508
6782
3542
6528
2382
5182
8662
9116
1732
24
6022
7046
6452
2104
3172
5594
440
4110
8138
5898
2400
2890
7560
2084
844
9440
7318
50
3354
2762
3402
3520
7546
2590
1680
9496
7114
3008
6324
5350
9546
4946
8800
4578
8706
5416
3602
8528
4024
3834
9272
3462
4816
3330
1924
9002
7744
3806
332
1460
3932
7284
2460
2496
4114
8130
2394
5554
9402
9274
5616
7810
5520
2860
2532
860
4580
56
5366
4400
884
3574
8964
1086
7344
5076
884
4618
3882
3412
3876
4864
762
7874
3252
8406
2018
844
4020
42
5500
2214
3168
2860
5100
618
2250
968
8074
7808
9792
1538
3130
4656
2208
1928
2782
9856
7298
6522
1996
2698
2786
9926
2612
1470
6156
5980
8026
3704
6588
9696
1620
2076
4394
1280
9260
9570
1016
8548
4696
6130
7700
1218
5980
3664
4780
6494
6034
1664
2570
7224
9508
742
1746
9074
2592
1938
9900
5324
230
6214
6176
2454
5626
8628
2914
3234
7932
7634
8076
4420
5668
3706
288
6390
6190
6756
388
3114
9318
276
2904
2460
9128
2242
304
4612
528
1086
826
7202
4220
5562
5820
884
9756
9736
6336
2498
1596
720
9730
7556
1940
9638
1006
9732
136
348
4312
8974
5432
3834
9602
6470
1988
1832
1238
2130
148
4238
6332
6342
6002
6384
4636
1062
3532
590
4556
6236
5180
5180
7230
7916
7394
9006
8112
8760
9684
9550
2710
828
9894
2308
908
6752
5416
6786
2930
3686
8878
7042
3428
5962
9350
7590
1400
2742
8954
2428
6156
7242
7298
7906
1836
7250
1750
2794
1602
7364
2040
974
7386
8582
5768
6588
9178
5102
5114
8610
4376
6226
7710
5546
6116
1490
7066
1424
7352
7552
6328
804
1808
3376
5872
1190
8718
9906
526
5790
5902
5674
9626
7830
9226
5670
5666
7164
2164
2202
9348
8934
1338
294
796
2212
2986
1960
2418
2606
3778
6992
6638
330
9446
1966
5992
6570
9662
1300
7434
5408
3142
5566
9890
7924
1560
1288
1200
6390
1498
6574
6862
6350
4870
3674
7800
3718
4282
128
2598
3862
8900
1364
7686
2414
4132
322
948
5336
350
3310
816
742
3122
8
6444
4890
8508
1708
6866
8028
6460
9030
6702
948
2740
2852
9324
5490
4846
8766
3542
2998
1478
4496
7630
3174
9462
7556
6566
2336
6870
8714
6620
5420
2058
7758
4464
7978
3692
386
48
6508
770
3340
1904
4388
1386
5094
8390
9482
740
4678
2654
5294
936
2018
5738
7880
2898
1874
3338
1984
2610
7328
4044
6176
3592
3416
2120
3122
7214
6784
352
2130
6490
842
3118
9582
3746
1002
3562
8120
5024
6264
4786
3020
3224
2834
9860
2418
1466
5366
8296
5290
6166
6588
4418
604
740
1556
3952
6248
8404
7138
4464
6054
5038
840
1214
2532
8474
7368
8524
4082
7296
7140
3706
9318
5922
2396
2754
5154
78
1868
4486
9266
3340
1534
1884
4080
6846
7956
3830
5336
448
1122
2822
9056
1586
5590
2652
6346
8058
4426
3474
3820
456
2952
8132
8414
2298
3182
2120
396
2384
7862
3874
8170
1988
4188
5642
480
2978
2716
72
7262
9646
7912
8780
3364
1254
6560
2636
3366
4344
8714
1796
4566
4116
7818
3312
940
2592
6740
6892
4748
5548
4698
1728
5976
3028
786
2098
1854
1510
2180
9728
3186
3538
3108
9612
5286
4464
6264
8472
8350
6768
1580
4746
8324
1670
5790
5222
8664
3872
8416
7906
5166
3838
3054
3366
6852
5782
9620
3256
1280
6072
1686
4756
5908
2608
2502
2712
8162
2958
142
9760
7316
404
2338
9088
7404
1402
4414
1030
7236
7580
1298
5940
8188
822
3306
1602
2940
7936
3278
3668
5880
2746
2724
9536
5272
1190
712
908
3924
2354
4194
2266
684
3012
6066
9362
2182
8612
3492
6774
7370
2632
8270
1964
9358
8774
506
6070
7620
8
4138
7446
9474
5956
8144
6188
6744
4094
9194
7062
5740
8712
6406
5396
4046
1232
2898
6460
7894
2350
3648
3050
4484
8226
2650
4816
8428
4194
6968
1512
1310
4308
5130
4792
2792
5404
9378
3714
3682
4422
7354
9430
7124
7996
3240
9396
8222
4236
7490
1036
6354
4380
6686
700
4052
566
6030
8658
6706
3846
8612
8160
4690
8050
7728
2856
4006
9334
776
318
3114
8906
9174
5890
9798
6430
7164
1186
1142
8488
9718
3976
3330
3224
5232
6170
5852
688
6918
2062
3900
5478
8112
3706
3178
5170
4218
5366
5142
4952
2288
2052
5038
3616
7006
3494
3912
2778
8756
9106
1880
6606
6968
5144
9040
7196
9718
3998
622
1466
1038
7440
3302
2924
7672
780
8822
9828
7506
8588
2680
552
2254
1502
1254
8972
8622
2006
9446
758
9964
6106
3462
3304
4336
3242
4420
9808
842
830
5346
3920
8182
7678
4224
7772
7748
6554
6490
418
9592
4436
7110
4234
2886
1450
8056
4414
4248
8324
8824
4974
6294
3284
2358
5654
1284
9900
7852
1716
290
904
6022
6526
1086
6218
2882
3862
3070
9770
600
9420
7178
1104
9502
3570
8412
4308
2082
24
9994
1918
9696
8084
1452
9358
3768
8532
2832
9450
1652
9080
5260
6368
5988
8148
6812
6766
792
6826
5412
5148
5008
1206
3916
8118
1064
4252
474
7880
6186
282
4854
4560
334
654
3250
5066
1678
9306
2506
7310
2914
3270
4346
8870
1544
4642
770
9800
4432
9612
7490
4040
9444
4038
3038
870
288
9924
8870
8522
3662
1508
8760
2944
6116
9680
6746
5828
1964
996
466
8644
1828
2702
380
1540
516
9834
3366
3114
3242
7254
9630
2982
5876
4010
7308
4642
7784
8634
4332
5406
7666
3922
1580
2690
8288
3992
2514
9998
1564
3642
3120
4858
8060
6144
6502
8854
1390
3808
2254
8306
3704
2380
7138
786
3908
5876
5588
9324
2182
8326
9462
7834
3138
4488
4644
1630
5042
840
8768
182
5196
2568
2928
4980
502
3556
9016
614
7004
1832
2380
3534
6340
5774
4714
6856
912
478
7560
5724
5474
9456
1538
4572
1370
9534
1548
2148
4910
946
4698
8720
1144
2196
3774
7424
8274
3614
5552
9630
4420
4754
9458
7448
6030
8694
1554
8246
7168
5166
5372
652
8006
9340
8688
994
7050
1830
7744
9712
6974
4770
7352
6410
1018
6454
1810
1350
4726
2142
2100
8096
6786
9116
5944
7618
8812
1974
8576
1448
2814
1542
1812
108
4816
7816
1944
480
8880
3718
7784
7308
4406
3086
8838
4698
9768
3098
6882
1336
7960
9970
8670
3526
2878
9610
4594
5202
570
6142
4192
5640
8678
2648
6860
1118
446
5312
1060
8284
6636
8234
2138
910
7428
5488
7762
5896
3942
4108
556
9372
2238
2298
5122
5012
8474
9766
2052
5466
1378
4614
5158
5342
518
6042
8726
4324
3562
9798
9910
4792
5140
6614
7564
2562
508
4462
9384
7452
3244
1884
5158
3528
7154
2794
3786
7766
6188
208
5764
5280
168
1082
8870
3894
2782
676
4002
2012
3518
4886
2592
5824
9326
9714
3800
1556
7532
2480
9122
9760
4496
9468
3580
8574
7342
5838
7992
5170
6998
9562
7926
5368
1578
3060
7116
9748
3208
1928
8098
7088
2546
2822
7536
472
436
5556
7038
3832
1388
5542
6554
9258
3388
3590
2342
964
9540
8690
7434
2812
5016
3610
8890
1986
1272
7144
9088
5370
4788
4122
7520
5406
8602
4770
514
3844
3686
128
3844
2564
3774
1582
6054
4238
9208
5162
4214
386
7670
8156
7836
3488
5852
9578
3486
2454
9196
9508
9450
476
7454
7758
3802
3124
2612
2942
3326
2104
4010
4448
7042
5408
1158
4004
3872
556
3790
3292
2520
8958
7560
602
2300
6778
888
3866
9428
2012
910
2946
8870
8684
2328
9364
7894
5042
4918
9598
8476
6466
2474
8994
6468
540
7280
9432
3632
4968
9392
6886
292
4424
7042
5706
4756
2098
6150
1910
390
1532
6322
864
4760
5644
1156
8554
3924
336
1818
86
9456
6074
1730
1242
6280
5844
2388
9646
5102
84
162
1628
3928
3762
1568
8752
9130
4038
346
1776
3274
7692
7090
1334
266
6662
1584
62
9796
4134
7496
9610
6980
2204
4006
3636
5320
3404
9972
6734
4734
388
2856
4980
4732
496
7098
4318
9996
3220
4248
2938
7644
4188
2016
6134
9604
3768
284
6348
1350
6050
2006
9874
944
7272
8844
2642
4230
7514
9018
6498
3900
2470
9634
6668
3338
4594
9194
8868
4624
3216
3636
7640
1730
2130
4222
1578
5844
5928
8520
2830
600
5868
638
5578
5764
7560
4462
2962
10000
8472
4376
174
3134
140
6260
4170
8828
8378
9828
6944
3284
9106
8968
9306
4406
4532
1700
134
264
760
3692
5398
314
5404
3862
9764
6992
9570
4764
634
1962
4342
3230
4490
5524
50
6038
5110
6912
3788
6658
9272
5822
7006
2516
408
8486
4318
7414
5322
1272
9090
2868
1654
7548
8336
2484
1820
8086
832
4298
1576
1436
8548
8768
1266
1004
9704
4338
7096
1474
4974
8232
5896
696
5074
9984
9290
818
1660
5950
4062
3214
9796
1902
6634
3196
130
1172
5140
9740
9836
4856
3584
5228
8528
350
7804
2796
7652
4950
588
7694
9848
7810
4576
38
9830
3272
182
3618
7384
5150
1006
9768
3824
5214
4312
6324
1008
8434
1640
9560
636
3074
2440
6614
5998
4952
3506
10000
9796
3532
1422
7382
7100
3482
4828
1112
8036
8970
1366
4654
6726
6770
8162
6062
456
7766
7018
7244
2068
7508
1010
6778
1318
8014
3704
7052
3092
1584
5882
9704
4206
996
5536
6488
986
2606
5716
7244
7018
1324
9262
6640
6578
4222
6730
8438
1526
8886
6776
1364
9670
4964
4100
9664
9836
2106
874
1674
3974
9050
2180
1982
44
8362
1382
1834
8390
8212
4944
2000
3242
4908
4302
1742
6456
3758
2086
7890
1486
9252
4074
5550
9812
8540
938
8108
5648
4720
1004
4430
7820
6974
3510
5308
9020
8310
3420
9604
5528
8272
7136
9734
1978
5266
1414
8244
3786
6602
2342
4018
3606
4880
8362
5288
8068
302
7924
9918
6912
4620
2170
380
1168
4972
5002
1660
6400
5018
4504
7504
5468
1336
6798
8114
7048
4656
3486
8446
8416
1020
1648
4708
3758
1682
5024
8504
9830
2020
8732
10
7248
5872
3310
7526
4448
3348
1422
3616
5910
2326
9062
692
7824
3286
1464
9072
9956
472
5660
5824
1264
980
760
1192
7640
8046
7162
6972
2540
5268
1332
876
9376
9034
152
8780
3284
910
3200
9928
9312
5688
4848
3902
8934
7150
6790
1786
9908
1470
8138
2152
202
9898
6042
9260
5510
350
9812
662
2362
7108
8374
7188
8298
6108
830
5170
7818
3156
9420
7792
9362
2536
3284
2616
4170
2268
2872
4868
8484
6010
7340
4190
9530
4282
322
2714
9350
934
7128
6308
4364
646
618
7522
1830
9508
2192
5440
2626
7538
3114
4718
4554
6520
2448
4548
8770
6764
5176
7268
1664
5416
536
6130
1458
4980
6562
794
692
4074
3012
4842
6058
6976
5086
8154
8152
9624
9942
3324
4104
5528
136
8928
8150
8892
216
9218
7156
1242
2156
290
1162
410
9838
1970
8026
9278
6294
1666
8504
2224
7902
7570
1342
4818
2104
8120
9326
8912
4940
2502
2784
4622
8398
8950
2390
526
8350
1914
218
9602
7632
4244
6186
5520
806
9970
3004
9038
3306
4852
74
5280
8062
4642
7908
8276
7074
4200
5426
9608
4438
574
4140
104
3372
3232
7860
1504
6036
6434
6122
7696
2096
1444
7358
6670
7822
9658
7326
2926
3554
682
8774
1598
610
4292
2996
8672
8104
5776
7170
1812
8540
2780
9646
4484
3678
7106
628
5522
1634
3200
8688
7544
1992
6516
4904
5342
6082
8448
8414
6554
3238
7588
5480
9552
3344
8834
9518
9644
3282
9638
4554
7332
4152
678
3362
2386
4218
5976
1968
4544
2848
188
1334
4224
3926
7856
5664
1584
5186
5832
8778
8200
5906
2304
1238
2998
1098
1642
7414
628
6524
5980
5872
3670
9582
9138
6516
3548
1544
7984
900
7946
3204
590
6322
4178
3292
9280
8812
2690
3824
3754
6284
9128
3254
7104
8620
9198
9956
4606
1112
4110
7374
9146
2640
86
7008
6308
8270
6898
9384
5652
9528
8370
8540
6558
2584
596
322
9754
1074
4626
9992
8310
2406
704
3596
4012
7170
2204
1702
8822
778
1976
6022
6254
1228
8430
6696
7384
4454
710
8074
6284
1056
7994
9440
5934
1298
7052
1478
1418
5450
9456
2682
2088
2322
7556
302
9380
6106
6814
4250
3098
9106
9164
6652
722
5244
7464
6858
3928
506
9070
2146
9928
2338
3822
6708
2142
6558
4702
2342
9836
1986
7318
6554
570
850
6332
5112
5948
6456
700
3538
3300
9832
7866
2828
4420
4972
6290
5134
5530
9074
9674
5612
5962
2368
982
9458
1900
1474
8902
4338
2632
1064
9076
518
1600
2670
2140
9528
8634
1866
2896
9546
1758
358
1462
9582
1996
8284
5394
6366
1996
8462
4646
1244
1976
392
3566
850
3660
7162
790
2620
5450
5218
4440
1466
2156
2406
3020
9736
9072
9522
5806
308
4022
1742
4596
7742
2892
5870
4724
6332
7080
676
5640
1398
1764
5500
2562
750
288
784
7002
3184
9912
440
4456
9584
6040
2410
4176
3702
4628
6628
9774
758
2742
4770
4488
6540
3540
9254
8016
5266
5394
9900
1520
7324
9226
372
5830
9940
1424
8052
4384
9584
7722
1256
4632
9224
9196
5018
3646
3776
4540
6510
6770
982
6788
9736
6330
8516
9578
9130
1194
64
5434
9262
5428
1686
1236
1564
6320
1054
2754
190
6994
1090
6416
1686
6898
6014
8294
7838
8462
2778
2456
74
7024
6160
7294
5866
4558
8736
2396
4092
8174
4566
3854
2584
5982
182
322
3012
18
8104
8294
7630
768
2062
8356
1386
8366
5484
2038
3806
4810
6030
728
64
6942
8810
846
2732
6892
2078
8722
5272
1726
4334
9028
5226
592
1810
8142
7296
3436
6470
3180
8378
4984
4082
9028
5860
7994
7174
8724
7516
6538
5656
3806
8342
6774
2472
8212
9596
7240
2460
5702
7482
7818
2586
6226
2480
3788
672
6914
486
4892
6818
8012
4416
4612
3566
8552
2660
9592
2084
8032
3410
2478
2660
4774
6752
4400
8480
2856
8266
8262
8314
6950
4176
6210
4228
2194
7374
4544
5874
9134
8912
5962
1398
1316
7208
4758
1042
4110
180
3544
1146
3106
1806
2674
530
2056
8010
7930
380
3072
5572
770
4644
7540
870
6034
2130
2622
6666
7496
9628
9264
2024
3118
2024
8898
4302
3160
2028
124
2664
388
1818
6708
2326
4258
9278
1450
2878
7588
3212
3936
2274
2886
4112
5124
132
6536
5634
5814
2194
2586
9618
4348
1840
3864
5646
3832
8828
9958
1924
3514
6254
2410
7372
4214
2584
3970
7084
3410
3048
502
5128
194
3224
820
9720
4468
9832
5712
2222
6544
3098
8938
5844
9268
8078
680
2892
6292
2198
5178
7774
6314
6730
4154
8666
8442
4304
608
476
5698
2720
690
9634
2576
9562
2002
5222
8344
6034
3350
4806
2068
7562
6236
5036
138
4304
7772
5822
6278
1940
7050
7306
1102
9016
8610
8652
1018
8064
9858
1636
330
5360
5946
6044
3730
6284
886
1066
4004
1098
4154
9476
5752
234
8588
632
5488
8694
7520
5418
4416
1022
6300
2108
7456
4556
1826
6712
8738
4290
4254
2288
4124
7734
2856
6538
2736
6672
962
8576
3208
9296
9304
28
7218
3018
6726
3082
1700
9536
3506
4510
5598
9050
7930
6430
2554
2836
3490
8218
4024
8952
4932
8218
9626
7792
1726
2464
2944
8558
6768
9976
1724
5474
1464
7428
6584
2820
9194
8512
7204
5868
4980
1020
7190
6982
4646
4502
2292
8858
7706
6562
9046
7898
8466
2796
9508
5652
5024
818
8584
6684
5026
6246
1948
4954
9118
3918
7386
9618
7654
8324
5280
938
6582
1290
4714
1738
3280
4618
732
6702
7612
2660
4088
3486
7932
860
2636
566
1640
4406
6128
2656
8112
576
7842
6600
950
748
4768
7442
6618
9302
52
4962
7666
4264
6466
1156
470
4562
3900
4722
6334
2830
1868
6762
6380
3020
7710
460
2646
1270
3814
6398
5280
8682
3108
8218
5980
2858
5320
6172
5508
8652
9854
8702
5240
8586
4202
7756
6000
1610
2374
9464
8538
7826
8592
7888
9914
7536
4248
2004
8634
2910
3352
6562
7780
3130
9012
130
6918
7886
1572
2234
5086
9826
3826
232
8468
2426
6542
3210
9532
2424
2348
2192
854
5996
5448
5644
5948
1882
142
4296
1310
7906
366
7652
3834
4792
6608
6534
8464
6852
4604
7614
6060
8210
5000
1098
9508
4570
5868
6634
7796
102
3214
1424
5314
2558
9566
1128
90
7944
4662
2508
2186
4848
9484
6800
8730
6392
3338
1878
8970
576
2584
5130
156
9380
8034
2962
3038
2574
5532
5598
9298
816
5728
7518
8466
2952
2332
7056
8802
7702
9232
9728
6874
1894
4948
4662
6692
3178
4190
9922
1390
4626
6668
3260
7900
2242
1730
940
4600
7842
5706
6104
2232
8522
5944
390
5760
1478
6470
5452
1698
8352
9512
9474
2068
6784
6284
9354
2288
318
2376
9774
2222
2660
2508
2578
7512
5202
1398
6022
4218
6522
5098
4164
7808
1630
1956
5244
510
238
8378
2292
6810
7800
6036
3684
7224
3688
7182
7812
3318
6362
2424
1760
5902
1474
5992
570
6986
9056
3938
7756
5386
5626
778
4810
7206
902
7528
7444
9336
348
2604
704
8932
5088
3900
4230
3584
6202
4300
4218
6696
8230
7642
4504
4186
2554
7430
3534
1206
5086
1298
7614
548
5146
3072
4064
5010
2894
6174
806
1824
3758
6222
6308
5134
7822
5320
1292
5020
3066
590
5446
540
9908
7088
1790
8968
1320
5982
224
6358
2782
9648
7380
6740
3096
3848
7078
7448
644
6290
1540
1144
8160
204
9526
8512
6282
4802
4924
2116
4766
1972
6638
1736
2456
4302
6976
6848
1124
9654
702
5876
6236
7984
7896
1220
4530
550
3690
708
8572
2402
5552
6828
4932
5134
6128
5618
7156
6090
4236
198
6476
4972
8416
4042
7070
7202
1540
8398
3322
2602
8450
572
5364
6872
4106
5208
2060
8452
5928
5964
8022
662
236
6894
1136
4918
2256
6476
550
7840
2310
7020
4390
5862
4056
2954
480
9308
2126
7890
4378
6870
3062
1230
5712
4418
6260
2212
8708
6436
1372
1336
4468
8372
9618
6276
7034
2622
1072
4814
2894
5130
3640
4516
1360
1326
6548
7998
8040
5600
6566
2076
8028
1840
8638
3918
7990
2582
8728
4370
1908
500
3024
9550
9682
4846
1290
6844
1788
8598
5092
7702
8628
3092
270
4478
9720
9718
3012
1386
1802
942
4566
6068
9274
5930
6016
9644
6784
2244
9900
6506
4194
138
4982
7196
6526
8904
3038
3260
9280
4870
1478
9244
6622
8768
9924
268
2186
1104
7706
5350
5460
3570
72
9930
3698
