969
6734 6770
4284 4382
7026 7027
6527 6575
4279 4294
105 198
9085 9161
2315 2348
1576 1609
7908 7940
5988 6019
8717 8734
4308 4357
649 679
5741 5751
7941 7955
4776 4849
1501 1533
3657 3749
2508 2608
5499 5598
8140 8182
7671 7731
7672 7696
7811 7854
5090 5152
1232 1274
1812 1858
190 259
571 634
6909 6999
2624 2639
4451 4518
4291 4389
5274 5327
4864 4925
4116 4119
3473 3506
7653 7682
6117 6123
6810 6904
8871 8913
8111 8151
7283 7362
4076 4101
4045 4095
7352 7434
2965 3063
4097 4151
8886 8938
5045 5131
832 930
6187 6205
4766 4785
5344 5427
3218 3279
877 947
5758 5808
285 379
6749 6768
6999 7050
1597 1663
9295 9389
5278 5338
9779 9838
62 69
8931 8945
6620 6635
9000 9072
4378 4425
6021 6056
8192 8224
7959 8022
7151 7174
2231 2294
1184 1201
8162 8192
3381 3418
8788 8883
4736 4762
6892 6932
9011 9050
4642 4718
6850 6926
462 542
6113 6166
1184 1219
6012 6083
5195 5205
2465 2506
1075 1141
5076 5086
6286 6313
6830 6831
5809 5876
818 856
7187 7236
1127 1224
6037 6121
3149 3162
3738 3804
1747 1844
7280 7287
7870 7903
5448 5497
1010 1035
3246 3323
2147 2229
6438 6483
1671 1702
5190 5229
8151 8169
8889 8952
2993 3030
3830 3923
1460 1518
1435 1443
2821 2905
5615 5628
9324 9374
6002 6046
1795 1853
8072 8159
1724 1811
9664 9717
4046 4059
4302 4375
769 810
3720 3736
8657 8696
6811 6813
1725 1821
3159 3183
5427 5442
6725 6782
3117 3177
8046 8124
7361 7365
1187 1242
8504 8593
5219 5242
1296 1396
2028 2096
751 788
2589 2667
9381 9391
8250 8277
5511 5548
609 704
5270 5333
7819 7852
4820 4858
6343 6344
8079 8166
1594 1602
6320 6351
4114 4162
8869 8956
2411 2498
1115 1186
1481 1581
8551 8646
5643 5681
3804 3883
8218 8226
6489 6501
5196 5239
304 378
4985 5074
9035 9122
9025 9087
398 403
6554 6639
4247 4309
8785 8858
137 228
9618 9699
6439 6518
6959 6962
3638 3679
4101 4102
1442 1454
423 441
9181 9190
5598 5669
1372 1386
6540 6615
7152 7222
3704 3746
3132 3184
631 723
3530 3602
3875 3902
5960 6030
2363 2462
853 915
5150 5249
6813 6858
1825 1871
7575 7608
8686 8713
5897 5965
4084 4170
7234 7287
576 652
6907 6929
1344 1436
6200 6222
1415 1496
3427 3500
3317 3341
1028 1059
7927 7995
8958 9028
2851 2895
5128 5221
3039 3104
1622 1636
9498 9539
4040 4090
6631 6692
7582 7588
6622 6652
8970 9068
1014 1017
2973 3006
7991 8043
6691 6733
6903 6909
9343 9363
5041 5109
9663 9719
6761 6816
8950 9032
565 596
7423 7451
8312 8354
1941 2041
4995 5069
2659 2675
3164 3256
2497 2524
6354 6446
4425 4458
3456 3504
5965 5978
6437 6471
1614 1682
6470 6477
1196 1285
389 439
4345 4434
7108 7188
9088 9123
7355 7437
3129 3154
3608 3683
29 114
772 814
3583 3608
2248 2331
8677 8762
7957 8027
8592 8636
3811 3862
1374 1404
2590 2616
1211 1288
4395 4407
9112 9175
2620 2715
7798 7890
4593 4648
8515 8538
2209 2214
8850 8927
6998 7010
3507 3563
7912 7988
2265 2285
137 186
8896 8903
607 611
7378 7389
5358 5390
3019 3089
5949 5974
1259 1309
1189 1232
2878 2893
5517 5581
9220 9256
7339 7406
7777 7799
3068 3130
5454 5461
5479 5545
930 1008
8330 8375
772 809
3173 3192
6520 6576
1218 1304
4249 4321
9539 9548
4443 4452
864 901
196 213
3462 3560
9119 9209
4672 4689
8604 8614
5343 5382
56 71
8844 8870
3504 3544
4374 4446
6414 6469
1884 1933
5276 5319
7533 7578
2398 2486
8618 8634
8268 8274
6332 6408
828 852
9486 9514
7495 7542
918 993
8198 8215
2027 2079
2538 2631
7535 7605
1399 1473
422 426
4158 4189
5668 5708
7721 7741
6620 6649
3150 3185
6953 6984
3081 3171
7381 7403
384 408
9560 9584
8342 8362
2393 2425
8032 8047
677 679
619 710
4242 4313
3145 3201
5494 5546
4363 4432
1502 1588
9371 9443
968 980
6104 6140
933 1022
8038 8054
827 861
6657 6707
8233 8311
2483 2574
9574 9622
1546 1603
8484 8558
8937 8940
6146 6222
4725 4802
7167 7186
5335 5387
7816 7879
599 615
207 249
859 929
250 318
4525 4615
7336 7409
5262 5290
837 910
9747 9824
5758 5844
6528 6561
7277 7341
5820 5837
7368 7459
801 844
912 931
6689 6771
7181 7233
4370 4448
9820 9893
7333 7367
723 781
8523 8527
6423 6499
1121 1190
6611 6708
8563 8581
8312 8343
3836 3876
326 416
1442 1541
6523 6613
5914 5965
5393 5476
856 901
4857 4953
8247 8308
3565 3656
1095 1164
4408 4443
63 78
1830 1869
8769 8789
1930 1965
889 952
2921 2925
2491 2545
7152 7174
6680 6699
5073 5098
6641 6698
5324 5354
9701 9797
5952 5978
8121 8213
3423 3446
6372 6421
7871 7940
5998 6094
5943 6006
6463 6548
305 379
3925 3949
9742 9825
7303 7348
5024 5089
2175 2201
8465 8526
6617 6624
7653 7726
4136 4150
4128 4146
1066 1114
4166 4249
5537 5610
7428 7455
9034 9100
7057 7072
88 148
5729 5780
2219 2243
9767 9863
407 502
4218 4305
7416 7499
1116 1209
4577 4661
6402 6430
9470 9496
6572 6603
5423 5453
2782 2832
5612 5627
9598 9672
7631 7679
7473 7480
293 354
4843 4905
7792 7880
9213 9300
6562 6567
8580 8642
3095 3176
1424 1483
1674 1765
7722 7821
7343 7388
6757 6779
2598 2635
9702 9765
5932 6000
7263 7288
4336 4399
9376 9433
1663 1755
6943 7027
2956 3026
9817 9859
5503 5603
6051 6055
8540 8560
3489 3498
2558 2598
9788 9792
5105 5175
459 544
8680 8701
3012 3015
7788 7878
8770 8860
7963 7986
9622 9634
5364 5380
6741 6775
6705 6709
1504 1578
3392 3439
1973 2038
3062 3146
9181 9244
3007 3058
5772 5848
9654 9702
2868 2872
7 19
4976 5011
9917 9923
8175 8179
5478 5505
6468 6491
9285 9319
1139 1174
626 698
6775 6809
9768 9818
8597 8680
6928 7006
6189 6267
5260 5309
6021 6045
1161 1216
9458 9530
7900 7934
6773 6821
2362 2385
3392 3407
493 537
7043 7081
9362 9413
9252 9263
8472 8523
5521 5615
5211 5291
4012 4073
5914 5918
9883 9920
7670 7746
4221 4314
9368 9465
5982 6080
4953 5023
7443 7447
6567 6581
3695 3728
8262 8313
7207 7216
3334 3429
3186 3213
1294 1363
7483 7547
3366 3409
8844 8925
8844 8934
5956 6027
4095 4192
1079 1127
8117 8169
1614 1709
8125 8182
8109 8165
6999 7034
5447 5521
9637 9729
1820 1823
2230 2234
6338 6394
4049 4072
8459 8463
5528 5622
9860 9923
7391 7396
1101 1169
7238 7315
6120 6171
600 658
6312 6341
3961 3995
8850 8869
6851 6893
2634 2677
880 968
116 145
115 189
5866 5891
1994 2069
4265 4324
5733 5785
2316 2376
5264 5297
128 146
925 966
6374 6446
2200 2210
3900 3948
2168 2245
9308 9396
167 259
4558 4600
2170 2196
5282 5296
349 397
9070 9097
2752 2799
7290 7348
5489 5518
6578 6617
1061 1137
6059 6156
1850 1944
5071 5112
4352 4397
5044 5113
7380 7479
1241 1323
9066 9090
5883 5948
1487 1501
8503 8595
8085 8091
8724 8752
466 527
7973 8020
8884 8951
7042 7120
1608 1647
5614 5661
2715 2800
4875 4940
9737 9797
5488 5512
1356 1422
7508 7566
5657 5735
1790 1879
8512 8526
2430 2514
4428 4485
512 526
7928 8017
3290 3390
4212 4232
4144 4177
13 52
4830 4910
5876 5886
1814 1854
9301 9378
6481 6563
1146 1166
5585 5593
2564 2608
1825 1878
478 496
1876 1923
4658 4681
1589 1610
3598 3618
7215 7290
1629 1692
8987 9062
8810 8862
9359 9379
7512 7531
7139 7169
7309 7333
8139 8178
4081 4098
802 867
8361 8398
9698 9720
4932 4935
2471 2510
2863 2885
9829 9911
5776 5785
9642 9685
1213 1233
4261 4330
8505 8509
715 718
833 930
776 832
7961 8036
7105 7139
165 251
6526 6529
8082 8155
3656 3707
5177 5214
5407 5429
5738 5785
2885 2936
9894 9896
1824 1917
2889 2906
9096 9126
7192 7274
18 79
698 778
9234 9328
6278 6314
4574 4664
5348 5379
6074 6148
5210 5247
8900 8903
2208 2266
4129 4152
8819 8826
938 1015
8577 8655
3718 3794
6042 6052
4109 4201
7489 7533
6630 6640
271 292
4490 4548
8100 8172
3031 3111
1517 1603
2090 2139
8135 8148
4579 4644
2663 2684
3114 3145
4923 4939
8672 8681
374 411
4004 4013
110 203
6441 6480
127 143
9815 9827
7826 7834
8224 8243
7012 7092
9723 9762
4647 4653
3233 3321
6633 6659
3276 3292
9024 9105
2656 2699
9335 9366
9235 9288
7929 7944
6118 6168
6564 6663
492 506
306 388
1932 1948
7338 7368
8611 8661
2558 2648
4810 4890
3509 3526
9479 9532
40 107
1381 1436
9119 9198
3179 3242
8350 8369
8000 8098
7821 7867
2160 2229
3499 3598
2292 2385
9464 9470
9740 9801
2241 2321
5056 5067
5830 5922
3165 3182
4495 4505
4012 4110
7051 7140
7052 7132
7615 7636
8814 8863
9344 9428
5723 5804
5126 5158
9597 9645
8527 8550
686 775
8816 8900
1840 1851
1325 1396
4849 4886
5819 5866
2229 2297
9730 9756
8160 8195
7948 8028
3338 3383
3517 3614
5510 5516
9021 9030
3822 3841
8940 8962
1894 1916
1766 1767
7762 7785
9031 9089
824 848
6941 7013
9518 9603
1655 1679
3710 3794
4907 4939
7027 7043
7747 7778
4762 4831
1565 1642
5276 5330
1998 2018
4007 4035
3249 3283
6606 6650
1885 1970
4779 4780
5564 5635
8035 8092
7167 7202
907 976
1656 1747
2168 2215
2837 2929
5650 5653
9169 9180
5069 5122
5203 5211
8012 8035
9758 9840
9520 9523
8990 9065
6894 6909
8562 8587
5813 5832
3984 4020
4300 4378
9230 9302
9784 9825
2369 2469
6800 6892
8902 8939
8924 8976
771 846
5171 5254
4504 4571
8671 8768
9704 9734
6073 6127
9864 9952
2426 2442
2514 2564
2044 2111
1365 1423
1669 1676
8254 8336
4080 4091
9697 9713
6380 6391
5787 5797
8318 8357
9918 9928
3898 3952
4508 4537
3951 3964
4050 4086
450 494
9266 9364
5709 5743
542 595
151 197
4734 4736
2222 2275
4871 4961
4537 4618
494 527
5653 5689
6391 6423
5014 5037
3074 3156
2915 3001
2542 2639
1730 1830
3465 3535
3580 3674
5855 5927
8348 8384
9731 9813
4677 4750
7538 7603
164 257
7194 7286
2200 2228
6989 7024
3609 3673
1810 1822
5312 5364
8769 8818
5494 5502
1272 1329
834 847
1625 1633
8452 8464
4453 4461
6565 6580
9491 9553
4703 4743
4123 4168
4123 4159
9485 9491
6201 6294
2396 2422
6272 6345
7793 7852
7713 7743
8842 8887
3205 3216
667 706
5366 5438
8754 8774
2661 2725
8296 8323
792 877
6886 6900
1805 1837
1296 1313
4036 4056
6628 6632
1638 1678
5629 5677
5407 5475
4308 4344
2240 2268
3891 3912
3260 3264
5801 5807
2878 2933
531 567
4840 4866
4127 4179
8072 8080
7280 7338
822 868
420 470
3439 3531
8491 8521
5529 5622
9480 9548
9411 9439
9101 9124
1056 1071
