943
1077 1112
1682 1771
8261 8351
9467 9474
4999 5020
4373 4441
3465 3543
1957 1966
2064 2092
5379 5390
9165 9172
9416 9419
4727 4799
940 972
5585 5638
4707 4750
6747 6825
5677 5730
5034 5117
6445 6514
3375 3469
9155 9216
8165 8230
8868 8894
6258 6308
1700 1779
6788 6853
8039 8118
3598 3681
5851 5888
5521 5595
2472 2542
5961 6019
2302 2341
464 508
9450 9542
2174 2192
4952 5038
5211 5298
3507 3508
803 849
8202 8288
7303 7322
2654 2667
9216 9231
9447 9463
6743 6841
127 175
6564 6619
1735 1759
5327 5347
2619 2673
1486 1540
4818 4823
1819 1829
1254 1315
9278 9282
2336 2384
1227 1307
5447 5519
3176 3273
5444 5541
946 1037
4668 4762
1904 1909
7999 8049
5822 5856
8321 8347
8679 8720
8862 8949
3103 3154
31 99
8811 8885
5151 5242
4426 4447
6102 6138
5314 5394
5494 5590
9702 9748
8932 9031
3334 3431
4595 4633
294 347
6263 6348
7816 7838
7336 7350
4603 4655
8199 8204
6319 6356
3597 3661
5105 5149
2667 2726
6560 6580
9456 9463
9354 9443
2815 2899
3587 3644
5850 5886
130 199
7056 7152
4278 4315
7648 7701
5469 5529
4242 4249
7179 7259
5954 5961
9632 9652
8286 8375
6802 6854
6408 6469
3893 3924
8408 8508
39 98
4490 4570
1494 1529
5855 5866
5705 5769
9372 9423
4261 4356
2634 2688
2217 2238
3335 3382
3331 3430
2085 2091
2822 2906
6075 6134
411 500
7755 7814
256 297
8085 8116
3406 3460
3435 3496
9354 9429
8427 8490
7356 7430
7075 7142
3806 3906
8380 8387
9188 9207
2678 2748
2929 2995
6846 6919
1591 1686
2459 2557
7733 7758
2880 2977
7872 7962
2312 2367
4160 4192
1583 1611
5439 5519
2183 2244
4380 4470
6065 6070
5073 5151
4579 4679
4974 5038
7743 7817
5240 5337
7201 7268
554 633
7803 7840
1835 1902
913 971
626 676
1888 1932
2798 2809
888 923
6955 6983
4366 4400
7608 7619
6654 6717
5207 5254
6498 6506
7290 7318
5878 5965
2817 2898
366 456
3098 3195
3158 3209
3620 3658
1773 1810
9448 9534
9542 9578
8330 8399
851 897
240 316
4011 4046
4314 4340
1115 1181
4933 4995
5512 5602
3475 3523
3873 3950
2755 2815
9013 9071
436 483
3656 3723
1947 1967
726 749
9725 9811
5794 5863
407 465
1980 2010
2238 2296
2448 2505
3841 3854
2127 2181
5664 5735
8186 8237
268 270
5225 5306
4602 4608
4380 4406
2478 2533
1921 1960
7018 7110
8186 8273
1603 1641
8478 8567
1318 1410
7403 7455
5977 6069
9592 9659
7288 7388
4751 4843
5781 5865
9611 9690
7965 7981
9693 9738
920 1000
8187 8192
7465 7533
3657 3674
4576 4618
1626 1638
8904 8930
7368 7371
9065 9131
3412 3434
2051 2065
7279 7299
2062 2065
4634 4726
699 717
8355 8437
3761 3767
2968 3048
7379 7404
8202 8213
3648 3719
7488 7558
1630 1653
4613 4630
8608 8653
8709 8794
5044 5082
9460 9507
4412 4469
391 466
9150 9220
5689 5786
3852 3890
6052 6094
8614 8660
4254 4297
905 952
8436 8501
4346 4389
6747 6772
3274 3361
1736 1783
4317 4362
3296 3361
9264 9308
366 396
9358 9361
3743 3830
122 206
7314 7395
3878 3884
3027 3102
8345 8391
8227 8265
4077 4102
7807 7831
9794 9891
8431 8440
7608 7622
2131 2141
6907 6995
6428 6484
9360 9388
691 726
7392 7427
8009 8051
7204 7227
6990 7029
8393 8413
5098 5188
6210 6298
3354 3371
8040 8047
1625 1646
7001 7056
4211 4303
7531 7630
8610 8703
4388 4390
6945 6990
6256 6270
7448 7452
143 215
2677 2710
6316 6382
928 930
8348 8392
6367 6375
5798 5800
4478 4521
8894 8983
322 330
8067 8140
5157 5233
9360 9374
8008 8063
7630 7632
7223 7226
3251 3326
160 258
9548 9610
8610 8662
6287 6378
590 656
5184 5195
971 1031
4681 4742
7869 7913
9449 9506
3769 3846
3920 4015
623 680
3734 3763
3113 3150
5444 5447
1701 1797
7071 7124
7590 7680
1981 2080
5401 5485
8883 8951
7596 7620
2508 2518
636 646
7665 7719
1259 1299
446 522
7271 7280
1306 1389
1389 1405
3739 3804
4349 4380
2148 2220
5097 5195
4811 4838
7341 7344
7499 7552
5243 5258
1538 1613
9189 9267
2042 2077
3709 3790
6214 6249
8030 8091
253 319
8388 8473
8973 8974
7931 7950
1512 1597
265 302
6022 6084
2772 2852
8923 8982
9113 9124
882 944
4455 4528
7494 7558
1615 1707
7753 7818
8485 8527
6424 6490
1815 1899
3808 3890
6189 6206
9584 9676
4778 4818
726 800
2030 2062
804 890
3716 3816
3309 3330
7277 7327
5151 5161
6051 6092
1731 1765
9577 9618
1972 1980
9397 9431
2428 2507
1390 1481
1829 1928
6860 6895
7304 7308
1322 1337
2142 2168
2310 2399
6754 6755
1859 1959
8499 8555
5740 5817
6136 6162
2576 2643
8011 8090
7037 7058
2697 2762
9237 9271
7822 7922
8203 8260
2064 2104
8707 8724
1721 1729
8835 8882
5788 5848
7406 7449
2618 2636
2832 2834
1763 1856
7049 7068
3259 3297
5880 5949
5400 5461
7579 7642
7989 8053
712 747
1381 1409
6880 6948
4449 4484
2293 2314
7871 7908
6360 6433
2501 2581
4968 5058
5981 6009
5242 5270
6202 6252
6491 6516
9233 9278
7513 7571
2155 2209
9824 9862
1026 1037
8332 8400
1008 1010
1874 1939
1242 1326
7582 7670
3994 4043
8755 8759
5832 5922
5967 5976
6104 6201
7014 7078
2287 2373
3727 3806
9115 9169
3816 3893
1627 1689
4249 4269
5579 5580
1645 1725
5999 6026
3589 3594
1497 1579
4301 4334
571 614
6991 7067
5297 5363
8829 8909
6900 6921
1268 1356
2000 2056
6932 6990
7639 7669
1816 1817
4883 4927
8391 8454
4095 4103
2247 2287
6655 6708
8815 8876
7166 7180
394 455
1650 1677
2547 2584
3187 3262
5057 5121
316 383
7588 7681
6538 6564
390 430
4509 4587
7449 7504
7750 7770
9416 9506
2700 2762
149 242
7792 7843
2011 2060
1102 1148
9069 9169
7589 7663
1951 2027
6965 7018
2884 2964
8394 8460
2816 2829
8471 8545
6583 6607
2207 2218
5287 5304
1087 1131
7784 7880
3406 3481
9170 9202
9847 9877
6419 6468
9540 9549
4039 4040
2339 2388
477 551
5992 6004
6268 6326
4840 4858
2019 2041
752 774
2559 2647
3850 3899
8472 8509
7920 8005
771 796
855 866
8090 8187
8321 8367
2220 2305
3922 3985
5000 5093
1472 1508
704 733
4135 4138
1163 1247
3904 3955
8653 8706
6778 6787
5761 5847
6163 6245
5665 5721
9137 9173
3563 3652
9295 9350
8429 8430
8626 8697
4465 4534
6215 6291
2000 2005
890 963
6510 6581
1010 1037
857 956
460 512
5816 5904
259 342
7979 8068
7577 7670
8828 8926
770 817
2101 2182
8947 9035
7472 7495
7772 7784
8063 8067
1022 1047
8522 8590
9512 9585
5852 5942
3843 3845
2293 2388
5304 5347
1633 1704
1855 1878
4384 4456
6764 6856
264 294
5145 5201
2527 2582
4243 4337
5926 6004
2024 2092
7157 7205
7473 7563
2404 2502
66 166
1665 1763
2556 2618
6187 6206
3933 4031
5125 5213
9564 9640
3650 3661
7876 7944
4295 4365
1291 1302
8165 8217
5617 5672
9601 9635
3257 3339
6928 6982
1829 1880
631 636
1471 1488
4300 4318
5557 5657
1809 1892
4319 4340
2152 2231
8341 8415
7564 7573
4721 4756
9602 9617
5502 5559
8509 8557
8871 8891
5110 5193
6043 6072
1524 1536
4555 4562
5754 5789
7373 7453
9044 9066
9862 9958
2744 2813
5105 5123
1549 1556
319 332
6462 6549
6855 6889
4087 4164
9421 9434
517 591
7906 7970
3838 3892
9908 9948
4729 4817
7371 7403
2407 2498
1984 2014
7200 7283
2792 2834
100 177
5873 5879
3380 3422
3763 3816
7109 7155
6643 6691
5650 5718
9593 9640
8413 8435
8074 8075
3875 3895
8252 8338
5404 5504
3775 3817
9782 9826
1397 1399
2645 2680
7818 7826
1035 1092
3125 3137
1562 1661
5049 5056
896 906
5089 5101
2835 2926
1646 1740
2774 2830
8984 9046
9503 9602
4437 4439
9493 9579
3743 3842
9427 9463
7198 7232
9542 9548
7816 7910
4669 4700
958 984
2688 2772
8788 8829
3719 3777
5684 5697
4753 4760
8152 8219
2614 2661
3939 4018
9623 9630
2412 2437
1515 1539
3043 3094
1012 1049
936 938
3042 3107
9524 9544
4373 4395
484 539
1813 1885
1024 1059
7017 7030
3346 3387
6136 6207
8895 8951
6524 6581
3088 3119
7155 7238
5505 5568
7209 7218
3539 3540
7943 7946
2350 2363
1452 1460
6181 6242
9778 9810
3080 3102
8830 8839
2892 2902
4157 4245
4988 5076
513 574
920 961
6503 6521
9397 9480
6203 6238
5625 5642
790 851
3483 3519
9644 9684
3463 3513
3774 3811
3580 3680
3125 3127
7381 7460
9505 9544
5823 5873
195 260
8427 8454
8038 8084
4418 4425
3556 3597
1886 1949
856 927
5027 5045
418 454
2618 2658
400 418
8186 8238
5728 5748
8616 8716
8668 8763
6082 6087
7698 7764
7509 7587
2310 2398
7492 7525
892 974
1962 1980
1890 1973
9282 9327
1749 1845
9577 9662
5921 6008
1240 1312
1333 1372
6334 6335
665 684
6606 6614
2971 3055
2794 2892
8194 8220
4884 4937
6155 6211
6836 6847
9346 9375
67 88
5786 5828
4614 4713
9885 9918
9515 9552
8285 8365
4216 4276
2648 2685
317 397
1377 1420
1476 1542
3197 3263
5978 6016
7488 7532
4397 4464
2388 2456
2673 2705
9380 9391
4659 4711
4511 4547
1300 1334
3399 3483
1429 1457
8751 8774
6819 6888
5509 5555
8120 8135
4512 4530
2252 2284
6752 6816
2054 2058
4899 4994
1437 1443
9828 9913
3363 3407
3765 3814
565 601
826 871
4641 4707
8595 8620
8392 8468
397 474
6833 6907
4965 5033
8926 8994
4748 4797
9205 9223
816 844
4814 4891
5539 5555
8147 8237
8460 8468
8085 8173
6509 6541
9109 9133
7510 7536
7198 7279
243 262
5591 5598
5232 5269
2936 2939
7819 7882
7731 7760
3750 3839
8459 8517
3380 3473
6062 6104
254 295
7802 7838
6406 6439
1025 1075
2712 2794
4255 4258
3445 3468
5064 5132
784 878
8762 8801
1347 1382
1455 1482
8163 8222
7108 7116
6416 6461
8664 8751
1758 1785
5417 5435
3056 3134
2976 3025
3261 3274
6007 6051
9237 9314
2702 2731
2491 2529
1576 1646
2050 2060
186 281
5260 5317
4253 4260
6610 6704
4592 4638
2181 2232
6442 6482
8821 8828
7432 7477
3566 3586
3523 3535
9403 9449
2672 2753
1776 1783
8725 8738
3273 3369
9122 9179
2787 2810
1793 1872
6066 6087
7495 7520
2287 2353
143 211
760 772
17 81
8008 8023
2028 2031
982 992
1709 1738
6645 6684
4627 4655
8908 8972
8079 8092
2761 2803
8475 8568
7972 7975
8387 8473
1314 1321
941 959
9190 9224
1670 1761
6963 6975
7460 7543
4148 4238
5669 5745
2272 2351
8894 8911
4292 4368
3080 3180
