942
6763 6797
5943 6021
7475 7528
9897 9943
4912 5006
9075 9099
2625 2654
785 851
2351 2360
9459 9479
3167 3184
9723 9808
5828 5881
5708 5736
2014 2091
9257 9273
26 124
1737 1810
3447 3494
3908 3978
8498 8565
8586 8678
8251 8288
7759 7835
2118 2166
4111 4157
7699 7793
6960 6965
5747 5812
9700 9708
7091 7156
6701 6723
1672 1698
2601 2665
575 586
7978 8040
4950 5010
1753 1781
7354 7386
5294 5305
7092 7111
2593 2679
8365 8404
8331 8402
146 198
1456 1503
2825 2903
2224 2305
4993 5093
187 235
3724 3798
4568 4639
6186 6249
1887 1982
2746 2786
2926 2982
8096 8144
1157 1230
9127 9149
2428 2476
6361 6366
2639 2687
2882 2921
4271 4281
7208 7300
1678 1755
9812 9844
4931 4983
3713 3761
4630 4726
1701 1720
6571 6590
1530 1600
230 327
2449 2544
3150 3238
8338 8436
4741 4831
1981 2021
5655 5706
2542 2601
7915 7924
6894 6969
8385 8395
5135 5163
5334 5372
983 1067
9706 9709
3665 3707
4237 4278
9493 9583
7452 7552
8992 9072
9358 9395
6326 6413
7405 7449
1290 1349
1016 1109
6911 6923
5331 5339
2970 3001
3419 3431
7421 7430
1017 1092
9686 9754
1789 1828
1442 1464
7020 7104
2583 2619
5488 5569
9678 9777
3032 3107
6821 6885
7132 7174
3840 3927
3294 3363
4876 4898
5868 5966
6092 6187
6298 6301
9724 9740
8364 8425
6194 6234
122 208
116 183
9454 9516
9199 9226
4337 4378
4716 4783
6009 6054
1876 1962
4217 4291
3630 3680
501 506
3690 3731
6669 6756
3977 4062
2723 2756
2711 2763
5262 5329
1770 1828
6902 6936
1753 1766
5194 5203
451 532
3139 3237
4054 4120
286 297
265 274
5866 5870
7109 7185
2614 2705
4377 4392
1487 1503
591 673
9274 9279
9564 9597
8827 8828
6533 6580
4197 4214
9605 9644
4277 4295
5587 5637
7328 7336
1319 1357
5154 5242
8778 8810
4708 4756
107 178
9785 9876
1140 1144
2696 2770
7368 7399
886 971
6997 7074
8317 8362
3281 3289
1109 1174
8310 8332
1209 1261
5504 5513
3313 3339
8231 8286
6758 6828
556 562
1488 1588
60 120
3959 4036
521 604
1659 1726
2542 2568
292 363
1910 1973
9654 9666
5322 5374
6112 6146
5181 5246
1704 1734
3430 3524
3195 3249
116 146
7387 7390
8435 8448
2114 2126
1414 1495
3617 3634
9894 9903
9616 9648
6203 6300
85 167
1899 1927
6074 6137
2639 2640
8038 8101
4757 4802
5997 6070
3556 3614
1499 1566
3169 3223
6590 6593
5787 5851
9248 9257
5967 6056
2009 2091
7329 7399
2183 2216
4853 4873
5211 5246
2602 2685
6250 6344
4882 4927
9822 9883
2865 2933
2446 2464
5165 5224
1493 1527
4002 4090
9112 9198
8486 8525
1244 1335
7306 7378
8125 8155
6856 6949
4029 4067
9598 9603
2342 2366
211 243
2459 2533
9730 9777
4349 4413
8803 8829
9209 9251
6198 6292
8751 8800
4722 4784
8099 8129
844 848
8272 8286
5010 5089
4901 4944
3775 3796
6191 6280
3423 3466
7012 7067
1690 1789
6221 6290
3363 3433
5846 5855
7862 7911
8594 8611
3685 3731
5595 5626
2477 2541
615 704
5095 5169
2755 2814
7027 7064
5838 5878
4947 5014
8367 8419
7904 8002
5434 5510
3636 3713
4990 5003
1384 1480
3682 3689
230 270
9033 9039
959 1053
5911 5965
8330 8384
322 371
5621 5656
5929 6010
4699 4786
9811 9827
3733 3767
5432 5451
2348 2431
9111 9205
8892 8901
466 473
1572 1652
2444 2475
2582 2616
5813 5844
9821 9886
7534 7632
2854 2913
2274 2338
3316 3362
9113 9152
2526 2568
2198 2208
8676 8733
6788 6795
2811 2817
6399 6416
8934 9028
1007 1089
2489 2537
7725 7775
8277 8377
5553 5642
9308 9355
5589 5653
1199 1277
5697 5753
6389 6417
923 964
7651 7682
7209 7300
372 434
3860 3946
6621 6623
3769 3846
4663 4706
4376 4384
9372 9384
2754 2785
5093 5095
1601 1683
1863 1958
3422 3491
6089 6120
2521 2583
2835 2877
1414 1457
5441 5540
675 736
2015 2091
8778 8785
2119 2148
866 959
159 191
7756 7828
9567 9601
8004 8088
3918 3928
1986 2051
1735 1813
6838 6894
7099 7164
3040 3058
6290 6351
1612 1688
4691 4754
2269 2348
2071 2113
9868 9961
2182 2200
4510 4599
9820 9884
8130 8178
4715 4748
9012 9082
5494 5532
7592 7627
4342 4404
2104 2146
5533 5618
1354 1419
2140 2239
4965 5017
4570 4667
507 509
8494 8594
9203 9292
3887 3945
2424 2519
9759 9766
5479 5512
2629 2659
8227 8268
549 609
1153 1160
4400 4457
7369 7410
8908 9002
2130 2185
9640 9674
5352 5407
7543 7553
4880 4932
8679 8742
1491 1551
6033 6052
6335 6372
8941 9035
9016 9047
6283 6352
1765 1781
3551 3622
9681 9720
5079 5177
9702 9752
3025 3027
8984 8996
2712 2805
434 511
7636 7646
4482 4540
757 777
9153 9210
679 696
775 831
7546 7609
616 667
6254 6312
7078 7095
4909 4958
6116 6189
1548 1648
8125 8206
8848 8937
117 202
7288 7322
160 234
6789 6830
1979 2029
5560 5580
9703 9707
9506 9589
1233 1254
1253 1327
9123 9159
2852 2933
7601 7684
6025 6052
8162 8227
856 873
9333 9392
3056 3095
2338 2339
3215 3268
8056 8093
7228 7267
4006 4017
1849 1882
4004 4084
6175 6252
5485 5567
2988 3058
2056 2104
5995 6065
716 758
2610 2618
4189 4246
4607 4642
7194 7292
3048 3118
9706 9762
3864 3951
952 962
3570 3581
8885 8981
9387 9466
41 49
5840 5889
7280 7322
4739 4825
2679 2744
6009 6094
4581 4635
7183 7237
7168 7248
440 539
1630 1690
6232 6242
3315 3327
842 857
3893 3950
5681 5721
3116 3126
8913 8935
3094 3126
4426 4468
9321 9413
7435 7457
9612 9696
8085 8115
8554 8575
2316 2386
7703 7802
6509 6510
1557 1607
5785 5832
1879 1905
5567 5628
9136 9223
6811 6857
312 349
5601 5602
8432 8451
8698 8750
1187 1268
3261 3333
741 782
8497 8580
8630 8704
5512 5530
2211 2225
2032 2092
7174 7183
6722 6766
8972 8989
2653 2695
5554 5630
2912 2955
5124 5161
6805 6809
2617 2620
9237 9247
1036 1068
9763 9842
2454 2513
8003 8062
1477 1555
2887 2898
4656 4745
2666 2750
7596 7662
1825 1902
5096 5178
7687 7691
5379 5405
4909 4952
4418 4464
9710 9722
1021 1042
8200 8212
3948 4029
6829 6860
6157 6211
508 575
8039 8124
423 449
7442 7478
9017 9108
1992 2042
6588 6654
1389 1474
9822 9896
5075 5087
9849 9922
7183 7254
8182 8190
2093 2191
5824 5885
8612 8677
2316 2376
2726 2787
3625 3664
6433 6514
4066 4151
5413 5496
1964 2064
5626 5649
8251 8253
6290 6294
9564 9645
3767 3833
6501 6505
78 145
5519 5541
3786 3864
5617 5704
599 679
4052 4072
5848 5945
9519 9597
5461 5554
7974 7989
273 276
8663 8718
3892 3967
5134 5168
6891 6970
6003 6004
9735 9761
7861 7959
4126 4161
1903 1964
745 747
9114 9166
1648 1683
9195 9258
7854 7947
7519 7539
5376 5451
3969 4042
6289 6339
2899 2956
1582 1612
9848 9911
3639 3669
5712 5769
2281 2287
9659 9752
5250 5338
1603 1662
6151 6234
3892 3953
3732 3824
2231 2295
1910 1971
5383 5468
1341 1433
6031 6061
9778 9861
8815 8847
2892 2962
4118 4143
2046 2097
8634 8655
6954 6984
7065 7108
5013 5031
3056 3070
8222 8320
2845 2868
6934 7024
1796 1842
6907 6927
5154 5235
9696 9773
9645 9709
5070 5120
7546 7646
3037 3065
9457 9518
2079 2148
9005 9101
4925 5012
4580 4618
719 796
8596 8664
4690 4737
4300 4313
1441 1479
4883 4884
752 759
6312 6317
7001 7046
9812 9840
2348 2430
6299 6365
1373 1451
962 986
3402 3437
2574 2611
8154 8184
5307 5315
1545 1563
6326 6346
2965 3027
4715 4784
7130 7214
6093 6153
7505 7604
9445 9503
1167 1202
3557 3594
1692 1761
4534 4610
2444 2528
7807 7816
2229 2231
8445 8481
6524 6595
3197 3278
6060 6110
4438 4511
528 586
1399 1481
3467 3538
3930 3952
4546 4611
3229 3230
4601 4645
2636 2734
680 729
8131 8169
1441 1474
4631 4664
5098 5191
3080 3125
4412 4467
2471 2523
8206 8208
6285 6322
6375 6377
5314 5349
2580 2677
5115 5149
9250 9314
451 533
1442 1536
1154 1160
1222 1313
4774 4828
85 128
3002 3080
8145 8188
6366 6404
3956 3963
6963 7059
5416 5500
9457 9481
6947 6962
3966 4004
4029 4051
3789 3813
2811 2829
580 619
589 686
4111 4120
1109 1139
47 146
9213 9224
2959 2992
3432 3441
8478 8546
5379 5474
9098 9175
4901 4928
4050 4137
232 295
6962 6983
6174 6193
3869 3945
7611 7639
1944 2034
8332 8427
4246 4304
5934 5988
6586 6668
337 353
1464 1564
1845 1939
2918 2941
7807 7815
5340 5356
1028 1042
1296 1360
3708 3731
3301 3325
2342 2354
6158 6235
88 188
6187 6280
6457 6531
1971 2029
8412 8428
6239 6327
2042 2080
6241 6269
1954 1967
5749 5816
3120 3197
9843 9889
2212 2262
9202 9218
2182 2221
3725 3765
3272 3294
3405 3418
2429 2516
2735 2788
3872 3936
3554 3556
3363 3412
1203 1290
6870 6962
5393 5461
6320 6418
8543 8624
3136 3159
6937 6988
8942 9007
3337 3396
1721 1728
5918 5975
3635 3727
2489 2512
5727 5760
1877 1886
394 482
8684 8766
8178 8238
6039 6139
5410 5424
8919 9005
1432 1481
7829 7852
7277 7348
3860 3939
3319 3383
2770 2786
339 411
150 243
6960 7003
591 632
6221 6264
5619 5701
3933 3947
8051 8139
5763 5813
7524 7570
8214 8273
2735 2801
1804 1901
5063 5163
7735 7771
846 867
3305 3322
5925 6009
6439 6459
3607 3642
605 652
1022 1111
866 943
4553 4594
990 997
2288 2346
2594 2681
1735 1788
8588 8617
1308 1315
2837 2924
4507 4572
4730 4739
925 1016
8123 8136
2792 2800
1907 2007
5179 5248
4443 4444
6048 6075
1210 1283
4353 4361
34 36
7969 7988
2992 3001
7999 8087
6659 6741
7772 7816
3111 3187
7990 8029
5910 5979
8480 8549
504 577
8754 8788
605 647
8814 8839
4212 4296
767 816
2999 3000
2996 3065
8735 8802
2204 2271
195 263
6306 6357
8454 8523
2589 2607
4976 5055
1827 1866
837 889
5641 5674
7599 7609
4459 4536
251 289
3301 3328
1240 1279
2731 2785
6820 6852
7250 7321
4641 4661
3709 3796
2022 2077
3081 3181
4780 4865
5201 5276
8473 8505
3103 3178
2211 2260
5541 5610
8742 8800
8304 8318
1278 1287
7140 7216
5542 5616
8632 8696
3917 3956
2064 2088
7244 7282
7944 8011
7276 7314
3161 3164
9103 9202
2173 2260
8219 8234
3886 3977
6426 6506
9356 9391
9444 9513
3768 3823
720 735
6231 6276
61 105
7030 7038
2300 2337
90 159
3431 3509
5774 5780
9291 9374
7009 7091
3583 3661
5811 5847
6295 6296
6742 6756
1184 1229
