249
937
699 867
5 6
983 1278
507 787
1236 1326
971 1091
606 810
406 1406
688 908
212 503
34 741
719 1151
8 1116
449 1358
282 618
1249 1434
197 929
78 555
850 887
43 291
272 1173
892 1179
642 1029
273 887
1136 1364
348 1282
101 864
85 966
419 1185
398 687
683 1108
644 1132
40 606
535 1067
981 1252
118 1210
558 613
961 1337
112 184
631 1380
89 998
96 910
351 1394
440 1037
664 1152
17 490
902 1131
1068 1430
31 433
346 573
680 1296
22 65
687 893
1066 1163
741 745
270 1268
812 1181
945 1176
616 768
1097 1100
468 738
556 1018
541 680
631 1217
32 850
459 1370
1094 1272
758 828
420 966
281 890
541 1306
7 245
93 995
452 490
144 1272
155 838
502 1199
1212 1310
788 1137
485 500
350 1274
356 860
2 522
1223 1252
544 1083
185 863
246 1072
494 1400
1 260
152 348
44 1369
597 972
550 1116
671 787
20 85
482 749
640 712
783 1098
383 515
1008 1417
360 991
869 1185
285 499
82 939
593 757
491 530
186 327
96 728
86 452
1118 1328
505 920
474 931
595 640
496 1285
686 724
530 531
23 1280
505 1177
87 894
293 1047
886 1349
281 612
785 1205
750 867
240 389
30 83
26 190
61 375
283 578
780 1338
369 813
409 536
884 1148
348 1273
103 1062
868 919
1284 1394
1223 1242
567 897
20 1331
86 200
58 550
267 918
87 834
223 1167
443 538
64 182
187 575
765 858
378 801
1110 1346
6 542
783 837
353 1296
243 1184
525 547
88 822
742 1160
566 718
920 953
508 1287
45 1409
517 952
776 1410
1313 1393
598 1142
359 622
326 1090
753 1058
364 1128
34 853
82 276
233 266
105 938
546 730
385 1184
950 996
81 719
751 800
254 462
1152 1304
1177 1358
486 1367
789 963
246 717
206 1086
1028 1365
13 1344
587 897
843 1192
483 679
530 635
408 473
245 849
338 993
65 399
1213 1267
315 672
6 308
732 1431
108 741
804 1218
796 1030
161 818
183 850
701 958
641 827
626 796
185 1221
221 1327
425 1281
350 353
72 131
347 454
622 1127
129 1384
342 1197
230 1317
29 439
217 666
547 1134
284 579
143 346
579 806
102 583
132 447
159 1093
195 1411
78 650
633 1205
994 1131
319 1222
616 1418
519 1141
640 1396
439 538
900 1148
2 735
527 860
132 138
186 418
113 1426
536 982
295 711
828 1039
69 594
1097 1384
148 1342
541 1361
624 748
1129 1315
142 147
630 636
411 528
993 1087
19 700
131 292
133 283
722 777
959 1381
753 1397
455 1206
267 754
331 505
72 699
577 741
102 785
169 237
448 943
146 695
175 531
160 1303
512 1080
249 942
688 1191
504 1400
233 483
495 608
739 819
941 1196
630 1419
1263 1383
588 962
1124 1266
373 750
711 1193
109 1218
305 786
474 1066
924 1034
52 1158
441 1306
1250 1391
553 1416
919 945
52 68
1213 1425
200 1187
800 1244
364 1279
1270 1432
585 1351
756 1247
391 1321
250 662
529 1413
176 477
166 1429
1202 1219
1 1006
1293 1418
104 1267
806 1291
32 668
163 804
633 1270
1167 1183
285 1317
149 434
85 1208
769 898
1043 1414
1125 1169
424 434
208 1353
518 1181
342 1008
458 520
514 818
286 409
192 427
91 463
162 705
314 1201
655 1262
175 220
861 1118
856 1048
442 1355
64 770
487 665
210 815
1069 1159
524 533
926 1153
394 641
285 502
1150 1161
122 696
1044 1093
63 919
48 566
722 791
75 373
135 775
536 825
916 1082
109 786
323 1178
939 1351
1008 1037
1054 1055
303 747
339 544
746 1024
541 966
733 927
289 483
696 980
1219 1398
879 1153
1192 1394
94 544
128 163
728 850
912 977
999 1432
437 1375
870 1396
777 829
272 1131
765 1102
301 1176
74 1374
864 1369
506 731
945 1351
1044 1267
450 1436
568 753
116 542
879 1047
356 803
686 966
1039 1354
1035 1271
904 1292
383 605
239 980
17 1099
248 1329
664 1164
364 1024
156 234
253 390
106 324
305 480
321 1392
480 810
59 1134
80 126
365 1277
942 1141
270 1142
290 1104
209 662
63 941
1126 1325
62 738
958 1069
1034 1153
200 1213
594 1202
1072 1166
249 298
462 590
138 994
987 1381
123 361
526 1140
732 1155
1098 1428
221 629
139 1248
418 1083
174 1257
547 1343
357 732
49 1320
468 764
578 1159
721 988
1161 1383
391 507
61 1284
238 257
1268 1328
544 733
185 579
312 905
43 482
1033 1391
399 705
308 343
25 872
605 1329
155 969
446 696
156 410
121 1354
218 1367
495 1347
41 986
244 291
786 1384
1195 1234
922 1358
50 939
260 1050
274 1156
418 1143
1221 1301
283 819
103 821
628 975
1104 1171
74 975
517 639
39 776
820 975
478 1154
119 885
752 813
617 915
759 1154
42 1257
80 743
217 336
188 235
178 1346
572 759
746 1301
48 180
1086 1417
255 295
575 851
70 194
198 1309
667 1089
32 588
834 976
1105 1415
295 654
661 1320
176 829
951 1352
679 897
78 616
67 113
365 1083
474 1401
649 669
193 315
440 743
604 1401
288 503
560 660
340 705
443 444
204 995
1037 1413
713 1403
1075 1429
813 1107
390 1023
867 1312
298 1030
890 1432
185 977
649 855
315 1419
781 1010
818 971
256 831
397 923
459 975
655 1022
959 1375
88 507
673 1435
695 1251
638 778
1236 1307
367 1214
476 888
1041 1245
534 684
456 1007
677 1422
698 984
276 1229
1074 1187
841 1428
173 176
936 1023
506 1344
456 1144
856 1325
58 701
85 1433
983 1087
294 1401
651 812
108 1153
1035 1415
837 931
827 904
61 1275
41 968
196 1272
715 1292
782 956
985 1290
502 1419
332 356
1190 1389
194 335
795 1324
198 585
123 671
524 1205
563 1032
235 1411
738 745
928 1165
382 799
974 1192
1053 1208
508 561
899 1437
390 476
11 611
708 1075
336 1407
108 1285
936 981
224 965
610 831
572 1128
472 648
857 1134
216 842
721 802
117 1283
971 1252
115 338
267 1118
94 1012
1139 1367
688 1316
211 1007
956 1016
202 544
445 613
623 862
63 122
5 305
25 855
531 1156
1107 1379
790 1338
353 432
313 1222
666 1435
695 1280
892 941
592 632
143 1047
987 1374
799 1326
480 504
502 1353
232 288
351 1340
107 1427
164 1370
653 1421
19 1197
313 1000
1137 1253
393 1271
113 495
573 1163
107 298
197 1119
1132 1323
278 364
530 1153
191 550
1073 1238
473 1336
17 1089
5 1219
501 1218
293 400
1030 1206
131 703
938 998
467 1355
97 530
844 964
56 1173
269 1264
1111 1363
256 956
1087 1253
196 377
233 1175
6 245
882 939
711 1067
22 539
132 1007
916 1006
723 1263
133 1046
532 951
224 953
1303 1382
548 905
632 1203
449 967
160 988
974 1364
755 891
128 136
184 382
948 1233
906 1364
564 743
353 796
76 991
817 976
73 563
826 1332
750 785
446 632
685 827
54 710
630 1143
751 1329
225 441
379 1185
488 1156
160 1283
830 1189
769 1267
107 1231
669 1439
548 1187
136 1103
399 1167
900 1284
354 671
759 1109
713 1359
332 392
38 1143
629 998
760 1050
57 1070
111 575
8 1043
1002 1207
539 1057
96 964
110 1134
783 1151
1183 1368
499 989
137 1405
163 166
154 651
90 686
527 873
134 1024
900 1202
245 657
573 984
450 815
679 1003
346 436
337 390
769 1241
815 1354
941 1278
236 1070
576 863
730 1284
704 762
592 959
63 821
575 969
26 753
244 646
854 1186
683 748
463 1018
1238 1364
627 719
340 429
452 1349
23 986
46 896
501 620
346 1400
455 485
146 149
698 1080
229 1126
207 849
82 780
482 706
567 1044
1288 1395
443 1378
694 1043
796 1426
1035 1359
789 1281
349 403
17 393
1011 1222
291 546
499 931
280 910
467 1045
1202 1209
606 1393
179 516
80 742
869 1376
374 1353
485 664
303 1335
678 1267
422 1355
539 666
167 1316
93 661
831 1090
53 526
807 1309
42 316
81 1256
684 753
508 1355
949 1070
160 1043
304 1015
256 1168
722 898
101 953
613 1265
423 803
578 1088
302 997
28 723
981 1378
190 405
190 944
451 1333
912 1048
76 474
422 1282
807 1268
1257 1315
89 178
601 1012
378 930
126 1126
520 1119
483 991
444 658
753 1275
315 770
1098 1276
117 1381
851 1220
861 1294
330 749
923 1243
424 999
922 1361
371 894
265 1031
297 1273
475 901
872 975
1089 1358
9 61
637 692
854 1382
730 939
532 1281
1040 1102
703 1118
973 1212
893 1199
6 1386
177 1225
367 1237
38 915
327 760
571 1152
143 247
308 1284
705 944
1083 1381
673 804
74 204
476 1426
793 920
843 1271
691 820
306 731
815 1351
57 1204
127 1127
221 876
416 1248
298 992
195 1368
876 1138
565 621
529 796
84 876
428 979
1216 1257
342 354
524 1103
690 704
316 1057
672 1229
3 552
741 1362
524 798
871 1144
177 637
23 978
556 1196
574 1044
752 1358
866 1230
236 1389
293 1156
1074 1269
857 912
443 992
137 1069
830 1271
839 1264
276 594
904 1243
977 1328
1156 1242
337 1211
342 681
54 1079
934 1227
717 1256
697 991
759 835
57 894
387 1228
898 956
545 1320
369 625
923 1121
991 1066
719 941
40 920
273 287
79 585
696 1031
940 1397
253 1140
