271
912
505 1347
435 845
641 922
828 851
340 1288
392 1204
36 497
751 958
253 339
9 1015
1175 1322
63 199
93 161
977 1395
373 1345
112 420
306 1333
744 994
16 1316
116 629
1297 1366
128 596
1167 1432
875 1287
1075 1200
205 924
1066 1388
205 775
377 861
156 347
517 742
464 857
178 240
305 974
250 275
559 1107
1143 1370
638 1132
960 1014
574 1103
756 1338
626 1273
767 825
21 227
15 88
1094 1299
82 259
458 527
272 1277
209 468
406 750
495 1317
452 471
329 853
454 1261
183 287
373 1372
380 455
1007 1246
256 334
1090 1267
788 1180
27 1390
187 1030
1244 1277
549 640
457 935
837 890
974 1078
259 444
475 1017
1318 1397
112 1425
211 1221
678 1028
612 995
556 849
502 711
367 1001
651 1177
306 360
776 1191
188 245
859 1304
835 1329
734 871
77 78
502 720
179 1198
84 845
1059 1283
196 555
334 856
424 1061
802 1269
3 1034
315 1381
546 1315
89 93
669 782
466 743
509 749
413 846
790 881
764 818
791 805
58 83
137 1229
14 32
712 1263
415 591
455 659
155 481
110 111
1301 1341
629 1175
1004 1149
339 1344
887 1023
533 1035
345 972
149 488
1038 1203
306 1230
648 997
312 390
994 1309
637 695
371 813
219 1171
64 469
454 617
258 845
56 561
68 377
138 217
324 372
3 913
658 1404
762 1149
997 1364
306 705
955 1307
50 776
1 939
38 452
730 1315
105 406
451 863
111 176
334 579
437 1279
65 279
20 79
828 1015
246 1192
394 632
439 552
511 1315
75 745
466 1167
1229 1348
282 998
48 408
490 1338
374 1147
521 753
307 809
344 358
198 949
1285 1291
1184 1273
424 432
689 840
433 1249
19 572
666 1343
921 934
705 1420
866 1036
463 906
691 1096
289 1236
864 1228
215 640
408 1428
303 1309
347 949
910 958
523 783
144 440
42 903
677 1399
363 559
623 1167
425 1253
738 1348
645 1302
10 403
172 188
46 128
188 1260
1166 1342
437 1095
1311 1426
1000 1172
245 1124
1299 1372
19 683
159 1033
291 895
522 1408
153 262
350 451
832 1032
1112 1341
546 633
886 1257
69 670
158 688
625 1356
96 1121
278 958
489 1234
209 660
160 1226
648 1116
551 850
678 732
224 995
145 636
518 1300
27 1115
18 716
183 1006
51 855
620 876
545 1283
1296 1382
159 910
356 1348
947 1063
786 830
113 401
381 1304
450 669
712 1366
562 1207
525 1237
594 704
1123 1375
352 834
183 430
632 1168
755 757
1051 1391
431 507
447 1221
357 1170
504 777
428 532
1209 1423
86 1051
58 97
343 446
1157 1196
791 930
660 823
158 1106
898 1301
779 1068
266 1276
124 376
118 255
210 968
298 1173
627 1223
319 1401
280 1423
40 1348
499 1225
521 1106
443 540
223 896
543 861
247 665
922 1232
1223 1262
100 1053
484 496
930 1419
146 205
1098 1106
141 414
77 997
1333 1362
907 1210
1037 1383
46 815
525 1302
156 261
68 1371
189 473
676 689
894 1306
121 1279
176 688
136 1192
118 523
60 215
651 1312
382 1085
1208 1423
146 861
299 1103
374 746
648 656
861 951
514 1410
552 647
681 1272
94 364
188 439
152 551
396 887
744 874
647 1171
835 1177
711 1370
247 373
678 1013
382 1204
50 180
521 937
974 1410
19 1416
342 988
165 1406
180 1329
403 722
60 179
652 771
389 526
213 224
886 1212
418 1178
719 897
785 799
410 1113
271 1370
132 566
603 718
397 1400
433 698
2 756
370 501
490 1128
819 1078
294 584
180 457
275 612
830 1396
630 1090
322 325
394 748
1215 1407
69 255
830 1127
552 804
495 1149
91 302
938 1123
235 806
115 825
273 509
735 1048
788 1419
1194 1409
1173 1221
1073 1199
286 667
712 1080
1024 1118
451 983
747 1335
335 741
51 1194
126 1163
908 1403
13 977
861 1402
143 1410
391 686
1111 1146
847 1118
665 1420
391 661
602 1324
178 880
29 1305
105 1086
254 1376
36 95
632 1048
448 1328
787 1261
305 617
810 959
933 1298
729 848
97 1382
1367 1402
525 1159
638 1245
275 1195
609 619
54 585
1071 1380
1109 1307
1051 1245
612 743
77 195
916 974
75 603
1096 1331
696 1347
134 413
557 1043
181 1154
666 1150
601 644
91 910
733 1265
534 958
688 1023
477 649
658 1155
429 1337
460 533
133 1008
278 469
389 587
105 1215
424 995
521 723
528 700
118 538
237 426
31 446
154 1379
1323 1419
615 1246
527 1187
742 1152
441 747
570 1038
784 1027
264 373
866 1153
8 197
573 641
70 94
766 1370
714 745
187 702
795 928
90 287
355 1272
372 929
64 746
800 919
161 1328
37 671
921 1347
709 909
888 1439
872 881
49 1417
22 104
330 1163
437 1340
1107 1120
722 831
873 1429
1107 1280
1 1147
34 645
443 1393
1168 1172
479 1033
555 821
1263 1302
1143 1358
735 757
892 996
137 486
322 1182
330 463
702 1221
148 1212
889 1056
615 1229
290 1283
690 1259
600 692
195 1031
500 577
333 1159
336 338
216 462
1028 1081
409 726
635 769
627 653
946 1416
53 810
5 62
129 754
535 1376
861 937
70 712
242 315
571 1244
46 911
73 1041
234 445
355 1207
371 1119
699 761
1099 1384
47 859
56 587
815 1202
200 555
573 874
751 1216
639 1280
401 452
412 919
542 1162
698 1206
703 1292
1039 1221
180 1366
729 898
247 1084
19 1410
270 1383
295 899
130 992
692 1380
538 955
483 1287
524 665
376 880
644 1076
795 1120
513 1118
471 1019
222 246
414 1099
574 1061
670 981
730 1059
93 939
540 1069
406 1050
348 649
424 1244
588 855
21 1433
119 572
728 1068
743 854
729 1101
805 880
97 420
97 406
810 1360
361 636
273 374
329 541
400 657
554 623
275 709
386 1191
993 1008
1090 1218
358 657
958 1223
128 930
779 828
723 1378
731 921
218 1385
552 1216
563 629
212 1247
903 1280
327 1013
524 896
580 589
182 239
1028 1138
541 911
177 637
905 1342
529 834
762 1126
235 362
979 1298
51 1193
89 463
82 611
616 1410
846 906
476 581
64 1047
569 1182
1266 1342
275 1172
40 233
660 862
147 374
629 1219
100 556
130 1129
421 757
581 1157
58 224
169 980
346 676
94 240
158 830
431 1388
383 969
1100 1304
1359 1421
30 1408
576 684
432 938
88 986
686 1363
272 927
619 735
968 1337
580 829
26 320
117 505
272 510
405 1223
124 964
296 1338
478 932
315 1115
1073 1138
635 856
775 1086
270 1348
680 1249
1011 1054
1057 1221
452 1120
1035 1092
957 1321
3 157
354 1105
130 759
288 868
195 1394
528 1119
877 1308
296 605
425 955
7 1406
576 782
54 1281
611 880
50 1322
66 864
87 1061
703 1219
368 797
712 857
382 1411
373 1350
342 1406
81 836
35 1022
442 461
536 572
370 1007
528 791
36 1253
502 1151
1032 1281
125 636
563 1336
849 1047
1241 1428
1056 1110
1006 1289
437 562
230 786
174 408
395 1214
658 945
939 1299
168 1049
543 971
445 474
346 957
174 1267
322 1254
425 791
244 899
448 1266
987 1292
759 795
202 1401
370 1234
292 851
1267 1407
775 787
187 203
134 437
215 1135
95 246
217 910
15 756
1196 1435
243 1346
142 470
183 1326
347 409
1024 1244
894 1097
133 668
475 948
646 1160
521 1363
1210 1298
993 1104
494 613
705 1117
310 914
297 1037
459 762
331 1254
832 1158
224 1203
69 1269
748 1221
1029 1339
984 1170
1188 1266
298 353
275 739
1025 1360
59 223
184 1439
609 1017
250 609
180 996
49 574
293 1121
968 1418
755 1123
1254 1324
209 244
90 319
28 1059
440 1382
1022 1186
1009 1036
395 546
487 533
537 550
479 1410
793 1191
648 1293
370 1380
447 1125
44 550
418 810
14 1337
64 1300
364 592
153 725
1066 1170
952 1431
409 1426
406 945
428 820
1035 1358
217 963
507 987
1096 1277
840 859
348 844
545 561
32 524
797 965
269 810
487 514
416 1205
313 1261
10 742
463 1190
312 1215
822 997
118 1390
392 1212
346 1257
196 1330
560 815
767 1021
209 1193
997 1307
505 1029
722 1237
624 857
969 1018
500 878
228 1297
56 1316
145 654
84 554
386 752
813 1351
265 335
43 1259
660 1063
302 1429
174 725
1061 1068
1149 1370
677 1113
137 1051
117 520
559 1325
80 765
153 809
85 952
41 411
1152 1173
351 1156
365 1323
164 552
783 1228
155 1370
297 711
284 683
580 1059
654 898
263 790
52 1428
275 758
948 1250
480 884
762 1309
376 1332
492 878
112 137
390 1428
371 430
459 1060
671 1116
588 885
19 547
461 567
243 471
1330 1382
307 318
717 1173
756 859
830 1363
313 575
702 956
197 950
660 669
186 1419
162 974
885 1008
699 960
360 488
378 554
389 923
92 1179
748 1353
762 928
350 675
297 891
805 1109
352 742
19 35
907 1269
517 1040
929 1324
1317 1337
1040 1119
599 1420
749 1403
796 1232
965 1064
1018 1283
746 1141
1230 1427
1 1229
658 1369
856 998
1097 1432
