949 952
58749
81633
6238
69450
26407
10061
86083
7593
76671
77251
20408
19411
89369
81961
8068
1305
13548
64509
80251
9341
5259
51822
37435
70847
15241
85740
84526
29878
35800
29007
36571
33319
97026
27146
86117
70420
19350
95983
22213
35651
72639
74618
88605
99290
348
52212
66589
83252
25823
34879
42395
21990
85379
5847
47985
58279
71789
22700
86422
55242
34116
55555
39863
92504
2089
62281
50507
97790
82872
13032
28983
72738
87754
10405
57155
28180
20796
80563
29556
80343
26484
75779
18664
67035
32974
63074
92190
75558
81007
29186
44102
79191
78249
3795
169
34599
26275
86786
7506
97872
57276
10304
34084
6003
79550
35743
2461
69117
45339
76984
38213
13765
17334
32957
53643
33576
93414
23476
95164
76684
81146
38697
99400
14064
55622
3007
74575
43691
68908
20183
29462
4360
62998
56379
18382
6044
62259
77969
11269
99347
63581
60445
24124
34679
22980
27024
57906
69188
79027
30765
1224
23893
541
89406
35869
3117
6355
66148
14895
81893
64510
51732
63626
7510
73832
15470
99760
12966
48171
72657
35448
45875
11768
20696
17617
44843
25232
34045
51245
14607
74222
44580
93883
93037
3628
22443
29410
65902
24523
14973
11784
9208
86738
47852
37152
53825
62478
95205
68795
58287
64384
25851
64803
25561
1820
58533
67898
19242
52031
14947
86616
75301
60001
15830
8093
60006
49769
65826
3841
23282
48443
327
8195
16159
148
23991
93914
5955
84108
23260
42521
70435
30310
13825
77133
16780
73985
48622
20066
29959
12755
77052
84981
83378
33943
77037
75077
46599
50498
26842
77833
87089
52077
56443
77593
50850
33564
58379
28061
37252
15170
37820
87222
72606
66643
83260
50469
80016
53796
73854
35845
86912
85812
17082
63746
49006
4381
8608
35616
31396
87876
46280
38448
34762
33691
1060
68433
99681
12052
71994
6507
34618
37913
99662
40054
51577
91221
12873
5930
69686
47925
35852
69563
44491
12726
26015
12474
20384
88492
66172
18362
4977
4166
61873
80728
57705
9829
7072
82789
82328
12413
15547
66705
41528
52630
93086
37951
61559
24197
94472
4337
91587
26168
73566
35123
57366
27077
80384
46950
43283
13738
69907
4853
14335
38726
92623
21429
13714
95300
99039
39813
15225
72493
71699
18946
8357
54040
81282
43413
10616
97811
85188
26089
91640
89644
99150
62692
53079
98984
43175
15235
67719
46736
80840
32891
89154
89337
28621
12852
43584
58542
49552
25960
62554
38652
50932
63649
73770
78476
2217
50876
36016
71002
67017
69516
11169
65575
85149
69814
58152
54217
36195
46902
48193
66222
49009
55709
71031
63665
11082
32175
55715
39790
95967
37673
13426
55378
73630
97273
82163
2788
81028
94124
83412
51272
14729
57409
26858
1609
87826
28751
78764
42156
69009
98579
93932
84350
63002
89671
77434
58616
65678
35329
15571
71755
45063
87428
62142
12570
37291
63954
83433
9949
34846
47939
32534
14944
87422
54793
31638
20557
21661
7698
70643
23127
11634
64551
49468
62428
46067
27179
21924
50902
89240
48625
95603
15405
91455
13708
76666
64750
32478
69637
69467
99585
90455
41844
91473
26395
96830
69448
73563
6225
48992
84707
61544
14360
26146
41872
2021
1985
32151
86469
42808
82400
60396
2344
23697
90434
38650
95681
8645
16850
94575
55735
29326
17716
82930
27461
42724
85434
64575
83766
31293
8769
49487
81844
51635
34125
3004
82094
86865
40306
49549
79240
16111
94977
134
29340
98891
73091
39714
53275
11186
92836
69147
68838
22184
94952
62211
30442
76578
89367
66929
64452
24979
72135
4873
91680
26338
32496
58482
30321
68782
69280
26575
46375
15214
69746
72791
84820
61220
67381
80597
13838
82345
62170
51537
62867
42724
29420
95013
22426
68101
10559
61306
24642
69234
76559
74156
13082
11798
3417
53271
44362
73662
28431
84362
25301
71610
76654
83055
27589
72856
3333
20893
27938
78634
49944
25577
45469
34009
14234
58514
38800
5819
6964
26588
31982
84314
67578
32695
50820
32070
72353
58474
46162
88349
25078
98460
73145
84418
30366
4011
28876
79016
97834
81634
91337
23822
30465
89933
63292
58619
87608
54194
11034
34645
26404
2790
93237
85514
51202
15054
82217
14459
13844
80828
75527
10575
80643
54060
90674
30329
8729
71184
51899
2526
40552
95902
2833
53041
39743
12150
78946
21048
21730
40344
62300
771
1914
26418
57718
66126
92654
44055
23094
27336
39187
42738
60648
33614
30548
72010
2426
79669
54874
20023
39389
83330
77264
18274
87785
26682
97467
33637
32466
7924
34259
17860
41630
49046
51497
85358
1089
99524
49088
25018
18984
96098
4109
98458
5373
36486
77540
12415
38223
94613
14468
72354
13886
84342
52674
64147
93576
71946
57834
75341
28881
77322
90659
31210
84921
23417
24167
19996
59279
39035
13340
34679
55826
80238
74133
1039
92278
72830
51779
25085
21512
90003
65508
61794
53713
55106
90347
69765
92782
88207
44954
82828
35873
48332
76500
56251
59433
93808
50625
98699
40957
97643
76571
40914
74084
54002
73742
1419
74249
1566
24417
51480
47611
62899
26718
13781
84186
60136
9931
25683
9262
67251
54655
62170
81571
89353
96214
88941
54528
33479
15035
22706
51728
90063
55329
75661
60987
89235
3297
39288
48332
84969
88678
23422
37721
20846
69853
66339
47555
66124
77776
60185
43110
45457
60794
98289
96355
3486
38003
75289
41841
83450
44083
8512
64054
88928
33329
400
90365
68956
69845
71539
20690
88068
33206
37808
94693
28885
25377
85876
88998
10250
75241
92238
40688
90048
37706
97762
6107
21106
11044
82532
74391
29355
77509
41929
50840
83156
60905
31965
75579
98401
29576
95908
76473
49090
74136
59849
3718
99771
27370
17516
56753
76047
4009
89826
29502
82459
41649
86880
86948
70347
92817
71986
29262
27127
63424
74952
9433
84049
56661
80768
17964
3390
79184
744
2246
14940
4482
49219
778
45258
56997
24187
65113
85854
79806
36430
71134
33425
7869
33832
18102
46987
8957
52477
73566
40910
32056
13942
2821
38101
32654
70481
6451
16157
78055
51884
63235
7556
7583
10968
66131
52860
94415
6675
89766
24497
19151
11206
37
74007
97947
3859
71285
24769
29503
71269
91519
27312
99019
99213
79621
16831
37081
32622
99776
2335
69246
88045
36866
92576
68408
14899
19354
81663
83355
21017
89034
80472
46720
96090
10047
50691
61490
22647
90104
48518
67621
86865
83323
78297
56900
64826
59069
16934
50014
40901
21530
34146
76802
18515
13731
99184
57557
20546
22691
29902
95405
8106
78611
89453
81684
46100
43325
60596
55709
66210
66214
78468
7501
1182
12391
99877
50224
49945
20679
4848
94296
94778
83983
40477
40336
1104
27763
45209
25139
21518
22202
59848
8016
61849
89288
8999
94697
95657
49139
79052
24356
66331
48679
31452
50391
22800
15242
76608
26257
99634
14594
50468
92012
48819
7860
92646
37583
26769
53677
74953
66010
5616
95709
88545
77895
38652
486
26520
6755
98416
22798
68789
56808
49862
68819
32558
28363
41234
84777
68556
63126
19460
94196
45161
25353
46413
87451
22348
50004
38203
5453
37415
70822
33927
13229
64230
95752
54217
15489
45696
52995
60100
77417
74174
96767
77249
96728
20542
38867
18040
11198
39020
66445
27275
44936
27370
51982
56818
96887
36013
2379
83131
6503
80894
81814
44960
18937
31892
26910
19474
63455
38100
20090
11
28406
70617
89215
97445
80175
26255
5002
17321
58922
19213
96892
44853
93908
61366
4479
12644
72065
35224
20381
30221
8452
78815
73330
83326
5858
70300
83586
6315
36756
4399
61408
64531
61051
44879
68102
16645
13427
93014
15915
53944
59565
7639
37392
55982
66356
90133
43245
93660
9254
53312
3399
97277
53176
91533
74861
74188
99120
25948
86347
51371
75309
28332
59005
54877
53042
27816
55850
70628
57655
48474
50184
11701
81154
90619
53932
57859
60922
5496
76091
93426
21862
44128
86470
61642
95766
99494
91085
4785
90459
95081
17703
18115
31068
80819
39367
45735
78652
52366
43881
22305
31707
4842
49060
23347
21745
33143
44278
59934
89746
61740
26724
65960
1921
66437
85795
66313
83059
29924
25146
68036
94862
71547
70226
72388
15848
82807
80131
93595
49006
43283
64238
70382
95140
39661
32930
54561
38453
92
36542
85586
15105
15953
42157
20687
59149
69408
99848
84310
68608
36937
24357
69349
31958
95622
3707
69392
67450
9930
60423
38974
94171
29734
85851
37455
17581
17491
47370
30872
45078
52917
84261
16328
55188
61775
90158
67175
91002
88247
21222
70122
68139
10891
32255
1833
71054
9533
98600
56700
78693
74180
38042
14071
25450
49217
5912
48890
14084
3262
95585
12264
19326
85883
43414
79899
54684
23483
18622
74327
90222
76880
59983
16061
13476
27598
56894
8765
68350
43860
40288
39131
20868
89122
20472
89125
60367
25775
72774
28773
82182
22260
18738
62875
79697
94058
4352
62019
76786
60679
22043
3023
12588
87550
2076
92991
80873
68849
28085
93259
57899
24778
18176
5737
65595
71133
63036
85792
75181
36376
71838
4182
82914
77938
47814
79365
12727
65347
57527
87289
23690
13724
56428
77753
34705
79914
41599
90530
94169
39227
30365
67473
30654
82521
33407
26400
31506
10984
5691
76314
53799
25889
49109
87218
64851
11035
640
16628
46331
96725
62237
8429
36429
97545
85804
57970
62455
88728
5740
398
87528
98256
31423
22010
93148
57367
52837
40227
43740
26258
12562
75636
4831
61898
61570
96624
90152
7941
629
5727
5311
17304
52973
78134
13296
71684
4626
85190
5972
58101
99304
30347
64189
41192
88752
52449
49830
63038
74174
7687
57676
753
30917
46068
98434
57775
12050
28897
72947
87498
51694
94175
95937
29304
72274
12088
44409
82148
96473
77834
80240
78013
61819
48962
30721
82476
81886
97159
78652
39742
60020
93223
3849
70086
16674
59186
55107
58276
79027
13266
73800
60773
24225
613
28209
8589
9196
4047
36782
63334
75437
17445
84891
51246
2040
93932
22290
14305
12161
89649
31715
36509
57979
84122
25621
83505
21632
49596
64460
17065
77307
50231
67415
9224
42454
3375
14211
46260
28299
93044
99471
239
46005
99598
77187
91928
37796
12968
11022
86468
71782
71233
29778
67352
70687
79559
57827
88477
50206
18023
70698
37055
18938
28477
28830
85093
69184
13557
80698
391
65575
14574
7244
31943
60967
22669
79349
87405
55320
10840
27946
57970
23472
84378
79702
69436
40037
23107
53085
83398
88727
34017
54327
21498
39792
11658
38511
49367
68640
10057
60026
27637
74972
71395
56793
4200
75414
42853
75602
3667
24467
12811
5857
7547
31258
74055
59467
30524
39467
19614
91093
44513
52532
90599
33276
62898
5378
57662
47582
42787
37454
69596
8018
56338
25138
17088
53298
82429
65341
4100
13987
80925
13042
83478
21003
38017
82876
74840
70160
85703
83269
36314
37272
68942
86324
81175
83752
56874
5990
66663
41312
80616
78537
70804
71767
20084
76793
79902
805
35490
20050
76436
59094
66341
3086
42657
4798
54535
59198
92205
80264
61487
5052
91389
6439
51999
16887
46674
58736
18439
30340
30873
48716
40115
55101
87214
4713
89734
56097
51128
6143
46062
89604
98
2452
28546
74370
81115
56080
78605
27841
41518
56253
87480
41755
53186
95197
86312
88113
72778
93944
87465
65250
10741
70427
99701
29184
70466
75846
2890
67973
92658
24182
71903
91028
12118
419
51156
48465
39477
40490
409
5155
18554
73770
76413
62261
73514
24521
66061
16438
74962
4082
69210
25986
58178
13847
43540
44353
66447
36155
67367
68799
61720
83517
99592
41838
43824
84203
54508
96515
26307
32593
92919
95243
72682
538
29595
13180
22796
26209
65829
77372
13103
21246
9375
12593
48614
94570
94113
85657
12374
72602
28600
40460
61051
88422
7027
22682
56448
39910
97873
37658
71186
31069
84935
65564
92701
18864
87776
54672
72569
8893
70365
65576
24745
64398
24181
21232
89580
43468
39946
14238
98638
79863
15304
51932
75428
60175
93531
22639
25532
2547
25126
25389
39348
80273
71356
74076
26410
45661
78688
96318
5454
6404
37217
64180
90126
21132
61544
57041
87326
52839
21508
55490
24506
30399
59303
41165
18959
68599
49297
63220
