9402
8142
922
6088
2872
9486
4430
3432
1962
4836
1284
6130
1598
8590
3722
704
3000
4314
3344
5852
6594
4518
3340
9520
9030
546
1538
1276
9968
3614
9462
7936
8030
700
1814
5194
9326
4984
6040
3918
4418
8742
5976
2212
1982
7956
8628
64
9860
3348
506
7890
6302
2372
4062
1020
7822
366
7648
4124
3990
2822
6224
6900
1168
5160
1110
8820
9962
9606
9796
7254
4308
4960
2736
4728
9528
5828
7032
2352
2758
504
9894
4322
4384
4610
4068
9264
2716
5632
4310
6352
130
3786
5294
2952
8548
3288
2044
4450
2706
668
4100
966
2872
3820
8328
9380
6560
5084
2148
2900
1542
9478
8052
7932
5440
514
9844
884
1450
4448
9538
4358
5260
2952
7518
5018
4762
9740
2096
6086
1190
3926
9208
8316
964
2646
6768
6708
7708
2398
580
6608
984
3938
8870
2754
7384
7300
6868
2204
3844
4244
2478
5682
3614
7872
6090
2104
2414
8720
7650
4822
5976
642
2780
7790
2644
9164
9638
5650
3960
4682
7476
8532
5668
840
1584
6208
4718
7940
9006
8968
52
300
4486
1492
9412
5020
5616
242
4780
7448
4630
6192
8260
5162
3240
5430
248
7574
3922
5222
7914
1760
2620
9606
872
7680
1028
2334
4920
2588
444
8630
824
1208
494
4468
3108
9728
940
2558
1518
7048
5386
7788
5028
3394
454
182
2536
5472
4932
8416
8734
6680
1986
4536
5630
5344
4488
4290
6428
4170
5012
1816
6214
7090
5512
5326
9130
1036
1558
7914
3210
6256
206
9130
9294
1704
1252
4156
6918
2690
7684
6938
9712
5634
9468
1438
70
6342
1560
8208
8320
220
3442
8782
8322
2112
4076
6700
1944
9568
8844
8328
6576
7022
3898
2432
4012
2206
2816
9754
8614
7488
8892
8912
8922
2138
7938
1956
3294
3142
5204
4128
3102
490
4704
1660
3656
5236
8116
5648
8772
4900
4984
3662
6688
3422
2998
1130
6912
2638
3602
6788
3492
5390
4694
5718
5574
3110
2238
3322
4010
9088
9116
7744
3908
2642
598
3222
1020
3558
7468
8404
686
7662
6330
3552
7904
3852
6964
3998
5666
370
2332
1392
644
2184
5284
8634
3542
5710
4842
2004
4622
6932
6096
9804
6542
912
4000
7142
4888
7086
9312
3068
7418
9874
354
5502
7106
3732
5874
6164
5100
5822
3978
2730
8032
9388
3242
7092
8362
4598
6276
1422
4692
3412
6348
730
9054
5834
7364
5756
8758
1344
7444
3758
3002
2300
8132
1220
1972
7300
4666
3132
3482
126
1228
3646
1430
4612
2528
6038
1514
4032
9170
1968
6844
2826
3882
2656
9752
8366
1278
4920
1500
9094
7666
6642
8982
1470
9306
7746
7782
6132
9134
6576
9888
7626
8064
7090
8840
9318
5314
1416
3554
6632
8602
7642
2472
9606
2508
2104
732
5410
3054
9462
236
2748
9262
5210
2216
7072
5016
6020
562
7812
9400
1278
1780
6676
2242
6250
1364
3042
7894
4068
9814
2698
5486
8708
3410
8240
3154
2302
6106
7954
9344
6
5540
4960
7228
9632
1984
8820
8132
5832
5996
1786
626
9082
6418
5822
6072
3294
1772
5202
1858
5680
8582
3566
9786
5306
5360
4932
6758
1018
1044
434
7974
8862
1154
4760
9182
1234
672
5764
4152
9202
3080
6534
6244
4324
8822
4986
7212
9484
3346
6710
2156
8636
2542
4770
3090
102
974
7404
4616
862
7374
2772
9220
8456
6202
4092
5728
9820
4368
4844
4418
4606
9680
1582
4922
518
5174
8338
4008
4064
3816
8534
2546
8838
4044
9194
3128
9528
594
3730
6394
5468
7922
3846
6224
6378
140
2460
5100
2290
6882
5250
8602
5130
1244
7340
1322
1436
7112
3642
2788
4580
4706
4522
6436
9736
2658
4298
2828
5440
796
1414
1028
4468
1004
1736
6168
7270
2286
1002
3064
5248
7548
1360
9178
6600
7582
9368
9698
9458
2052
6900
7960
2868
5046
5926
26
6154
7040
1412
1374
3190
5666
2754
300
5780
5680
2110
7496
8480
1110
7676
4740
1170
1884
5186
6084
6750
4296
846
4788
6102
8160
4084
6398
7934
764
3582
1194
2740
6938
4656
9368
1316
6592
9522
5854
5478
5842
9982
5714
2592
5020
6726
1184
5676
3400
5464
418
8572
7330
7772
7928
7294
9246
3408
9250
6202
1640
358
2672
1750
3410
9588
536
1458
6334
1070
1146
4732
6894
5636
6844
7486
5430
5278
7948
2046
9178
2468
2612
4110
1176
5726
1746
4118
7902
9602
4968
7108
5732
1326
9468
2296
2248
1474
2448
1562
6088
5670
8882
7874
9762
5926
1692
8998
2496
2754
9968
9524
1548
2742
1048
476
840
9886
4992
8498
4992
1618
8456
1166
8446
8794
5716
9814
8408
4874
8046
2766
7302
1614
4138
840
1554
4220
6894
5002
4718
5874
7342
4702
7920
5856
2506
1544
2810
8928
4634
5586
7604
4950
1702
9594
5350
8042
5620
4432
5240
3166
2726
5882
4210
2500
4944
1654
7260
9496
784
4014
9084
6998
2620
9756
5328
6406
5612
3292
638
5224
8544
9852
488
890
1568
6144
6264
8672
2482
3906
6664
1896
2114
5872
8946
8776
6044
8576
5030
8302
4580
8324
1726
7746
4928
3756
3542
5552
5466
7828
5630
516
4986
7870
4084
4998
868
1666
2436
9402
9466
5252
1742
3844
7476
2852
3538
4360
7208
7526
4834
5044
3264
4612
6320
1322
2852
6302
2314
8996
8124
668
6730
3836
2068
7518
9986
6928
5044
8020
1346
4628
4140
5884
618
1142
6428
2558
9282
6752
14
1882
6450
2028
8368
6346
4692
762
6668
9970
8414
7274
9896
5942
2064
5332
2598
2258
8370
5722
1674
9832
9924
4584
3198
638
2600
7152
8116
7816
5698
4090
8512
5406
6416
548
3810
1974
4456
7390
6822
1630
2510
6276
5228
7208
778
4280
1444
8398
3188
2286
6788
580
4304
8528
8098
3210
9006
1542
3952
1804
4384
3148
3072
186
7818
1294
6566
7536
8256
3150
7328
7556
6470
770
6672
8086
370
7484
5802
1050
2838
4600
9004
778
5272
1852
8442
6272
6990
2878
7918
9730
5308
6210
4578
9758
34
3898
9842
570
7634
2698
112
4402
5662
9394
8104
920
6630
4618
1408
1758
4722
4046
1440
6394
5366
5590
8932
9392
5998
1214
6588
1094
9310
9972
5002
5888
7980
5786
9166
7936
9920
8496
2716
1740
1042
8682
8216
1674
5472
3274
434
8300
718
4066
238
7844
9922
4256
5620
6330
72
5824
9500
6134
4394
9508
1452
5140
4860
8078
1618
536
1970
2962
9372
3064
3302
5998
5082
1672
9188
9228
1262
8958
9666
4406
2032
384
6904
1806
3250
2398
8376
1076
7160
2804
6646
3078
5378
4838
1634
5604
9976
9792
4200
2482
3652
9344
3428
2362
6194
4260
1664
7660
3530
7918
7348
1584
2304
3384
3808
8502
8512
6114
3146
6812
6318
1174
6608
6996
1244
3728
6688
3050
5022
4328
4530
9718
984
1708
8486
8054
3732
7544
3346
2354
5196
3200
5032
9400
120
9628
2648
9660
6064
8876
6862
64
4076
2164
9690
4502
2120
9226
9714
5592
6580
558
456
9946
6122
8160
8454
782
3514
672
7978
8284
6340
2774
9762
5472
8830
3802
5256
5284
5336
9786
6434
522
9584
670
2122
3816
2764
9096
4806
6852
2126
1422
1306
3092
8764
5612
1520
7078
6866
3568
1772
9800
6078
7322
4612
9176
9524
1992
2412
4018
5926
9726
7078
6626
2248
9724
3402
4896
3850
6586
88
8014
8366
9742
1798
4952
3216
4226
9918
6746
9386
9440
482
8168
406
4090
914
8558
3166
6430
7740
5322
8736
3396
4240
8654
7556
5422
7064
7492
6602
7536
5488
2880
548
5254
7528
692
3542
6688
8494
264
4214
3464
3344
2256
2340
4214
4796
6210
4982
4686
3734
4260
1798
6038
2868
5140
4766
7846
9066
2390
2704
3070
5190
1406
9312
5002
5210
3254
1254
2446
6786
3730
3556
1238
9496
8000
9330
6296
2014
9690
8558
8350
4218
5430
7500
5434
7534
4234
9164
5042
8720
2594
5784
3274
4928
5636
5964
570
2216
4900
9238
4394
5668
1346
1006
3648
968
1778
450
7270
3484
5982
5922
3026
8562
1332
6676
3034
9546
6892
4180
3712
518
8278
7256
9056
9228
8972
1032
3980
3548
216
9358
3114
8786
7858
4590
9396
3716
604
8112
774
6704
7526
6992
9080
4108
9834
2540
2322
9588
482
5858
8800
8312
8590
9920
4116
7990
1378
9960
7716
1246
6866
4376
6664
5088
1472
7926
8458
8388
8256
3010
20
8548
1440
9060
7058
8542
6672
2146
2670
2724
2902
6018
1566
3954
2166
5848
5146
8366
7934
2048
1638
1696
7126
4508
124
3272
878
964
4888
354
5510
1794
7958
2680
3496
4506
2636
5978
938
2482
5224
6512
8378
7778
2802
4250
3294
514
84
5270
5514
5540
4308
1270
6724
8780
7788
6642
1366
1960
6158
7098
946
3286
1600
8338
8044
3468
1456
4122
2888
8860
2478
2664
7212
5190
4070
4954
6302
5492
5878
1156
5018
1318
5692
962
1254
1036
7718
6644
2274
7004
6292
8030
5380
1164
5400
8868
7316
9426
6904
3430
7544
7702
2926
9784
8286
3984
8322
7784
1408
2
6496
9584
2674
594
4392
5458
9064
8598
2924
9306
7274
6902
4252
5034
3616
2436
2600
9418
7328
3168
2422
8000
4808
6796
7018
5964
9970
7172
8182
3100
8924
604
8042
8226
7798
4730
9058
9354
4116
6308
9376
2834
7410
2080
1320
3424
3536
4310
6538
5092
5784
8814
3644
4074
2798
8266
1052
7026
4294
1170
9242
2988
6956
3476
2648
3758
8736
7172
5580
8558
6258
2730
66
3598
5484
3748
9944
6704
3162
5546
3482
1750
234
7686
9458
5506
2780
6988
8406
9270
3018
6592
2772
924
3346
7920
3712
948
3970
2278
4472
9626
9978
9280
320
6994
9148
8340
5722
8358
2100
4256
672
1002
2586
3484
2402
9662
7804
614
3072
2428
5274
8768
3754
7452
5726
208
2858
8060
4478
5816
7692
5050
1610
7242
3322
5490
602
2074
9796
3340
7764
2808
1050
1634
1320
4024
714
5662
7380
9110
7264
2018
1706
862
4734
510
3246
5396
2358
4348
2314
114
2978
3156
1260
1522
8884
8946
8804
7092
8564
8568
2330
8968
8192
5312
7566
576
5840
1882
7666
3924
8728
70
4148
9252
742
1680
166
1880
2496
6218
4660
8144
9104
4656
508
7532
3758
2100
186
4152
5966
6468
6616
4332
1900
5082
7420
9704
6458
4038
2896
4456
1606
2910
648
66
1654
4246
4200
8054
8570
8492
4378
5526
3188
6036
7204
1330
2254
8680
1022
6868
1020
3304
9248
5338
8274
5220
9288
6916
5420
8108
4052
8542
3714
6848
4818
8058
6262
9554
3120
1128
676
4228
6856
3040
344
2658
4954
7746
1722
4670
466
752
476
2458
7820
7972
7454
1696
1158
2248
7740
1652
7756
2158
5176
2310
1230
1522
6518
3310
5198
2822
4728
6732
6212
5914
7066
1036
718
9840
578
8802
6278
822
8906
7976
3586
328
1852
2244
5564
8240
7874
834
7360
2308
8016
9692
7126
1562
2970
4908
9974
12
1068
2520
5992
5522
852
128
4186
4504
4966
5114
7502
2262
9782
9434
5146
3740
1854
6700
5756
4302
5950
2286
4150
4520
8718
3564
9048
6432
7936
200
1670
1594
2686
3434
5450
3896
1934
1118
428
6016
6904
3808
9138
7470
7408
6054
6880
4030
2010
1268
8466
1494
7888
4772
1870
4036
5346
6340
8012
1702
5784
5818
4748
3776
3802
2470
3426
1434
8406
7706
6900
1268
7318
172
678
4598
6036
6586
3228
6658
6172
7842
1218
9580
7720
492
9136
738
2574
6320
5698
3216
8214
3362
9364
4700
1514
3144
8778
8462
2570
1142
4320
5586
3112
7546
6090
3208
7498
342
9746
2
6982
8876
2410
956
2204
6180
922
3392
4508
7340
5180
716
384
3360
3242
9538
444
694
3198
8138
6670
5818
758
5512
872
1306
1018
3378
8268
8558
3326
650
3096
9760
4250
4606
266
2708
5570
3704
8678
1826
8548
3204
7914
5508
8020
7368
7078
2844
5530
3814
1870
5824
1026
9506
2406
982
6094
2044
5360
2584
5470
8906
1656
5912
872
9646
9492
5170
8458
5222
2910
1578
1028
2006
3524
7390
154
8216
6824
7484
8360
2730
7740
1472
6902
6314
7624
8370
5938
1806
1086
3200
3256
8256
6420
6702
3040
9868
3468
1058
5794
1476
6882
5902
5264
8982
8518
5726
4
2480
2494
6326
6188
2624
8606
1120
2474
3324
9710
3836
5398
4618
2456
5576
2264
1988
7124
580
9380
3968
3518
2020
1844
3166
4086
3660
9238
7188
1734
516
9806
6408
1046
4646
1048
3962
2646
4174
18
1660
2710
6672
5228
5042
8576
9686
3088
7778
5840
9192
910
8256
8054
9668
8872
3722
3454
1728
2152
9630
9096
6512
8964
206
6150
7580
4300
8312
8236
9010
4792
3392
1624
5184
7010
3152
6134
3492
3814
456
52
7828
6072
7132
84
8060
6034
284
8380
2694
8432
3420
2308
8838
2138
9662
4446
1764
8460
2498
616
8794
5844
4070
6954
9368
5948
3818
776
4270
7728
6666
9448
4686
9152
5804
4700
9940
12
2964
1334
4806
3326
1964
6138
5326
2806
7830
606
3094
94
2466
3538
6956
1726
5494
2036
9046
8052
5382
3800
3900
6702
738
7096
8366
3212
3648
1752
3434
3238
4072
3762
5582
780
5434
1230
4430
6256
1490
2420
2802
4998
9588
1568
1772
8732
8312
5850
4608
1280
6682
1148
850
556
3324
7508
6866
200
4786
8964
138
810
1250
546
7794
594
7974
374
5710
8700
8002
3778
5400
6796
7880
9300
8600
6228
6178
8700
6450
8736
8144
6378
9948
2452
942
4788
8832
804
8296
2572
5804
4144
2812
9692
9386
9162
5898
2140
9782
7064
3752
9220
6182
7032
932
7066
4578
8576
5454
9832
7524
6468
7588
1060
4262
3724
5024
158
7246
5398
2230
2518
5322
6176
4682
4628
6860
74
3622
4612
1954
4522
5164
2878
8460
8944
5422
9708
1940
98
4948
1630
352
2494
2930
3708
6910
2066
7622
84
1352
2088
3294
2896
7838
6890
3162
9386
3948
2280
2990
4324
3126
4738
1690
8234
3196
1142
8728
5796
2848
8048
4580
4272
9840
962
3866
3992
648
8128
1966
5882
418
14
5106
9496
3416
2328
4692
7658
6752
1928
1716
4016
172
4622
9948
502
7402
5948
6792
3738
3194
4854
8252
8358
7920
9834
8726
8968
8336
2296
8434
4068
3636
1168
1800
1622
8564
6222
3838
4508
9380
4658
7018
5092
9692
2986
4914
9214
4276
1176
2352
1714
2494
9592
7822
6606
3744
3102
8864
4630
104
5266
9844
8040
8486
170
5382
9346
3372
9402
8486
6370
8240
7588
7300
326
3432
8380
966
4106
7008
8004
1358
5214
572
7866
788
4450
9710
4664
3514
6806
1190
9392
5596
5542
7116
9338
7312
5814
6618
2856
7754
2260
464
9524
3152
6328
3050
4922
4120
6154
3130
9114
7224
1706
1364
2614
4950
9782
26
8508
4120
530
8864
7396
6844
622
2062
5174
6242
8466
7744
4914
3314
9328
4324
1620
5798
6388
5350
6538
7544
3352
8006
6274
1850
6906
5098
1640
2148
2534
4416
2142
4658
4350
8744
7080
266
2470
5198
1318
8500
9232
3528
910
7230
1354
2572
6146
9024
2628
6858
4710
4122
2596
5932
3068
9640
3704
4820
2406
2080
9882
4186
508
8302
9526
1154
2996
5614
5342
5674
8616
6412
8934
374
216
3332
7630
5408
7554
994
8612
786
8046
5628
2550
1270
7988
3414
8362
5286
5182
7328
4924
4068
8470
1094
3056
1446
9938
2146
1530
8214
7108
3902
3974
5088
6722
2352
7204
5616
730
6782
3002
7718
7520
5122
9882
8828
1432
4226
2912
3628
8730
7952
4364
1290
1108
6326
668
6066
9858
2404
9418
204
5114
4284
6184
8360
4898
8960
7772
190
930
8910
3142
3722
984
8158
7472
7344
7452
4326
7950
9276
4624
3410
3430
5362
3538
4492
8970
2344
5946
3800
6740
6732
8732
5200
9344
2118
2676
3304
8996
3610
6360
1616
4900
7170
5878
9874
4496
2142
414
5840
3998
2212
4532
9604
4988
4766
5364
7012
4916
3984
4542
4872
9996
6494
6280
360
2994
3324
2424
8360
7242
1376
2960
9928
8044
922
8854
2330
2952
2508
294
7942
8718
4514
1568
1890
40
6532
1614
9236
3550
768
3590
5042
9712
5276
4792
326
6306
9090
3464
3482
6220
5154
5940
7554
4846
9954
8878
9204
5002
8962
5812
1764
7926
2300
9968
4418
7914
7626
4950
1142
4346
4428
8434
2552
7242
9302
3046
4886
1920
5972
6458
4368
1164
1604
3504
9010
6734
9676
8692
9444
8266
7932
7526
2654
5690
2238
9590
3310
7906
9390
844
7092
9182
5018
7424
9282
8396
4170
1914
5282
3838
3800
796
4026
8564
5370
8312
9654
1314
9354
3752
3924
9788
3212
3872
6438
8478
1372
4380
2768
3226
7564
1678
3842
8962
5012
638
5604
2468
4046
540
8904
8456
9368
7712
3728
3984
5220
8814
9818
5578
1114
6146
892
7742
5194
9512
9996
70
344
9208
9042
5736
5038
7308
6782
1846
5834
7072
5506
3680
4542
4456
5868
7708
5006
7482
7810
5518
8784
6196
200
1476
4190
7890
7952
152
9402
694
9502
652
4418
3982
1842
8152
7408
6080
306
6064
3752
4
7692
8728
5568
1794
3812
9094
7588
4018
7060
2918
2058
9474
7116
8904
6246
4230
3882
7778
4044
716
7484
8046
4342
8732
1088
6764
5434
8652
6856
1372
538
2648
3556
5072
7186
3650
5400
9874
7610
8806
5370
7746
6648
6160
32
4254
4526
8812
8066
3264
3690
8494
3266
7256
2766
1666
1104
1896
8284
9938
4918
6828
5424
3224
9508
2418
178
6824
1362
2396
6984
5904
6758
9258
8228
9486
6818
2352
430
8024
5368
9728
5618
9386
9356
1616
954
7480
2216
4074
2372
1454
6700
4104
5104
5176
58
4862
6050
9698
536
9186
5584
9030
6230
660
1930
8448
7686
4940
8550
2118
9918
8114
1238
2154
6066
4810
1842
166
4736
6182
1338
10
6864
9720
7196
4188
1888
4386
314
5900
3728
8794
7560
4060
3870
4782
1492
2440
4084
5098
5164
8102
4116
730
5876
4674
3322
1502
7586
4042
9396
4364
1408
4634
906
6182
6734
4386
4312
8606
7736
598
4210
9530
6674
3918
1342
4014
3994
1644
758
816
8474
3160
5186
6242
640
4532
5070
9386
4240
8900
5794
2868
3764
2040
7864
3656
8850
7596
688
5010
4902
4268
6120
6534
2436
3716
5550
4596
6614
8502
9212
1750
3368
5014
7758
1530
1280
8424
1482
6368
518
292
5884
1506
9466
4576
4816
6072
4000
9754
7872
6386
6246
6178
7894
2626
8898
3692
3298
5384
7428
1294
6162
8766
2164
1572
9660
3034
2594
90
5838
4674
952
9562
134
1476
9622
9650
6300
2118
9152
1252
8284
106
7776
3086
6088
7962
3606
8478
24
9038
18
7040
8196
4146
1318
810
188
9044
8624
4498
4578
6260
4176
82
5626
8316
2090
5080
9432
2706
9534
5002
1976
9024
904
7698
7928
7788
9610
966
9622
360
6514
4978
6870
5080
7582
8164
758
1172
810
7088
4398
8648
654
4478
2798
8458
8816
4152
7464
6624
1428
4992
9558
7494
1850
28
6732
2154
8354
7890
3380
44
4510
2580
256
5486
6966
272
4840
846
3892
7320
8998
7084
3680
9846
8376
1446
3472
7118
5954
1296
8098
670
4082
6296
332
9806
3110
3580
5974
3092
9954
6694
9446
6218
9806
4106
890
1718
2170
7708
4894
3050
482
3286
296
4194
2732
8376
1400
8542
3782
2732
4010
5398
3060
4328
9890
7452
9122
4702
9258
8928
7772
7264
7038
6692
3560
3892
9888
8042
2162
5584
4532
5860
9286
5536
584
7828
8222
7340
4020
5260
1656
4592
1486
9614
1826
3670
9764
8920
1524
346
6422
3472
3120
426
5960
3180
4220
2414
5628
154
7044
7694
1694
3756
1118
4132
6088
68
4662
3038
5436
4936
570
4394
1502
6936
644
1834
2362
816
3486
7248
4236
8414
4902
440
8754
2238
3302
7324
7782
2070
8218
2304
1866
4140
2764
8616
8406
1088
7468
5430
9694
6772
1008
3124
528
1414
912
8962
5490
3620
8386
7444
2932
2292
6920
9042
3092
6190
8546
2272
8110
8018
9290
5602
9860
6176
7174
476
4042
3724
1618
518
4372
5242
7912
2130
9724
1178
3284
9228
974
6778
3408
2730
1258
2248
264
5962
7330
1068
122
1260
4354
4504
956
722
6782
9120
5858
8928
9722
1786
9726
9786
4950
496
9560
6660
2304
8262
2320
1346
542
7538
9772
936
9190
8886
898
2594
7882
1980
4334
9282
6456
4418
5280
1726
5930
2686
204
5180
5596
2216
4860
4132
4500
1266
3218
5108
1576
3994
9234
8520
7668
3676
9398
9372
2032
1190
7448
5218
1806
5808
1012
2702
320
4238
4998
4090
9056
2990
3448
5804
3700
338
6194
3588
898
8800
7850
7922
8252
7894
110
8260
1452
6118
8092
1572
650
9280
8052
9472
8484
1826
4982
2254
7482
358
1326
822
7132
8848
5610
5246
8194
8918
9276
6470
5486
2270
7558
9706
8592
5394
750
3234
1886
6612
1438
2688
8378
6574
7316
2236
2002
6536
4142
7676
8396
7444
7656
5200
2516
4546
7350
6340
4388
6454
6218
1174
8620
5706
1240
510
4926
3184
7654
1750
6910
2074
6354
1896
94
4826
1878
1450
472
8154
6354
1310
888
5876
2100
6128
8634
1806
5038
1178
1428
8572
9112
8982
5054
9836
3006
1640
970
9772
5754
2430
4240
354
2268
7434
1812
5950
1402
1364
468
9430
3628
6394
4612
3908
5244
6672
2880
8042
1680
6530
3960
6652
7932
4150
9602
1762
8034
1926
2274
4390
9206
1602
7094
4436
8484
2450
5902
746
8308
5626
2850
6268
186
5696
7274
8946
5104
5238
4530
9060
8372
6584
7506
1810
244
2666
9054
6054
5930
2986
8686
4982
1548
3424
6160
232
3414
2286
104
5556
9270
404
9910
296
8688
4824
2558
9616
1268
4306
102
2140
5344
6124
3754
8172
4684
990
4416
5222
4294
6416
5326
8318
1184
3080
2102
2054
3680
6502
5142
4996
938
4118
394
6068
8068
46
9670
8890
316
6336
5564
432
1834
2372
9468
262
7532
6258
5896
5852
3106
1340
6688
8170
9014
1910
3338
1612
7770
408
9156
2408
5242
1308
2306
9604
6362
8190
3412
294
1978
290
6706
6818
8680
1466
3770
436
2872
7162
376
7020
4916
9674
6706
12
3702
2014
738
5604
518
9228
3034
9440
4644
5502
7068
4072
6728
9742
2642
3800
4916
8154
5632
6548
2194
902
7260
2020
78
9304
4726
2488
2744
2204
6826
3388
650
2496
6212
7254
7982
1784
240
4500
2750
844
1660
5600
9584
5260
4838
2292
8550
416
4986
1954
7314
4500
9784
68
3536
7162
1624
2490
154
9636
3092
5950
5396
6170
5704
8640
1822
7546
5262
1438
144
5828
4908
384
4768
746
24
4688
6948
5554
1932
9044
2170
2850
7094
1036
1050
4628
6440
7794
7920
8682
610
1344
7906
5076
4810
3004
4574
4198
2086
7228
8906
3748
5502
4258
5410
4564
1402
7462
4742
916
7240
5534
5334
7712
2912
8098
4012
2458
2888
5254
9864
6908
9842
2248
642
6254
990
1388
9620
1156
8682
9422
8398
2168
9630
5334
2014
2938
1612
7988
3798
4424
8160
3566
9848
1284
266
8200
1476
262
7600
2910
8274
7836
3006
9110
6640
5276
4028
160
9942
730
7570
5212
2444
5136
7902
122
5086
8276
3508
8440
7014
5330
4026
4104
4704
934
2644
6226
2804
6740
9968
9194
9390
8750
8904
5292
2486
5294
8216
2778
7978
5124
4406
1568
7744
6616
780
5080
7962
2438
4070
4476
7390
6938
1132
4208
8700
1620
2946
2394
6780
6680
8124
3356
2780
1258
4578
5340
8558
9262
6334
348
9036
3860
8068
570
5978
3868
8508
6212
1806
888
646
8870
2686
5680
3646
3574
5864
1394
5250
6312
5156
6864
6456
688
3500
8060
4848
5980
4280
8058
2604
4624
3838
6780
1508
5130
4252
9708
4420
4824
4958
2762
7414
2058
5020
5856
4066
2978
3574
7756
6930
3622
5558
1852
378
1696
1918
5542
4122
6382
4028
1800
7402
7846
2306
5920
4932
7202
8054
5528
2990
1918
1934
6162
1756
1448
7734
4458
926
8714
86
3058
4904
5364
9046
288
7334
622
2862
4184
8932
1760
1438
4762
8956
4496
4650
5372
7988
5036
2590
5508
8186
7854
8410
4310
28
4668
1838
4222
1588
322
1926
4268
5512
8928
8280
6960
3892
1000
6494
402
3198
2996
9670
6296
1780
4356
3010
5660
3790
3404
48
8408
5014
822
576
1376
862
6678
8498
1788
9458
4970
1824
4920
9082
4180
8304
7994
164
2576
2146
6784
6500
9324
354
4424
4040
7786
9428
9098
1396
6890
9428
2350
7132
5094
9858
4926
8300
9624
8602
5876
8792
5708
670
1160
4296
8824
5012
1336
7978
9034
3848
6010
2524
4514
4444
6694
2378
4220
9356
7826
8218
1772
5928
4588
7856
3552
2304
4420
9296
950
5494
3290
844
2350
2324
1834
2288
7234
3890
844
9642
4072
706
8248
4364
3878
7908
2790
3054
4814
272
6828
5566
7056
8614
8354
1852
1954
5320
9194
8298
4358
1090
6886
8372
9172
8082
786
1398
4918
5900
2524
6294
7238
7626
146
6630
7192
2352
6862
738
358
746
106
2816
3016
9978
7746
1276
1814
4408
2922
7182
9844
7434
5648
2828
8428
5398
6222
3218
7926
3654
8842
1352
1202
4004
2294
3746
2320
3678
1256
8530
6260
834
6378
9440
700
3216
980
9154
6824
4998
3516
1260
3134
1480
3420
3326
8530
1560
3058
5224
4008
3590
6396
7998
7192
456
3716
6554
1572
5518
9650
2884
4516
4998
190
6846
3682
2282
1070
188
9006
938
384
2312
4004
1310
6556
7180
8606
1826
3010
4728
8206
390
5060
9054
4892
4774
8024
1418
9912
2466
9388
3348
5964
2588
8546
2010
8060
5486
6494
4692
3686
2274
372
2932
1936
8718
9500
7520
5870
8464
8428
9502
8802
9014
9742
5434
1218
1092
7878
3942
8502
6812
1014
3256
9500
8188
6118
1096
3230
4846
6556
4214
7486
3776
4382
4866
3380
3406
8844
1022
5712
9390
5028
478
4108
7614
8598
6606
196
3646
818
7278
1404
9664
2132
7614
7456
1856
216
9194
6944
6306
6724
1592
8264
6066
1068
8646
6128
584
1200
1820
8392
8800
9054
4810
7860
1300
2344
9730
2132
7426
4440
1152
2592
6874
6604
8904
8890
6832
3052
3812
7366
2824
6702
1562
6806
4004
3498
8610
3756
4234
6046
2596
6476
7104
9048
8814
4474
8468
6150
7714
5012
1564
4848
4696
4682
5224
8960
6708
446
5932
3412
1194
3136
7962
2688
3964
9714
9986
1008
1970
1344
5028
8030
6882
6442
6902
7078
8200
6080
3646
2626
6314
4554
5122
9654
8556
1932
9956
7134
6738
8304
6428
6964
5458
6336
2066
1820
9998
2944
7618
4932
2514
1752
7962
7082
2186
2698
1884
9522
9714
204
7010
3800
8236
5600
5974
7164
7260
9982
2814
8468
4896
2200
8714
8944
3182
1790
2434
9418
7130
9756
7088
836
5946
8568
9436
956
3156
7344
7364
4510
9194
2772
9626
6576
5412
1028
5304
9960
8494
8890
9048
8396
2152
6860
4402
7992
1926
4216
330
146
9766
8502
5784
8920
2534
6224
6374
8024
7030
2352
4366
7864
7426
4576
2888
2438
4118
6626
2664
8810
7312
7694
2272
9202
944
5876
8788
7688
7464
6048
7036
1286
1884
5026
2602
8312
3938
1566
6610
7066
9518
6182
8860
5332
3924
5064
5676
6086
980
5938
3724
872
1816
774
9496
2648
3418
9628
9174
2794
9594
6096
6364
744
1918
3264
8060
4410
4416
9362
2088
8264
6290
5360
1968
1524
8858
7398
7064
1086
1800
3434
5134
1662
5688
7986
9710
3628
6324
7446
2246
7892
8202
9594
4486
1998
5362
7994
8692
4672
7878
5350
6464
3086
8084
5320
3516
4236
4574
8420
9454
6930
4406
3706
4582
3076
254
6158
3972
1770
6710
3520
1440
9074
224
5380
5276
6864
4726
248
5496
4338
9708
1858
9106
7612
342
4750
8686
978
7798
9638
3562
6732
2090
9932
326
8828
9774
8432
4138
1758
5352
9570
5016
3744
2036
5874
4268
5680
836
3672
2676
886
3696
3598
9938
1118
7550
8268
5588
8216
1754
2462
4760
3780
6138
9158
8396
8658
1030
8278
5972
3614
4066
1158
1296
5434
9960
1168
240
4366
5844
972
9368
7738
870
852
2766
8914
1538
2832
3076
2398
4934
9106
7566
8624
4014
6052
7778
7472
6920
922
940
5318
5908
2984
3012
1976
5628
7010
7562
4504
4770
5244
1642
5168
5936
2492
546
2242
6772
5970
8934
6502
7466
6238
6752
6960
2062
854
8298
7654
6554
3508
5156
2142
9886
5536
8626
7202
2732
476
8106
5914
7748
8470
7402
3552
7384
1798
2774
7860
8898
8432
2258
9888
5932
5508
168
7444
3378
7990
5038
8212
9344
8158
7190
5158
1768
6352
6208
3706
8872
3834
4708
6164
8054
8636
3778
2768
3302
4070
8960
9932
7910
9072
1758
808
1536
3398
46
4002
3820
2854
2654
1262
2850
4838
2688
2674
6618
5548
6060
4000
5942
8662
9676
9972
916
1520
848
1086
4040
1864
1102
2774
2508
1516
8998
3796
6044
9544
2414
90
5896
9672
9882
5794
4956
3852
7916
9874
212
744
6710
2350
1364
5160
3968
3188
250
3718
6478
1044
8460
2832
5930
5002
9610
5792
5408
8778
4196
4402
7052
5848
2448
5870
6630
7254
9048
4930
8766
1624
1122
9022
6130
1354
1168
2818
4276
8344
4504
1668
4688
1280
4532
9416
5890
8220
1178
5892
9974
5000
536
3454
8794
6908
2802
2788
4890
6314
1074
6008
7774
3510
5290
1924
652
9588
8344
5712
5978
9230
7908
8080
4120
2878
1340
2368
2056
2852
9308
8094
394
284
9722
6002
9276
7502
760
168
964
9564
2848
9744
2148
8440
9016
4168
4644
1162
1880
2298
2488
8108
7368
416
6806
8238
9654
7706
3428
4384
7682
5598
7040
8012
5588
656
9918
6182
3184
3322
3100
6720
8268
6270
2654
2770
9724
104
4730
6732
9742
9320
6644
8508
458
6906
5716
9776
5060
9682
554
2804
7438
1332
4090
3972
4410
966
808
2290
850
4046
358
2896
5962
7626
9390
4118
3556
7354
3156
2000
2328
1568
9616
9452
1068
5178
7324
3570
6110
9542
1422
2638
5494
7372
6094
5484
1756
6972
2174
9342
1346
3778
4340
3506
5276
9312
7966
7468
9846
7170
7614
1974
6134
1782
6724
568
462
406
572
1752
3042
3122
6620
4260
2010
382
9538
3760
4766
9460
5910
426
5912
754
1408
1950
8344
5012
8484
4776
7816
8402
9700
1206
5828
7218
848
5410
5826
6844
542
58
2934
7428
3308
1436
9524
3594
9256
386
5704
5712
2072
7026
8900
1768
700
22
196
5070
1562
6240
6908
2708
8398
1702
112
5244
252
4844
9200
5866
4564
8142
7448
8134
5118
6834
2962
9020
7252
8404
7536
7478
7290
46
9966
1572
1010
2874
9016
8196
9306
8770
1938
2300
8000
2316
4036
5268
1438
2022
7612
2064
7060
520
5390
9116
1992
6346
8748
7942
146
4168
5458
5172
6724
6690
452
3940
4408
9776
7448
7726
1680
2638
6368
5958
4948
6592
5208
7576
5292
2632
6736
1634
6816
8570
38
2740
1110
3600
5314
9454
6974
9546
4566
4998
8106
3808
1294
2964
5312
5668
6404
9556
8304
2024
102
3194
6596
5790
2674
7382
7216
206
6040
884
1666
6160
1546
9676
2202
5350
326
6914
488
8340
8046
7946
9754
8508
698
6306
1592
5904
1996
9890
9642
9392
9044
6470
1346
7728
5032
4984
6120
9260
2400
4452
6138
3006
8370
5764
3566
6862
6880
6378
1700
7730
9190
1142
2746
1172
5166
3142
1790
8780
3880
322
5250
9778
5546
2826
9194
2552
5104
1794
7108
5312
1704
6192
9090
1366
4070
668
4936
606
7534
3602
7124
7994
6938
5622
3622
5752
6468
8082
7040
4346
3618
6176
4496
7570
6532
2176
3644
2546
206
7290
112
4124
4248
4228
9570
9862
9812
6796
9218
9130
230
6266
9046
7580
6346
6752
6636
1450
8976
3802
494
8752
2514
1312
2142
1664
762
1170
874
8532
9288
6896
3370
2832
7228
7330
3986
7860
3390
2084
6
3396
5432
1158
9536
3008
1096
5310
1100
1988
3556
8572
6462
1636
9190
3496
9432
5644
9920
3326
2328
8950
9460
2498
5044
376
7078
3302
1740
5402
8198
6204
8332
8514
4792
6778
496
7108
9808
3510
8042
3588
4662
8000
8066
5366
4936
4960
4480
2368
3180
4754
3050
400
4530
1632
4882
8016
3720
6296
9618
8464
8290
2396
384
1258
8912
3794
9392
3926
3740
2360
5032
6078
8422
8078
7476
9778
146
2076
4574
6128
5914
5238
1300
3714
8238
2124
1454
7420
9894
2016
8582
1270
2682
1688
7230
732
5474
5348
8304
4248
5304
7556
588
2378
5152
1380
1382
9792
5336
8206
6134
4952
1842
4236
5946
7188
4380
8866
7254
7514
3794
8432
8126
4452
4400
6256
1558
9138
5864
5120
944
966
2882
1748
4752
2280
3922
1568
6276
8992
2740
7236
9836
4266
4670
3828
1148
268
2002
8286
7216
3966
6370
8436
8084
1008
3868
4178
1116
570
6054
224
152
5270
1648
8062
3712
5352
6114
1990
6184
1746
5396
1410
120
8524
1674
9782
3204
2988
6636
788
6210
5234
2760
4886
6038
534
4568
9358
3534
908
8654
2592
2596
566
9622
6298
8640
8226
6286
482
9716
1842
8056
5418
2630
3164
4884
1052
2222
6298
4144
4756
5596
618
6304
4460
4894
9102
4004
7836
7734
6744
6664
7510
798
4440
4268
284
3300
6166
792
242
1350
4520
1496
6402
8626
4570
7344
6452
7064
346
6648
7324
614
6848
7214
6332
940
8838
2738
6314
5736
6038
7066
7682
3144
2658
7564
8986
5598
2644
7882
8448
4838
8460
9060
3378
2004
8700
4670
8784
2124
6004
8424
9686
5834
7722
6264
3240
3708
1314
726
4624
3734
7672
8884
408
724
3184
5260
166
9460
7010
202
3464
2410
7280
5464
8620
7310
9506
5488
5308
220
8840
5904
3142
2106
6942
1634
6838
622
3960
7540
5134
1170
3104
9826
9822
5236
3860
3008
6086
6234
1716
4594
2044
8610
6230
3204
1778
7058
8674
9266
4192
7210
4186
8592
4164
166
732
880
7152
8800
6976
1812
1114
7354
1592
6488
5352
634
2300
2302
6816
3890
3370
6710
7512
7148
9828
6524
9988
9768
1628
3662
1178
1412
8148
4894
5966
2200
9456
8032
2946
3032
9858
5272
9658
1660
914
4594
7138
4942
6664
306
5640
6796
6508
2134
1636
1238
4498
334
3116
6108
3108
8950
2646
3114
1284
226
6946
7270
7922
9786
9426
6258
834
2914
7158
9920
4888
9518
7406
7342
1732
4800
9128
2352
7934
3420
9804
5186
4578
9452
4194
4738
7476
7838
738
1006
7170
6870
3540
3678
4024
8042
1638
4580
932
1024
4592
7218
4510
9524
5660
9110
3264
324
4588
316
3604
3204
3402
376
5302
6236
2876
1368
172
7828
296
9558
3842
3692
5250
4620
1288
5604
2904
758
1098
4066
8946
5920
7166
466
3460
4866
5446
9928
7506
8382
9900
1454
2986
2494
4122
1250
572
9000
8780
7238
6116
1820
6782
3900
378
3704
1660
8354
8076
6584
6042
1190
1036
9882
8460
6570
9474
2588
9812
7428
7328
2224
7866
3156
1776
6792
6922
714
316
2414
424
9966
2996
5966
6600
7698
6080
4740
8146
2276
6502
3266
5274
822
1888
9498
3316
8492
2712
320
1662
6218
334
102
2542
9056
7974
8920
9058
7108
9028
3888
4748
5230
6874
6130
9750
6502
7256
6662
9980
3006
1696
8198
4210
3802
3826
5102
7890
9676
3786
406
558
3424
8604
5166
6044
6486
970
9986
7850
7960
8366
4390
4586
1868
6786
5088
8660
5958
1538
8506
5470
1642
5884
6674
8082
8198
5346
2492
7108
3026
6926
8922
6038
6310
6648
2906
7038
9754
8414
366
1648
9050
1252
5328
6118
324
2314
7062
5706
1580
3962
1100
4918
9758
6322
9074
4824
2538
8600
1758
5824
8402
6786
3866
4236
5640
9164
7716
6878
632
4494
66
2850
2186
4720
1872
4288
2362
9692
8550
1314
3480
2744
1036
8736
216
2424
668
2556
8288
6948
564
6838
9608
3402
104
5834
5282
9750
2722
7118
1560
7622
3734
914
3802
4326
9544
970
9834
8924
1688
1974
9424
2280
5950
1526
30
5778
8570
9670
2966
2634
2516
5074
5738
7292
7254
7004
3480
5980
5396
1098
9026
2768
9906
5866
762
6924
1046
5564
6914
594
2014
5058
3468
9116
882
1590
9230
6426
40
9902
9124
5036
4764
84
4098
9424
4724
842
2666
1188
3314
624
158
3130
8254
3022
3096
3876
3490
6066
7624
4278
1352
1454
6708
6430
8284
704
8704
7244
6632
8790
7898
4666
3066
8166
6024
2616
9514
2694
5880
7810
6228
6708
9862
3368
1698
8296
930
7218
542
6284
2990
5122
1428
3416
4048
744
1898
9960
6746
2098
5476
6602
9894
4526
2920
1070
2636
9268
2156
7868
6204
2538
7276
68
424
1558
5852
4540
5912
6420
9724
8464
1332
478
9390
5860
4752
2866
8376
116
1928
8858
7390
4062
8712
9354
6396
7762
5880
6086
8364
1302
8496
9134
1880
8752
1286
4106
5466
4682
8640
1430
1410
7594
4580
7272
8326
5170
9066
8782
3730
5500
524
8132
8524
790
7766
8326
5092
2242
4780
9656
696
6148
44
5086
3500
3878
7124
9010
9786
7564
5926
22
826
1766
790
1158
6500
6610
6156
4210
9238
7170
7654
5620
8578
5990
5570
5552
6186
9962
762
7354
3446
1360
5638
5386
4796
7988
6842
5814
8
6022
4116
2796
4106
9238
7876
874
6846
9544
5390
4172
9860
6708
8516
8146
1480
8404
4958
1998
4136
1934
7198
104
4834
7248
2224
7264
1804
5530
8862
6184
4628
652
1720
3322
6422
8244
1020
9866
4206
6692
8830
2716
2848
5630
5808
5202
6960
8308
3120
8226
4006
3176
4950
8068
7664
4846
8214
9570
418
5048
9068
5342
6962
8716
1788
2846
9112
3686
2420
1336
8604
8168
326
502
2652
2460
9530
192
5354
4520
2658
76
1772
4486
1204
2954
4754
6338
8410
2276
8180
7846
9658
8426
6338
4462
3014
6304
3628
2324
4202
9434
776
5538
8086
6328
7606
1744
3696
1850
9380
8298
9902
1732
78
2438
3784
7450
52
9128
5000
778
3116
4596
8856
6906
7362
1430
4458
3398
3980
8150
2528
7830
9898
8292
5052
9540
3052
9552
9144
1520
6932
1834
3692
9974
8800
8246
90
7576
5720
3754
1996
2702
4836
34
9590
8060
204
2118
2706
4790
8576
3018
6152
8810
6612
9168
4724
9126
2492
4094
2030
5846
5964
8498
5534
6578
4778
5884
6830
3114
5630
3712
7626
6998
1080
1090
5342
3928
9570
1414
5110
3032
6448
4030
7468
1684
864
9522
2666
8996
3694
3060
9278
9384
788
7012
1392
2320
3208
6384
8842
4910
830
1356
3662
4704
6132
9112
1718
8966
7838
9362
2262
9308
8294
6916
4378
5888
5810
7964
1164
7664
3220
822
7870
3772
696
8966
8296
7744
3648
9634
5128
3410
7270
5626
6356
3968
3448
7682
5834
4036
1646
3028
702
2396
7338
6130
5732
6074
9794
9554
8810
50
3818
2864
8414
4976
8374
3022
5202
2280
6054
7336
6640
8558
8508
4776
8756
330
6438
890
7276
862
5534
5748
7190
2198
5220
1042
3744
1092
1556
312
1604
6748
9196
6244
6530
4096
574
5306
3718
1918
1260
118
8498
7638
9384
7484
2512
4302
6480
1244
5208
1258
3884
6240
2752
6210
8972
3864
9900
6072
9078
4480
2472
2924
2814
4194
4574
7636
3334
5864
1666
3316
4566
9300
2004
5342
9640
5220
7922
6680
2702
1530
8644
8256
856
8154
7872
5914
3272
7668
6738
1962
5446
2486
6072
9418
8436
1468
9054
2696
8990
5244
40
4952
2318
3758
2032
4394
2174
5270
9074
9174
2452
4730
1588
7738
7234
5838
4022
3296
3924
8698
9008
7306
1966
2426
96
3562
3370
7346
2730
5956
2078
9642
1402
6162
2358
8682
2256
2544
4962
9200
1058
1666
2144
8094
3984
8572
5914
8218
3264
2492
9448
1448
3604
3160
2272
5120
2400
5288
2682
5556
1084
4690
4836
6236
5626
4076
7354
7422
978
3768
4472
9856
5946
7276
2782
6440
8172
2308
766
2014
5918
2046
6256
416
1162
30
7848
4662
3926
7856
7464
3194
7450
5998
8796
3166
5022
7512
9630
4284
1538
6166
4750
2180
8344
4210
9630
24
6900
9150
7306
8158
1318
6106
9698
8058
9910
6406
2158
2300
656
588
4952
2422
3492
9608
3594
5166
7262
5826
5540
214
1432
182
6918
7428
138
7402
638
7326
6584
3578
8168
1084
9458
4426
7224
8690
6196
5422
5206
44
7566
870
596
1216
9206
8622
1804
4526
4482
714
8600
4494
6680
3768
3854
3350
6500
1282
9156
2026
9504
890
7326
9046
1334
9294
9826
5328
7474
8614
9226
9268
3486
8076
6112
3758
6278
7396
1160
612
5192
3888
5192
3984
7096
5196
1214
3588
8078
330
8510
3922
1174
9540
1586
2764
24
2316
1438
5000
688
8470
1178
3500
6724
6884
9634
8934
3518
7036
352
7188
330
9106
3424
928
7550
5998
8748
4966
4750
7892
9144
4464
8298
1156
5072
1154
8014
4512
3468
506
9132
6138
6560
6706
5270
5350
9978
1346
5962
1450
3320
1344
9622
9420
5910
5718
9294
1872
9030
5744
2830
6740
5180
3084
290
358
9632
428
6018
5146
4142
5852
1400
6616
9098
1754
5540
1560
7870
5672
930
1466
1792
6922
4588
9588
8628
8984
1316
5294
696
3242
1190
6272
800
230
310
2672
2208
3100
5154
7938
3334
1836
9466
1088
5824
3050
4256
4038
3100
9278
1768
9348
6946
1702
8622
6866
9082
8920
6532
5600
478
6406
94
9506
8570
6388
888
5294
7712
6494
1468
84
8238
6554
5490
5050
3558
3798
6224
2570
3222
2368
7252
4692
8744
4702
6688
590
298
9658
2892
9516
2806
946
9284
5114
4886
4186
6294
6994
1586
6992
6174
9778
436
3454
2084
6478
9526
9692
7634
6784
256
3946
8126
3200
8096
6584
5870
1832
406
6470
9340
5722
2380
1908
98
236
402
1360
7404
2588
270
3682
2778
9668
4052
6492
4794
6844
6398
6826
9090
1484
1354
66
6482
9050
6580
7010
4556
8314
3782
8088
9084
4930
7810
8830
988
2540
2308
8818
904
2586
5696
5554
9118
9408
8448
4660
5820
4006
6416
150
8888
5406
6034
1846
1146
5976
234
7984
640
5700
2148
8116
9034
24
6850
4424
7838
9492
4012
954
8392
2076
1484
8648
9664
1994
3504
3226
9876
3420
374
68
1696
2542
6554
9002
2400
6742
4622
884
7842
1930
6388
3942
7664
3028
912
8032
1476
5894
6180
7714
6358
6112
396
1894
6566
1834
4150
2434
1168
1270
294
4038
4664
3482
3622
8232
9816
1236
9734
3664
9048
4106
6418
5634
9182
3736
7688
8974
5274
2560
2168
6296
2616
3388
1348
8104
1472
2264
9098
8276
8870
6978
9912
7506
2982
3358
6754
9176
9998
5446
9736
2910
4296
8524
296
4718
9572
7918
6778
178
6098
2464
7782
3176
2588
9228
5278
1158
4804
4386
5052
5898
4904
4890
3240
7674
5862
3000
1512
7182
3992
2304
1344
1186
3950
6704
8306
7630
1424
3230
7420
986
2780
2994
2828
6636
9514
5162
5302
3432
5330
3914
4522
278
6778
2608
5976
8222
5818
4402
6002
1984
7874
3408
5796
3954
2464
4050
4784
7786
3984
762
1672
1624
2548
3656
1704
3330
9350
850
4598
1026
4690
9652
8828
1492
3534
3520
9254
4406
8792
5000
2414
64
2858
4612
9260
744
7068
2264
5454
3736
30
6492
6562
1018
8722
748
9454
8372
7944
4720
3366
7016
6748
1926
3924
3948
3306
5100
3494
5818
4002
9524
8900
7790
7572
8720
5928
1918
6634
9792
3144
6574
450
7714
4036
2932
9368
7476
1626
3750
5198
8448
4808
2666
1944
4906
6470
9840
3098
4858
4462
5154
2034
6536
4764
1280
984
1558
1018
3460
3826
4660
7002
9510
2028
4248
3986
4152
1394
8674
1652
1280
2766
8386
380
6022
108
7672
5338
4258
6294
1430
8140
4
2854
7960
5462
3442
6990
4172
8994
1832
8722
6020
6860
4146
9194
8986
1602
284
4830
8916
8920
8898
5052
1400
988
9254
7938
8266
2940
6036
8850
1704
8464
7308
7148
6248
7344
6330
972
1544
9322
5788
2598
7262
7636
8658
4584
2042
2180
6356
1188
7326
8164
5804
9630
3954
2558
7882
6086
7498
6044
4392
316
5584
5404
7122
6772
6568
7496
6446
2364
2618
546
7008
7028
7128
7610
1820
1734
974
244
4834
4174
806
3684
8326
7924
9470
5710
296
5128
1656
4330
5496
2470
956
7838
1884
6438
4056
1974
9392
7566
4330
3222
448
2406
578
7778
3092
3712
4236
7180
706
5732
9780
6322
8894
7870
9270
4048
1494
5200
9782
4382
2600
4280
916
4202
2006
9076
4736
2890
6174
8062
2172
886
4468
3348
82
2596
4416
1114
2058
226
1542
6956
4058
7578
4474
6624
816
3304
2258
2724
4384
7116
6676
1988
7870
966
7832
7594
900
1678
1622
5568
9156
5198
4960
3772
2262
9172
8064
3318
3306
4304
7242
2756
4254
3552
4982
7430
8984
7540
2296
140
1512
1302
2158
3024
2490
5656
650
3452
882
4766
6564
1536
8112
8808
8596
2462
9146
7754
860
2428
4552
2960
7886
1372
5516
5642
680
7246
8022
1286
4700
1596
5242
7590
4800
4652
3120
5288
9300
502
5570
5196
9360
454
6554
8754
2434
4698
7576
3382
7300
4080
2730
9342
8786
1040
6238
666
5168
9276
1286
6684
8930
4616
970
9006
4032
8958
1084
1952
4242
9738
708
5624
7696
6588
1688
4836
4620
2990
290
806
6080
3908
8164
5536
8996
8540
1404
6468
3580
9282
5888
4442
5072
5480
3482
2586
6632
8440
6592
1748
2408
3080
4354
8552
9080
6204
4200
5974
2608
7338
8772
1876
3834
520
830
6440
620
2136
1202
3066
2082
7318
8642
7454
8316
6222
5118
8568
2452
5974
4218
1048
6998
8814
42
8016
7496
2726
6574
354
8364
7798
9078
6604
7388
6474
3744
4096
3602
5498
9632
8666
610
1738
8874
3662
8172
3600
4482
892
3718
1424
9322
9694
4684
4564
4328
3030
5214
7728
1864
9564
2024
9294
3736
9234
4044
44
7764
2338
8666
3246
4964
702
8844
4690
7646
6018
1236
6198
2256
9130
8206
92
3498
532
1280
106
8398
6672
8832
1450
1142
7946
3740
7008
4354
544
4844
1216
8708
440
5128
8020
8786
5924
6410
5034
1254
3840
1614
6378
866
5358
3672
718
7118
9110
4280
5394
6696
3976
8802
6096
2988
6472
9940
9050
9716
1144
1030
4572
7642
1740
8988
1386
9658
2144
5030
2548
6222
7436
50
4998
9812
3996
9770
7862
5894
3718
7640
3534
4916
5198
5354
2412
7540
6114
7400
8634
1102
3240
2020
5592
6490
9788
9784
1368
232
832
7690
6202
6118
7280
5126
9138
8008
964
2104
9014
7072
8986
9276
3056
8700
2308
184
6046
3672
6570
4066
7530
6590
3708
5210
32
5154
7386
154
9112
6874
7342
9614
3056
5032
4814
8208
4368
6854
5970
2188
6698
3024
492
370
9894
5292
8988
4954
3746
9068
8252
226
1156
5316
5618
3450
7684
7054
6930
4610
3996
4962
5648
7098
6374
6692
8254
5368
3176
7050
824
9562
4920
6178
3564
3532
1240
9032
1304
7104
7308
7676
4468
1480
1952
5510
2450
4942
4126
2874
5030
8362
7996
6402
5484
5090
5010
6000
2010
3410
1086
1444
5740
4136
9060
8910
6924
212
9836
8044
756
8376
9526
1216
7354
5318
196
9492
5542
2382
2982
2982
6644
1578
5348
414
2672
4590
4240
9628
8848
5712
5914
374
750
5756
3370
6882
8792
7736
2660
9040
7324
2918
5664
5978
4776
3172
3680
6522
2610
610
6748
1344
7374
7448
4294
7630
4222
990
5248
4520
3274
6272
2316
2528
440
6450
1568
4298
2880
524
7212
6430
538
9530
5584
6248
7216
8706
1542
1758
6508
7358
6598
8978
2576
8920
7064
6524
3518
7642
8988
8670
9792
7706
6654
5142
162
2872
4418
2560
8050
536
7178
6268
7050
9326
870
7756
1066
6290
4452
9858
1084
7644
4186
3278
8194
7158
670
6578
274
5294
5290
5118
9132
5304
6222
8936
80
658
1184
4204
3460
5424
3464
4002
354
698
2244
8098
248
7042
7880
2572
7792
6870
612
4058
7112
1616
338
652
6398
9686
3148
1312
5532
3858
4210
3550
5876
8720
1844
2372
6504
8588
3816
4046
6474
4388
3514
4024
2076
3386
1988
9352
2046
442
4966
8612
6596
6642
9544
6862
8870
1876
6046
2368
12
3930
7998
3304
1754
1392
3692
4842
9824
976
4668
7494
8700
2538
7992
4334
5254
934
9754
1912
870
2670
5800
54
1298
7812
9134
8700
230
4084
3334
1756
8328
5382
1456
2368
5460
2268
10
2754
1212
9852
6518
234
8492
6444
1232
9070
3184
4604
3900
8338
7872
224
9116
7878
8886
5046
3206
9710
4638
8652
6394
8092
2534
8234
8392
1854
932
7668
3974
1204
2252
3566
4404
9830
9680
5726
2946
1280
8192
6860
5580
1848
6818
844
5016
8410
5668
7152
780
6832
4810
7524
8504
2634
4550
810
9490
9372
8238
1140
8994
2104
4258
8142
1676
4114
8808
1212
1678
4374
884
5480
8406
4636
1512
3600
6674
7774
8606
9440
8766
3570
2258
1712
2336
4284
9032
2372
6684
7400
5024
8740
1914
5512
1188
9054
1628
3796
2396
8704
9496
8038
2774
8082
9852
9700
1430
9856
5702
9394
9346
2104
7974
2526
7942
470
9444
5726
9060
6060
5884
806
7664
8898
1128
3240
6262
138
5638
5370
2746
7158
2702
9158
1418
2112
2922
8084
9948
2418
174
4396
1394
5268
7748
8288
3358
422
1402
4524
5642
9500
6902
5358
334
8732
2656
6942
4936
5240
974
3522
6314
2596
2032
958
118
4986
5696
4026
7490
716
8828
9872
5138
2464
6054
7392
3518
7294
9778
5170
4784
8776
2258
7634
1094
840
7006
8784
174
5538
9710
4742
9164
7346
6080
6098
1764
1292
6484
3380
4548
7494
8064
9302
326
4666
7344
1132
8732
7544
2106
8808
7468
6248
7282
7810
7132
6266
264
3144
7922
7776
6046
7472
5240
8702
1104
9708
8142
312
8790
1778
2086
2492
5194
74
9442
4200
7764
3822
2756
74
2840
2616
8074
5538
642
8836
6528
5698
6316
784
1650
424
6592
4448
2114
902
6558
160
6052
8266
1572
5018
3192
7470
564
7668
9310
1452
8498
854
636
4732
5018
4576
6630
6252
8602
7952
3210
2422
9726
6306
3394
4826
3792
7226
2468
8306
9632
6048
1622
2560
2688
6004
9518
746
6260
9562
8576
6238
3478
1604
6228
1780
1642
7468
324
5542
8454
2820
6982
5264
9880
5958
9496
8874
5820
1048
7752
3692
4282
746
5788
7894
360
7388
4094
6672
5066
5604
3618
5720
1658
9612
6314
400
3800
6606
9460
7688
5666
810
1236
324
824
2176
862
3458
1956
62
4824
4222
1022
9708
188
6028
3248
8202
5282
7712
9190
998
7340
5352
7506
8738
5966
3974
1420
264
764
5798
6706
7176
656
4562
7938
1088
1048
2238
120
8720
4906
9974
9982
6670
7146
1386
6074
5318
1932
1788
1692
2664
5260
5748
4282
3046
8048
9272
6106
2554
5094
7670
8846
3914
3962
1004
1302
7934
9532
7592
7102
2684
3996
1258
1078
6632
438
5570
318
3814
6284
3492
5958
9226
5360
8704
3378
2086
9858
7466
3514
6516
3762
8852
2950
1566
1006
4958
7694
9022
4580
8504
7642
2884
7538
9328
5332
4950
4042
1780
8030
5160
4492
8564
258
7816
1976
4106
2346
1904
7360
568
9884
4966
2916
7824
622
5514
8682
84
1982
3082
5324
8688
8606
6090
6900
6532
120
1946
8862
1090
2364
4666
6410
2046
3514
5540
8298
8746
20
9598
678
3698
6854
9182
3480
9332
3722
9862
4796
4590
7922
648
5168
4466
6780
6112
6144
5446
6298
2338
8578
3530
3384
9646
8550
8
9302
1038
4516
9840
9510
4824
1752
5936
668
554
8986
8556
6538
5776
750
612
7502
172
8754
9826
6070
6488
8518
8468
3732
9084
3346
2554
7702
2394
2008
4862
9460
8656
8828
2452
2072
8026
9492
14
3888
2238
5646
9140
8106
7730
956
5366
9904
2582
654
7580
466
1002
974
7580
8908
7754
6864
6000
8162
3844
2560
6558
7614
8386
5182
8952
1976
2350
7582
2898
296
6348
176
5596
64
6468
6318
5690
1604
9538
2382
7812
3308
4256
3120
9316
6730
5970
8700
4354
1530
5262
9254
6838
3586
7770
2388
9438
4000
8482
7836
4840
4962
60
1054
3004
5476
9398
5042
8190
7448
2448
7990
2422
5292
2332
4574
7690
2022
8370
5244
8388
4828
3972
5360
6830
9862
7224
1426
5850
8170
8098
8470
6332
346
3324
2532
9610
6588
5192
9848
6422
6604
670
6890
1354
1464
9820
5412
4554
466
9820
1376
8594
9688
3982
4362
1378
4496
2768
870
2962
6760
1154
9054
9666
6114
3638
1768
4064
7356
2782
3824
9480
5714
516
4704
4150
8074
7410
5292
5270
3372
4384
7660
5834
304
8090
8324
7898
5928
4080
4064
7130
3604
3384
3142
4976
6744
3812
7808
5338
6998
3402
1962
3762
7894
4778
1874
1808
8662
6944
5408
3068
4512
7678
8432
7516
6328
4702
5828
9024
7910
7844
8706
804
7216
9516
7492
1686
8424
8862
6182
6478
1042
4974
2086
8658
5848
9248
6510
1730
710
9590
2556
6630
7390
9354
7574
2760
9820
8046
6904
8318
5752
7898
7910
9404
1694
9862
3092
4198
1600
9192
9954
2502
4500
6382
4452
460
2470
4758
724
3486
7212
9490
4208
9238
7998
4864
9944
8496
964
4882
9554
3196
3564
2544
6572
8276
234
9914
8608
756
5084
9112
4348
6750
808
1414
450
6250
9500
6834
5716
6350
7046
8598
6614
8294
5608
7822
5554
544
5548
5066
5782
1702
9016
858
8900
3616
3172
2988
6404
714
656
1842
1966
9626
1838
9652
84
2796
3382
8646
8604
8528
3272
6198
986
8786
7542
4086
5744
9176
8156
1742
5338
4620
6646
4680
5560
522
5962
250
6708
2360
4584
9160
7714
5656
4426
4130
6172
1210
6632
2450
7528
1858
8760
7036
4380
4668
6982
5184
7108
7782
4294
9978
3002
6102
7098
9666
2204
180
2678
1458
1674
2706
8598
5908
8840
4562
3876
2312
9650
3632
4038
9534
3320
8866
8164
5640
726
6212
7766
168
5546
9408
7622
2660
5630
6376
9218
8298
2736
3882
9056
7834
5070
5526
9738
3896
3638
3100
6132
8336
8660
3856
2568
852
5340
3570
8546
7052
6358
5794
6142
8186
1718
1984
4280
8308
3938
3244
8020
38
2318
2464
452
4722
7490
8922
2372
6652
7614
9662
7446
7494
6802
9338
4364
6040
172
184
5796
532
7884
1954
9634
334
5240
2712
5704
9264
6156
3910
7324
7816
2874
4700
6326
6106
8400
9146
5894
6032
3268
3068
2586
58
9190
9208
4082
1896
180
9528
6456
786
7890
3982
500
4082
7848
1618
5630
6316
4628
8666
966
3218
1864
6918
6442
2648
5456
1530
4644
8744
2014
8154
2386
1254
8558
4778
4136
5492
7358
5024
4208
6926
9304
2870
9512
8540
3064
7966
1236
6078
6062
3664
3804
9632
606
4230
2204
7642
342
4480
8100
7050
806
2852
780
2330
4806
8382
3830
8578
3414
7744
7328
362
3386
2332
5214
8308
354
6526
3372
9978
5388
8376
9554
1824
4048
934
8960
6946
2786
2664
3774
4800
1696
2878
8982
4582
5478
5354
5878
8298
4636
3684
9946
5840
1826
5084
6992
8372
6712
1470
2628
8598
4030
8236
4732
9000
1210
4166
1212
1610
4278
9352
2680
1968
1776
3412
7214
1620
8798
9652
8330
3234
464
8498
7038
2952
3930
2430
1798
9546
3854
6784
5830
5960
1184
3492
4284
6762
7976
6396
1150
6882
444
4910
4842
8658
1912
750
7372
3876
6486
4960
1688
6136
6568
2056
3940
494
6344
8182
4040
680
8328
3356
8584
2716
1280
5698
9452
7386
6646
3148
7872
5418
5084
