9402
3262
1674
3030
7484
6556
4528
3234
5504
9958
2236
1790
8974
1266
6422
7076
5022
7188
760
5908
2694
1134
7264
5058
2218
6882
196
6654
9952
1122
5014
1828
4548
8328
7974
388
5274
2470
7238
3042
776
3532
4898
3426
5184
9482
5140
40
5540
9658
4472
2762
4456
846
2326
4358
8938
9274
7118
9308
5146
9544
4616
6574
2050
6018
5106
316
6350
7208
126
7012
3072
4942
932
8594
6872
7364
8872
5596
9868
7558
164
7254
2542
5150
3790
2612
4282
6148
740
5260
1160
7816
2962
1682
4856
6936
7774
6380
1924
6832
4208
2144
5076
1784
8782
4558
3536
2966
3910
8328
9378
6776
3756
6426
7252
6892
7746
9666
4478
6544
3738
1742
3196
8498
9794
6544
8360
4640
7578
6858
8892
8664
9954
7070
7728
4316
4638
8566
1146
7814
5176
8410
5544
7894
4730
4780
2462
6060
9648
6934
1830
616
5210
8740
836
8354
3666
7810
1480
5244
7746
2776
3766
8942
1150
6546
5256
9426
9184
7544
6834
9416
7106
9586
1438
5170
6762
286
928
7344
3704
2228
7438
8516
3066
1664
4224
1156
7648
4606
4304
454
8630
1206
4392
3426
5080
3096
8064
396
3278
4668
9372
7320
5542
5044
4132
3972
6412
1234
2298
4092
5320
9042
2188
6842
92
9372
3276
7554
6534
7532
8288
3372
4422
4744
84
9104
7902
1578
2660
8222
6972
7012
4522
4488
6006
1150
4208
1848
1784
2736
5556
8462
306
8220
5738
5010
2662
9562
4498
388
6574
6460
7858
894
9314
2974
3838
4744
9854
808
9062
4714
3130
122
3974
2740
3770
2132
9602
642
1316
4946
7574
4322
5770
2858
4422
10
4186
9242
3052
6608
2090
7134
8376
7628
1100
3070
7682
2368
3186
1564
9842
4494
8432
724
3090
2240
9956
6214
7394
7756
7504
9342
5448
1854
8532
5522
2754
8528
4538
326
6136
9550
6630
6
5224
2564
3698
4256
3684
7168
3920
9204
5144
7126
822
8070
1006
7052
4358
2840
4482
9456
7482
7140
7828
7944
1554
2092
4066
3436
5192
7954
2854
470
9330
1278
1982
8372
9142
7598
7102
8514
7590
8076
228
5808
3040
8798
4242
8348
28
6388
9864
9950
9906
1602
3956
284
2712
5812
4558
3308
4760
3198
5154
9792
3558
9010
4584
5422
650
5670
3972
8122
2684
4966
7788
5854
1622
822
8508
8716
5516
9750
3428
2494
4798
4074
9198
8716
9710
1248
7192
6682
4136
3328
9840
9274
5674
9706
6276
9552
3330
3792
8578
5248
9018
7026
3976
6958
6842
4468
5054
9824
1746
5546
2038
1780
800
5390
9194
1274
8562
9016
4596
2638
5934
3822
2540
3024
7958
7680
1626
2654
1784
8092
4976
710
9854
2748
7790
9708
1152
8724
6356
160
3430
5354
4994
1934
8764
9612
8520
1540
9002
6270
4948
7892
7762
2490
3022
2072
7336
6416
7562
3390
114
7536
9010
1608
6382
3730
9772
7218
7170
3960
4824
3270
2324
7412
4720
3552
8146
9322
7788
9594
1544
7948
2370
366
566
4088
6216
9842
2680
1540
2282
2902
7044
6920
846
1056
2244
2660
7416
5486
4878
9248
5694
7452
9050
4256
3040
9738
68
5422
144
5312
8112
6954
2914
1382
7646
1256
1954
508
4606
522
5860
2752
5452
438
1098
9190
7550
6010
9284
3792
9170
8104
1158
3452
7692
9326
598
9000
7204
4122
9044
6612
8966
8486
1280
3724
9636
8644
2948
6210
5616
1226
516
2546
7834
884
408
4876
6038
406
8626
1500
9354
410
7914
5038
7012
8912
796
5192
6760
8470
2250
9756
5912
5180
990
4868
6202
6826
4384
7700
8660
7420
5222
7524
6132
7266
2976
3214
2324
9902
6172
1774
8246
1046
8990
1002
7714
8488
180
5352
1524
1562
4374
818
6360
4200
8152
6698
8624
3040
1804
9098
2988
4774
246
6084
5544
6032
7260
5146
6724
2124
2666
8600
1154
2322
5312
6174
5696
2346
2954
1354
7420
8346
7946
2912
3348
1594
54
6380
8386
1436
6210
70
6498
2326
8072
6830
2320
5276
7986
4610
1800
4330
9276
3270
5594
678
5038
4726
5112
7924
9656
84
4808
3054
8832
6200
4650
184
5574
8688
4246
7454
4932
7144
1090
7612
2280
2024
1728
1446
314
5646
1440
5732
4952
3130
3808
6254
9554
3158
9836
7378
6370
3426
3228
168
8988
6580
8702
9242
5076
5016
5808
2654
8456
8024
4762
7470
1024
2496
3818
5118
516
9526
842
8024
2080
9214
5054
802
7998
1158
3564
3582
7284
570
9828
8806
4108
4772
2264
4160
4172
7148
8886
5854
2728
1724
2476
2314
8742
218
2720
8686
2438
5054
4132
5306
4908
9940
6520
966
8498
8072
8650
5594
4108
2440
6622
8868
8424
1004
7440
608
3610
2396
892
7650
7090
7978
5438
638
708
4500
7916
6248
1066
3178
1128
9578
6440
4854
9866
3034
5996
2950
4900
1722
5042
260
7110
5032
5720
6638
1786
3444
1912
8578
9760
2142
3830
7714
2528
5926
3566
2936
6722
6652
5648
3354
4558
3250
3888
3264
9754
4084
8226
5796
4132
3982
2964
3908
3958
454
2724
8628
5724
5520
1866
662
5264
4552
6224
9266
3260
4762
3080
3430
1368
2514
2644
5668
8418
5552
3716
2660
6746
5312
2616
6740
1920
8516
7036
6852
4852
3792
9466
8086
1186
6926
9804
3920
5224
9188
920
8592
1786
7582
2630
5556
816
6044
5464
3776
8846
2986
8380
262
4540
8622
9858
2078
8508
250
4302
8750
256
8758
3548
9628
2894
1720
7386
2920
4568
3736
2934
7864
3536
8882
5026
3906
3878
9910
2670
1216
1426
1582
8646
490
4214
1880
9148
7722
8520
998
6028
8904
902
3406
3102
2900
5766
7458
762
7674
8038
4468
1384
8648
772
294
6436
4676
2914
3956
96
6050
4912
6768
8020
7464
9794
4552
1836
3050
840
5654
2988
3700
8410
9978
6206
5740
9260
2106
6214
8874
5062
9328
964
2318
3178
8602
4366
8930
4178
4972
8956
2180
5022
4480
7660
1870
5114
1912
7828
5824
8926
3844
7946
5972
5354
9410
6210
3792
2758
8906
752
9432
4838
4288
6112
5826
8928
1340
6876
834
9894
2778
5882
1340
1004
1658
3800
8070
3438
6902
3472
2336
1474
2648
7248
1586
2278
48
8786
3760
6446
9984
8060
3438
7414
5154
1626
4308
2690
8262
9956
9236
6300
9912
4068
564
1300
3480
8116
278
1240
6528
5210
9002
2420
2738
9952
2648
1594
8472
9672
3278
14
1856
2168
4788
6120
2446
3212
5810
8676
1192
9022
1970
1584
8022
7872
8192
5540
7058
3834
4766
6200
3272
546
6436
8130
9740
8524
6114
990
4872
5062
6334
6144
9914
4252
1150
7308
7590
5560
4618
3450
3702
7604
6470
602
3458
4280
7298
5008
5378
440
8864
4614
3410
2472
916
70
5110
7858
520
4024
9418
5546
3366
7600
7086
1576
3874
256
4812
7596
3798
1842
3288
9372
960
2564
1026
6624
8630
8118
9596
8130
6494
9214
8744
2054
6054
1438
2250
5978
7870
1166
2318
3034
4964
6878
8988
686
4804
8486
8764
6258
9914
3950
4760
3814
8798
5832
9112
9854
5682
1926
3204
8306
5586
302
2710
7118
3758
8592
7900
9718
9332
9708
6192
7540
9148
1974
5984
3054
896
8816
2004
6276
4030
2514
2870
9106
2498
4254
8466
6590
1726
234
4026
3662
1144
6024
6536
3576
3390
2616
3906
4410
832
2488
6920
1882
3224
1834
2056
7042
7392
1208
9938
8762
7486
7780
2582
6352
6754
8378
6800
3170
6050
8766
6158
1776
3706
4312
3122
1832
2326
7082
7534
6336
2542
4738
5656
6450
3394
8642
4798
9566
1138
1600
1806
1398
7946
8040
9280
7312
298
1774
9924
4014
5046
8436
6708
362
4220
2262
9572
4664
7572
5908
4564
4386
8634
2098
8942
6892
5190
8278
9844
2340
2800
9356
418
1440
2072
5700
7086
230
8742
3988
9430
8442
6076
2330
3176
8944
9530
8308
3058
5644
8212
8898
8132
7622
9082
3844
7926
8114
4036
1166
6970
6840
5968
7090
8496
3794
5264
7662
246
8688
7938
8716
816
3784
3806
1182
9914
9060
9850
2108
1434
2978
4446
7156
4288
9130
5422
5810
1594
1746
5118
6140
92
1922
2464
3730
4074
7208
4718
1666
1254
5212
9322
8278
2264
5006
9182
7086
1624
4626
790
2708
3198
3768
6192
2972
8528
784
4396
7702
3810
7682
238
7360
2116
6094
4718
5194
4130
678
3110
640
8338
5730
798
2292
3256
630
9234
3544
5756
7230
2032
1880
6420
5076
9182
2462
9160
8016
5202
6888
5430
2948
5458
7802
7230
2160
3782
7298
8426
1588
4604
1612
3770
7672
5306
9580
1600
4062
7832
6334
2120
7544
4516
3170
3828
3904
3682
3470
8418
712
8030
2978
9402
3794
6494
1698
9986
3296
3158
8100
2306
7004
7298
134
1632
9982
5690
370
5254
242
8524
7568
3348
9546
1756
4562
12
3524
1274
6268
3626
7130
4764
9768
9324
7442
6560
28
3294
8410
1180
3276
494
4578
9460
890
2644
3306
7746
9668
7560
1456
226
1118
5882
8874
6528
2226
808
1208
9362
4080
3842
4266
1532
1396
8336
4854
360
1808
3748
7356
9046
4432
8378
3484
9450
3516
6470
2698
178
6984
9306
2868
4240
8046
4958
5696
7176
2906
8712
4552
5880
1154
8060
4150
86
8250
4352
1424
3022
4380
7092
5826
164
8494
3430
334
7610
7698
4534
2362
2754
2568
3736
3938
8300
2620
2022
5228
1500
2344
1804
7170
6818
4186
9106
4452
9568
9778
3060
6148
4376
4826
1164
1776
6958
656
5644
4360
8556
7214
9316
9232
3482
4784
1740
7422
5438
8024
6932
8624
7914
4384
8408
8054
5744
4346
5314
6096
2448
7606
1788
1616
952
4934
4656
8838
926
8382
1434
7692
2772
498
9658
6068
4572
2538
5064
2354
336
8506
2984
8922
3870
9984
2860
9684
5764
7742
5672
5266
7892
266
9932
5570
9748
3230
9016
9228
9820
7574
3908
8974
3688
5648
4110
2300
6740
2054
9926
7490
4280
9262
9396
2946
7850
3918
7586
2906
8516
5998
8920
9890
2986
9602
2596
9156
8542
9952
2740
178
8144
6898
9084
4238
90
6552
7686
5348
656
1988
8414
7404
410
9818
6372
9110
1806
5142
2776
6794
1418
270
7978
8410
4744
2594
7838
5612
3592
1728
4356
5010
5048
5676
620
3238
8074
9364
7682
130
3418
4912
8008
906
5886
6022
9836
744
7842
1522
2064
7900
2996
3068
9776
1822
2282
608
2694
6156
9408
2422
140
9044
7288
460
2214
310
3186
8438
7436
9934
6158
3414
2058
2752
2408
5472
180
7520
6402
6152
1940
9428
1702
7600
7540
4122
2650
7378
1692
3812
6466
7372
9762
9800
7664
4192
7196
5012
7934
316
9868
4974
7222
5260
7590
6096
2678
8074
9454
2922
7552
966
8502
5260
8466
8968
2958
6190
8090
4992
1752
6560
7848
1584
7722
3672
2244
3508
6462
2358
3092
3528
2344
2980
6714
8674
6438
7948
8862
3814
870
4076
8252
3980
7888
1694
6008
2018
2306
3912
190
334
6208
4368
4668
9194
3836
6238
8420
7830
4630
8810
1430
548
2244
5158
390
574
8822
2154
6882
7284
2330
7266
3444
2588
5102
3790
940
1458
2470
9292
2920
9880
8976
4756
8160
7262
7058
140
2766
212
3940
1324
8456
4848
8938
3662
7346
1608
9428
1386
4758
9448
7098
6558
4184
7658
5874
5096
5626
1416
880
8292
828
380
7238
958
2702
5436
6720
4610
8910
7750
86
2692
5718
7410
4008
4590
8894
2534
3480
5156
6784
394
4378
9260
9406
5142
6598
2366
2556
4306
2938
6854
170
3966
6938
6202
4246
2388
2874
6916
2780
3396
5866
942
5026
7122
7282
4516
8166
6152
6390
5646
8032
4632
5538
9298
2334
5918
8376
2826
5424
7660
278
1980
5534
4548
1830
4210
7728
3674
7134
7782
7718
9764
1948
1678
4848
1342
6748
5808
2420
94
6554
276
104
196
7656
9658
4526
7958
8208
6346
9994
8010
5376
8538
9044
2304
9578
5892
7056
7802
3632
8506
274
5356
6100
1420
7688
4732
1114
5334
9676
4298
7178
5076
6030
974
2020
5094
7060
492
3334
2142
6606
706
8588
6158
796
2774
598
4352
3958
7108
5214
5422
5938
2958
4836
4390
2772
3426
2910
3416
3978
4186
9882
7910
3546
4692
6786
72
9552
230
5496
4956
204
9864
5382
3372
5746
9472
3608
1442
796
810
8696
6942
6380
6824
5580
8080
5914
6786
5376
2302
3308
1984
2966
8852
7766
3038
2248
3476
1436
2492
8460
5140
4262
202
8706
5666
2696
8544
6176
896
8868
8488
2298
358
1860
6180
7964
858
3994
7954
1876
8384
5410
6590
5864
9968
4528
6820
8634
8768
1262
3556
5494
3736
8468
3308
4284
414
8990
1890
1604
7964
6312
640
2310
8616
8398
4832
5512
698
2834
7670
3894
2728
308
5278
622
6186
3746
3418
8828
4748
4312
1258
5450
6798
6794
1354
148
2888
9536
6604
4464
8944
4696
9222
2482
4698
9160
4820
5514
8668
6824
3430
6138
7746
6038
7608
4832
1280
636
1476
2904
9012
8324
4122
8672
2264
5546
6816
6750
9432
8940
234
8118
4396
8086
896
3488
8822
5118
7804
5138
7626
4556
4032
4132
8410
3616
2110
742
7368
772
2224
518
4352
7966
7124
6532
4988
4108
9296
6048
9728
4724
9354
9138
4782
476
3914
5670
7738
6354
1532
6180
3194
7196
476
1912
5058
7104
2026
5870
5496
958
6338
9880
6236
1114
9526
2242
2406
3834
2912
7856
372
9652
12
1430
9570
9088
4156
270
4190
600
4778
9576
4734
3830
1684
6814
1292
938
3026
1868
7634
4416
6422
7916
4166
6310
8846
1576
2148
8666
7608
580
6270
2074
5828
7110
6688
5864
8208
4028
9690
3550
6704
9692
3852
364
8922
5218
6762
1312
8546
5230
5176
6106
8494
9934
1794
1818
1186
2656
8926
3418
4134
4072
3566
920
982
280
5948
8052
4154
6902
3004
6568
726
848
3092
7218
7520
5852
4894
8668
9452
8246
1748
1578
1768
4750
5398
5746
3486
2556
8250
1596
492
68
6018
1062
1798
7306
1752
9572
3900
6586
5612
7530
6830
7966
9274
9438
1084
820
4160
7004
5282
4182
4052
7056
7024
522
4208
8648
6996
5114
7862
7294
2928
3038
5532
7128
4748
8654
2788
330
4370
3704
2010
8568
9344
2306
3086
7488
86
6908
4600
4548
8446
4464
652
8350
8088
1642
2604
8884
9106
5082
7104
2124
664
4008
4702
7234
1762
1962
5630
8032
3916
8642
1752
7064
6658
4776
7924
126
6730
2944
6362
3836
1336
6046
1436
2772
150
5562
6020
1820
2160
3936
4292
6612
2906
4500
1854
9092
6854
1928
5850
7928
6404
2306
9702
6240
1268
5874
7096
6012
7742
2540
1148
5046
2918
1336
7022
4042
7748
7718
5000
1284
1314
1468
4560
7056
6630
8746
2552
4588
3764
7680
882
9442
7316
258
2514
3056
2586
854
8234
2708
6940
9408
9042
8188
1246
4172
6060
944
1568
9798
422
4696
4542
5666
406
2772
1446
9124
6866
1696
7662
6470
8874
5178
1330
380
2246
5326
4638
6336
9998
5868
2544
6830
1140
4504
4668
1758
42
6358
8718
2264
2984
6708
8084
2988
8828
3474
9822
3260
2026
8958
6118
176
3824
748
7992
2760
3460
8038
7166
9136
6062
8432
5042
272
6472
9394
1122
6330
4266
5362
6912
4620
2222
9084
9984
712
7184
6894
5508
1784
718
1684
5162
2320
9288
6102
9076
8046
6910
996
9958
8078
244
2534
564
9536
9480
5952
8874
1804
600
1334
5436
5058
6984
4142
3208
9890
3536
9834
8696
6872
8362
4058
9560
2868
4736
2092
6658
3316
5804
1354
7690
300
7910
3066
8834
8148
4594
970
1482
8870
918
3752
3020
5028
4850
9328
3718
4638
202
3708
9932
324
6894
252
2582
2394
8380
4374
8166
1322
4882
7216
2716
4366
5992
3868
1586
4896
836
1742
9882
7150
2580
4810
7076
8340
9876
5088
5252
7348
2630
6466
7602
3234
9510
794
9848
24
816
3194
6936
8564
132
8946
8510
3170
3676
7920
1016
3694
4046
7204
5444
7456
4044
6532
5516
7576
5310
4996
2860
5152
1934
9330
1372
6884
1918
8732
7266
2732
2716
3778
3932
2802
1158
6316
7290
7546
450
8286
5240
252
7920
8746
4186
7810
2154
3406
2190
8456
9808
7902
2192
9268
4466
8280
7270
1838
6904
2020
4212
2044
6708
256
4274
1960
1610
8912
2920
6516
6230
4142
1338
702
336
1236
8832
4434
3262
102
6930
846
4302
9298
2300
2386
3764
1368
9656
1384
7738
2158
1650
5344
5510
8426
8416
7634
7068
9562
1868
3674
6288
8072
1282
7540
4768
1916
3100
10
5402
7764
7346
6846
8666
2674
1044
12
9618
1056
5972
4418
912
7300
6818
1476
7960
9092
4938
2516
9708
3068
1594
5210
6826
9654
7996
3368
5480
2068
6326
7876
7536
5992
194
4274
2244
8314
7420
3708
5826
4664
4466
7068
7484
7870
9834
3410
2618
3792
3414
7144
3112
3726
8972
3186
4056
1198
4272
8420
2416
6862
5902
8630
5662
3056
1714
7502
4104
7682
4440
5510
2210
4768
2256
8104
1352
8356
6494
1268
7252
268
674
1366
40
8230
5698
4914
4468
5010
4696
4210
3102
3748
244
4300
7934
5226
8032
4608
4892
284
6436
8152
7944
5918
4608
7532
926
8396
82
4802
3350
808
5384
4928
744
4156
5418
758
3230
2756
3254
7348
7678
7422
9472
4526
6678
8604
7944
6766
6978
7420
3728
4858
6502
408
5864
9410
1080
1240
934
3654
6256
4934
9336
9354
8822
1216
3120
2420
764
9300
6352
8600
1692
9608
1128
5098
3362
7662
2398
6686
4196
9724
7304
2468
8902
8432
2440
1934
5164
8590
9646
8848
3408
5114
2892
1714
6086
3130
8750
8676
1296
3912
8422
278
6588
794
7860
2612
3516
3274
7750
7976
9618
4536
1190
6628
12
6288
6104
7374
7526
9548
5446
1208
3516
8188
234
9264
7982
6506
368
2650
7476
5434
7616
4042
328
6696
8162
2946
9680
2520
1494
7466
5606
1680
5202
1392
3368
6376
6926
9944
5924
8350
8094
2014
6576
9430
1964
1642
3496
1840
6640
4390
176
4972
6544
6782
3898
8268
8464
8980
3752
1256
4664
6112
8256
3972
3214
2376
8774
8200
8752
8154
8764
9926
9516
8186
2750
7516
8202
9588
9718
1874
6342
5010
6466
5074
8126
9508
2606
7988
4884
5024
6406
7480
6926
8622
9824
188
7998
8604
5554
8518
4916
2008
5882
508
2518
8262
3792
6036
7184
6706
7502
942
2752
6032
9434
5316
1506
902
1668
2310
8394
7964
472
8190
976
8152
9290
8066
8148
6200
6584
976
4690
6032
2888
242
5630
1500
2502
7662
7836
4416
2868
7682
4864
4102
3506
1444
602
8418
1562
7484
3066
8530
5586
4694
6332
1786
9168
4140
5644
354
2400
9696
9974
3492
794
330
8108
4338
576
2390
7868
3288
8224
2886
6358
8930
8192
3968
4882
4560
1498
1392
5092
3972
8798
1708
8140
208
340
2414
1358
3190
1234
5518
4994
3606
6262
3954
2256
134
9446
5574
6714
4778
4032
4108
6102
880
4706
3406
9302
1798
7388
8888
6288
8980
5642
5916
9204
3068
8602
6402
5172
3322
4472
1652
4032
8222
6994
4004
6620
2286
848
8504
8702
4832
6142
500
4452
6852
8848
2932
1164
9952
2770
4066
7732
7768
3030
5842
9028
4262
9516
9618
4862
1018
6588
3178
7850
8706
8366
928
7702
8352
7168
4858
762
5518
3916
5932
952
9630
374
6286
4678
630
4340
9148
1874
158
4000
3942
4464
8506
1890
7830
9428
9760
9700
8424
1352
1932
2948
2848
2554
2860
780
3478
9118
4112
7768
1192
4602
3592
9082
594
8458
6666
3624
4720
9274
7312
3466
8974
3790
4266
3570
5454
4246
302
3784
1332
14
1918
4042
5554
882
8616
9704
6962
8872
7214
7928
1352
9732
636
9978
2668
4692
1404
9906
9488
4924
5458
3718
5762
6898
984
8364
5790
2558
9882
3378
4018
1922
7978
9744
346
5270
912
988
6172
4606
4796
1802
2304
8026
1736
1552
2120
3352
9718
3438
8186
6494
8740
2894
1756
5150
5362
4622
2870
5298
4238
2556
2112
4888
6386
7136
3838
9330
478
9058
7452
1478
2152
2748
408
5592
5570
2140
5254
6050
4020
2894
7544
7780
6902
7546
2440
5250
7858
3242
4772
6126
5220
8878
9792
8030
9306
350
1866
2626
4436
7830
9614
8440
5958
1528
396
4832
3096
3812
6346
5942
6390
5978
2598
5312
4722
28
1264
1484
9600
8660
3188
8106
7676
3876
8504
462
8578
5258
2704
2162
2512
1258
7960
208
7292
2876
4642
5034
6546
652
5406
6480
4130
8620
1388
9746
8656
4060
7334
5620
1140
8832
1296
4902
4146
7168
8790
458
684
3764
680
1994
6562
4144
3188
210
464
6254
9814
8888
5684
9692
5336
5088
2140
112
5204
258
1574
8948
6232
2174
1160
8142
58
8404
4100
1406
2206
7706
9602
6818
2830
8104
7896
9380
6226
3710
7926
2874
3042
404
596
7136
8906
7780
48
3838
1844
5838
6842
5586
8690
5658
7160
6208
6458
5640
1956
2980
8598
42
3078
8966
3010
1246
8752
1134
1724
4924
8932
7490
3762
3776
7376
2106
4758
5100
9662
7442
9332
9190
1146
5164
8820
8460
4414
6456
4174
7226
3718
2448
6076
3536
3648
7280
4080
3754
9390
6092
2332
4778
7010
8556
1466
1088
2266
4684
2246
8608
8508
7876
5940
9020
1774
8990
5822
446
7442
8126
7280
6220
3850
5696
4266
1964
9410
8382
7788
4140
538
3442
6414
4590
5978
438
634
6672
8540
344
9300
3848
9380
9382
984
1556
696
9042
8948
5150
2764
8394
9738
1184
2990
5228
470
2000
970
200
9974
8732
424
5484
3900
1144
1424
476
4352
7946
4146
2320
1832
370
7414
538
4662
1992
6346
5392
4234
7524
9126
4190
4492
856
964
1846
8216
5674
1810
68
7210
1152
5406
4926
4874
5856
5454
548
1696
4540
6826
9748
8296
9036
3784
6966
9462
3710
8096
7454
5084
5958
6636
8424
6274
9134
2640
8316
1818
5272
9362
3970
788
9386
9234
6350
7634
356
336
4764
6280
5506
3938
3998
2062
8098
3416
9192
6640
3308
2736
2036
356
400
8686
7972
7714
1526
654
6734
7362
1404
796
8514
830
3960
6328
9810
790
4592
9782
9664
7404
7264
1580
2840
964
3574
7776
8932
7716
2514
6554
4656
92
9864
8496
9206
5624
5204
2198
1090
6728
8120
6448
6202
7148
3868
8296
4002
8550
3774
7634
9376
3170
238
2696
1718
2954
9606
6078
8276
9650
7060
7078
4682
8472
4506
2964
3460
5402
9294
8990
1860
1492
2524
8378
4494
2382
8278
3990
602
712
6098
196
1652
3468
7948
8138
6080
2580
3474
9898
9024
9454
1216
8430
4594
8926
480
1572
5386
2726
388
8330
4224
2034
1968
7882
8500
3230
2122
8630
8182
9922
7194
3124
9520
6130
4028
384
7356
592
9972
294
9228
1070
6678
3992
6744
6672
7032
1542
6878
9492
1786
728
8730
2898
7006
220
4880
8064
9860
1574
9148
1896
3986
8740
4788
2084
5232
4074
4772
7330
8012
5586
2324
6974
8794
2348
5272
7224
2380
5388
2030
8528
434
5360
1696
8804
9722
418
7224
9242
2426
52
7918
4634
9316
5078
5312
6448
4210
5430
8108
8652
9384
3110
2168
6606
2840
1486
7762
8456
3380
8720
5360
7636
9260
4444
3732
1086
486
2602
3088
6318
5836
9656
2676
5610
1742
186
9566
1450
802
3990
8762
1910
8572
3796
1274
1818
7960
3834
3856
1630
1954
8760
2652
9726
6958
3644
5374
428
4636
5050
916
6496
9964
7246
1264
924
1446
9520
964
5054
3920
8864
1216
3538
8902
1004
7522
1530
5260
7028
9096
4156
7734
5314
7240
7006
7722
8996
7760
4308
9276
2876
540
6594
5862
6236
6088
6824
7436
9882
7262
926
9048
2416
5890
7506
6118
4154
6548
5036
5532
7350
1650
9980
5542
9058
3358
7290
4676
4324
9990
3700
1790
5288
5150
5456
798
7276
2010
1740
5494
7114
984
2100
1266
3728
9696
6856
5678
2234
1708
3406
9328
3194
202
976
4256
2192
4600
2810
7912
3376
6158
7488
8718
6504
9464
3422
5668
924
1134
6864
2892
220
8342
3472
7164
176
1384
7464
1984
5642
4980
7116
7340
3922
4794
2698
2286
5110
7432
2618
756
9240
5020
6188
366
7936
8598
6162
9810
674
7556
1422
5896
7454
1446
9896
3840
8922
7270
7768
4156
9146
3608
3676
6852
5338
3542
6862
800
5734
2464
3536
7762
4226
3272
1370
2340
608
7470
3924
9946
1092
3642
4578
4430
2954
9990
2448
1096
5386
2326
4756
4622
9680
9788
338
1698
9692
6552
752
5300
4124
7176
1372
1098
5096
3892
4444
8898
5046
250
9498
5190
6254
388
8862
8690
3884
3592
8368
2428
8006
7286
4514
6452
9364
7096
5288
8306
7976
3504
3314
4124
6222
3552
218
6706
1918
742
1788
886
8744
9174
9586
4344
6406
3548
6486
1622
1272
8804
1358
4644
2358
4364
1912
2172
7340
3986
7790
1324
8608
7004
1436
8448
858
9032
7648
3542
8
744
36
2836
882
9266
3356
5004
1616
932
2348
4378
2786
3906
8212
2624
8180
9340
3594
9106
2320
3500
9104
8062
3706
7694
6082
4500
8196
7816
1408
4278
3346
3662
2764
7246
3792
3900
4522
4076
9372
5518
7668
8820
7100
5086
4858
1538
5242
192
5114
762
3552
7286
3180
2896
5720
4848
4248
8324
3070
7132
1586
2734
4238
7760
3264
510
7984
2396
1164
6642
1110
7204
1578
5596
3864
9104
2442
8024
9728
1680
914
4616
3648
3462
5476
9106
484
2386
9276
4496
6660
1132
6442
1098
5802
8436
434
282
2294
750
4798
9368
5604
6762
9332
7448
70
2392
8746
3728
7688
1772
1046
2774
3646
8212
9026
1438
4918
5292
1662
5462
4640
1956
7346
9430
770
6880
5620
3010
8930
9504
5882
1884
6306
5902
8698
5388
828
2898
1926
4796
3710
9722
3264
6446
3776
5310
6084
7912
9996
5342
4122
978
8378
8376
1976
1234
696
6788
7180
9838
7632
5102
1422
7136
8114
488
6942
6966
7458
3390
8512
2658
8644
3818
9542
2224
4594
2206
7642
1884
546
6038
3778
1472
9330
9196
7588
7644
7940
8926
9432
8412
7428
364
6350
636
7478
576
5560
4544
9126
9968
4406
806
7508
2028
9202
4732
5654
6728
5930
1912
3598
8174
8308
4488
1734
3272
8938
936
2726
5612
8682
992
8428
2644
6864
7288
3090
984
3874
9250
6100
3314
5070
7748
7044
5230
222
7420
1994
2000
5042
9576
1428
3386
2234
4648
8988
5470
8156
9548
6378
9224
5904
6320
9606
5656
8782
7554
3458
7806
6052
8700
460
9224
1632
4262
188
7806
3912
7574
3126
1948
1918
2502
8094
9714
8286
216
1650
2388
9056
8974
7906
1362
7984
6498
416
9012
9854
5896
4680
4214
5642
7882
4908
6814
2006
2578
7804
7778
4634
1010
82
696
528
1756
3164
3252
5326
7382
1332
482
1312
1048
6962
6334
1250
7382
6046
1516
2088
4028
6820
1708
7918
3902
1370
5560
7994
7808
1192
48
6710
7900
4838
9996
362
6962
7742
4446
856
6776
2346
664
7112
8082
5644
6866
8486
5586
4486
1922
5946
334
2830
2596
9824
3568
2406
8442
5592
3880
9284
5504
7778
6714
5570
702
3114
2282
8152
2960
3898
2684
4472
4964
8220
2914
86
2186
4936
9838
9290
3018
5814
5130
1602
3434
5096
3022
5508
7010
4560
2742
5604
8048
6524
8932
7936
1106
204
876
9894
5694
6540
1228
6366
9146
2438
3966
3102
5142
9786
4194
8664
3652
3734
240
1492
5130
4186
4684
1034
3280
422
8644
8160
6230
6656
4144
5978
5036
6300
4610
3990
8914
9342
4278
888
1774
1500
6886
704
1404
7030
7028
7696
1896
8638
248
3786
9622
4420
3334
6356
8438
8554
4590
7784
3390
474
4050
7748
8088
3092
468
490
1320
1874
126
9700
6742
5412
2528
20
5878
9416
3858
4378
232
634
8776
8460
5718
5030
1404
9270
8588
1878
8404
2588
3994
1082
1010
6304
4808
2270
9482
8232
1234
8916
10
9694
6196
538
3514
1942
2812
2300
3662
7330
9564
6020
9474
5008
1010
4278
8028
7420
1558
4774
9800
4352
1006
5688
4884
4348
672
692
4146
4304
7386
1576
8086
2454
2462
5408
5350
3146
5002
6752
408
4670
5966
8338
4218
2542
4880
1472
6270
9176
7982
5104
5246
4674
3376
9830
8928
3330
4188
5288
340
4112
1562
3950
5768
5128
8590
1570
5882
4602
8224
4984
5354
7550
974
9998
1214
4150
3180
1260
2970
1594
4084
96
5080
768
8172
426
1118
3368
556
8966
2834
5582
2640
8284
5870
7422
9310
1382
4174
7326
9828
9060
5858
9580
1040
8950
158
5156
2088
6782
7776
286
696
5252
8970
5550
3120
2882
7018
5726
9706
9840
7286
5344
1322
5896
3792
8304
5192
8114
7104
3108
4824
2992
7100
2316
5492
1262
2664
5742
2252
1140
636
358
9082
7070
4978
7068
7916
2818
6122
4632
7230
9810
3190
8402
2268
9458
1270
8636
5064
9438
3392
8602
5538
8078
4572
9036
6364
4524
6662
100
1316
3980
6104
6514
4760
9790
5728
5082
736
5936
5306
7574
1964
2990
3422
5210
8628
256
8916
6958
1738
552
8442
5944
9648
1334
4066
5692
3990
1426
8204
8782
3508
2124
9580
7476
9020
1658
7122
3102
9084
3442
5926
1068
5754
2026
1316
6482
5058
6812
3902
1056
1300
6406
6974
1630
7576
7618
6698
1048
884
558
730
5644
6266
3562
2104
7544
86
5318
3310
1408
226
5300
2326
4896
8418
104
2792
9914
1744
2454
5930
4098
826
8492
4232
2660
1122
2568
3950
8162
5470
2826
1246
8850
3852
8986
4000
8592
2810
7782
3502
9960
6268
7286
6754
150
8356
6674
6700
7520
4996
6576
6762
482
2272
2546
2874
2288
5538
474
956
6402
9818
4424
8112
5744
8478
4504
902
7046
4710
2514
8178
9166
3782
4076
7606
2954
2558
806
7942
740
2814
5550
8498
4572
1956
7472
5160
7060
8782
2704
6094
6480
8980
2814
2124
3116
4614
2168
514
3558
2306
6114
2364
8406
4334
8702
8632
4136
7766
5440
1938
3978
1468
8890
1454
9312
2090
8320
7780
3014
2206
1036
9084
5544
2120
608
4012
3522
9844
7006
5096
1526
7376
9136
774
4550
8464
62
3782
6232
2282
7166
1012
1132
2134
360
8868
9364
8456
9108
7070
7232
5860
6458
8618
7718
4900
2722
4604
9264
118
2598
1362
6448
2384
7640
746
6934
5022
8700
6288
3208
5762
2450
1584
738
8316
78
6536
8464
3010
9970
1616
8340
1812
9566
7736
1202
5884
8078
5754
6796
6838
6624
4624
9764
8720
1376
7380
8402
8766
3268
5724
198
992
6314
1200
8102
4402
316
1980
678
2868
2722
7762
7344
3888
9358
2108
9416
6742
6502
9386
4404
8430
1496
8010
9296
9526
1542
9748
6658
328
1896
2434
7248
120
1032
9084
8138
1646
7474
8368
8630
3700
9756
5602
4984
7370
7244
7298
7154
3460
3348
4906
3614
3740
840
2066
7192
8566
2934
1960
1548
4868
2598
1122
6090
2548
3334
3636
3048
9256
1320
5150
3490
9732
9334
4666
5652
4006
4906
8190
2762
5614
5492
2070
3638
1648
6274
354
1876
3172
2840
9010
2968
3792
1740
7268
6400
54
9930
1996
532
1330
8972
7612
2138
5752
5484
6726
740
6032
6148
3838
6204
8924
3896
8828
640
8800
8160
4406
8692
9934
3574
9058
7526
8
5102
8992
3836
4578
7250
9024
4266
1916
1606
6252
1722
2074
4130
2966
7200
9858
6840
530
5696
9296
2318
9504
4770
2532
5746
4596
814
9310
2322
6826
1558
6806
7558
9222
8750
5612
2486
7696
2688
3820
1096
9822
6670
3008
5208
7212
2316
6362
3272
4302
1830
2750
1790
3512
3996
1176
6608
554
1686
54
7794
2506
2220
5366
2528
2906
2698
1238
2838
5782
2936
3030
4830
2384
4130
8234
3904
6960
2088
3502
2874
5312
4596
7754
8416
8172
2680
4442
9718
4684
6908
2502
7252
6250
5700
9740
8642
322
6196
3060
3338
9426
7116
146
2154
2310
6120
8
5776
2108
2564
2764
4736
5408
5302
2868
9480
4534
3496
6766
5906
7198
8306
1920
8514
3692
6716
6202
3340
7968
9756
2622
706
5914
8486
2752
5824
5692
2204
1016
1994
5840
880
4566
7724
4014
2978
9068
8750
7454
6230
5442
4154
154
5606
2142
1832
3584
9434
7338
772
3938
286
5916
9376
7276
190
5350
8218
2394
6342
3020
6696
3232
794
242
5714
8518
1726
5758
210
4278
1108
9840
8178
4668
9328
3352
5540
8062
2400
1084
1938
5440
712
172
1710
3370
3376
8728
1000
8814
2306
6814
2054
3976
6890
656
5760
4978
1170
1212
7114
4500
8560
8408
1200
134
4082
7664
5942
1830
1262
8656
5906
4248
8730
6124
5944
264
2918
4706
6664
7152
992
8326
7054
9428
7996
7968
2914
2804
6986
7724
138
5984
7594
6
3788
9748
1676
3142
1976
8954
736
766
8910
878
1988
3746
3006
4300
4766
9176
1202
1968
8164
692
9694
5930
9436
1332
7808
7594
36
980
1924
4212
7628
7554
4662
7992
7908
5732
2580
8188
4144
9098
5106
1510
3150
5738
8662
9170
414
6052
7768
1100
2148
2700
476
8366
3668
6798
1082
7914
726
5420
238
6410
6584
1224
4970
7892
2046
1266
6098
9472
6390
4390
6744
6434
4840
7450
7436
2678
7966
1684
8654
8204
2232
912
6468
4994
5020
8264
7258
486
9312
3102
768
7952
52
8362
9640
72
2186
7394
140
2222
8900
1326
2404
4562
2418
2250
248
3744
9554
5292
2530
1950
5950
2838
4208
4334
4696
1254
8028
1450
4874
172
3756
5588
8390
172
7682
2396
8762
876
6224
744
1534
1376
452
6778
8140
2676
4958
432
5854
2746
8168
226
5712
1130
9944
7196
7898
3712
6592
1376
4792
7802
1040
1486
7692
6142
7102
1582
9646
6938
796
8934
374
4412
4366
448
962
1018
8494
7962
6410
4846
6944
8886
8628
9602
2064
834
414
1970
2428
9338
7408
168
3284
8838
4004
456
1580
2748
4022
8438
5770
9094
6292
8730
8902
866
1978
1794
8260
6350
7270
7474
6480
438
5258
3932
5554
3324
3898
656
512
1434
4560
744
4738
1626
3878
9166
6504
6312
9994
8266
5568
8980
3630
436
3144
5666
938
8422
5696
5466
5250
2528
3622
9432
830
1166
1888
2906
2288
9366
6034
7904
7690
9914
606
4982
2226
9890
8636
7474
2052
820
7506
642
5654
7400
8066
4674
302
448
3912
5246
1160
2166
1642
2426
2150
3488
2456
762
4094
9770
5936
162
4394
7764
6224
2008
1016
3248
7014
278
2846
210
2434
5826
984
264
1860
2788
3456
4020
6330
1166
4860
1164
1336
6158
7498
9984
4334
8526
5510
8540
6898
4696
7654
1032
1084
9572
9610
1484
2234
5774
6532
4832
2234
8828
3266
8534
5142
5888
9970
7404
7498
5364
9438
2554
4144
384
5308
6486
1036
1204
8140
2648
2014
5234
2568
8080
1514
2926
5482
1606
9888
2364
4552
9190
3646
5356
3134
8508
8456
3262
3906
6390
1548
2224
628
9776
1300
4080
5118
7418
5958
9348
2926
2868
9672
8928
5060
1722
4384
8062
5950
3422
9466
332
7430
9288
3238
1016
5238
3018
5282
1184
430
7278
5330
1720
7834
7730
1442
7936
4772
2586
9994
7374
278
5870
7586
8444
368
5914
1830
6218
6818
5362
2700
6454
9992
9724
5562
1054
6768
6290
9336
8616
9794
6584
1704
4172
314
9836
2398
2738
9256
2066
4636
2338
6196
1998
5730
5358
344
9378
1356
4706
6130
3430
8722
2974
960
3756
9506
4466
6276
9988
270
232
7544
9460
7596
9776
3870
2498
8876
9894
3182
3634
5146
9738
9008
6738
3260
7718
9948
8684
1790
9826
6986
2466
8768
8410
6998
2764
7230
6086
2656
5450
6008
9386
8676
5850
9856
9730
3626
4560
9656
414
8316
5802
6638
5224
2494
8038
1408
5350
9240
9052
7068
4672
9362
40
8334
9528
7734
4492
4598
4866
1152
2390
1694
7248
2166
2750
628
1994
4998
9712
4020
1874
3918
7866
1266
286
8602
7948
3110
6604
2410
5632
8774
5162
216
962
2978
5034
8380
7672
9626
5038
5516
2556
7972
3340
1308
2080
9116
3346
9686
9568
4268
1578
1610
6790
6322
2904
8792
6050
1606
4892
7468
5994
4682
2856
7836
2076
8810
5154
5724
2652
6584
518
8294
638
536
2538
4422
1432
5608
9748
7094
1236
6080
9068
4584
660
5788
6124
4342
5816
4730
3238
4914
6902
8842
1888
6398
6312
3436
7970
5930
2404
9372
2472
2580
5308
1176
1088
3526
5736
1396
5936
340
9336
5580
4882
5464
9198
4930
3294
4254
9924
4872
7460
1314
6866
2346
9682
860
7872
2152
4722
3490
8060
9994
5378
2370
5958
1522
1924
3252
1642
8820
4112
7586
4034
5400
2742
4342
5814
2752
3388
3928
9814
7690
5108
8476
5296
458
4648
9980
8822
7988
6010
4776
6742
2574
9664
4064
6516
4004
8980
9818
8420
2670
1496
9244
4116
6410
8978
8310
9510
6566
9516
6068
7798
3288
8208
1292
4566
2130
7326
1548
7190
6546
2464
7786
6904
3764
3694
9274
7492
3908
9326
1480
7480
3718
1344
400
6960
6132
3066
8678
9232
8578
1072
664
2906
7546
2598
8848
3192
850
5792
442
8866
5488
7362
6904
9190
9896
7842
9456
1928
4004
5180
5914
926
6230
6108
1690
150
164
9396
3968
8774
9770
4966
414
848
7282
8504
324
5350
2744
8290
7672
4586
9072
5310
4870
4584
5660
8596
2850
8918
5304
5004
8204
710
5180
6356
6158
446
7886
1496
4438
8940
1108
3714
4108
4814
5154
946
9144
310
6806
4012
450
252
5224
5640
2990
8086
2530
3174
1526
1702
5712
710
6588
4570
4336
9198
112
5334
8038
2746
7694
7952
8174
6512
9716
1162
9810
8264
8444
6224
2616
2486
8154
600
8764
5172
7806
9504
6564
2156
1884
3258
1702
170
4402
6570
220
2030
8860
9846
1098
7814
4318
4012
7114
8966
7524
1978
8590
1390
464
6448
7578
5208
4032
6190
740
4086
5588
5788
6380
3696
5032
6080
7082
6438
2906
1464
4352
9652
2232
1840
7230
3258
1314
4968
5794
7746
3794
1802
9466
4452
4876
5316
7226
6008
5754
3748
9382
3460
7018
3068
5440
4986
172
3394
4154
4800
8436
2898
8762
1986
8334
4794
3174
30
3226
3720
9666
3312
7830
8480
8488
6484
286
3856
872
6208
8580
3282
5598
1524
2714
2510
6384
1036
9724
8782
8812
9818
1680
4080
9762
6046
1130
1236
2330
8094
1938
5214
1908
1884
7978
4076
4762
5302
966
4646
5356
3942
106
5338
1948
5100
958
6408
6508
8924
7396
8018
5364
7012
4208
7938
5152
7304
6094
2936
608
7026
8722
6322
6610
3108
1914
1526
6748
1214
3802
6138
4994
4132
5068
6444
40
9830
2620
7398
6502
6486
7494
9668
1882
1856
8512
3054
948
6780
8376
7194
7070
2252
3328
3744
8526
6562
2130
1350
2432
6458
5492
8290
508
5668
6046
7672
8652
714
7358
8520
4270
2006
5566
1324
1490
4462
7958
8652
9876
5012
2938
6324
1626
874
754
4590
9236
116
2790
6888
5492
3522
9316
6712
3834
6462
3994
7224
4516
582
4994
6728
6414
7930
3428
6380
2958
8808
6612
3944
618
6398
8278
8408
688
1782
2666
5300
7038
5192
1440
8774
1168
3654
5322
3406
1382
2406
8258
9916
2748
7420
1974
7328
4444
8142
8048
5856
5586
1334
9384
5010
3284
6540
2686
6880
1572
2768
6212
1518
2492
4104
8712
8818
3602
4872
9844
796
3840
4288
3264
568
808
8298
7056
1120
1272
5530
9890
6210
6164
8164
8224
9578
6014
2260
156
9472
5816
2214
654
1482
982
7260
5548
9618
5458
9214
1082
4646
462
364
4406
4636
5876
1382
4426
8748
2596
7192
7142
3154
7450
4534
9702
4670
3804
6088
502
7250
4406
9496
9064
4526
5646
2404
4660
8330
2576
9858
4168
5062
9814
388
6674
962
5298
7132
1142
1702
576
5278
9382
1786
4840
3072
8860
6414
4190
5102
4292
1424
9610
5934
6964
7098
4952
3564
4654
2132
5692
9934
6628
8628
770
8576
4476
9054
5238
2204
9242
6682
2860
9232
5236
7246
2950
5554
4488
7904
8200
2202
8956
8162
9768
4164
2026
9916
3676
1772
9886
9184
9646
9052
3434
2154
6100
9048
2602
3786
8900
5540
3492
8968
3094
4900
9910
6538
3652
1492
1536
2770
1706
4028
6876
8084
7172
3054
1686
4804
3228
7310
486
1670
3830
9266
6086
5582
5704
4914
6236
7300
3454
6534
5720
7968
112
6186
2050
5550
3326
7896
3744
3756
7990
7550
8808
7450
8540
7330
6876
4040
2458
6122
4050
7422
3168
2184
8556
7142
9868
4420
5090
1078
6574
304
9490
4548
7306
660
2500
7128
1564
7172
6940
764
3202
6052
8066
5136
1052
4632
2720
3044
628
3258
4218
4504
9344
2442
5104
3022
1010
716
1088
9544
1384
1066
1320
8428
1436
7444
424
9254
3826
9702
446
4540
9932
6174
352
742
446
3552
5562
9252
1336
294
4464
2454
4320
7140
6236
20
262
3172
4918
2280
8638
7248
7106
4314
9306
3474
3684
6450
3556
5720
4706
8154
9430
8476
9544
7056
972
3266
2194
6464
7500
6594
2170
6080
5846
9190
3640
6784
2540
9698
8404
9746
8164
1824
3234
6002
2132
4358
8420
8724
470
8836
8492
4548
2470
5052
4446
1916
9212
6314
2790
8172
7550
8942
9982
5226
4720
5574
7622
7708
5548
478
1798
9844
2504
5920
6120
4510
4236
1230
9828
48
198
9578
9798
5592
4998
1704
5246
8140
3938
9760
9846
230
5786
1214
7556
1048
8634
8230
3968
428
9512
4446
4886
5872
2110
1102
5720
1516
9002
6810
5290
9548
340
6138
7828
3920
8022
7590
1126
9256
2474
6740
1922
3812
5614
8420
760
6324
9448
1334
1816
7606
6100
1224
5392
2540
9586
474
1238
8910
5820
1086
1186
1692
9902
9032
6482
3486
554
2220
7638
274
6306
156
6686
20
2668
3308
5016
6156
1106
7252
3264
6034
7172
9144
7794
774
4566
8240
6276
8848
500
9092
4750
694
7368
5144
9242
1482
9432
4728
1110
5498
8056
1468
8872
3992
8424
7146
1232
6690
5784
1622
150
1600
6360
5470
1596
2486
6892
2218
4780
5448
9624
7184
2892
1676
6114
3772
386
6
4430
9444
7954
7410
794
8832
2488
8640
154
7436
2866
4592
3574
3974
3244
1866
812
7454
4350
4668
290
2262
9102
3932
4102
7398
6410
180
152
2856
598
6116
992
9554
474
3016
9622
2152
4486
5186
6328
5742
8992
2468
7460
8686
2532
2826
6104
9182
8456
3856
9620
8584
7344
8806
2400
8602
3032
8262
3192
1860
4130
1130
3644
2552
3740
8358
2918
2122
1368
366
1556
5042
1340
1486
3350
2014
6568
66
9766
3820
9210
3124
8372
4872
8280
4808
5238
9648
5316
5822
2734
5044
532
3912
9202
370
4156
2244
4992
4582
348
4948
8136
3264
7576
1096
5892
576
8254
6928
6886
6134
9564
1320
6082
9860
7646
1366
4104
2496
7796
7822
6570
7084
5438
2334
9462
8132
9772
4954
1718
356
6672
7838
9458
1878
8468
4156
9470
3420
5474
5722
7372
1960
4370
546
3324
5792
2080
2552
2392
8694
4316
2044
3470
7558
2482
24
1476
3584
6022
7522
3194
9414
4282
8624
3266
694
3480
1862
6946
7512
5244
5506
6476
1180
9342
5756
9510
1294
6542
5250
6868
3568
3680
2950
1068
2776
3294
8256
3294
2282
2476
6114
4628
1874
9580
2522
6132
8996
8780
5716
9356
6190
8720
5100
1934
4800
4324
1240
1620
6344
7784
4810
3668
9130
146
4806
6924
7394
3942
9412
8540
5726
3030
7018
8522
8300
2574
6022
1806
2224
5048
652
4042
2432
534
9244
672
8610
2688
8052
4842
1706
1552
6150
6162
5290
2578
548
3484
3646
7716
6794
3324
3310
5112
9702
7802
3042
748
1948
6066
2732
5540
8666
2044
2846
866
6514
440
500
786
8444
5232
3490
514
6332
5768
8560
810
210
2742
4820
592
7494
9506
4908
8820
8514
8530
8212
6314
2304
8956
910
360
7666
3106
9974
1074
4290
6246
580
4570
8708
888
2174
5820
4422
2446
9686
3322
5840
2852
410
840
4976
4102
4910
2762
2328
3414
3052
7236
1210
4746
7040
1498
5714
4114
412
2402
60
1122
370
8010
6494
1914
6898
7734
2838
8852
8212
9116
9838
5778
3978
3158
2746
5224
632
6560
4102
6140
4904
2226
1832
962
9188
5890
1320
3494
8160
7834
3822
7284
2316
3020
9980
9614
5488
7700
7902
1988
5622
4496
2834
5258
2138
4130
4942
5408
6598
2740
1482
2734
6966
1852
9462
9800
2918
158
4890
3922
7342
8442
1582
1402
6456
8388
6700
4376
9080
4744
4822
7312
8044
7738
9116
2490
8924
6466
9052
3094
7064
6722
4496
8738
8946
386
2284
5258
9080
7782
7644
9670
28
2704
7744
9054
3664
4970
5888
1718
358
5744
2986
5344
6914
3752
4626
9112
6258
2556
3046
330
9272
880
1758
894
5188
7476
7528
8400
9256
3518
314
108
3784
2930
5570
9750
9090
7446
9036
7322
8970
2240
3838
6080
8248
1246
1354
9814
4376
4538
852
2102
1938
8660
4170
2152
6510
2078
4924
2674
136
7402
7578
862
4276
6118
740
7022
1346
256
2550
8722
636
9280
1346
4734
7008
6344
8460
8570
5724
5752
6600
1240
8612
3836
7202
2318
5046
8194
9090
6626
4382
3032
498
8070
7368
3974
3936
6846
8416
3428
682
7834
8640
194
8108
302
870
1214
3428
1096
6276
9558
8832
8954
7642
4998
9940
8602
3154
5690
6392
6124
3854
6858
1642
1428
4312
9682
6840
2872
9160
1600
3708
6696
4460
3464
9820
1966
3784
2628
6930
260
6242
1262
3318
9228
7292
3112
1846
2816
9786
6400
3584
7498
5798
1742
9054
4054
1908
9838
5344
3430
1978
2044
9476
7726
2304
4234
6936
7062
7826
9702
822
8612
1988
7232
1944
9200
354
6778
2148
210
2950
8638
2136
7004
486
5586
1148
2222
3934
5264
2452
4910
6840
9092
4284
5852
6130
5840
9012
4562
8232
7766
7750
5306
4172
7640
8390
8738
8170
1672
1454
3570
8834
3176
3848
582
8384
172
9150
5358
3020
2216
9852
8890
8152
6276
766
110
7950
3074
5594
9854
1598
3122
7506
5002
7058
7460
6644
2038
1626
5604
226
8606
4716
6506
3560
1932
3570
910
1448
8394
1024
4396
7288
6966
2172
9746
4440
4090
374
9412
532
1586
6752
1000
9490
222
2678
636
4050
9710
2934
2584
6280
1144
1214
4298
7404
1768
834
3492
3982
5564
3282
6244
1784
112
2910
5936
908
6080
9456
5218
4104
1790
7096
1028
6838
9958
9178
1336
6410
4012
4194
4422
9060
6016
5478
1206
550
4614
9350
3560
7248
4056
5202
8704
4800
2490
9728
2246
5952
6636
2390
7878
8244
458
6842
1904
9974
8466
2182
5636
6000
7420
3654
3478
5132
4710
4982
3748
4944
7954
9274
7372
6580
8214
9678
404
5972
844
4546
776
1946
7838
9730
5660
2520
4856
8792
1828
5168
3342
2822
3202
8760
1618
7760
7954
1340
2978
2090
1076
1346
2836
380
5262
9022
2148
7306
5032
8626
4560
5556
3526
4020
2310
7264
7022
4118
6984
994
7762
3574
7662
7750
4342
3858
9364
2724
5512
4492
5378
3966
764
1094
3308
1978
4330
7470
8894
1156
1588
8006
2246
6456
9906
3506
1718
1772
9690
8936
7450
1272
1956
4370
6304
6034
9124
5048
1704
5310
4128
9992
3170
9938
8734
8024
8848
8310
3584
2738
6542
4208
248
4658
2008
7170
3976
404
6344
9450
6008
4464
8234
1450
2792
8816
946
9184
3414
2562
776
3206
6254
5264
3372
3626
3298
6682
9860
6424
8122
1058
4332
8026
3224
794
3852
4210
5284
6030
3718
4454
4920
152
5328
1024
9168
5924
1392
762
2544
2946
8462
9602
9422
7600
4972
5954
5396
6260
194
5280
4300
1836
2270
1952
5806
3362
8336
8062
3296
3852
1596
7520
7722
7594
7002
5918
16
6112
6710
4242
1266
3474
3960
5758
1592
2270
7170
4226
2070
9320
5052
9964
3374
7690
5720
8332
9040
728
9058
6036
7822
4180
9390
5550
6936
5528
6804
7996
8724
3464
5258
9378
6134
3082
9932
1078
5688
5628
8762
7002
410
2216
2428
6852
5902
3402
6752
454
776
4822
1150
5794
4918
4876
4668
7022
4282
5940
1910
2622
8724
9184
432
644
5346
2462
1894
9022
6626
8636
8866
1558
1646
9644
7516
7302
670
5056
3144
8742
1492
4026
3942
3954
3920
9800
4148
2308
5136
6836
1680
6572
2076
8578
8048
4668
2388
9922
3248
7596
4678
1906
3794
3728
7314
2066
9304
7032
9232
9644
9464
5512
6028
2038
9042
6534
3200
1432
2184
8806
7594
6412
7000
9306
1312
6886
6094
7344
360
3170
3622
6542
3894
556
4506
4160
5578
4674
2618
6692
1562
9910
6664
6098
3316
5032
3176
708
5582
6018
3626
7404
9780
8310
410
9262
3494
2144
2198
5914
3052
6546
6946
1812
2122
7476
8690
3634
3858
6164
3182
6944
2252
1154
376
9088
5498
134
7160
1596
5038
5066
3008
7488
9738
8252
9574
6194
7990
3500
5266
9494
3800
5000
7354
7248
6088
3764
4410
9062
7354
2712
6232
2094
124
6452
7098
4594
4720
2002
3428
4142
7784
4128
9264
9270
718
4890
3874
4622
8896
8852
7586
2998
9182
690
5368
9952
2392
9506
9210
9922
1700
2604
960
5314
1178
1326
3136
1054
2812
8842
7390
4360
9680
3310
8858
7270
4498
4212
6032
5012
1042
6706
1506
64
2820
1450
5704
9150
4066
1910
7082
6208
8046
8804
9882
7074
8422
4224
4268
4446
1360
5000
1446
9176
2246
756
4336
9968
2622
5938
5256
9106
5180
6292
9272
4024
8152
442
466
3960
8324
4094
2036
796
7280
6864
7176
3550
7698
5408
9100
278
3916
4792
5142
6122
6364
8190
7000
9692
2754
9604
8900
3434
1366
6178
4564
322
9764
5446
9114
1378
4542
5040
9854
5554
4670
7448
7388
1100
9748
5656
252
8524
9134
2242
9926
5536
6232
2266
7076
2658
2202
6490
7566
6080
2446
5018
1494
102
2794
2752
4510
7304
4866
8498
6568
6886
8230
292
8478
6510
542
2910
6982
866
318
2792
2780
4294
7402
9404
9600
7244
3282
4624
6908
4520
1102
5642
7972
6160
7608
6966
6004
1292
2452
1744
4876
970
5882
1372
1152
56
1250
7530
4680
932
8948
3960
4692
2608
5932
9156
5780
1488
4910
8852
7394
248
3648
5024
4052
2140
8342
7058
8802
6490
9380
4404
8646
3890
8674
7270
5560
8292
3638
8468
1868
3842
2600
9244
6626
6042
1920
9726
3418
3718
9060
5090
7708
7382
3104
1834
4158
9022
2138
9708
7640
2522
9290
3732
692
2122
5200
6656
3200
5220
5374
1956
9724
9272
948
32
2342
6660
4936
1512
8512
9428
7794
4010
7848
2598
8562
884
4782
3614
3368
904
6758
5784
8354
3730
3644
1350
7858
6348
1112
9150
2992
8164
472
9302
5636
4050
8318
6202
7692
5376
9246
2596
124
3946
5542
7484
4766
324
6134
3708
7728
1094
9898
6380
1292
6568
5344
468
414
9970
4496
9528
4846
9778
5480
9482
9620
6106
1144
5784
5918
6046
5328
2506
348
1810
9320
8906
756
2082
1998
7382
5268
836
8480
8758
7972
9486
2894
4844
248
7684
6136
6930
7880
586
7954
9586
6160
1504
7016
9028
6068
8124
2372
9412
9058
3676
4560
2812
8586
4266
4372
744
386
7608
4238
5704
8754
2352
8762
2016
5054
678
9260
6294
9958
9016
1662
878
5748
3510
5722
7502
1906
8158
6704
4638
1402
6614
3400
5844
966
5518
14
6638
5764
6010
8360
140
4892
1014
2694
1530
1286
6578
5490
2896
844
5272
7902
4278
2206
5644
7408
5168
738
7076
3294
8128
9458
2952
1240
3112
8910
4564
964
7462
2978
2510
1274
2696
6850
3888
5800
5180
3974
1882
4386
3342
1900
6718
5934
5096
6268
9222
9322
7858
5884
8390
2806
7578
8020
3990
6430
2970
2304
7540
458
2392
9764
5212
9892
4310
9828
3710
7216
8654
8078
5388
770
5884
7728
2240
640
328
8140
722
1924
2654
3216
6770
8944
3116
7214
5594
4572
8486
6912
8040
7832
3702
9330
1224
6250
818
6440
1580
5200
7308
5384
6938
5422
8684
134
2918
7990
5936
5962
7056
5142
8848
1086
3480
6724
7346
8986
4270
5136
9536
4128
5654
6454
4878
3256
3860
7396
7032
6876
4160
9584
7410
8478
6828
4386
6576
7368
6236
5602
6212
2860
3522
3468
5892
2280
3766
6222
6352
1534
9136
3092
7292
9084
5118
2784
1350
4516
6774
2382
1752
3480
4772
2390
1570
7238
7920
9012
630
5084
3826
9650
168
2772
2194
4914
4676
860
1128
2000
9550
4798
6444
8038
9292
8480
8752
4180
5042
8122
2862
4700
3434
3826
4930
4434
5790
7288
7342
9228
2896
9496
9842
3518
6842
5942
9308
6994
4102
8910
4794
1800
6988
8644
8338
4122
5536
3428
5934
6760
6058
2872
1286
8122
2362
5310
4488
4940
7710
3520
64
3084
1514
36
6920
4156
8254
6074
4670
252
7578
1682
5752
4816
3284
5978
9034
414
658
208
7562
6448
628
6020
7774
5588
4350
1056
4456
2904
5020
944
890
6386
5890
354
5418
4386
2994
3586
9210
1482
2560
8714
2374
2522
8326
4048
9122
1056
8530
3692
6004
7318
904
5410
8622
9222
24
7688
216
5012
3350
3406
8602
1630
1162
7618
2548
8728
6678
3692
2158
9598
7504
6090
7382
7354
5650
5468
7692
3290
2718
3906
5392
8604
6312
9726
3658
5452
7012
1314
2518
68
7776
3192
4734
8328
1316
1026
1020
7074
7996
3120
4838
2240
852
2642
5168
5882
8564
2430
1676
8102
410
1652
2334
482
9780
6964
960
9482
484
6314
9814
34
9124
6568
6260
4354
5440
4832
2156
7918
2232
1910
1168
6644
8992
9074
4138
8284
5604
5126
4444
278
492
1310
728
6130
1900
6500
7036
4456
3512
4256
2680
7494
8184
2502
52
9274
3292
7034
2040
266
8664
3678
6590
2756
4712
1882
4220
2906
1622
3262
410
1728
9652
4810
2578
6464
6870
9392
5516
8750
1730
7638
614
8674
8426
9022
2158
3054
9678
800
4046
3290
8104
3606
3058
270
3204
9200
5936
5752
5782
5098
942
7622
1400
2778
8240
250
5982
6008
4744
2452
3718
5500
3324
3188
9804
8270
1514
6900
3914
2886
9920
2482
8368
5964
1662
8096
7702
8272
2230
90
7586
7298
4942
7800
328
5260
226
6268
1732
5284
658
5926
9688
6576
4204
1748
8174
4680
8176
1704
2464
190
7670
6038
7522
7390
9472
56
6560
3824
8408
8084
8156
2644
3186
1500
5728
3916
7212
3116
8240
4664
2814
5272
4218
8294
490
9250
8134
9050
7010
4024
4730
7260
1832
1412
4468
346
7400
6894
3318
3138
9204
7106
2562
1506
5536
7874
1968
1358
4672
2550
5984
2200
2830
5666
3740
7978
8664
4562
1626
7828
2000
8636
5166
1144
8840
1332
2154
7814
2236
8972
434
5754
7264
948
2306
1006
5570
5992
4458
656
1310
9290
9102
1052
1936
5688
6760
188
2010
3660
6086
7550
8664
1188
722
3164
7208
1664
4500
5854
2896
7914
9232
6094
4454
5474
1160
2094
6760
7452
6318
6890
5794
8616
7784
9162
4204
1976
2592
642
1864
9736
2376
1862
2730
6160
9496
7252
5874
2276
6748
5140
3288
3642
3842
4840
9704
2034
9796
9544
1292
2580
1108
9086
9020
672
480
548
6402
6722
1360
6364
5448
86
2500
5346
9124
1864
9650
542
9278
6310
4826
8212
1144
6700
1810
778
1708
5044
8112
4110
8408
6076
9846
2602
1440
7840
2932
5758
6404
7128
4874
4186
2210
2122
4854
212
2700
9880
6062
5824
6546
1236
5822
5196
2816
2998
174
238
2606
6842
9520
2790
3992
3038
6252
7780
4686
8144
2856
1784
1416
7644
8596
608
5874
112
296
7662
2668
168
7340
7480
2658
7076
9134
1342
6
5968
9268
9990
8134
3912
7624
5762
1116
8732
8946
