9617
2274
8554
8335
6464
2133
8599
5389
1378
480
3898
2373
9300
4046
5880
5437
4403
3577
1401
8528
3971
1813
187
9997
6432
5342
8760
7853
5770
3877
1848
660
9581
2899
3642
3476
4081
105
2957
135
8974
5482
6926
1487
9198
6742
3142
2628
2322
1504
6758
8506
9650
362
517
2525
1868
9697
8064
7948
9331
3386
3192
154
1009
840
9842
2081
7575
2314
8498
4185
7367
5038
5644
5433
5523
7022
6089
9951
2929
5312
1214
6053
7162
2691
9011
2257
5351
398
5279
4734
863
8406
3740
7626
5755
8478
5495
1236
1845
8946
7907
7061
1412
9184
6861
5919
3857
8997
5435
8651
8130
3973
2085
1658
9573
4381
5991
9313
4337
4914
9198
1618
5548
3698
4213
6441
7828
6608
4169
7634
7767
444
8938
1501
8449
3484
2358
4161
3621
7587
3360
2645
7259
6621
2308
3214
6166
6512
7650
9949
3464
744
3956
2732
1582
1982
8228
9650
930
9495
5619
2397
6546
4163
3207
2326
1851
8058
6202
1383
6885
2954
489
3176
9969
7466
1062
6755
4956
7591
2962
7558
846
9063
3066
624
2580
1712
5723
983
5352
4648
703
6496
6621
2239
234
3267
7923
6493
4606
8925
6643
7009
93
4620
7871
6795
8990
7635
681
3618
5568
5997
8771
2215
3181
9392
9844
2770
2108
5395
2825
5150
2729
7291
2600
9895
1256
1616
3631
9030
424
7610
9350
9350
7940
6869
9959
4537
4073
9762
7438
5880
7885
8589
9696
3814
9138
483
4818
7890
7175
4882
6199
4649
9080
561
9339
4326
9209
8566
6748
1911
1848
818
893
8669
8864
6571
9983
4019
1564
9795
7692
2855
7019
9799
7450
8980
4076
930
9514
5858
4949
493
9462
4464
4468
1767
632
5415
7272
43
4161
4674
4266
7792
794
2993
9085
1524
5653
7774
3830
2917
6754
2698
8765
4925
2982
296
5055
7807
1953
7646
2270
858
6046
3906
9287
1273
8182
9154
8420
1314
2705
5887
473
1935
7564
3896
2648
7870
9114
1129
9548
8612
8259
1172
3886
5084
661
6635
9105
7551
5163
4924
1167
4372
8207
7185
26
2475
9917
5673
4217
5271
1997
2652
1846
5386
6697
5906
1328
7015
4115
5935
1644
1106
510
848
9598
8768
652
7686
6757
2315
2460
3869
3845
8032
7695
6025
7926
9630
1684
9608
9155
1960
1067
586
9400
6347
2303
9412
5819
7822
3531
4600
1574
7063
5147
213
6570
5708
9345
1822
5212
8592
1015
8972
6547
3556
4233
2900
2871
7295
4650
206
6514
7240
6189
1672
2672
2329
2902
7029
425
2930
4225
6719
4765
6813
1051
7174
4661
1282
4685
9216
5543
8212
5652
881
9010
2560
3302
6821
4189
3661
3732
4242
5635
9217
3153
4135
8616
1187
4030
6737
7403
6563
7723
4001
2409
5536
238
1176
3905
7524
2793
2581
89
1306
6798
1157
6307
1726
9812
1831
8305
4465
3246
2255
185
6557
5404
2256
8349
688
5955
1624
8283
2036
165
7310
4223
3083
1506
7234
6611
9831
3261
4660
8134
8048
2871
1461
896
7459
4138
8431
4172
3157
9251
9181
168
2608
3026
3446
3833
8190
533
6102
3073
6163
6209
7169
1749
4172
7472
4630
6100
7076
430
5819
3703
3621
5820
3135
5331
1534
7662
8679
427
473
7458
4008
4605
5727
2361
7993
6807
1114
798
8750
5240
9626
8642
6497
1315
6293
3483
9565
5802
7459
5539
4026
4809
2063
6722
3321
3114
6913
2767
8358
1398
5645
1867
6993
4391
7571
1336
24
8730
4628
5093
7265
8146
5730
5363
2755
1563
7590
708
1550
1089
1171
3331
7648
4685
6342
9533
2137
8814
5183
9016
2348
1225
933
8822
232
56
2157
5555
1450
2931
2276
1089
3572
7583
4286
4917
1397
332
1707
9339
1497
9504
7130
5703
1532
1378
5217
4242
961
1664
9609
8151
5368
4940
5170
3550
6093
2054
6068
271
8190
3733
6299
9732
8998
5425
8095
9478
6286
6532
4220
1247
8683
9962
354
4380
9564
9702
4144
9221
3237
8255
9455
1806
1961
5817
2384
9406
3399
4107
1820
6117
3247
1341
6401
7033
9150
2702
8013
3763
6949
7694
6340
6083
2543
8948
6883
7709
549
6103
7285
4582
2455
6151
8810
3963
6196
9746
9669
2972
6454
9368
6169
9266
5685
3186
8880
9204
1035
9313
2961
441
4291
4527
9791
2029
2613
5975
4372
9909
7293
1377
4952
7977
7552
4701
3605
2038
197
2942
1287
2925
5863
2024
4232
843
9376
4401
2672
58
4314
4226
7771
1758
6285
399
5009
1683
3957
1894
938
1865
6729
5206
1831
2890
6779
3144
8446
5825
4446
9505
329
8908
8731
8165
647
1515
4786
5217
2005
6136
3319
1744
8018
8251
7387
7934
1797
6916
9006
5538
4277
3579
5183
3351
4210
16
3883
2351
2243
9530
6914
3610
4841
7448
4795
6108
5536
4323
8646
6597
5712
8127
9792
3893
4937
7064
4673
6884
5778
8181
6541
5760
6736
5349
6186
1655
6613
6803
3450
6236
9411
7654
1125
2348
7951
5006
177
9508
6387
3803
5843
3983
4896
7460
6614
8741
7964
1137
9460
6728
6922
7489
2997
8834
3569
3608
8497
3392
9506
9421
5693
6716
5942
4690
8419
3446
1934
6042
9840
9567
4380
1449
6872
2609
4
4930
5307
3902
7313
3065
1935
9471
7021
1694
9685
6155
7334
9117
5559
27
9376
1618
1823
185
8228
1813
9311
9174
9031
8602
4928
5907
7811
3653
1589
2903
1265
3163
3215
8850
2815
3684
9866
8608
7178
7205
9835
6780
7730
6301
3413
2637
2651
1278
7333
468
3370
5485
7432
7303
4009
3119
1787
7906
8561
5144
9761
3908
7927
2329
1197
9573
8719
5001
6187
7442
4166
5573
4993
5013
275
9548
9836
3667
799
9291
865
1173
7630
827
2208
7316
7171
3806
5708
9922
6896
1517
9312
9917
8594
8475
1284
7261
2379
2876
3711
3385
1122
5852
1750
5004
751
2843
1230
6166
3741
3955
6383
6003
6675
6246
6602
9503
2302
4858
5026
6252
658
1879
4992
550
8787
1676
7758
14
9325
8496
5534
6425
2623
8720
4943
64
7548
1427
528
1277
3171
2237
3770
4308
7123
6224
2381
1675
211
8868
575
7238
8637
4766
4257
1972
5570
8103
4414
1018
5523
6734
111
2800
9111
6509
3766
3988
7236
3307
1544
464
2632
4851
8166
656
2620
9777
4365
9168
9086
2026
5425
6421
7436
6118
7296
2556
8430
3597
6733
3608
8778
7195
2178
5434
6625
4518
2505
8627
1812
4792
5594
1143
7306
4057
3584
4775
7371
4715
8647
950
3045
4392
221
5859
3102
1237
8714
1994
6564
5108
7635
100
7040
8645
2276
8722
2422
3556
2993
2882
8431
4375
2776
1387
1494
2519
7948
5988
7465
2329
1254
9586
1002
7119
247
888
5019
9753
3667
337
615
6216
7853
7063
5904
9959
1720
9264
3724
1587
2523
6024
43
4625
253
5209
397
8004
384
4861
5314
9781
4741
8395
4267
4156
9196
8637
1630
5527
1559
5405
6530
8398
3993
7020
5740
3037
860
487
2918
4772
4234
4882
8057
7090
2703
1135
8884
6757
7659
5296
5384
3650
1163
6461
4545
5872
469
7749
6158
8438
3919
9342
3767
5503
4176
1585
6050
6242
2396
7399
9162
7158
1504
9371
1648
7952
3707
7222
4741
7900
806
9951
2292
6522
9341
5306
3544
4454
1366
5983
4713
2807
7105
3931
8511
451
4139
2820
2829
7992
9686
3093
2156
8362
8023
7582
3896
1707
8905
6755
1366
8325
8563
4266
9789
8422
1598
4965
5974
9834
5540
7490
1671
5614
2011
2284
4802
3272
3596
816
6394
1121
8397
4937
6417
1387
5656
9748
9888
5971
3461
3221
4958
1662
4592
4686
1419
3603
9066
8990
1029
737
3788
7114
237
8254
7361
3124
4600
7953
8587
8578
5793
555
5698
4678
3960
6789
3726
8168
4015
2912
5691
2621
3207
4250
4362
7633
5108
164
5681
6948
552
7000
6540
8774
2961
7200
5427
6896
3769
2325
9372
6280
6395
7145
2244
7515
4894
3705
5078
7163
534
3108
8378
6835
2302
5966
5397
7268
7048
8477
8367
8156
4484
118
451
4686
5250
3980
4442
1893
9426
9749
720
5744
3999
5824
6862
6020
2604
65
6401
2914
1467
9848
243
6517
2038
5422
1694
8481
921
4221
1049
1650
2985
7313
9955
6122
7466
923
9265
4303
5842
1920
4842
3026
6002
4354
1242
2493
5545
1783
6541
3594
8583
1755
5518
4323
294
4483
8629
7562
5431
3177
3119
6790
7996
3048
7054
8167
4037
4694
8959
1092
97
3831
3031
3479
8582
8552
1210
6640
8465
7628
6050
7447
2967
9597
3590
3669
4758
8274
1272
1559
8851
3721
1807
3490
6642
6162
3757
423
8187
4119
9722
2892
2236
8072
7147
1920
6234
4862
71
8376
2600
4140
4402
6327
2783
3193
8198
9062
7857
5377
5834
5378
8974
8292
7131
990
8670
233
7153
5849
2157
1062
4363
393
6255
935
774
5313
2772
7136
2750
6751
477
9072
2039
3483
3062
2719
3167
4027
4299
9413
6591
1907
1122
8789
4394
1302
5995
9218
1809
8448
669
1951
4747
6984
9268
5441
5117
9656
4899
335
9371
6305
3062
3693
7740
5589
916
8174
7148
1379
972
3913
9040
2949
1797
756
4027
6059
6741
942
741
1641
6830
8572
4404
97
2399
7815
2885
4980
2410
429
4069
5764
4168
1534
7145
4494
4457
3312
8902
9364
7806
5569
4948
4227
7751
7727
7346
865
2463
825
3576
758
9598
71
3804
1764
6555
2557
724
7219
4250
9879
1352
7883
2534
997
661
8849
4577
1151
2231
6148
5805
7013
2909
9028
2616
4445
7064
8064
7879
5691
4393
4713
8487
389
5730
7923
520
8379
7169
3700
9746
2694
1451
9902
1588
6124
8604
9632
8463
3506
7134
5767
5981
4012
5142
6612
1527
1540
7678
2264
9878
8340
7548
2374
8304
9271
9778
9552
1960
7216
8755
4365
1439
8983
4732
4677
9244
9993
8482
3782
3194
3981
8224
482
3446
5038
9232
7180
8818
5013
2095
4820
8665
4986
7746
5869
2651
4805
6355
6999
4355
4281
5584
7318
6429
3156
8666
6195
1891
4650
7524
3730
9448
6851
2639
6316
9232
793
6795
2687
1694
4433
5089
2617
7991
1142
9762
515
2184
2854
3481
7595
2204
3883
9193
245
7451
3059
1147
7960
523
2084
4037
1309
2250
7579
8844
4525
2578
7415
5219
2187
8796
2717
1196
6923
9244
186
4302
4257
581
6393
766
4490
8202
3947
3657
4960
9052
6164
6064
4300
7952
3734
6908
9507
2358
7697
2009
2383
3632
2557
7550
387
9672
7051
9193
8856
6457
8728
63
5141
3865
4321
614
4127
6646
9830
7182
6674
2042
8383
2470
5482
997
6115
7348
4665
7598
2751
4959
4188
2440
4529
2043
7372
780
2167
1904
7326
9267
939
7716
3902
9240
2799
8429
4644
6773
389
7238
416
465
868
9256
6435
1352
2443
8666
3914
7227
4495
2276
8831
2088
1450
5458
3250
778
3198
809
8758
1496
1373
2689
8583
4457
3255
6957
4846
6123
6532
9676
8018
640
1528
4014
2777
285
3489
5901
4242
8755
3923
4092
47
9542
3375
1128
4088
8287
3551
3134
3303
1687
1841
8379
6135
9185
9834
2425
3287
6373
513
517
2879
5653
2786
3643
5917
2032
6213
3097
5906
7030
1419
931
7
5057
8616
9625
4993
8496
8416
6653
1786
5233
701
7464
2756
8558
1070
3257
3874
1017
2932
2633
7020
5106
8318
7210
5415
4766
2595
5519
3056
4163
1757
2548
8161
5918
784
5838
9447
7121
4260
8590
2452
6585
5400
1968
7957
7923
2549
2978
5873
7203
6986
6393
7813
8263
469
6314
2978
1127
3893
2660
200
6922
6990
3212
2955
4024
3781
5817
9686
6547
8146
6756
3962
1016
669
4419
1189
2483
3232
6726
7448
6981
3650
3072
1449
9497
1056
1617
2856
1460
7967
1650
8301
7013
4933
1448
2219
8418
702
8053
2194
8239
2607
4093
3014
7655
9666
4441
9765
7090
9557
4112
1174
4681
8814
4609
2919
3752
7839
4617
3762
1443
5838
6795
2550
7642
3723
7169
9896
2690
300
8247
1468
8646
3242
8575
1947
6933
8145
9292
5772
8816
4621
7995
6625
8489
344
6429
6340
1092
1073
8977
8676
6836
479
5542
3842
7406
9088
5132
2261
3979
5165
2020
8692
1513
1452
9338
5051
726
3781
7156
5794
4104
8235
2324
7157
3020
2902
9190
5953
6197
8316
5399
386
729
3176
6711
5323
5114
5519
9274
7317
4293
9675
4517
2181
3382
7243
4582
7892
202
8521
5201
9764
4336
3101
3797
1496
5853
6581
1678
7380
1433
6418
6505
7117
5632
3182
926
151
7232
5087
1527
7107
2967
8136
7930
6969
2343
8729
3405
7793
5205
1357
948
1196
986
9400
2297
6683
8478
2807
1009
5934
7875
1462
5160
7913
1422
3450
6707
235
3217
6728
1339
2376
5440
3599
8649
748
8557
291
846
6390
60
7318
5725
4615
6328
5844
1247
4584
8316
2010
8430
2053
2794
9070
7107
61
1523
9678
5530
501
9473
6139
6876
9167
9204
623
4219
7753
173
1694
2865
8093
1013
4958
5040
3339
8245
599
5759
8860
3060
520
4045
2991
7423
4957
5831
4144
7395
6628
8636
8459
9646
4977
356
822
8862
545
6571
7394
4697
2145
3351
1517
2924
5337
7264
830
3434
7827
7912
5999
7528
7042
2870
7675
7657
730
3001
4058
3169
3353
5324
1927
6688
8737
7360
9140
967
9275
6354
7883
7307
9279
2513
5955
1258
378
4155
4385
7541
784
3024
7523
3095
6503
9932
3174
5996
6974
7096
1299
8462
2064
7331
6435
6562
2458
6344
9999
2240
7491
7183
2037
9770
1350
910
7255
1079
399
1978
4455
3990
3447
5507
6263
9842
8334
9785
7146
136
8157
7328
1323
7403
6893
2222
4477
9435
6985
6750
2207
5390
1509
1687
9859
4195
380
9249
9293
2672
479
8740
333
4151
3045
4389
9601
5816
3793
8711
4445
5151
7675
3246
9333
3302
7100
1461
4683
1874
3011
5265
4276
641
8541
5109
7716
8117
6344
2836
9503
1215
447
249
950
6024
1962
2530
1486
9174
3510
3593
3445
1664
3034
1193
8625
8462
82
6875
7656
2407
8712
7152
1006
9297
5226
8188
3734
6858
288
1171
2003
5434
6216
422
2417
8670
7945
649
4835
6914
7060
8317
7092
4339
8068
9633
5813
5341
8485
4944
3769
4628
670
781
7251
7648
7208
3337
6795
2985
9126
6618
9438
4373
6071
5516
7334
845
8632
6390
6818
2491
1060
3810
4962
7279
1009
7995
3787
9419
2524
8285
2858
2289
8419
5122
3225
4551
5023
7504
9757
9834
6230
6632
4353
4019
582
8426
3035
1259
8235
1964
177
6604
3512
9540
7026
1928
7499
8371
3165
1847
8429
7121
4211
4944
4880
5331
1642
7203
7735
7988
6171
184
7951
3948
9851
3550
8989
1034
6502
6930
8417
3489
8463
6945
2448
3210
4055
4517
2183
486
3822
679
4157
7849
2278
93
488
3435
5799
9606
5789
4420
5257
160
6250
8124
4945
1262
795
5164
7317
9153
8136
1616
9991
9425
6877
8411
7813
9834
818
7953
2770
3067
4067
7480
6074
5347
8498
8481
9116
4790
8292
181
9501
7411
2450
5011
4085
48
8366
6062
2134
6647
3616
6217
9395
2628
187
4517
9971
807
669
5077
4311
2507
9500
6025
9759
4646
5075
8726
4011
6783
2601
2084
2723
9305
2674
698
7384
4187
7642
7229
8584
8786
4053
6453
2016
5695
5609
7179
4179
886
7721
66
2639
7025
9213
3515
1894
3803
8307
6647
9481
451
5519
1315
3103
5870
2553
5994
4646
2449
466
6254
3079
7964
2249
3219
9682
2115
7589
6287
1439
5303
4803
1027
2828
7014
2760
9481
3377
8171
2252
4241
9784
4845
2414
1110
6270
7765
783
8477
1171
6105
2694
2856
9677
827
9780
536
9704
6460
1737
5094
7780
5301
2138
8803
1429
6742
4174
8169
406
9098
2965
5290
1956
9611
4384
191
4365
3998
8262
2363
5969
1291
905
7344
3492
7531
455
7988
247
9416
9648
9684
1371
713
3949
6922
3498
3378
9030
7622
724
1319
9399
6493
1324
2514
5348
3982
4565
2953
6882
3311
1181
749
5932
5026
9416
2420
4951
2928
6805
1991
2073
1754
2621
6683
4346
9901
2999
4810
3228
6021
9413
1368
6842
7874
7471
2770
2208
3770
990
4324
4514
6006
9952
2285
3029
5915
8156
7943
940
1910
1860
4170
1204
1217
8247
6363
7791
2313
6261
5328
6798
7133
4340
8807
5249
2012
113
8781
9867
1871
7427
3923
6304
6843
2968
3390
3532
9134
9662
6073
5275
4711
5420
6100
8844
7625
2671
9102
1825
9613
7074
6158
9559
2412
568
7521
7963
5978
3742
6997
840
8498
1827
2160
9311
4413
4358
7947
8477
1015
7175
3093
8391
7445
1564
7433
8067
8481
6188
702
5661
3328
347
8288
8223
248
5197
177
1062
1297
6298
6241
9044
1531
1726
398
4779
3248
8729
6715
8873
5739
9603
8462
8271
2851
1086
4731
8859
3832
9915
3210
2849
4314
9339
605
7093
4879
1587
1149
4350
7683
7267
3151
7008
1455
1070
2488
4942
6594
4357
4867
575
6316
9254
7884
7547
5571
7130
5654
6119
7433
2119
8482
6287
679
9558
4086
3200
7339
2591
6836
9774
3050
6269
5571
2436
1211
4479
432
438
1564
9335
7917
2799
4666
540
9521
2191
9181
1216
6274
4248
5077
4702
9433
3655
4403
3136
8663
7807
4184
6885
7825
9376
3576
8534
4299
6110
7027
1892
7445
4157
5758
4974
3471
2156
206
2423
5177
874
4434
811
2658
1342
6416
1660
8768
3290
3258
6342
5176
7182
4966
6556
350
8883
9258
8337
510
2038
1196
8445
4290
6938
9743
9926
7399
1117
5973
8046
213
1006
3053
8497
1448
3903
3831
6941
9169
9476
402
747
1445
9188
3962
6674
4631
7214
2615
5831
8570
6769
819
2685
4572
6186
387
4059
3792
9150
5653
2322
7025
8280
4833
7306
293
703
5812
6938
414
4161
9451
9909
6241
9575
8238
8699
4555
658
1986
7278
6988
9095
699
8779
7216
294
4123
3102
7553
3913
4443
4847
9619
5560
326
187
4115
1926
1761
211
7314
332
2472
3219
7560
2046
8802
8413
2758
3323
2582
7714
8154
3525
1254
8648
2305
4651
4554
6961
9625
8687
7646
2882
8062
8431
1587
9197
6113
1569
7198
4590
3494
6852
1186
5708
7615
3593
2453
5513
622
6012
5447
9876
1928
7150
3564
420
2241
1123
2909
468
6800
1961
1610
9008
6036
8759
4493
820
1682
8664
6738
5483
6336
6385
8868
5721
493
8342
8916
268
7509
5790
3863
5779
1948
1300
2505
7644
9403
6890
4868
4243
9097
8959
6790
1724
904
5645
5873
1232
6649
9408
2174
9022
6923
5464
5351
7032
4096
7682
9568
7254
8569
9898
7241
466
8572
4613
476
1193
8750
437
2179
6923
1765
1054
1934
5538
7234
7210
9451
315
6066
729
6948
8613
8322
4166
5805
6677
4771
4375
7350
915
5491
7313
5557
895
4751
2075
1236
3610
6339
5356
3373
5388
6951
3397
246
7355
3518
8645
4245
2667
7007
6830
1965
2299
6497
7168
7420
9315
4323
862
3267
4989
4669
7655
4445
57
3344
7235
7112
7106
9775
3977
1730
2783
9535
3876
706
3369
7131
5789
2190
833
3705
2719
7213
3950
7265
833
3362
1476
9878
7513
5388
9909
4399
4528
987
3440
5335
9070
6902
5541
2356
4325
8197
1823
4769
1032
585
4667
9000
5322
7856
9629
3716
8337
9671
6739
1444
4948
6206
3180
8404
9843
8069
711
9662
1285
7595
9336
1277
6883
3646
642
6253
8760
1862
4878
9639
2561
7252
5158
5418
4557
9745
7986
4628
571
9873
6253
6104
28
4116
2508
8306
4635
8022
6147
3235
617
455
6224
1429
7288
4833
7547
8362
7463
7217
9969
5244
3231
7571
4903
9984
6417
2095
4915
7804
9361
6292
1651
6385
6972
6064
4108
1314
9047
3240
7667
3256
2891
9536
8865
7914
5233
5157
4538
120
5128
6205
4723
9688
5640
2905
106
2400
6633
9168
4083
9217
1938
5700
6576
4773
2488
4932
9095
1815
1212
2320
3498
3843
9038
6626
1644
6911
3188
1882
6566
882
6887
5335
5659
6072
5027
4607
7121
4023
6367
9366
5973
6072
6131
582
3693
9710
7402
8196
8683
9008
1719
8696
2921
2001
4130
7771
3805
5568
18
6912
2368
2293
1132
5523
1676
7458
844
8484
4820
9118
509
6389
671
8542
1695
4815
8453
1382
1369
8511
6354
7799
1860
5679
6613
8603
4216
8701
4926
9555
1630
8088
8687
2039
8907
1813
9828
7430
4817
2237
3903
2174
7013
2300
9278
7780
8182
3622
9972
546
6484
9310
9012
7885
4372
1802
3197
7917
4278
5631
5207
7383
4230
9025
6731
644
2267
7332
3744
3441
2293
8977
7905
9303
632
8807
1177
9549
4758
1527
2258
7148
4552
430
435
9664
9336
6397
9857
7924
6724
1456
8956
7078
5433
8923
2484
1493
236
4276
4203
1586
9880
5093
9888
4205
8373
2228
7519
7604
7240
5705
3837
8174
8840
7842
9900
7579
5322
5359
6411
9648
5528
7285
1476
4877
4053
8137
244
5922
9828
3665
9328
9503
4221
7191
6077
5020
6649
2174
244
1524
9316
9869
3624
7036
4154
3917
8540
7690
8748
2834
2793
4205
4941
9250
2663
6457
9974
2559
4487
3478
2172
3143
5755
1857
3167
6819
6712
1808
3231
8912
388
4528
1052
4395
4031
9444
4861
5944
6608
1274
3578
3272
6585
4839
7620
8494
1165
3342
7163
8104
5154
8240
1293
3954
3784
5378
6522
4156
7268
8025
4424
6506
2126
2156
1300
3091
9499
2625
6797
9413
9021
7720
2335
5180
470
5971
2434
4493
2744
7808
2001
795
3718
3688
8989
453
3676
8345
7542
9080
4984
1111
9600
8392
1045
7733
3142
7095
3404
8022
3765
6073
7974
7725
1298
2983
3040
2036
2580
7510
4382
4950
8668
91
8921
9609
7256
8494
929
7685
9152
1976
3395
1711
7392
203
9146
3703
1554
1975
9662
9219
5666
968
6386
2602
886
8984
1827
3603
9626
2251
8329
2507
7927
7813
2200
6938
5013
3740
2696
1619
4255
2369
7935
3236
1078
2714
1079
4092
4013
978
3535
3009
2539
1219
6650
1345
2128
6411
1932
8696
3206
3907
7214
8603
1756
2276
3544
1973
4152
185
3574
9132
2986
3885
7784
4814
3880
3430
9878
7087
9869
3602
1824
6195
7000
4211
3166
3803
3511
7911
4344
3180
2410
3592
1712
9998
2075
9572
7672
8047
1008
8302
9850
1044
1551
8155
5947
1609
4407
1356
9600
978
6341
1734
8715
2438
4399
9066
288
8909
5646
805
7177
411
1803
7309
7912
2350
9983
9678
354
9055
6058
4234
959
9519
9400
5853
1222
4178
988
7236
6945
2070
5812
6519
8690
5591
8541
7306
8935
7410
6039
635
8357
412
8834
5556
8379
6315
448
1513
1285
9999
7236
2072
1652
168
9952
5233
3981
9491
8624
695
7510
2511
1815
769
8305
6890
3686
8733
4536
2531
9346
7609
1960
1344
5594
7086
7109
7936
1208
6944
6250
5745
1024
5609
1786
6704
8215
759
6255
6452
3316
8703
1132
1238
5014
9638
4900
4112
4212
1986
9791
3569
7315
1564
2869
9298
14
3566
5236
4044
268
4279
7958
9757
8087
4476
8446
4009
8789
385
9201
9493
9576
682
835
9326
7381
4143
4148
8736
4825
3318
3619
8308
5883
9351
4647
7710
7556
9890
97
6053
7378
4546
8231
2147
1262
1035
7881
2171
3871
9970
474
7343
9040
5496
6463
1461
7127
952
3970
9386
4806
5517
7555
8993
5050
6491
7258
7541
1642
5780
9169
3851
7811
5801
2865
1408
4678
827
8614
7630
3291
1563
3661
2217
8074
4849
6417
5386
6773
6769
6939
6348
9996
5804
165
4885
6
7143
3058
3621
9628
6089
7411
1048
4559
7410
4957
4061
3989
4677
1047
8997
4104
1775
5870
3645
7114
7462
3626
2995
3182
6092
7291
2341
1187
4606
2730
9325
6763
4461
4391
3380
5053
7240
9397
7458
1832
5721
6890
9822
5172
1780
9751
7362
2398
5266
7902
6916
2380
4649
2569
7034
5150
123
8336
8036
5638
2773
1205
5809
6739
9708
4922
9472
7045
5518
8828
1968
9847
1500
2968
8283
6241
5381
1652
8220
7147
8206
3700
5836
5305
2826
6174
3490
7303
7497
8956
3703
9398
9233
6976
2841
3465
9843
1207
8644
963
4129
7997
4032
3471
4091
7260
7774
6767
8836
9108
9276
9912
9333
6198
3320
5414
9983
9858
3033
857
278
5288
5043
4547
899
7344
9379
6378
5947
9896
3220
3056
8978
9959
6880
2938
3678
5898
8544
4842
9067
9764
6935
2647
8475
8131
747
4572
4202
864
7201
7671
5906
8393
3425
5271
1604
144
2840
3637
7944
4689
7911
8702
8594
4719
6280
9001
2813
4136
8226
6986
8708
522
8990
1172
5579
2413
5002
9674
817
5919
8928
5631
5555
6192
9855
1173
4427
7268
6085
4323
1782
1582
900
7967
674
115
4592
3872
1947
2071
4198
7477
304
9425
3160
1956
1942
4013
762
5407
6793
7060
9360
7514
8582
9972
5388
6666
19
9443
8232
8306
3712
4820
7481
2599
7914
949
4944
8036
6207
7954
447
5598
6944
9443
2005
8912
9709
2940
5769
8291
8463
5795
1354
2107
5433
4270
1372
7384
1741
417
458
1101
1507
2749
9716
5008
7143
4535
9935
6810
1209
516
4201
2897
5433
2167
9132
7720
5516
414
9705
5163
9992
8701
6349
2764
2397
5682
2851
7706
8304
8157
8318
9302
9000
5868
3247
4188
314
4393
8345
8881
5309
9254
4991
463
5201
9091
4528
1199
4172
2689
2440
2991
9628
6193
3942
2697
8249
2746
2659
9639
7266
7804
7992
9904
4831
4549
2307
225
7285
9571
4472
6413
4687
2291
9412
1078
3493
851
1061
2800
3978
916
7896
5082
7346
4678
8417
4862
1237
2881
2245
3310
9939
299
5595
6701
1025
4305
4651
4229
9708
7863
614
939
4812
5072
4079
302
6526
1607
2716
3217
9601
4200
9741
4881
517
2057
7628
3506
5321
3778
4368
908
6076
3903
8885
7512
341
164
7713
9827
5736
3942
8505
4695
581
3637
3851
8254
5611
5596
9369
3156
6062
713
6851
7593
1423
777
8504
8698
1294
2417
414
3640
5795
1875
4826
8691
5386
3602
1660
9943
727
3399
4448
7849
9559
9080
3649
8420
4474
6731
8006
6367
7293
4037
5444
8610
658
3180
9418
281
119
4424
1047
8921
5960
5968
65
781
626
3782
2819
9739
2141
2165
7324
9402
7961
6555
761
2280
1717
6527
8965
913
1692
8654
3081
8234
8316
9790
9229
1531
8579
5385
8624
1336
1001
9891
5939
4030
3842
9770
1756
9966
1200
4542
5583
1599
6569
9934
238
1239
6030
4325
4722
2825
320
3715
9011
1698
6838
5826
9592
7261
5649
6683
1925
5136
2617
5515
8842
7770
856
4769
2302
2720
8486
2341
3006
9927
4806
7358
2147
5580
6124
4009
4464
6650
7540
8901
8296
7917
7492
4859
8697
8527
3531
8228
8739
9039
2935
9275
6650
4850
9186
2329
9215
9509
4476
3089
3265
7814
7056
3185
5552
4366
8027
694
5976
3529
2075
3585
3889
8755
2743
8136
2647
2293
8010
3749
7491
8706
508
8975
985
5333
6559
3919
4255
4312
2262
8475
6579
8662
3357
1276
1256
2753
2552
2762
9670
4814
3063
7370
275
9098
679
277
5222
5122
4130
1521
4686
3709
3669
4505
9569
7706
3673
9926
778
4097
6013
9881
2045
5940
5416
6772
1537
3976
4310
6103
2486
4239
3031
8894
9642
6091
7912
9848
3525
9826
8283
9639
142
3942
2962
4326
8892
9581
1415
4504
5649
9257
6646
6451
8704
876
9213
1913
9512
724
5939
2783
7766
1196
2287
8128
5086
3665
7364
4633
2146
4108
1333
1415
8598
4047
8824
9001
7658
9655
9499
7664
7169
1744
5163
5398
5171
9947
9538
870
3851
8264
3451
5710
1846
8304
7009
54
9503
6426
6705
8606
9744
6796
8760
6254
8737
582
2211
8412
2196
9065
8164
2657
3885
8487
6175
4911
1001
1063
5518
4262
7636
2342
5083
2838
9471
4360
7390
165
7165
3610
8382
5207
4236
7564
2676
2758
7543
7325
8430
4803
638
3609
9581
7636
2112
7190
2629
4171
8397
6170
6042
6484
658
2339
2238
8916
8917
3250
6539
827
6959
4102
1360
7255
8885
9578
1363
6475
316
6978
8610
8410
1884
9467
4742
5379
8118
8823
7545
9543
4601
2355
6323
1159
4592
6801
1269
4747
3811
8583
4596
9684
1786
1304
4313
8817
3743
7994
764
5575
27
5305
668
1254
542
3023
6775
914
8725
7897
1120
175
2375
822
9770
5013
7154
8777
3479
5643
850
8414
8723
3632
7391
5131
2137
8292
2055
3510
8202
7628
2220
1848
5922
2609
8173
2043
5729
2493
4117
5659
8291
7510
6072
2282
2517
9800
3363
8967
6503
2185
9575
266
812
631
4206
4092
7055
445
9638
9198
681
3583
4411
2772
2278
4420
2009
2307
2071
8225
5182
5528
5862
7240
6313
4024
8778
3174
6346
5830
3256
4065
3307
1462
7368
2018
6308
9977
2302
5934
9045
5879
3032
9766
8425
2951
8253
196
3561
8452
5037
9903
2855
8808
7049
518
3871
1319
6091
5080
4038
7355
1410
2779
7910
875
8016
9216
9509
3590
3494
4883
9039
1366
4135
3074
7826
3363
9808
7508
2198
7207
6262
7131
2075
2465
3854
3259
9390
1092
1939
7985
5741
3678
1144
5647
4010
3751
1128
5899
4275
3648
7908
5573
5940
1654
26
97
9570
9600
2047
9222
1979
2293
9028
6724
5586
154
7040
3999
4004
6619
6321
4057
7188
6959
1334
7801
8287
4491
6747
5573
3886
6067
3566
308
6642
9034
9855
6986
291
5956
5326
4002
2186
9822
986
5777
5897
6227
7513
532
1571
7481
9260
75
345
2115
982
3839
9637
7447
8693
1674
2685
2720
391
4581
6842
6493
1190
2805
6899
4026
4925
2128
4889
1535
6441
1250
6585
7330
7708
5815
3035
5785
1787
9290
9295
2633
5283
5297
6063
8059
1122
2768
5407
5880
38
5161
8982
206
9062
6366
3977
7138
8029
2168
1088
7460
4104
5177
6849
4330
4475
7429
2729
6838
176
5915
1546
9312
819
2047
5938
6579
8112
9225
3573
3594
5126
9594
7880
7158
6562
6103
2430
6744
1152
4019
2352
9276
5609
6055
2705
6790
3960
4444
775
1501
4617
2136
6262
3468
4604
7108
5231
4337
720
257
7526
3738
1702
2909
7142
5362
6906
802
1204
6696
493
4228
4365
4925
4686
8618
9465
5936
2170
5344
8098
626
1674
9481
1806
1151
58
9686
1884
6472
2242
175
3569
8656
329
9721
1156
2836
2714
8142
3947
111
3158
8095
3907
3655
1024
2806
6190
6485
3373
3685
6128
7767
8946
2816
8293
8144
8278
1207
3960
425
4965
1771
5011
8562
911
1030
3494
2602
7346
3701
1035
6226
7738
2849
8285
7350
7826
9402
7877
8488
6479
876
6925
4028
4715
2221
6147
4574
8202
4881
3330
3864
9854
5607
414
2381
4990
3260
7567
5489
3812
3013
2191
1612
9455
9900
8245
8838
2797
8942
3891
1942
9099
2486
6046
2861
7603
4093
6627
8720
1852
1846
9139
6003
9440
8505
6979
3859
104
5220
7691
9749
9609
1688
2713
3048
8504
4238
2212
5715
2418
3920
2874
9940
4452
7849
3761
8242
7907
9527
2660
202
3222
3089
5084
7234
6841
9262
44
6000
2116
7283
3462
850
4652
1428
5504
8393
7737
1864
621
9039
555
2459
8323
7803
7307
9554
942
7580
3615
5510
7395
5453
5084
5158
4201
7822
1244
8541
2502
9203
5408
1007
8654
4563
1819
7712
5096
6534
2942
3432
2185
8745
4555
2048
5901
3628
2997
462
2582
524
3876
2294
621
9644
3864
7119
4360
2337
1154
8079
8148
9121
3168
3350
9206
7120
8736
304
8666
7526
644
934
303
4883
2671
6689
7066
4867
2668
3664
7461
6967
3199
2418
5936
6242
1905
9291
532
91
3698
4494
5429
242
7657
7479
6046
2540
2766
9366
7164
3308
9298
244
6232
4501
7470
829
8303
146
8960
5317
5112
1648
8362
5525
1804
6827
4024
6095
6734
6104
6012
4130
5977
1838
2344
6577
1374
87
5530
8030
4042
5523
3904
3190
1280
7998
6459
8860
3298
6723
4330
8414
4866
6797
5619
916
804
6278
8075
512
3807
6855
4147
8343
8115
9469
860
2967
6199
3946
1218
5152
9615
8804
7124
4556
5549
6219
4210
8549
7397
6198
379
7031
7389
4786
5689
1321
2370
1574
5221
688
9962
634
7015
4292
8435
8499
3609
5353
6489
4011
9883
2707
1647
9486
8454
1689
7060
4528
4440
7084
3726
2547
7592
5222
2487
8000
6969
18
8988
2735
6861
1495
2354
7697
4355
8580
7893
7738
4162
750
1508
6889
9349
4607
1402
5568
4017
3645
5401
8505
446
6678
7145
7851
518
2962
4731
4947
6315
7848
951
3791
1633
8612
6972
8791
7924
3061
1658
8607
5151
9382
8589
2225
1039
5716
4862
4956
8047
3358
4937
5119
7388
2277
816
4629
9080
1219
840
7590
2121
1568
1680
8178
3780
3433
2714
7935
1059
5120
787
5769
3262
8734
5952
8108
2887
1349
536
108
378
2216
8
801
1466
6274
2784
5839
5770
9803
396
491
557
6874
1771
7694
4005
9602
4109
9616
7673
3094
1487
4086
1254
7607
4529
6958
6414
5424
2570
9002
4218
3202
2699
4938
7240
3469
1011
5373
6792
1455
7820
1101
5141
4672
2025
2914
4190
5757
1470
5661
377
5991
4212
9456
2950
500
5732
7914
6029
2126
623
7254
2822
401
6518
2640
3788
2492
5608
9199
8419
6950
6744
8248
8961
3023
4652
95
6964
2078
6208
8513
3105
9579
3132
4862
4046
4693
9587
8921
3374
9616
9626
2948
4332
6402
6314
9146
709
3877
2084
2770
4872
611
6766
4525
6500
4696
9579
2037
5591
2622
5384
3426
127
7301
5558
3124
328
9541
4012
3804
5220
6349
3044
3461
9526
2421
4128
5375
3934
607
7699
3496
7107
3594
5724
8539
4677
7026
8511
387
7513
9438
4366
3671
7665
8311
7025
9074
5416
5299
2565
1388
1681
8119
6784
1426
6522
4504
9957
7189
1562
9596
7476
3127
8532
4829
5182
9918
7028
771
385
1535
6468
5915
614
6478
3200
1570
5953
5391
6338
8592
8910
8166
6756
8389
5620
7872
1619
3408
6057
4001
3577
3002
5351
1455
5765
2277
6593
6440
8475
1111
1686
5910
2001
4524
3662
3338
2278
4121
7745
5943
987
8164
151
3418
9519
7462
6857
253
743
7529
3711
7998
2948
8243
3195
3811
5407
5166
4622
7323
6897
6792
1247
302
1859
9346
1449
8314
7829
9035
8906
8515
7526
6109
2542
1243
445
5390
5274
2830
6291
4330
4155
3229
9241
6633
8598
3092
9082
4655
7002
8831
1387
1924
5338
617
2755
6757
6960
7186
1619
2371
8029
7083
8866
5088
9197
6454
4884
1057
7394
7346
9497
3302
6767
1135
4464
9095
3114
8276
2202
9192
4008
3981
801
2524
9691
856
1465
2182
8167
3267
800
5757
4111
3503
6886
2271
8719
1989
1443
3448
9174
8715
4534
5116
1915
6082
9838
1739
1280
6732
2202
3136
535
1139
8896
1578
5348
9322
9252
9629
7593
2795
6185
4746
8194
4751
7788
1681
8711
8753
4549
7247
6791
4130
8770
2661
5605
4138
8722
135
7398
1911
6222
7899
208
3509
593
4363
8473
9334
3700
8506
3142
9697
9340
3971
2597
4693
2422
8674
7690
6342
859
6606
5294
3391
3153
1862
6997
8593
9727
3921
9679
138
9273
7817
1903
3005
3765
5888
6676
6312
472
9086
9408
840
6271
9576
4123
1894
1518
8671
6549
864
8940
6286
693
2709
2215
4
5188
5092
1623
8738
2018
7310
4247
141
5171
8709
7247
4071
1532
6
4952
731
1225
6712
4804
939
485
7063
2133
5873
5910
6461
9681
5414
7316
9510
689
4553
1732
6271
868
2216
9855
7293
7739
8043
5916
8674
7091
9458
826
9287
9956
8119
5615
8850
1019
9843
8076
2807
1785
4679
1299
315
2080
2173
2326
7562
3634
1703
925
1580
8522
7809
5609
6319
1005
1138
9107
875
6294
951
5853
1147
9142
8618
7301
407
233
6534
2774
6
5755
2252
3597
1333
8098
8933
9205
8691
2180
9214
4472
3655
9821
168
2515
7326
1147
3125
1901
7087
4486
3833
8781
877
3107
1
6538
8922
9720
5961
7791
9257
6113
4251
6132
6388
9729
9304
9574
2106
515
9873
96
1660
9825
9363
4632
4362
3432
8927
4261
8053
7463
474
7741
3499
997
9144
7677
2863
1399
5691
1730
6260
9400
5065
8285
6350
1457
1164
9062
6576
8138
9431
246
7654
8963
7450
8440
3389
8464
3373
2038
6331
2894
8699
8279
7486
8890
5725
5784
1252
1040
7540
6853
4779
9159
3116
7731
192
3330
5907
9390
7836
2905
8528
8744
5163
1589
7403
4884
9578
6335
8887
8509
9391
51
9508
8587
5390
4452
6439
7088
9632
7442
4053
6239
9288
1070
1290
3357
8436
7149
6982
5459
7087
7785
46
4321
1499
7526
8465
7383
8526
6868
9857
5424
5814
2326
2510
3763
1187
4739
8311
1242
3711
8758
4501
7151
3656
7183
850
870
230
4084
3815
3505
9207
425
3687
8139
981
36
8113
8952
8018
8635
2900
6035
1633
4315
5967
1957
9113
7832
9650
4461
9126
4776
7892
9619
4348
675
781
8776
3175
7794
532
7084
4549
4429
5170
7527
3020
1389
8067
9578
6871
8996
548
1099
2497
5313
7936
965
9604
5056
2781
4478
1161
1520
6673
2435
8834
153
2390
4624
2356
123
2703
618
6887
2113
5081
1887
9445
4889
7360
8204
6412
7416
7010
4218
9949
6888
7016
3836
3827
249
9593
4839
8822
1525
1101
5583
2450
8903
2594
3728
6332
9317
5206
2058
1377
7880
7849
9590
6242
895
4289
8787
9146
7780
5328
1152
2457
9196
7767
9717
7450
9477
4414
2983
550
1848
2272
1557
9904
9818
7893
7556
9211
9054
2393
8880
4044
2732
5039
5949
9830
100
4672
9679
524
7663
8513
5143
348
3215
650
9518
1767
3235
3902
9606
6494
7392
9098
7422
221
5971
3431
5285
9498
4708
5692
3013
2186
2442
8011
362
1022
8090
41
9985
353
7940
2645
5465
756
3025
6591
1192
8206
9282
7895
791
1141
3355
2721
8356
4682
1419
5740
3842
1707
8608
7411
1546
5234
3140
8894
1289
9646
9780
3774
3851
900
8439
8959
9770
6074
9637
2358
3741
6018
532
6266
1644
5008
5005
4253
4336
4756
9207
8335
111
9315
4551
3090
9337
932
2950
6275
5277
6472
7683
8639
5821
7514
5354
5226
9853
6381
4323
8716
8796
691
926
5959
7295
3404
6817
1221
9356
8084
6222
8231
5102
6999
5271
3913
7762
8739
1607
3517
6551
1471
449
486
8521
6714
6220
6602
777
4637
3106
4744
9202
9152
8270
2478
4884
8023
4397
2013
679
1169
2632
809
6607
7194
9379
6887
7503
2841
6150
5558
113
6183
5126
6215
9612
4
9861
2704
2281
9840
4637
4880
3699
6672
6774
1341
3006
5764
1504
8861
2034
3834
1545
3354
25
7181
7098
4081
80
3294
632
5894
5073
1484
3168
3366
6894
2322
5010
6694
6470
1655
3438
2533
2593
8612
3426
2648
6107
6326
6264
5196
117
8178
9054
6616
9152
677
1488
1094
827
3887
9449
6849
1641
7064
7492
5722
5602
5587
2639
9314
3334
5579
5659
5814
8372
9065
1988
8829
8440
9009
4295
5653
1381
4968
5293
3959
6125
5356
5445
7203
1944
2422
3134
2323
2432
862
9944
8722
3198
3759
6975
2274
967
4594
203
9851
4541
8383
8007
3532
8473
3465
2167
7842
629
6297
3297
3925
9263
3463
1969
4615
7585
5940
10
1271
4167
6167
2288
1796
1641
9076
3735
412
674
8162
3615
3470
1567
2145
4914
3259
3360
5451
1589
8576
8621
5770
1865
6039
4703
8757
9044
7443
7522
4052
8118
3107
2395
1295
1065
4241
9633
7856
5386
370
5754
7220
1125
5374
4434
6968
9731
8917
3977
9047
6015
8469
7324
7366
2142
3674
1990
5566
2559
8434
580
3928
9522
1810
7755
3769
8236
1362
777
5079
6117
6095
771
8368
9704
48
7072
7026
8119
293
4931
5954
1104
6890
6321
4520
9259
2059
369
5503
5086
1033
3551
6980
1477
7450
3867
5816
9995
4051
617
6234
478
3560
672
5173
4253
4455
403
9202
3761
7226
8290
4146
6689
9926
4181
6815
9326
3227
7641
576
2538
7481
3550
9531
2404
9678
6692
9847
3440
4840
8478
1392
6143
726
1829
5522
7852
2698
582
5376
6670
8667
209
5550
6347
929
2912
8183
5362
7934
318
9214
8268
7089
1480
867
8645
4874
4067
8099
3008
8162
5631
3987
3306
3541
3111
4406
584
8921
5117
2215
6289
7708
3313
2808
1434
9257
8317
2083
1595
8295
3292
2528
7879
7382
4168
3544
3822
3368
5688
42
3933
5329
6363
3910
6062
2318
1656
5926
402
97
6171
3702
3534
1868
2045
7646
2970
1920
3643
919
2575
5091
9249
3167
2007
7183
2122
8967
6397
8002
8356
6048
8735
723
844
1348
314
6767
9239
5697
6276
1722
2800
5662
5646
2297
9719
9661
248
37
7493
1008
9382
8758
7186
7287
1164
8086
5533
5045
9398
8402
6530
8609
9831
1608
7093
8234
406
1267
2442
6702
173
5748
5161
3758
8721
5763
3949
5775
2459
4409
5146
8867
9341
4862
9350
8045
2415
2184
9457
3040
2333
4421
4933
8641
7506
5498
940
5165
2045
8622
2648
5040
8102
624
9954
7279
7478
2286
3296
8529
3477
3205
686
6496
7101
2839
8704
42
5625
9425
4345
2719
2066
6566
6447
7234
3200
8362
5816
1452
3131
8969
9925
7068
737
4004
3995
2982
9151
5143
4168
700
7908
993
6634
9609
4800
2719
3650
775
1379
3238
4611
9481
4094
9448
1118
4909
6222
584
6940
3216
9865
8921
6351
852
928
2908
2163
3016
3185
1223
1854
1593
4595
3874
927
3919
1780
9110
8728
9021
9470
6418
2275
1775
7574
665
4060
6419
5449
1011
7935
3278
4248
5693
4382
8408
1432
2796
552
5231
8430
2456
3102
9143
8966
3305
8921
529
1721
7195
2271
4578
3369
1692
4271
3837
2370
4905
3625
2273
7253
1589
4029
2301
7789
8970
4986
2603
9409
1158
5676
9845
9456
6396
6891
5093
6823
7952
6135
132
5041
8930
6988
8836
1670
8108
18
1599
1555
3946
101
7978
7451
7564
5116
6506
7317
92
4143
9659
28
172
5085
1831
8169
7138
907
954
3638
2325
6853
8308
1971
1254
6556
8123
6927
8442
282
1688
9971
6480
2760
5550
4031
1309
4830
3219
2557
6694
5117
4596
2802
6316
1243
106
6546
9457
3676
2981
6026
7093
601
2041
7223
5211
6130
5303
6961
7853
9804
4499
6261
8691
7952
1893
2624
7041
8513
9328
9598
8907
5698
1562
9490
2751
1411
6303
7420
1845
5774
2511
7004
5107
7854
2571
3022
8029
614
2670
7147
6441
1945
4638
6800
2266
3485
374
9030
7258
3834
2037
1963
6670
6204
2868
2776
2814
863
130
4818
2962
730
9553
7369
5067
264
7051
8081
1319
813
3843
2969
3639
9949
9838
5608
3918
9369
3903
7808
7914
4832
497
3588
472
4101
6452
3236
8874
9238
3808
8073
47
7005
7582
9451
9123
5536
1679
9283
5011
9621
1330
8150
9093
6444
4459
8947
9337
7898
5822
2476
4671
6673
6154
8430
6969
580
5340
8297
1503
9969
8791
8697
5354
2446
2198
7464
9860
1320
1935
259
9003
9496
2799
6658
2605
1145
3616
7484
5084
3057
8881
1258
4440
6634
6166
106
7916
2370
1707
7649
5630
2429
1224
3792
4063
5666
1527
6330
6385
3175
125
2133
9248
1327
7493
3633
1236
8733
7911
8817
6
9486
4288
6250
5854
5232
2383
6549
8534
7880
5739
7846
5153
2844
8941
939
4391
4971
8868
5656
3787
7369
7735
8759
8541
237
2307
7582
7144
7579
9657
520
1078
8617
579
9897
8052
5522
3495
3588
4942
4364
9969
1428
8655
481
35
8366
6735
6539
3807
8590
4441
2173
817
6896
302
164
9059
5387
9911
5278
8709
1242
8182
9358
1873
4993
1373
6818
9152
5348
8917
6108
9972
230
9451
1340
311
8703
6571
3140
1277
7092
4599
2396
3478
7359
3635
1476
7049
5801
1602
6810
9947
390
1082
1755
3172
4673
8136
9120
3667
4651
3080
6343
1946
6964
8480
6825
3821
5106
3786
3083
6804
9736
4335
3444
8984
8355
7749
9008
1058
7972
9714
8052
8364
2130
2315
6322
9385
8150
7740
6259
918
2223
8200
8500
8967
6780
4242
9521
6950
7584
8849
1880
2801
4625
2739
7459
2822
3846
5026
4992
2482
5000
460
2608
4064
7354
9841
458
3441
5677
4932
2910
9874
4890
8327
2773
8686
9353
3018
4754
3498
6189
1744
3173
8240
7218
7496
1504
7309
241
5101
4548
7163
5656
9334
6881
9087
9331
5369
1638
213
4693
5998
728
4751
2482
7599
4756
4526
1661
8621
5229
7866
3834
2180
1519
3384
875
2502
7516
7031
5740
3509
3861
5547
4353
4370
5979
5031
8169
5711
3310
3233
3605
4596
4317
1912
1148
7940
6792
5169
4886
1701
1031
3885
5454
8369
6594
5139
2541
5043
2921
196
4121
2674
8757
2756
6376
9804
3467
2064
927
2517
5955
4013
9368
3864
5421
6897
2879
680
192
9394
502
5744
6979
7312
9521
8435
9344
5493
2927
2464
5750
5082
347
3899
3028
1776
8221
7460
7518
4005
5756
1163
3200
9309
2379
7057
1289
7690
4194
2705
6791
6107
3920
5336
2346
8931
9172
2992
7087
6997
6505
7370
1110
4638
4442
4296
78
1502
5893
7323
4321
641
436
3641
174
4812
3993
4050
6019
9837
5444
2447
645
5093
7516
7611
6340
7876
8724
7509
9123
3257
2514
5777
3808
1576
2713
6838
3241
6469
7013
1759
1712
4647
5440
3264
7601
6820
565
7349
8919
3717
5898
6482
1919
9740
4191
719
9025
2257
3323
763
972
1661
5945
1560
4667
8628
7417
5980
6037
1639
7558
2789
517
6557
7148
8974
9325
4670
7502
8217
1456
9647
6011
1032
9554
9665
8931
887
2818
2123
3167
8183
8733
3776
5497
3299
3690
2314
909
432
5570
8054
3779
8521
4029
3705
2322
306
8579
3731
6723
1862
4401
8911
206
7864
3167
6208
1681
6260
9806
3498
3512
1558
4586
563
2755
7159
6104
7338
4044
6342
1638
2622
5773
3581
2641
9569
932
239
4220
7961
9127
1455
3140
5389
660
9910
6388
527
9913
2876
5975
2093
5666
1531
6710
1751
2123
158
2021
6285
7169
3646
6459
998
709
3489
3957
4602
3190
8409
5069
6860
843
5020
4924
2733
1537
6225
5459
6438
1258
1898
4796
7553
8203
5814
6742
2794
4529
9869
764
3441
7126
4458
5738
6467
1569
8070
6739
2063
6088
9922
6864
1511
7307
1835
997
8361
7938
6173
7427
4252
8148
8001
7051
2206
6411
8448
8338
8345
8709
8252
4429
2
9263
9041
5586
2968
808
7401
2290
2821
5405
5573
4043
735
2774
7611
1327
5915
1147
4315
3522
4753
4246
1525
5442
3908
6737
8389
1441
1627
1225
576
1908
3917
9350
6947
3389
6400
1945
2555
9954
5240
4026
7993
4638
2071
9329
1644
7516
110
9880
7196
3394
1044
619
9410
4230
8531
6715
4521
9481
4191
5409
7417
7634
9031
3156
5752
7542
9138
2549
7358
3221
1502
6691
2666
7571
4773
1897
2224
7834
5388
6118
405
6140
4077
5047
1745
1466
7116
3343
9210
6137
1711
335
7444
1690
4539
5111
4206
9889
4012
2895
5510
5594
1079
985
9672
3333
8686
8698
2544
6660
5692
2500
8939
8388
310
2211
6388
6292
6258
9470
6625
633
4918
7788
7660
7753
331
572
6682
5767
1338
1840
2280
5895
6794
4490
8177
2439
9854
5462
645
1052
2328
698
1630
5234
8283
9567
5228
398
4447
5601
6311
3540
5031
4594
6360
5352
9190
5845
5770
312
2330
7596
1557
4982
8750
1166
1038
8156
312
253
6905
6781
2880
2470
8466
5573
6241
4783
5946
5155
5931
6834
9855
811
450
3691
6337
8093
7173
3238
3617
8427
6184
2163
1819
8912
7397
9257
3656
4458
6411
4182
8359
5398
3523
305
9911
7625
8246
6082
3985
7208
454
9306
8170
9582
5053
1509
3621
6308
9360
2268
4880
8842
3935
7681
2909
6896
7708
1524
2653
2145
8840
2313
2330
6586
1901
6047
5507
9556
5892
7975
7085
1210
300
2715
7748
3209
9980
2169
3708
238
8205
7295
6979
4156
1492
5386
2013
8793
5935
3072
3123
3244
1581
7081
1660
7434
5792
9419
7104
9044
6230
4962
2263
6390
7315
8684
8221
340
5832
4874
3378
9936
2282
4016
5323
4493
9579
2159
3133
5576
1066
3677
1062
674
3430
6905
6011
4869
9026
4155
3473
8227
2793
9458
7275
8556
6679
8669
320
4927
803
3559
4463
8471
1530
1632
7207
9293
2319
1633
9555
6445
7310
8451
8807
5488
7797
4587
1462
6579
4329
8668
2181
6743
7516
4657
1451
7138
4986
527
8129
2775
1624
1805
5168
3579
7310
2387
4090
9574
3860
4126
3697
9515
6971
3085
9769
9481
7505
5361
5892
7544
3434
5767
3811
8973
4100
7807
6072
9506
3524
965
1718
7373
4202
4509
8083
352
5388
3737
1369
2908
7960
1813
5046
7224
9317
5182
615
2943
4068
4769
9685
9661
7154
8860
4816
9243
7164
7908
7044
2022
1813
9606
2561
5622
7489
2774
6730
1215
6553
5142
6260
3502
8802
4599
7379
1301
8947
871
1654
4284
3789
6098
3701
6016
2281
3717
7666
2600
9521
6430
2678
2081
5388
3382
158
6445
8656
1989
905
5212
334
5340
9172
8832
7355
1834
8703
2842
7694
8823
8277
6378
7899
754
7886
2301
6199
5707
2348
5378
8571
6825
6334
31
8572
1748
1796
7952
4866
5261
1229
7908
3259
4953
3534
5093
2753
5632
2120
4401
1675
3745
9414
8289
6992
3708
127
8410
318
6800
2295
6064
7670
372
6547
4931
9962
8357
9515
7452
8282
4571
4612
4366
7181
6235
9994
2886
2392
7736
9326
9619
4916
6246
2966
1154
5723
5630
6123
8219
57
9713
3979
6596
8926
7075
4491
65
5100
4460
9561
7216
8942
2285
2838
7801
8851
1249
499
278
8190
3933
5670
701
692
3723
2178
629
7967
2488
6629
2639
2710
3524
7297
829
3542
945
4681
625
221
3774
2265
3230
4537
8087
7533
4354
1532
4072
7572
9251
9470
3597
2914
1223
2604
5614
2633
2723
7324
2057
4322
9640
8179
8250
3103
2554
9879
5067
229
6917
2354
9750
3363
3325
800
3262
3809
6616
3108
798
4861
3555
1579
860
5748
8847
1036
3641
4882
2684
9119
8512
8308
2303
6464
7356
853
8759
8206
7512
2018
9127
4032
1832
7625
9559
6903
4205
233
9632
4128
2828
876
6466
439
7606
1265
9187
5779
9718
8979
2828
4640
1171
8082
8933
1157
1173
6682
8599
8291
2724
5281
3740
8456
2111
5936
6067
1029
4672
2961
9259
5344
2582
5494
669
468
3350
9919
515
4686
1385
7029
6424
4895
2534
6632
727
7833
701
7591
378
1078
669
5218
6759
922
8076
9753
8789
4656
6484
2515
1096
4892
3763
2896
7784
2148
9907
3460
4467
6974
8838
9059
1283
8598
4084
8448
6092
9670
1624
6198
575
347
430
4486
8958
4519
9455
9860
8731
7995
8170
202
3089
3485
5629
1053
5564
4855
6002
76
1188
2528
1059
6206
1200
3420
9923
8245
876
7740
9050
4233
5609
6273
6770
4394
4607
5790
3901
5232
6068
1181
3942
6932
6762
8026
9778
3244
4630
3343
3964
6451
9231
5033
5411
1266
7782
4001
5646
4342
2975
5640
8407
4112
3352
3088
7292
5202
3698
7901
3542
4257
6715
7371
7688
6652
7545
2859
7201
3068
4967
4442
6296
8122
2945
1491
2643
2370
2561
4278
7647
1582
8266
5709
1637
262
9488
2151
310
8368
512
7682
7111
2653
5867
8761
7545
8276
4263
9749
6691
5563
493
1049
2014
4757
1180
2457
5451
2265
2658
5362
8041
4512
4211
7913
9793
8714
8518
6212
9479
7949
2783
6769
9240
1521
632
6501
4046
2527
8431
6860
7416
5275
9392
9384
8263
6138
3582
7604
422
8018
4497
1650
5586
5872
1921
3239
4058
2069
7606
2903
8873
2205
8875
8326
5817
4132
2840
1867
9050
6797
7074
9
305
138
2210
9213
8045
1810
2782
923
9935
9717
2117
5383
819
6740
4624
8224
2790
5540
3836
9828
7336
8067
2549
6929
2549
2454
5517
5193
944
5421
3044
9902
9805
9125
702
1113
8222
2135
352
2342
2043
3555
1088
34
2697
7167
3439
5014
2051
1583
5516
1373
7516
4796
4874
6804
8781
5402
8026
6048
8184
2755
6272
4022
3720
2340
9968
227
1713
2488
1632
9215
8069
310
2512
231
2642
438
2238
9844
7349
4113
863
1581
447
672
1773
9076
5000
7426
5790
2671
8935
6460
5174
7678
5031
6239
5112
4339
6931
3776
5533
7836
2289
5430
6620
368
9137
288
4928
7384
6600
4403
9550
2996
1052
2724
9655
749
1698
2067
6877
5748
1702
7636
6532
1341
7912
8096
5754
5495
5657
888
5696
6690
4764
1756
8144
3941
9648
5681
8296
5432
2216
1862
5105
9279
5660
3166
8119
7499
525
4336
1488
6155
4397
565
7420
4994
6920
5689
6312
9744
6164
475
1701
5741
4034
1140
9732
234
5712
631
7570
7341
9081
9520
1164
3972
914
855
1021
4480
7762
7039
6399
7306
9967
7877
3274
9155
2228
3694
9917
9976
3598
1374
5861
5982
665
2969
6996
5912
7388
7010
2681
9172
998
5644
5389
4628
5299
734
8597
4813
6551
7107
3054
601
4211
7312
8874
601
1117
5415
9001
6822
7332
6977
2440
4576
8826
8153
6438
5780
6077
9259
9285
6316
5124
9345
1336
9551
8278
5126
4208
7891
3339
2847
1943
7878
4776
2606
2229
1624
5179
170
1080
820
5220
1652
3380
6324
182
9618
8816
7398
9887
159
3877
8631
5432
6807
7266
7972
504
7053
2578
6361
8643
1659
1102
241
9654
5179
7228
6802
958
7963
7933
3827
7573
9433
1272
7960
2276
1702
251
8251
9793
7104
7213
1128
9734
9536
5940
473
4812
1831
9593
2482
8137
7434
2044
914
2404
4069
8178
5776
4302
2455
9819
2228
1538
8694
8756
3293
5173
2286
1864
9846
8931
300
628
6136
628
5753
7468
6166
7568
3996
3834
9048
7492
4420
6454
8842
3962
3627
2297
5312
2458
8392
2518
8219
11
8630
9134
5528
3548
7513
5080
9763
6204
8930
2935
6831
290
125
8648
6346
8440
1894
6390
1497
1930
7723
7977
5314
2613
5384
6815
4458
4872
6616
322
3501
5937
3170
6224
213
6588
8836
125
2048
281
9926
6529
1046
3847
4959
4610
2793
5694
2803
4301
5579
9171
7714
849
393
2874
612
8487
385
4727
9060
1326
8605
3294
4249
6986
9183
7759
7844
3814
3505
6912
3216
6285
6497
8327
6225
7644
4757
1651
2884
7990
6002
2643
1457
8916
6065
3258
4621
3796
8656
6434
3633
4540
1143
6944
4364
3568
7209
8377
5491
596
9480
4536
7637
8741
8513
6701
211
4679
9536
4869
9576
749
1446
5021
4891
4588
7683
4726
4014
1119
8092
1462
1968
259
678
4311
8009
6466
7969
255
5537
527
2786
7836
3930
1738
5098
4918
5778
6864
6027
5780
4461
3070
5745
7602
482
8277
1151
4456
1053
5466
5004
6728
2942
2436
8082
9927
1814
7381
9508
2777
6457
7622
6355
2850
5901
32
2178
1699
2042
5147
4390
9278
7638
8373
9413
1547
5613
8150
1273
7479
6243
4679
7230
5679
5942
7589
2784
7452
5627
5037
1556
29
8807
68
1031
802
1699
8887
5036
4298
4187
4097
8239
223
7693
7028
9709
8336
5503
8921
6126
3
8615
2100
5321
1160
4456
6658
7937
2198
8201
4951
7575
404
8305
9439
1666
2530
3847
5838
4455
3978
9054
3315
2634
6733
3179
8172
2933
7348
6225
2370
8894
9714
3449
8858
2656
106
7283
3207
9385
5865
904
9966
1942
3855
668
8776
3908
1665
7647
6480
5034
5765
9417
3412
726
5896
4833
2714
9474
4804
1989
6349
6141
8740
5409
4982
4267
4575
3884
2607
4897
4520
4080
8825
9532
2414
2591
6327
3033
9820
1489
5569
4835
7104
9288
8005
6557
2469
4101
5317
5640
7282
1478
398
76
3067
7053
7222
2671
6178
904
7936
6748
5989
4207
7733
9381
4824
154
3366
7792
7922
3069
6754
5895
5675
7256
1196
1825
8184
3592
5365
355
9426
9139
8688
3697
9342
8535
4675
4089
9582
6207
1198
4961
5943
2025
5189
5906
8801
2431
9715
9346
672
2908
3529
2677
4127
8907
5284
4404
935
527
5938
4699
6212
2282
7410
8070
9630
3895
4068
3017
8890
9049
3379
8275
7626
5092
5592
6670
6445
9744
4722
3966
1447
593
4535
1257
7206
3890
4688
229
5018
8301
8745
2556
2212
7479
3746
1736
3683
2964
667
8551
5889
3650
3570
1679
5270
3927
3655
3140
5375
2377
4257
1592
1019
6099
583
882
1740
9978
5595
1313
5827
7606
7230
1988
6946
3971
9634
7094
5478
9094
4232
6960
9497
8396
1414
4919
4530
5140
5366
4870
7215
7656
552
195
8522
8656
5659
5688
2889
4067
8581
3494
9101
7671
3123
3994
1061
3915
2389
1763
1763
1563
2293
6134
6766
5294
3025
936
1052
6593
4864
7869
3744
7255
1565
8172
2518
3782
70
9995
9803
1824
5929
6009
391
2103
6754
1581
4137
6846
4969
7972
4036
365
4116
2373
158
8763
7686
6705
2178
3612
9892
3266
8712
9694
5119
789
6927
9163
9149
8664
6071
3479
4290
2160
2136
4538
7303
3493
2695
929
1767
4818
8948
1323
3108
2784
1127
3882
2880
4217
4102
3896
8069
4552
9769
