9617
6392
9966
8770
4460
6443
1275
4193
4984
4857
9508
6948
7995
4932
194
7670
3964
3959
2487
6462
4354
4517
1698
6594
332
9319
3939
4853
472
3029
1785
8025
4728
768
9282
6932
6598
6460
2375
8070
4206
4153
8415
1628
7558
8663
2179
6867
5834
8175
7504
3644
7179
4922
173
2263
7271
8454
8446
8598
8047
7135
1802
3688
4814
9655
8169
8246
721
4393
5337
3612
388
5432
3715
504
7346
8531
4397
6597
4468
2517
1585
4059
9266
7823
4645
1306
6130
981
6480
1534
8848
5987
3784
5884
9170
7537
5848
9557
3318
4414
5948
4076
5898
1669
1112
5704
9541
1853
3999
4601
6854
5248
8253
3757
3742
298
4893
9895
1298
9525
4843
6201
1199
9166
6347
9153
5364
2924
7979
3158
4716
4695
6215
597
8707
7277
925
1326
6331
5956
1032
8764
7241
333
2584
8373
4064
2123
754
9083
1001
9724
5749
2731
5885
1793
9689
9694
545
2451
6322
3002
6085
1390
6568
9838
7201
3815
1072
7159
1909
3007
6276
6346
5284
5469
7383
5438
1626
9933
3847
4425
6342
6240
4578
2562
542
1357
7327
5199
9859
759
6266
5854
2220
2489
3319
7305
5386
3711
1382
7143
4437
4834
2725
5480
5953
1705
5936
3660
7352
8498
5772
1956
3488
3182
611
8284
4934
7668
9319
1298
8622
7971
7457
4387
660
8578
2156
7646
3281
9581
4056
8592
7497
3080
8304
9933
939
5427
9334
4483
2379
3233
7183
1548
8903
505
3428
1295
3089
4924
6840
1578
1657
5552
3503
7532
8306
2881
5009
5314
6891
6663
5152
338
2479
914
6136
5158
9403
4735
7912
9667
1712
7750
2997
1595
7018
9610
37
1856
3805
9636
2367
1516
5962
8885
9310
5450
3415
8217
3007
2399
9695
2552
6340
3794
7245
5241
384
579
5445
869
5910
8302
5054
9134
7425
4921
651
3097
9357
9526
10000
1399
8307
4133
3987
6985
1814
4248
1873
7984
3904
634
298
224
4162
2423
722
1728
143
466
2916
8893
4239
1305
2487
2671
347
1274
3001
4217
5432
6560
2115
2340
9320
3355
2795
675
7234
7172
9109
388
4685
8256
4065
6197
2897
5105
869
8380
2123
500
9344
6509
2626
9769
2394
9196
9603
3829
7965
9268
8563
1353
2708
1151
3820
4984
6463
8432
1928
5904
2651
4811
3036
339
6161
1890
7481
7707
977
5669
5443
1939
4894
6759
5905
3273
3136
7150
5949
9616
4799
9239
3114
3473
3113
4849
7313
8391
6245
6680
9160
1124
6121
3293
6494
5506
5290
9857
9313
2674
8145
8134
606
2227
23
4093
4236
1843
6650
7798
1382
6005
5881
541
3059
3162
9511
578
6604
5704
66
471
5663
1394
9209
2291
4957
8067
4214
8864
6766
2690
7586
6417
1154
3349
1908
9191
2956
568
7438
6311
202
3239
3352
3554
4117
3880
7418
8105
6316
5699
4485
8756
7152
3975
2095
889
644
6958
573
7173
6648
3953
5908
7549
2519
489
6083
5575
738
1196
7861
6648
1790
4561
8763
3100
3925
2107
2546
1571
9716
5489
4608
5023
1220
2045
6999
7751
4589
5662
5232
3693
4534
2643
2638
4921
4501
6689
4498
823
8777
7256
1192
8912
9535
1102
7736
7586
9332
4318
3599
9221
1214
5447
1299
6614
2646
5291
2552
9877
227
1677
3170
8518
2719
5571
9713
1200
3677
6106
9059
2685
8203
8685
545
3089
9790
2597
2366
8273
3554
7698
7677
7041
1021
3310
1123
2178
4204
5622
9701
2965
9668
4956
3457
4847
2688
9774
7756
65
9824
9606
497
9980
2167
5228
1741
6771
7944
1667
4617
6151
7124
8250
9821
4703
6755
8615
9123
5794
8731
3731
7161
5325
1533
5553
665
5345
779
7840
8966
2770
6340
777
6397
8607
1642
4336
5818
5552
793
7529
9455
9460
2866
8965
5871
1940
4083
5214
6696
5308
3643
3203
5780
7688
9425
8374
3348
5964
4553
5984
643
7972
2741
6075
3848
9850
8775
3381
9943
5434
936
5679
6870
7224
1717
8507
8590
8124
3131
6426
6377
5229
1131
6496
4927
6063
10000
7064
7610
6013
4000
9896
5119
9618
5112
3976
2639
8313
3153
3553
8700
3198
6693
3842
8688
3793
2622
8630
7238
1796
4972
4131
5365
4766
9367
4104
2606
3825
8461
6915
8804
4888
3876
1622
9887
5111
8710
7385
92
1317
5691
4364
5538
7376
7588
4235
4588
7822
1027
4367
5151
3011
417
2500
5308
8356
9707
5242
8018
6617
5846
8897
1058
3503
1801
5893
2018
7298
418
718
1029
4094
263
9028
4739
4774
9014
5349
4760
7145
8922
672
5570
5048
6920
4634
2521
9288
5757
8928
258
8122
540
5471
1903
7061
3090
3925
8039
3178
1341
4734
6751
6074
4946
6159
2650
2244
8907
2526
711
2355
8488
9930
1512
8481
9629
7657
9478
9803
7900
5111
2267
2048
9128
9572
6611
5479
4716
9251
3424
5120
7688
2183
21
1937
9220
3201
8029
721
4244
2321
1886
1351
1378
9229
3535
5455
8250
1817
7865
9866
4164
4360
9547
3445
3997
595
2325
3163
3155
6264
503
9616
5150
1080
775
7547
1351
4068
4747
4367
9349
734
4827
4651
5688
9029
2139
2635
2625
6989
9541
3199
7396
1966
2381
4804
4985
4844
4089
3033
318
4429
9056
3464
1033
2628
8068
2693
3953
3044
7012
8806
6362
4746
2236
4144
4954
5757
7036
4366
6818
2643
8232
5744
9113
8157
4569
4451
2722
8494
6855
4208
3767
5811
7679
7694
7610
4453
4809
6305
3996
9372
9992
4379
878
7997
773
2023
4413
2495
8649
6702
5293
744
1119
8881
5714
7941
2875
9153
508
4600
5611
7997
3236
2440
439
1097
591
2560
7930
2378
6751
3512
1977
3926
8988
6241
3056
9438
6150
2357
5156
6862
3012
1337
4967
6265
8054
6263
9024
7917
7719
3520
6603
2705
1250
3753
3384
3991
9798
5509
9870
8348
4652
503
5320
7151
2307
8861
4356
7039
682
8952
2077
4096
5945
4249
9026
3511
5446
2124
5057
7732
4055
4395
4305
5412
2562
4422
9450
8375
144
8703
3764
2130
1867
7038
6603
3359
5337
9264
7124
6000
6284
5125
7093
9781
9329
5419
4209
2968
5584
527
5386
1625
2396
5683
1914
8724
6489
6280
5238
1094
62
5478
6424
3042
6850
7903
1345
4394
142
3185
5890
9136
4346
633
2150
4536
7931
4882
3545
9969
1929
1374
2512
426
2171
8021
5559
3689
700
9370
4084
4582
9077
8242
3277
7202
3517
5524
7063
1753
1692
8860
7195
8046
3572
2007
6821
4265
4885
8210
8413
1489
3312
4085
1050
2421
1493
6082
2603
9227
148
6854
5117
951
9816
8167
3865
8861
2615
9869
8605
6718
4349
1942
3534
9188
4583
9521
5959
5652
5239
3675
7888
1524
8938
5730
5465
8934
8579
6693
8440
8465
7473
8992
6727
5291
8328
4799
8208
4420
8541
2683
7405
8135
2340
1026
2363
4803
67
6525
2518
8207
3993
2749
984
6127
2536
6899
8750
3375
6799
2490
3199
6351
2228
5543
8401
1983
1196
9077
5066
7196
3731
1209
2785
5068
6035
4363
2711
4017
4374
4929
447
6833
7013
5508
8499
1640
1426
8463
1073
7991
3846
6657
500
7759
5451
1492
7641
8018
2136
4524
1970
5994
1772
2935
8986
1344
9643
1706
2931
4425
7804
1253
6958
5579
2903
375
8521
6027
756
9838
4881
1528
1680
1885
7092
7209
5117
676
2113
1863
8559
9366
6523
6690
396
6941
4962
4766
2529
8069
7694
3855
9012
3628
5730
1534
346
8903
9722
3160
1922
645
1937
1091
7523
4993
6551
2041
5235
6074
263
1066
58
3840
891
8843
1677
1787
9699
1126
1407
9826
5635
6806
7206
6213
242
2415
3053
2459
2471
8982
4976
8348
1227
8342
4903
988
7698
1322
3379
7603
6816
441
451
6080
7784
6081
7422
9407
4053
598
7906
2507
4535
9035
8175
7695
4868
2880
3386
7935
7486
1624
96
6549
9941
7782
4927
8417
4836
1400
9173
6743
3000
9898
7971
2264
5990
205
6569
4895
3373
306
9541
4372
8787
7363
7374
8507
4519
502
2509
7114
5943
5250
8888
2220
4913
6508
6767
756
9992
4606
3883
7787
7712
6684
3100
1259
3455
8377
4240
4365
8627
8802
3137
9370
1271
2753
8294
8077
1034
6581
6194
8372
5897
3121
6709
7257
136
4739
5592
5135
7894
5795
4715
1945
6646
4870
1425
4793
7149
5416
2588
8974
489
6962
4814
7566
3677
7134
7902
6105
9846
9181
4961
6043
9441
3198
4865
5236
332
8691
2177
8624
6
3157
382
4578
4622
8369
1305
3885
2240
2700
5885
2075
4082
4535
1982
7879
8913
2713
5284
5821
507
7583
5607
6262
867
4474
5658
5270
142
9368
5417
5388
4827
9157
4626
6780
742
7592
9225
4886
5092
8419
8948
1196
3062
1252
2672
4194
9288
4347
5492
2078
6796
6197
9139
1614
1788
2161
8910
2417
9768
4345
9220
2242
9318
9684
9999
9506
8918
2451
8126
1000
9068
2409
3402
1494
598
3942
7742
3859
9030
3107
9177
4469
5832
4827
7637
5738
4320
2471
1018
4063
8275
6429
4773
1464
7254
7511
9612
5649
4794
7985
4162
9830
9682
7638
3183
9315
7705
3811
261
7827
487
2476
7703
2414
5371
52
3209
7388
1033
1345
4098
9556
9512
2430
7416
8429
8149
9299
5702
8444
6512
2150
2410
1869
4672
5734
2370
9050
5591
9215
3625
2664
9075
7962
5374
1064
2589
6600
7196
1749
7255
9057
6474
1793
2577
2921
4234
191
482
8877
3963
1752
9873
9393
8354
862
9930
2313
8193
6520
801
7200
7973
6784
8574
7887
8503
8349
7258
4606
7197
248
3489
7490
9627
2862
7145
4651
8490
6560
3272
807
3079
9037
4385
4102
6345
3195
572
852
5972
3574
3671
2371
2893
8153
8664
8266
8894
1516
4211
3036
3958
5898
6842
1377
7106
6895
2040
2913
4282
1853
2169
9217
418
5227
9591
260
1361
1472
6267
5122
4680
6926
5169
2183
9045
3774
44
5280
898
9460
8768
4123
5186
5723
7651
2215
3455
4497
5042
9328
8726
9922
2637
2500
7333
6902
196
5591
6207
8483
312
94
8747
9456
7206
6598
3804
1689
7286
1623
7570
2452
3491
719
4646
7813
7827
7147
4847
1561
2671
6204
3278
4026
3237
5972
6887
4238
8388
6190
3519
3368
4146
9931
9587
1000
9536
258
8943
9806
3607
5368
4429
4914
7537
9684
5899
8707
1477
7830
4017
2730
7813
1316
7174
9399
436
3796
5301
36
4666
5158
5550
2829
9526
6527
1934
4265
5007
9549
7503
4123
4013
2923
7361
375
5476
6244
1659
5349
38
5227
6466
2294
4534
8625
6669
7674
5327
3997
7026
9148
1513
1398
3486
5599
4637
6020
4756
6767
8424
5141
7125
646
2616
3234
6260
9343
8394
4892
9027
9834
364
9443
2681
4436
1244
9794
1005
5748
942
2750
3344
227
9711
3715
4111
7301
5957
4123
8468
5023
6874
8241
4677
5967
6583
6104
4310
540
4342
1648
1239
7020
4975
7037
6942
7561
3065
2148
2231
4337
9703
7172
5593
2834
4164
875
7056
3721
4314
5090
9547
2794
4986
9140
8007
7400
2843
124
2148
8256
9304
1974
2801
5171
2865
3539
279
3064
8873
4083
4278
351
3273
1770
2511
891
1304
6874
5391
2975
5961
7214
5713
2152
4826
9747
7358
7244
5199
6933
3447
7864
9599
2594
9439
5026
5853
5833
4221
7923
5010
8423
42
2721
9434
8820
3544
5470
2151
5264
8097
8816
7977
7862
7761
9200
2179
1299
4117
4329
7838
4146
4624
2200
3079
6048
9702
2700
951
4965
7853
7450
1668
2788
6602
9192
95
4772
8085
5080
8684
6920
4737
9181
1610
5316
2251
2607
6395
9618
5855
6719
9337
2802
4896
872
7081
9495
4030
1471
3202
2563
4305
2343
525
226
8561
4223
1357
1656
3190
434
1727
7582
9941
4157
6002
5967
5511
9875
6679
2244
5249
3476
3865
9856
8439
1977
7510
5676
4397
5184
7579
9128
8863
7471
309
1287
7549
68
8059
5712
9969
7589
3406
6716
9594
137
8599
5311
8258
7734
1511
6933
565
6462
1536
7800
372
5502
1050
9054
1044
5059
518
1112
4534
6864
5590
4550
6635
9162
6957
6309
7856
2690
3108
6646
6967
656
4917
3867
1428
7822
3541
2180
2170
1754
4770
4569
1006
64
661
8088
9477
6015
5275
6887
626
7828
1064
2945
1857
1971
7909
5572
9586
1922
7949
2707
3622
5537
1193
6047
6905
3799
827
9485
7669
8356
7428
8495
7806
1054
6486
8521
7115
1056
1596
7784
7610
7712
1747
2857
3974
711
8943
4502
7601
7152
6324
9831
8855
4367
1638
9877
1826
8562
4105
2945
4513
9642
8830
5481
3271
3971
3740
9086
6884
4775
5738
4242
975
9394
7984
796
9480
3284
546
4715
1704
5799
5115
9381
3378
1069
5216
3274
7530
5390
7380
8611
1325
7111
5882
361
9741
7308
7534
3915
7659
44
7712
926
6020
4094
4426
4358
8572
9397
9827
3295
3224
3856
1602
4155
1665
7814
9060
6586
8018
1769
7241
1705
5997
5503
1838
9964
7571
7866
1188
4058
7738
7550
6415
7082
7503
2805
1103
7994
2221
4738
5749
4344
6553
7465
5300
8403
1722
9668
9189
4956
486
7585
6404
8910
4078
1638
6546
5238
9324
5283
1210
9276
9180
7406
9732
3965
8595
8065
8819
4114
5737
6581
1357
4953
1123
8179
6133
6256
981
85
6355
8105
5656
103
7557
7848
2348
8466
7690
3713
8673
9542
1996
7484
2434
3081
8004
9614
8620
6498
7685
5125
6087
2454
9904
4269
1703
3882
9085
6331
586
7613
4193
4262
4591
403
2349
280
9164
4766
8023
7164
5850
3255
7547
5454
5919
4482
2392
8595
4871
5944
1575
7819
1229
6898
1320
6884
9500
4801
5363
9041
2128
2303
3282
6230
6493
203
8768
8113
6752
9367
3017
3694
5458
6539
6863
7318
9544
7376
6795
9570
205
4445
7912
2576
6068
4544
6927
5747
9791
454
5602
9995
3684
994
6793
6201
4720
9768
2964
3189
5963
332
1325
6767
7586
7894
1082
598
1699
223
1779
4307
5467
7536
6246
1833
3268
3347
7763
7518
8888
182
6988
9371
2672
2741
5368
4966
8115
4403
9598
7445
2175
4673
4966
581
1938
1213
36
4902
6591
5136
7691
4149
3661
4802
5544
3288
8461
1923
9310
6243
8817
5795
8917
4419
3192
9438
651
5281
1363
7085
7447
248
6484
213
8517
7591
1489
430
1518
1521
292
2344
341
6511
3254
7778
9220
3005
664
6324
7539
8377
8030
9924
7228
3550
3805
6123
5353
1996
4400
2225
878
6533
4317
2035
4884
7828
262
5351
6900
2581
7143
7766
3671
523
154
7554
2138
9140
4474
8212
6470
1051
6382
6771
9353
5877
7786
8659
5112
7947
3013
6934
3402
5149
787
7196
111
6486
974
3154
8881
5095
9798
3134
3115
9639
1057
2222
5199
1798
7357
1030
9029
3678
8153
9589
1760
6629
5837
4522
9772
3677
4404
6222
2287
9675
5927
5881
8293
3445
3581
4260
4501
6187
9333
3231
1066
503
5438
5068
7360
282
6411
4460
7036
1395
4869
568
7279
447
694
8136
9841
2665
3707
3693
1551
4280
1439
1697
6365
835
9325
7134
7421
6453
9298
5990
6565
597
8863
4011
2058
4860
2214
5535
1972
4518
7780
371
695
7156
1149
2316
6891
9026
3406
409
7112
4976
9415
387
9475
5241
3328
9758
7961
769
1029
373
7464
7061
3307
2513
2331
977
5436
2379
4758
9202
4716
452
8408
3506
6974
1650
6962
8516
6144
3763
2748
4702
5588
4197
9774
2196
1838
6859
8183
9953
8394
1468
1164
7353
380
6250
6675
2486
1048
2137
4599
1867
2442
9240
258
5237
9528
8163
1274
6578
2307
6394
2736
8183
7328
7552
2628
9512
8007
546
983
1940
1568
5558
3353
5114
4152
1033
8408
8501
7174
7599
6614
741
5533
7257
6568
9312
7052
7412
249
692
4665
21
2871
4586
7046
6321
5336
6250
6586
2095
7681
4857
6542
5789
2795
5711
3308
4847
5068
8117
6932
1070
7452
4410
1507
1544
7142
436
9759
9696
9543
9339
8368
6390
150
5989
2566
5826
1560
5710
6274
1477
7282
7860
4523
9446
4749
7061
5366
9524
937
4558
7327
3103
2505
7067
807
9234
7580
7983
5807
1462
8842
8489
7253
6401
6664
1193
5089
8870
431
3032
9660
9573
5317
7446
3673
2023
5219
9311
7715
5747
7092
7448
940
7164
5921
2487
5585
5600
8777
2383
8107
1961
4906
5288
2703
3086
5934
3477
6971
1010
3913
1796
7692
1026
9056
5251
6446
6842
8471
3395
8965
7837
5833
1555
6711
1706
8156
2395
2389
6948
7224
6719
1939
7167
1824
5598
6246
6555
4249
6652
5557
9044
3551
6660
1507
2176
7771
3952
5967
2795
7962
1574
991
5991
5175
5608
2608
2283
9946
1920
32
2058
711
4923
2848
8120
7558
8085
746
9727
6069
5791
3320
9348
2189
1718
5920
68
9921
8185
418
7579
3749
2269
1172
1954
6491
5893
9885
7643
6605
3664
143
323
2338
5272
444
669
1951
2701
5115
2434
9991
6269
2555
5347
8001
4054
1433
1012
9502
698
1613
5952
5398
2606
1395
2069
2123
4029
9413
9033
217
6345
4922
3107
656
5338
8375
320
7254
9086
5539
15
4168
5339
5807
2361
3745
2912
5467
1770
7602
6531
2260
6141
4956
166
4251
9228
4862
8726
3384
4573
2458
7484
8708
7477
9155
6044
5813
1536
8809
9213
7875
9465
4018
832
5342
1931
8737
992
2103
2002
9952
9576
2112
5102
8315
8756
2141
5261
4112
5872
4470
9934
3654
7061
1416
419
2559
9249
2410
2734
8838
3684
5249
961
3225
6035
2334
8519
379
4115
3860
4157
7149
7368
8339
6429
8037
8230
4480
2542
5838
5014
1244
2928
4757
8731
8480
2234
4842
1642
567
2918
1045
5939
8105
8222
281
9484
9109
6865
1939
1310
9653
3141
5812
290
3604
9689
2316
8178
5968
2103
8580
8298
1694
3066
8187
5401
3275
7154
5989
1927
7318
8051
9938
5498
3381
7441
5965
2459
6535
5770
3443
2271
1539
8425
4274
3869
8588
8162
2463
1707
4286
7331
134
895
2416
2091
598
5007
6629
192
1171
6752
6668
2782
9045
119
8555
9058
900
8635
5490
9061
7064
3703
4974
2570
6698
8683
6685
2234
6826
2980
433
29
9690
6863
616
7871
2339
5862
4740
8885
8836
9064
1824
8436
9966
5324
2244
4217
7893
3424
2533
1843
8998
1278
3165
6985
9193
1162
2925
5391
8986
6473
2911
79
3889
5431
4387
1403
2625
810
6984
2453
6492
8778
2667
1818
7046
5551
2180
5277
2475
4365
7799
4909
857
680
1787
9791
6825
1086
9827
7824
9293
9945
1271
7471
6401
1080
4099
4538
3782
1921
5773
6768
4384
5715
5613
9134
6736
361
3639
421
4932
9117
7385
7168
8114
9040
4774
7359
8361
2221
5283
7718
5158
9120
2228
3663
6868
9765
5829
918
4610
722
785
5942
6816
870
2618
1859
444
651
7386
8962
9393
2597
5368
2105
8612
6619
7876
7193
2723
1719
6540
6127
2270
2519
5540
7273
4245
1724
6326
4916
1638
1186
5522
4614
6575
5559
718
9006
9005
7305
3773
8079
8393
8478
1757
6026
3611
2489
7462
6343
641
5126
1903
8595
3107
3425
9028
1577
1742
2635
4911
3493
101
8953
2644
8100
7177
5114
5352
4246
9143
5130
4845
1154
7807
693
9119
2429
3183
2675
6828
9325
6342
402
5548
2722
9780
6922
8247
9709
1449
7245
1736
785
2306
5624
6503
4961
1777
3738
3269
5205
8380
4856
7660
1729
2199
1678
4410
852
9317
6407
5175
7081
9773
9729
6959
3360
3928
9080
5867
5943
4350
5607
3167
6606
131
5393
8559
2175
475
7538
2902
4255
913
1244
4884
1409
8510
6909
9469
5577
7900
5646
4126
2544
8867
9937
3640
6797
6540
1505
2292
1361
8039
463
4177
8102
7804
7903
2267
1494
8020
4347
6494
5710
5830
7062
5282
1951
8210
7941
4031
7966
2621
2045
1226
6110
5409
5786
2835
466
2710
2674
3785
4450
3233
9288
8680
2689
5818
5596
8608
7882
6034
4162
3107
6273
9103
6182
3003
12
2535
780
9350
1420
8679
6074
5814
3064
9900
7841
2785
2169
7452
167
8764
121
941
1584
376
1361
3895
7812
5579
4714
7484
9736
6401
1354
1037
5128
9850
8723
9118
2798
4338
2507
7119
352
1872
4248
6426
8965
9137
7235
6088
2086
9924
5700
8279
5227
2952
7485
2488
8399
2447
5415
7665
4224
9850
6228
7698
3633
4667
2302
7046
4706
9749
3841
9557
1934
2894
9957
4189
4040
4534
1897
9353
7000
3215
7404
2738
1593
5875
2237
6233
1286
6906
9128
9241
268
2168
898
4249
7980
5987
399
9365
4290
6106
9690
9907
3527
5991
4841
4698
4710
8193
8323
2024
3885
3067
9004
1436
8343
6469
7988
1672
3321
8704
2370
680
7802
9922
2854
3033
2154
3024
4935
8933
9280
744
1386
7183
3441
231
386
3934
4393
2109
1621
2789
6443
5399
2823
5078
7956
1020
4709
6843
2915
5443
8078
839
6434
1378
8853
6308
2947
1215
3144
669
747
4884
5663
2093
5958
8276
580
6227
4416
5597
6312
3237
4535
8122
7380
8449
6610
9401
6511
5907
7226
1731
2853
4400
4381
294
9306
7137
9983
3178
1006
5126
7513
2995
353
5790
1928
6612
9557
2632
4961
9817
3866
5110
271
1332
5446
8191
4936
9135
947
3612
4237
5651
2618
6899
8492
7309
7775
898
586
8160
4333
5661
745
5742
4218
1309
8034
244
7082
624
536
5967
1398
2257
4597
5051
3303
2125
1768
8073
6989
7897
3318
3585
9094
8077
4215
3431
7458
18
3718
1623
5281
7911
2254
9695
2721
22
1613
8575
4621
5751
5660
8865
750
9508
1426
3430
7657
3878
9106
9428
3215
8219
6816
7160
8649
4788
129
4566
6319
644
7147
576
4339
7396
7404
7203
841
3561
8599
9541
6563
9538
5874
8740
381
8562
7710
9035
3384
6352
7375
2583
2394
6091
7582
6215
4030
8904
3380
3179
8903
9436
6927
9961
1368
5400
7585
3582
9614
9366
9475
6663
4220
2080
7573
680
8717
5029
3975
274
7081
9919
6435
3423
5601
5171
7489
2590
4486
2571
6695
847
3126
9804
6289
2979
3914
7054
1750
8476
6898
7204
1096
1207
3266
9897
9957
5510
8003
5101
125
8605
3741
2544
5171
4701
116
2169
405
8351
42
1984
455
4135
7402
6358
9550
5124
1819
4149
8561
6125
3981
2452
8621
9670
8135
8251
4347
4221
8267
711
3697
825
9624
1812
1666
2651
6999
8320
7811
2559
521
94
8669
9719
4070
9298
704
5859
6973
1201
5040
9491
2457
307
7972
2025
479
341
8147
5560
3972
3550
8933
3351
9340
9168
6342
1460
2806
8390
5990
8392
6579
7593
7328
5825
353
6750
9496
9376
4587
3649
137
8473
3214
9115
5066
650
9207
3259
3298
1785
7377
1785
3839
1106
6405
6889
6128
2730
534
8643
8630
6314
7686
4179
4172
2112
2949
617
8215
9088
8840
7065
8159
1865
6566
89
633
1917
5446
1754
1717
5918
3611
2806
618
6043
9585
793
2924
6166
7579
18
8849
6123
6036
3617
4957
8042
9969
6115
1784
5238
6703
1050
2589
2249
1213
6324
3363
6936
6891
4499
591
5054
6018
479
3171
1294
3894
884
5052
9142
1054
3734
9436
1122
1143
2578
6378
5195
3809
688
8972
7631
1704
2769
4929
7868
2854
8279
7485
711
2354
485
9539
6950
247
9875
544
4819
2640
9494
951
3995
7639
2309
3145
8312
6875
9889
1186
7030
7132
9205
4144
1637
7890
6086
4991
1085
1499
4201
273
2005
1053
6996
5210
2197
93
1214
3306
6386
6148
9050
3459
6910
446
6756
7710
7183
2757
3769
4919
9653
7707
7074
251
5645
5665
6193
3245
8869
3788
6778
7518
7111
7191
6133
5613
2275
3903
9469
8530
4113
3226
5412
290
8536
6663
5550
5119
6372
876
6452
2075
1155
1143
5390
2084
9647
9428
6338
2500
6760
1176
2885
2456
7657
3244
7153
3384
1137
6906
3752
1139
4799
9017
9055
9047
1288
1820
8695
8124
6718
1069
3545
9719
1005
2930
8885
8436
8640
7439
8857
1918
8294
2788
418
1960
7307
5940
1827
5248
7594
776
255
4425
1474
1294
9625
1826
729
429
2089
8032
8553
7296
2235
7667
3240
5016
157
9184
9322
164
7039
1589
8150
8212
9600
2532
7817
9225
3797
6245
7417
1933
5809
3715
3355
5150
1739
3887
5357
2900
8941
4587
9202
834
9836
4260
4202
4733
5924
5906
1006
9057
9729
8872
9489
2069
7869
9106
7999
5486
332
5122
4102
7460
9563
8098
9521
6081
4291
8433
9849
3293
8905
4394
101
5951
2203
2441
2617
175
9804
5396
413
9960
697
6874
700
5825
2781
4233
1447
8513
4531
4827
587
894
4780
4632
8306
2201
5439
8413
216
7889
6282
9342
3523
7176
8648
5643
6682
5838
6675
9694
6284
737
9558
9069
4799
7798
5032
6399
3709
382
3592
7168
1021
4579
8420
4690
8696
4769
9086
3554
6492
7115
6154
7964
999
9846
3702
4856
4220
6647
8563
7846
4056
3293
8497
6899
9799
543
5870
2090
7865
8125
2827
4605
4213
8797
5765
7746
7029
1813
4054
7739
6952
1050
5108
885
2720
9636
9332
9795
5541
6047
4735
6115
1125
2206
6884
9131
360
9866
3002
9248
3474
2245
3699
9059
6793
5013
8419
5757
7887
4228
8375
9756
358
3368
3655
8487
5800
8571
4497
7930
8713
1022
6747
7544
6010
532
8333
6561
2642
6348
2991
5065
952
2645
8790
3681
9919
9776
9329
7086
745
2297
6442
3961
2817
4940
4115
7102
6819
6756
3893
4410
8025
2646
6875
9569
8976
8711
409
6271
8253
7346
2091
5392
6588
2448
8131
3902
1946
1791
581
579
8952
3194
1084
1567
8034
8539
6316
1688
444
169
4737
1574
7300
5783
6735
9780
8710
8472
3969
3490
4353
6127
5513
145
4625
6252
6167
8109
1672
3997
2501
3084
2275
290
1894
8638
149
484
3797
1535
8829
2823
5848
3709
4657
3037
9812
465
4746
7877
2697
6453
30
3441
7653
4611
3694
5960
2189
6959
7218
9008
3733
6699
7738
2036
7422
1257
8921
7663
8074
5858
3024
9245
5416
6992
8703
8509
2916
2504
7483
1591
6803
4853
5397
4041
3999
4143
8581
5959
7357
2346
692
9333
4981
233
6956
8791
1367
5632
6616
1024
6921
5951
6204
7780
4705
3653
7608
9107
420
9331
3862
3302
1080
5207
117
8702
3997
9532
9395
7678
5938
3852
6162
5125
4053
6456
2752
7319
2015
614
5128
2675
4727
7297
4351
4464
5134
4047
4675
7456
4740
8193
1966
5733
545
4092
2916
5132
6977
6208
3786
3837
8892
307
4991
4439
1918
8805
1779
6675
9257
2299
2171
7398
8121
4335
8209
1323
1216
2721
9357
6370
5800
7155
5619
8327
9032
2700
5762
434
2998
6380
6213
8582
5184
8949
1101
7054
6195
2719
8858
6978
2439
7649
7259
425
7367
2184
390
9491
4220
6257
484
1278
445
6751
2249
3734
7087
6336
4117
9066
6047
4548
3803
1820
6150
1993
8512
5386
1708
750
6161
7271
7658
4050
5540
5958
6289
9178
4716
8433
5420
3178
9500
8924
3663
1247
3594
8842
1798
2823
4998
2218
3972
3464
1134
7626
6983
1262
2802
3961
6865
456
421
3946
6225
4797
2549
5256
1543
1489
8487
6946
3098
4009
939
1583
7153
1479
8642
8039
6169
2644
7800
46
723
3884
1846
4470
7612
8109
3422
4739
8634
4838
4176
9301
6940
7147
5020
9278
1539
9442
1481
5032
970
5422
8907
3225
2011
1286
3511
4577
7750
1453
831
7484
2862
3129
1633
7563
3582
1294
1139
8640
5147
4384
4305
8901
3900
424
3557
4920
8781
7629
7389
591
7308
6336
5787
9783
8377
8980
9245
3653
7829
8279
8784
5290
168
3531
5001
7577
7876
7128
7620
866
2404
3189
2821
1622
1380
8608
2856
623
4436
7133
8181
7236
2259
4374
5546
3414
1980
2814
8835
5726
4957
2524
8760
2285
3234
698
7630
5244
8687
2246
6508
1448
2454
5125
2543
3850
2811
282
8984
6971
2091
6259
656
2247
7424
3088
5946
2710
6292
4287
7603
8718
3577
3086
3131
2373
9460
2941
3023
2065
9597
8368
9370
4776
3725
8331
5763
8748
1165
7453
3387
3591
8488
9733
2384
3754
7965
1279
7732
1792
1547
3256
7431
2272
4025
6742
9427
5173
8877
5305
6105
764
1960
5391
3415
2390
3678
3538
889
4941
2582
5016
8166
4492
8010
8909
8653
9926
6760
8235
9354
7527
2378
6570
2702
4542
221
2602
6894
9812
6164
3112
5642
2557
1141
5737
8112
2440
2765
4335
7900
1453
1403
6372
9292
248
7037
2580
5275
2782
7496
6549
1343
7408
6218
7427
3720
7836
4954
6343
2148
2291
9682
1716
8990
8333
8432
4638
9447
1902
6954
9956
7992
389
9072
8637
1283
2063
3511
3367
7694
6796
9693
530
8048
7061
2929
4841
400
3561
3116
4716
8988
536
1025
9781
9276
5269
8160
8922
3690
8510
3615
2389
381
5701
1256
9472
3238
9276
4918
3471
4188
157
2326
7740
7498
6078
4828
8219
2880
5534
1375
4325
7682
8186
7818
6397
5276
946
4860
7276
6065
3276
344
8172
6256
2832
6442
1781
5578
4035
56
388
1405
5013
387
9637
8066
6522
5421
9604
9162
2754
2420
2822
3938
5979
4001
875
5672
5174
1434
5779
5236
6605
2367
6404
3471
5814
4586
3560
9890
408
8224
1399
1616
7117
493
4605
2134
7772
2189
7217
8485
4843
9408
9463
2913
7488
2271
2
5457
8548
1818
1278
2585
8040
7579
6108
4882
5362
3682
2859
7694
9759
2386
1874
8659
3430
9288
3835
8999
5834
8957
5191
3933
1671
9447
3347
9822
6962
2958
7359
2439
7363
2875
9532
5962
2032
4903
8314
8268
6847
5560
9258
2994
856
783
4536
6122
1709
8208
7384
6534
4650
3581
3508
776
8417
1107
6044
6221
1965
5318
5778
3722
6917
4695
8696
7645
3034
6592
3932
578
9468
8068
3304
7119
5453
5856
8315
7523
6001
5970
607
9621
4578
2552
733
235
8777
7939
8132
7920
6389
1331
9432
7188
8840
6698
6110
9974
1981
5353
8735
1276
1624
9592
4518
3881
1553
1839
8224
6456
9318
9962
150
7577
5948
6490
5646
7261
5460
7880
5767
1448
7511
2316
7312
5976
7973
864
1834
922
2286
4635
2112
1140
1382
5364
8433
6799
9118
170
5604
4701
357
29
9642
7137
2512
1613
8694
3959
9081
1319
3908
3605
3761
5852
3770
5569
9542
3589
9955
4363
4439
9441
6649
3745
9148
3674
8151
2862
8281
1065
7602
4442
2128
2224
8726
3009
2293
3869
2588
7833
1329
7699
2305
1808
7185
4497
4214
1290
3410
6466
4270
3704
8455
8413
5364
9703
5681
5101
9806
8371
9040
3891
4825
1675
7464
6369
8611
7710
2815
6200
8310
3809
2620
5042
476
1191
3323
2769
479
4019
8114
6238
4266
9465
1619
1118
6335
5459
6405
8125
6935
5565
9744
8658
605
9578
1777
2861
4316
1193
4927
1618
5071
397
6594
4860
3142
639
7964
9624
2846
8782
800
4756
8925
931
685
6089
7734
5498
7242
3308
7370
9847
7867
4566
7157
6529
9258
5413
515
4909
2985
9268
1558
1869
5704
5078
1183
2939
2755
6439
6626
8629
9187
4667
7883
6522
7748
7315
5047
1273
3634
7941
2251
380
9318
6982
9754
7549
7977
2812
2059
2905
9407
6713
7154
3682
8995
3695
1549
9481
6943
9372
5338
5837
3756
5848
1455
9319
3698
363
6149
7056
748
3023
6088
1966
6253
9882
8354
132
7007
5874
9620
5409
7327
4053
2831
6163
95
4955
5184
6516
834
7601
986
3981
4030
1532
9290
5397
8280
638
8737
753
3883
534
8237
2931
650
2311
8944
3069
2063
8977
4331
691
1536
7783
2985
3552
1562
4343
3169
4959
1295
5883
3008
9888
6121
6364
2704
6184
8589
8761
8323
7296
2840
8601
8371
6498
924
8602
3885
3427
2739
1587
1393
6192
7774
1115
9247
7396
3939
8016
8660
7451
7405
8876
830
8938
3218
1659
7385
376
6676
5752
6247
7220
6591
549
592
8881
1072
4232
858
1860
4060
7533
8684
4232
815
4623
513
2259
2738
3308
8164
8501
9214
7917
6194
5406
6975
109
2360
7785
8126
1216
2798
594
5888
2843
9040
3594
1244
1571
5858
3725
8758
4877
6740
9114
2884
8789
5156
2449
8883
3602
3967
9262
4627
7819
3597
8877
6445
3983
4633
6658
773
1098
457
5897
2641
9601
6031
6984
4316
5871
3022
7956
9394
7779
5754
3708
2376
5646
9219
9849
3294
7799
6920
3796
7074
8646
6277
8367
7754
6482
8026
542
1283
1170
5450
2267
1008
5319
9656
3517
5485
3435
8384
9018
2935
5505
4504
5283
8395
2897
4928
3177
1902
8908
6745
4422
9829
5488
9018
3458
9126
238
1952
851
8095
4383
2266
8401
4520
9064
7700
5380
5427
3635
5522
629
9715
1176
9290
8973
9960
7688
8320
1875
7458
1236
5556
6939
8056
9563
5460
8441
1090
7318
6392
9777
1231
7778
9305
8012
3721
7588
8888
5766
2293
5301
4673
1906
5279
2606
5974
4630
79
1903
5389
5056
3819
9755
3137
4144
4917
7164
3430
8143
5100
2795
6956
4438
6973
3376
4200
7866
4358
5464
9475
7555
511
5971
8829
55
1942
253
3172
1409
635
706
7069
9202
1411
6978
8179
9069
1473
6410
5768
5521
2458
6235
7153
8876
6101
2583
916
5366
2175
21
3220
8201
2342
3942
9492
451
2112
8445
8760
8272
5541
8971
32
3281
423
1765
8977
8229
3422
609
7087
7665
2982
1029
3396
9342
3408
5278
5236
921
9318
1803
6254
3393
3282
6466
3111
7071
3521
1478
4283
7612
1065
7266
8089
6100
9604
4874
3910
361
1194
5550
2474
575
993
6657
9564
1943
4684
807
3020
1015
5680
9598
1725
3560
9875
1837
4435
3293
3839
3025
1645
7513
379
3373
691
4189
7769
1132
1439
2720
356
5967
411
9831
2119
1704
5427
1097
2330
9145
8596
4535
4137
6207
2922
4533
4345
3092
8711
212
4553
2289
4958
5746
7636
8423
2206
2126
9270
7125
3738
5840
4657
375
786
1517
3387
2631
1779
7481
3911
4144
2674
7203
9805
6367
3819
3233
7572
1732
4799
340
4764
5964
8031
5328
7156
9334
916
707
6730
3929
1187
3313
6611
8792
7701
271
6745
3380
7004
5207
6284
4870
5977
7260
951
5863
6981
5804
4960
5147
8025
8742
3832
6125
943
226
6527
2716
2574
8608
4929
4316
858
2476
3546
2339
7574
8034
4521
6307
2964
8042
1010
2669
1105
5520
3030
8190
5960
4718
3027
9885
4901
8227
4937
108
5525
2571
2748
3651
1175
8449
694
3001
748
7398
39
8284
6471
6784
787
5150
5413
1904
7186
9595
511
3361
2357
8404
9327
8369
1998
2410
3200
6228
3814
6880
4450
8318
7811
2985
5273
5342
1381
9825
4924
2708
5364
7413
2979
5330
2262
7682
4498
1585
9405
8524
5270
3637
2954
7145
4046
7325
9498
3452
8551
7684
9349
4042
8935
972
7222
463
3396
739
1518
3711
7015
2644
2767
4340
1855
7861
9087
5071
4974
2918
7997
904
9576
8240
4175
2646
4302
6691
4400
6599
3200
7847
3105
9418
4182
1273
899
5704
3509
2689
1864
440
6799
4198
2585
6886
1759
2246
9879
9045
7080
7583
2212
3060
4033
1676
6603
2731
3525
7264
4043
752
5096
1246
4079
2205
1417
323
1431
1545
6116
752
2005
9190
6418
4030
3350
5642
4608
5449
5088
2102
7553
2216
9475
9956
6111
3411
8296
8467
6747
9052
6375
8179
7124
7812
3190
1949
6162
8623
3692
4680
5751
8020
595
8689
9781
8693
9005
2780
6701
151
4465
7085
5338
8151
1114
9003
8257
707
1678
6044
5387
8424
5905
7122
8174
6302
4994
1565
967
8765
8544
8990
3372
7627
1780
6330
7411
7726
9552
7867
1221
4952
7265
6618
2871
943
4276
2361
1712
733
8858
4565
5588
1392
9387
4176
9088
3313
6503
752
9994
740
3598
5503
3141
8619
8188
2077
6707
2227
6166
3119
2828
4713
6623
5362
6958
8652
6522
6245
7140
6359
9542
9108
6817
2572
7225
5786
9839
7539
3167
5739
7753
5740
583
5106
4735
8193
8741
4460
424
396
5388
3909
370
7476
3880
1679
7182
715
4882
7062
6858
9088
7380
6364
3774
7584
3250
8805
1164
5413
3377
4065
5667
5194
7986
4530
8749
3800
1487
5623
2520
3420
9827
5739
8627
7870
9624
200
7525
3880
7609
2798
9055
70
7425
2256
7097
3491
3620
8175
3352
2841
3941
2113
3427
1846
1533
9292
90
6829
6479
4642
3034
4616
4729
3716
3958
3480
8412
371
5144
3448
4673
4890
9908
5187
9481
6634
1587
936
580
1969
6465
9242
2493
1980
8005
4051
2491
2081
4055
8062
658
4918
2526
2029
9832
9135
4854
4724
3357
9738
1480
1512
2691
9361
7571
1247
7078
7151
6030
1372
3016
4263
1941
8708
6070
8968
6577
4782
9962
2595
8673
7354
4004
2792
6462
6771
9777
9755
209
4564
184
8330
1904
9624
3779
5127
8409
6066
6243
1996
2602
9306
9406
1020
1957
4194
7761
9545
6996
8639
7152
1396
3586
5425
1415
4740
4085
4830
7727
3777
20
9630
8657
6233
6237
4290
9383
8017
3164
1645
4215
832
2705
3787
4523
1413
5533
4644
3980
2873
6504
1915
5369
8038
2208
6732
1682
3952
6417
9192
5828
7828
8965
5572
891
8472
8937
2617
519
4717
9187
1568
9407
4548
5765
3341
1724
792
2885
5931
4258
8363
2834
7303
3212
7855
6288
3851
2401
8937
8017
7124
981
7744
8947
7841
914
8828
9580
5390
9076
2432
4667
6432
2797
2414
4526
137
9446
8879
207
8937
4591
7062
3225
5024
8760
2248
3750
4251
5099
1302
7076
6749
3785
3116
3312
1351
3752
9922
1475
6287
8460
6076
9784
2025
8633
3405
1995
256
479
3379
6955
1246
324
8303
1362
8166
8131
4430
1091
1896
7624
7236
2403
3553
8607
1094
3209
2596
1389
3045
9192
1942
7715
9518
7107
1134
6535
8900
2865
7516
4988
3747
8358
2853
190
1392
8566
5536
6628
5359
331
2539
719
2167
1871
2588
2557
9124
3850
5750
9628
32
4511
1329
7589
3480
4520
1806
4243
1980
3567
2643
6845
4214
2583
7563
3470
4972
9712
258
6024
3019
5712
8537
6041
5844
1503
4637
1777
2424
4895
7004
3058
221
3983
5464
4771
7127
4481
1017
9048
6289
1858
5005
6904
3873
8062
5010
5462
6044
1757
1365
7625
2161
1560
8043
7069
5644
332
4183
9080
310
1732
1452
64
8705
5771
7144
7591
3307
7036
9358
3830
6211
1150
1247
1112
646
4518
3899
9034
3061
2508
8681
6994
1081
2587
4192
3582
5290
7051
9735
447
1368
3725
6325
5984
6519
2698
4104
8750
2281
5132
960
3682
6476
2503
1586
7
6077
2078
6665
3306
5542
2453
8027
3826
2566
7470
829
6364
7600
4434
8901
7607
1560
9625
9553
203
2176
7417
3918
7529
490
1646
4792
5664
3193
547
1430
2296
3865
9216
2857
5732
8671
7148
8928
7749
3948
6791
8
7338
9726
4027
8677
1459
278
3530
2846
800
7712
1227
3785
3326
8696
4856
4718
4823
4425
9252
7685
1546
2378
6269
9580
7811
3162
7684
3771
4509
4372
7815
1611
2364
2100
8466
7740
3722
1616
6873
9375
8243
9212
6791
4291
2605
9708
8856
2420
4156
7833
6890
5247
898
6537
5247
5648
9772
916
6452
8263
7478
1686
846
2730
1703
5037
5288
7143
7701
9299
868
6486
7269
4266
3382
7329
7976
7570
9502
6808
3909
7336
3151
3024
2510
5485
5322
8737
8463
2431
5539
1158
5414
7912
6855
843
9723
2808
2996
3588
4088
3720
802
223
5499
1965
1149
2867
9120
3224
1722
7379
6243
8099
1034
8488
1013
9384
4474
3171
4945
1976
4853
4774
5595
4383
7125
8047
1232
1381
2442
3959
8611
6617
5936
9200
1012
879
7915
7131
4732
933
6149
8657
7247
6399
8132
6123
7353
9458
4342
6350
8850
190
5723
1700
304
2647
5978
6615
2435
2657
2305
4236
61
5986
166
2898
9018
8958
6901
9001
6943
5370
3452
5633
9868
5247
9789
6409
8849
1149
3270
7312
5537
5638
1740
7371
3482
3497
3611
4007
391
5892
77
5660
7401
7132
1173
1237
3925
6344
2686
8001
4562
358
6440
4599
1403
5678
2675
7923
7231
866
2605
7652
9238
1239
3261
5684
7373
1764
4239
5412
4898
7223
5904
1135
86
424
1273
4440
1758
2727
1990
7147
6584
6598
5113
2532
7329
8499
6068
7631
1552
5304
3453
2960
4256
7144
8683
2195
7476
4086
1105
2013
5271
7608
6867
7445
4447
2126
4312
3663
3523
1445
7934
3025
2158
3434
1504
2060
5357
8957
5803
8785
9352
7188
5870
4113
8521
9144
8662
1942
4339
570
4382
8628
54
2039
4628
449
5310
9063
4887
6909
577
5249
3099
6957
6224
3738
4653
90
9406
2056
3393
6821
9661
8425
3340
4171
4601
682
893
128
6923
1028
3856
9820
5058
784
5184
9178
6140
9532
1818
2674
4321
4442
4754
451
6035
4949
3456
3698
9900
7652
4851
8761
4492
7949
7515
4364
2132
8528
6435
2832
2941
8664
7108
1361
9965
4609
1734
6952
577
7211
4213
343
2555
3647
6610
2168
3520
3347
2726
1640
6567
924
5005
9535
9840
7691
4442
3361
1015
6329
8250
8793
229
2838
7907
7983
2223
9906
1555
8267
1896
3233
6998
6335
700
6249
8508
1304
9437
2371
7614
8509
232
7484
6949
9089
1386
2858
8719
4929
7808
4692
2608
7794
5338
6486
1385
7266
7915
6883
4604
8469
991
8872
6566
2621
6394
9685
6976
4905
9823
7006
7635
6448
3641
2851
879
2664
5165
3604
8194
8046
3980
5400
210
3602
8597
2923
1019
1549
1485
4967
6801
3515
8381
9034
6130
6762
5349
4043
5486
9737
8772
3062
9541
2238
6801
9171
5031
7726
2183
8463
9349
108
9034
2250
5793
3097
585
7731
9532
1335
1506
4061
6077
9336
5287
8755
3728
7088
7981
7956
966
4508
6778
39
3900
7299
9212
9883
2652
2545
3472
4412
3688
1354
1287
7431
2080
608
9615
3082
1110
2739
6506
4543
8774
9089
1757
8621
5011
1722
8397
2915
6260
8526
4120
9784
4508
5206
8283
4187
179
8469
8226
3379
4936
7222
4115
509
7133
4708
7847
753
5826
8127
8538
7552
2680
8743
9750
2157
5986
6880
555
661
2152
1363
6324
3158
7477
6103
9195
9121
7311
9394
6127
4498
9628
1297
5692
692
9800
4282
5722
7366
6443
4399
4656
2651
3059
8645
3637
2910
30
1841
5732
6982
4798
3937
5597
9515
3543
4071
5885
6186
7751
5434
7440
2051
3184
8308
604
2170
652
4209
3162
2495
1727
286
8857
6358
9063
5638
9781
7220
7485
70
5906
6372
7970
1871
2905
7000
2835
8722
2844
9997
3974
4647
4685
7623
6675
9728
3974
6221
6718
2873
5012
7590
2810
4302
1151
3818
1463
6800
2675
4939
8737
2181
917
8252
9513
5735
7924
5985
3072
8940
5841
3951
6990
6136
9862
6076
8337
5353
4379
1461
872
6873
7313
7925
3436
8567
1664
2938
6555
1329
5153
3546
6030
9112
4647
1558
1182
9596
3451
2942
2779
9510
831
7696
3257
9724
2664
4314
7993
9941
6563
5554
7708
9793
3853
3972
5708
7930
618
9509
3348
383
2606
5452
7415
6444
506
4849
742
7187
2844
5957
9789
8388
3650
9926
7119
6011
6331
3502
8653
9296
135
3038
7034
1994
8594
6204
1397
3901
3549
3674
7337
9699
4992
749
9115
5369
2406
5267
8903
9259
2447
3936
9650
2018
8888
8430
5407
9720
7890
4574
4712
6353
6689
6171
2954
5842
3712
2397
6291
9206
3234
796
7381
8700
6476
6338
8857
4648
1972
4025
7236
6854
9874
5428
2471
746
5911
1621
4913
2327
6589
9580
2247
7170
4114
3893
371
6687
4367
8015
1577
6893
4991
3285
5293
1620
6336
2637
3782
516
910
8175
3635
2248
8396
4913
91
4808
6035
6329
2527
488
8139
7407
6583
4994
8922
3329
1080
9460
5047
5153
6666
562
7931
7293
5329
2028
1463
3913
1458
9792
5137
9677
817
2846
2459
10
6678
3013
8761
7186
1983
7426
4922
9747
9581
2612
8075
2934
315
1741
972
7925
8548
9156
4691
160
7595
4165
9518
9688
4841
2875
4923
4386
808
9353
9849
3637
6919
4096
2869
4101
4145
6706
5822
8574
3747
1209
2023
1279
3524
3312
3179
5998
5250
6075
9927
7316
9316
8022
4607
5201
8447
2336
942
3827
4321
8874
3956
6513
2956
6287
2711
1269
5765
5252
6545
255
9426
4418
8607
6458
8548
994
7183
9599
2662
3495
8749
5182
222
7125
1557
1695
8636
1389
199
2441
1314
8809
8726
3615
1674
770
6212
7980
8238
9111
5148
946
3565
1965
8218
2212
3980
4935
1844
7775
5448
694
7888
8351
1883
3710
8380
6729
8069
1050
2713
9964
9510
4651
1435
9006
9338
3959
1805
307
6195
1124
917
5672
5472
6657
8821
9359
7798
9333
4748
2011
3351
5961
5366
8833
2450
2428
5717
6505
3128
6990
4506
5318
1883
5021
9076
2475
2157
6168
1759
8183
1709
9422
8847
9522
9780
6840
5534
3884
1637
3858
9322
6773
8851
6567
5203
6482
8995
789
9865
2405
3526
3113
8798
7140
5576
927
4822
9096
7471
3797
2872
6286
4757
2985
7780
2021
7764
2516
2163
2010
9154
8460
4679
6826
9361
9593
8062
9626
7972
5290
8554
6656
2282
9613
9526
5945
2028
6336
5283
7368
7066
5066
2600
5092
3907
8849
7580
6624
2675
3074
6171
4244
8572
8750
9443
3413
6483
5981
4329
2574
7933
5321
51
1359
3539
6988
9332
5065
63
3908
5357
2199
7672
7157
8872
828
1225
9265
1921
72
315
5185
2638
2802
2804
1788
6947
1584
5394
516
6380
762
733
4803
4884
8825
9333
7728
444
4400
5647
8440
1383
2112
2643
7231
3476
3812
293
9801
2429
5051
5015
6747
8254
7764
9815
1401
7430
6779
9187
7841
5851
3214
3241
5203
572
5267
7067
4492
1714
8992
5422
2037
7029
5057
4187
2536
6893
6701
3135
3800
5651
6983
5795
1601
2852
9329
5221
5578
6046
4243
9743
3115
1618
3240
6200
3111
3789
5943
5282
4915
8844
6990
7144
6039
2623
1050
7713
9405
8880
8435
381
5273
5406
6910
7905
3167
5673
5508
3926
5441
8868
3277
9693
9590
1322
2264
1577
3256
4490
4512
7588
8925
2089
8355
3000
2307
639
596
9087
4000
8329
1994
2772
3327
6740
5764
6564
6847
3979
5780
8777
3013
3020
6077
2536
510
4935
998
7750
4711
8058
8445
471
4416
8279
2969
1976
222
5773
7946
2749
6168
9166
8775
8093
2305
4396
4197
215
5780
331
2381
9525
9365
2097
3329
8607
84
7088
5144
643
3572
9425
2139
8429
66
4902
6655
5275
9287
9945
2752
9006
398
3951
1321
1167
105
951
6051
7242
564
9948
4462
7053
239
6631
8320
9787
1639
5189
2392
6633
464
4952
1474
9147
1454
4622
4801
591
4140
9125
6599
9819
2546
9122
5054
1480
8143
2683
8279
3051
2946
6653
4295
1638
3670
5321
7322
7250
5280
5231
7113
4362
410
31
1925
8232
1647
7756
1949
6745
7953
7993
2242
9535
4314
5838
1764
8509
5369
7380
1304
8598
4565
8221
4915
7261
6972
7183
5172
3531
594
2403
3217
4913
7553
4743
6694
4820
6729
3072
4640
1605
5540
1877
566
905
1745
2541
7777
9856
1438
3565
249
2468
3608
5229
6744
742
9898
3020
8741
3104
2526
3112
4742
5865
433
8105
5380
2028
6374
7971
2055
6104
4302
791
3398
1048
8834
8091
7742
2500
3538
9758
8953
6314
9469
9901
2571
3369
1042
178
381
4482
3667
4790
4664
2907
6751
4188
7855
8500
6084
626
1498
4648
2083
9917
9364
5836
3061
1329
8951
6666
6140
4877
9335
6835
6738
681
3874
3963
6473
8673
768
1050
8909
7723
7905
8356
8389
3877
1185
7203
1997
9231
820
4743
6005
5622
1108
7946
4085
1524
9643
4225
9439
9857
4593
2252
301
6064
8127
6320
2510
9644
3095
1948
5664
9948
3520
7313
2961
5589
2746
7463
5913
3313
3180
1921
6460
8678
3134
879
3801
3154
923
2583
8464
2508
1592
2406
3121
9574
3260
6762
3841
5375
4141
8767
9944
5582
4484
4243
3346
2057
9189
7894
8567
6981
699
8815
8756
5702
8479
84
5783
6307
9047
2201
1029
889
4527
9731
9894
5241
7397
6691
8504
9070
5109
869
7871
1202
7247
9711
3235
5140
2344
8147
8945
5649
5919
3889
4063
3879
722
6072
2585
8135
6234
3565
1729
6655
3485
2594
2882
9759
8790
8053
8610
4102
8903
2803
3899
4402
9050
9954
4306
7703
5358
4459
3864
3057
8575
4058
8583
5856
2604
4953
3214
6466
9749
7078
9152
5217
8167
8539
8931
1095
3723
6890
7578
5711
1336
8960
7184
5552
9904
5419
9303
8665
5046
9666
7316
6979
3176
8476
2864
8396
4444
6031
8133
6769
1200
2760
5704
6906
6884
6772
2310
5273
273
5156
8661
7793
5809
8439
981
5045
897
9602
6064
3990
8076
5181
229
3098
3185
7496
2520
3844
996
8266
4323
1105
2517
7425
3982
9925
9663
3942
6030
7007
5209
6491
2326
8243
9345
6119
3128
1309
4486
366
7296
3807
1252
6291
5041
8837
1752
3065
7352
6031
2812
8457
1245
7957
5250
9004
8607
1371
6373
7207
666
3777
4896
7530
4991
8636
4417
9830
2284
6857
3616
719
9546
8731
1123
471
8630
7980
1340
5705
164
1906
7058
6518
2725
201
8604
1206
7906
6633
5324
2854
535
148
6278
209
2617
4367
3478
1608
211
5577
8998
4147
551
8757
5129
4007
548
5710
4820
7231
802
3924
9742
7130
1035
968
47
9786
3865
2520
910
1721
9147
8594
557
9983
9441
1311
4210
6760
1868
5130
1774
7774
6521
9414
7940
2485
4311
3009
1978
347
7795
8842
5437
8072
6776
6757
4867
6897
3129
646
3904
7223
5722
4266
8912
3032
9632
7754
4080
1439
5748
3386
6768
3647
9370
9068
6932
8825
9129
8841
9694
1344
2951
6549
4177
3526
1496
4525
5600
384
3062
1442
2911
2509
1955
1712
2242
2683
8019
8692
4990
522
8938
2871
17
5508
7447
9587
5391
4996
6521
8563
512
4858
9639
3226
7579
4298
4986
6318
3396
2054
9793
7348
7548
8807
3058
2449
9337
9976
2025
6037
399
3509
7287
1645
3607
787
7614
131
8462
5260
3302
9670
4733
1986
7475
9502
6589
174
440
1096
1729
404
1504
508
724
3110
2950
4490
5887
8815
3089
5694
2622
3978
1067
3103
5249
5332
2568
5444
7856
2776
1366
1921
7380
9688
3631
8137
4670
5430
3693
2570
4112
3086
3726
8280
3342
9468
6491
6264
139
263
6348
3143
3370
335
2204
2415
4599
4693
1974
5264
4386
4656
1154
7205
6107
9327
2182
2895
6489
6204
1099
7179
5494
315
7986
2675
5540
402
2210
5502
4735
4174
8989
2605
4504
6795
3200
9257
5692
863
216
7809
3548
8204
6798
7761
3221
3957
432
1495
3519
9986
886
2723
386
3761
2296
9849
6482
6339
814
913
785
8401
4778
3530
7431
4106
1412
5773
9941
8124
6590
1848
815
891
5657
7999
6844
3068
9058
8854
3690
2141
6098
2567
7909
6915
8618
7439
5684
3869
671
4295
2606
7952
6887
8232
4545
6956
777
9014
8902
3838
2405
9940
2856
8660
7116
1995
7749
3662
2861
1356
7164
2133
5300
8875
8208
3479
2129
3590
7006
1449
1489
3579
2279
8932
9606
5217
7814
9865
5384
3196
462
3698
419
8356
3677
8444
6620
818
4060
7400
1571
3264
721
1462
8902
5391
6729
5793
5636
3496
7143
7304
284
8906
4914
3264
7029
3895
708
1581
8911
8355
5508
5650
7745
6781
1039
4886
2119
3700
1422
6333
8792
7309
9048
7897
8061
5270
9383
9222
6845
719
9058
6362
4097
54
2560
4588
1824
4977
8500
8190
9566
5859
7271
5367
4780
7504
1923
2850
9657
3938
5604
5946
7359
9011
8674
7782
101
1233
1414
7715
5804
2128
874
9474
1737
6382
7231
5471
2995
8225
1728
6392
569
9086
6841
5713
9156
5402
799
4926
9311
3359
9674
711
5894
5525
309
273
3607
5305
5054
3388
7573
9366
6777
4551
147
7520
9463
3918
4309
5217
8109
4817
8205
958
6880
5582
3930
6687
8967
2610
8262
9736
8406
2734
3695
5670
7152
8753
4401
9659
8221
3158
8777
134
2231
5778
2906
893
5850
9064
7993
3897
9534
5895
310
6469
4989
775
5504
404
4594
8000
4523
2656
485
5496
8135
3641
1423
8042
2824
1076
6502
1683
6422
8401
2254
7567
8723
1499
6351
8262
3283
1142
3940
4314
4387
1234
5805
2597
2599
5329
4845
2029
5675
2099
3994
1917
2039
924
4531
6326
1947
9267
1400
3964
8976
5458
3101
466
3908
8328
9263
5892
724
9555
5861
7891
6223
9555
9325
5237
7859
3866
7900
7688
8353
740
4672
1701
7286
2268
9255
5441
7137
3998
9911
2692
839
7839
7538
5844
9899
1181
8281
3998
5863
3208
2020
1377
3984
2553
8054
4397
1537
289
2659
6893
9827
230
5545
1594
4785
6242
6618
6258
449
8264
6430
489
9114
6561
2395
5711
4401
7206
2372
2401
6407
4854
7389
7337
6437
5209
5166
9246
5014
4012
9146
5956
5143
5593
7617
9669
8556
4597
2580
4798
3975
7888
9094
4817
13
9663
5112
5488
6307
6278
5281
788
4810
6605
8710
7930
9102
9116
6823
5797
8873
6879
4522
3546
704
6758
1727
1915
8028
2616
9675
6419
1366
706
2587
2191
844
6585
9180
9036
8893
8280
6717
8072
1550
4267
9527
2185
97
6232
1226
1500
5419
7121
6533
1780
6274
2431
9364
1539
9608
3109
4567
320
1297
1001
4574
286
9609
2294
8625
3967
9734
5089
5228
4168
2667
627
3329
3460
3422
9269
3831
4732
1313
3790
5020
7285
4131
1265
3687
4369
4628
553
1731
3403
9961
9804
1786
3178
9284
1985
5755
569
8044
5269
668
7607
4783
3629
6528
5288
765
2914
7968
440
8355
2063
9140
7287
9805
1546
983
8197
122
7331
683
4078
2912
3557
6121
5980
4893
183
2561
5126
3291
8817
3245
8545
3479
8213
1377
7364
6567
746
3524
1423
9144
1783
7890
1060
3482
940
8347
3308
8927
1459
2970
5779
5574
2157
673
7172
3799
62
320
3974
1632
1040
8675
1765
3419
2382
8161
5373
5315
8426
9940
2624
8748
896
7825
7689
1771
4049
9074
3233
2248
8427
9484
2864
5897
6591
263
4886
3527
8976
6704
982
3179
8754
7950
7081
1522
7069
3706
7012
6909
4791
8153
9014
275
3055
833
8326
7063
7157
3015
5000
127
3569
9124
6275
3828
4910
7514
2347
3229
1015
9201
8988
389
5814
4553
5581
6785
7475
6875
2710
1923
8157
7433
8564
2279
1055
9718
9604
2192
4813
8705
1258
5567
9214
3342
6078
5544
7496
6443
6578
9754
2690
3339
4940
8087
483
3363
1275
1565
5237
243
8999
9507
6258
5706
2539
3110
9364
6353
756
9602
4601
7464
9671
6467
6493
2998
2837
9635
3886
1975
4244
6183
1155
3004
3681
5425
9385
5628
9120
910
8260
3912
5066
1908
5627
8521
4597
7056
4964
3515
1662
5774
2903
9514
2785
5364
9298
2072
6189
213
5828
3006
7923
5329
4309
5139
2239
1045
1764
936
5474
8188
8919
6553
7576
8863
6010
248
6119
2676
3930
3339
6928
8681
1178
5304
4595
853
286
5603
1447
8391
348
7329
8256
65
3006
103
7964
4507
5164
6446
3408
9426
4150
5508
7809
1766
4822
5266
6456
7432
1954
4863
1107
4138
4125
4792
5806
5294
9894
3502
6674
9213
7843
7198
7430
3233
7869
4270
9758
6479
3789
4993
5560
6756
5012
5943
8325
5604
4626
699
131
7752
6242
8446
8717
9098
4611
3624
6430
6900
8228
7969
2661
6816
9028
2761
7647
6180
2121
5867
209
4013
928
6012
9985
2749
6078
2005
2892
4577
9328
2013
4677
6985
4788
8761
9341
3310
6808
2823
6748
2208
2798
8774
3195
3807
7824
15
8350
739
3734
2465
3255
7330
4652
3681
5287
7321
9337
152
4006
5574
9506
5055
4071
2504
1201
1485
6296
5959
7322
7169
5937
3045
9134
578
6076
7318
7994
3349
5794
2906
9532
3424
9334
4014
9607
2583
5162
7356
7966
7449
7524
648
393
4953
5376
50
4444
3498
8755
1848
8332
1390
9688
8271
8608
5492
1861
9450
8019
7381
9775
8706
6175
1251
6237
5698
4920
2008
4259
9132
9682
7390
9798
3183
3656
2809
4764
2559
6216
2856
667
9987
8510
7611
218
8258
2594
8813
1442
4005
2056
4856
7943
4814
9048
772
1072
8523
5905
505
7845
5681
3969
159
3573
2569
7265
7602
3616
5089
1618
4683
2608
1973
2553
5634
2066
1698
4056
5030
4126
1677
6534
8254
6327
9124
8976
667
301
6025
8069
8038
6915
1753
9779
3284
8534
6843
2221
6900
2388
521
1723
3945
1049
5653
9385
9914
1809
9525
8417
884
5666
1639
2712
9397
5722
9588
9386
9198
4736
7118
3951
600
1491
5993
9120
7786
5381
1306
8415
8113
5136
2466
740
4098
6944
21
339
1288
4394
9744
9141
4281
3567
8604
3833
9272
4055
8895
3807
5550
1340
5562
5213
45
8562
8804
8864
4114
8461
1159
2605
8172
6812
4365
981
3934
9814
8759
9548
9096
8822
8159
463
4011
4329
5375
873
8196
8279
995
4629
7997
8606
6469
7034
5523
7435
5695
4770
59
4077
7143
6668
8864
230
9628
76
2064
4071
266
7401
4605
5765
8807
8136
5027
5098
7025
6089
4483
3745
1151
550
616
5663
4349
5484
7715
9240
4438
1092
2540
4634
