497 6
69
432
297
847
644
861
691
889
308
849
367
511
156
573
391
542
154
758
399
111
589
758
776
54
98
897
209
358
489
376
315
683
143
370
750
627
241
40
76
886
521
850
426
311
361
426
367
90
85
200
489
501
94
160
409
526
362
156
678
298
191
750
647
888
301
863
281
631
918
395
353
669
543
576
619
528
732
111
378
662
658
180
227
3
690
221
710
420
642
876
568
881
404
650
480
846
686
907
393
774
107
28
518
793
813
476
418
406
20
537
27
438
881
435
816
725
126
880
203
523
218
218
524
642
850
2
896
571
683
425
704
918
442
558
1
875
343
116
136
568
64
353
612
462
312
218
138
527
606
764
427
694
538
830
23
285
702
868
401
545
317
40
908
898
786
410
854
534
520
234
452
551
168
498
815
513
203
772
760
155
663
721
579
16
171
343
887
598
134
159
707
610
871
364
802
865
820
151
662
166
834
449
203
296
38
436
697
898
113
358
55
470
871
434
785
554
262
445
593
838
594
735
745
18
567
703
110
588
130
636
9
568
415
378
724
340
444
394
183
236
98
225
448
210
353
553
367
753
660
150
604
385
14
48
381
407
668
364
317
824
885
434
846
598
350
342
718
652
776
570
20
638
569
13
598
700
613
752
150
809
207
861
840
384
651
702
154
453
695
153
292
802
834
881
451
714
412
606
846
904
440
693
236
235
9
460
879
578
707
33
897
222
99
485
904
135
901
164
828
619
24
310
413
95
431
78
759
852
909
234
280
219
177
7
62
583
600
543
223
393
812
550
502
709
30
766
676
577
758
387
203
22
772
488
709
94
724
732
12
137
466
72
627
154
4
205
380
212
359
721
786
315
526
497
228
59
754
816
903
875
545
487
646
568
753
42
886
746
740
902
40
15
553
887
590
772
407
602
780
323
157
86
571
192
210
521
672
700
838
599
831
636
311
11
302
403
311
602
635
6
476
194
734
187
335
860
482
72
401
171
197
517
640
297
911
195
599
412
383
660
453
422
380
299
227
107
32
663
852
908
657
125
821
731
669
537
44
792
329
1
533
651
822
15
206
398
259
335
160
450
867
280
830
487
183
892
589
484
867
397
540
537
535
268
305
536
775
664
600
856
760
581
544
744
40
406
566
