421 7
68
812
152
338
286
372
768
336
693
85
666
184
942
626
629
893
822
478
858
838
443
626
661
574
508
676
492
352
934
914
669
203
297
555
824
888
660
244
16
735
474
488
659
639
803
11
525
329
868
827
69
264
704
883
869
190
508
352
249
400
414
17
961
400
704
780
461
274
80
675
610
123
62
734
142
932
867
376
406
58
609
122
680
471
913
688
876
876
915
762
472
775
942
160
238
650
518
606
709
604
458
644
487
583
888
352
912
238
579
711
803
600
242
772
153
394
408
920
816
129
917
373
685
63
43
44
332
866
925
309
165
43
78
370
940
952
324
601
369
713
907
754
619
402
238
134
838
933
638
75
312
461
930
6
226
579
712
249
732
871
99
834
273
82
139
605
153
261
889
660
283
278
807
511
665
970
2
458
506
351
650
824
200
458
617
493
403
320
413
151
869
780
245
523
785
596
953
623
692
231
230
799
206
212
65
626
835
542
403
804
77
155
723
257
374
775
844
764
511
516
209
567
666
646
644
150
239
507
348
659
156
704
832
963
711
369
660
668
505
659
565
56
530
678
866
954
114
336
366
722
70
527
80
512
337
57
467
44
759
404
355
136
873
704
340
760
173
837
529
600
203
91
82
421
405
747
129
128
634
315
675
601
659
40
746
385
483
702
175
792
417
958
906
700
778
610
268
637
238
158
193
807
390
214
619
191
253
918
485
938
624
621
445
919
359
790
145
832
194
866
657
498
542
20
294
659
660
275
350
598
934
262
238
572
809
304
459
890
605
884
959
157
196
771
315
598
184
62
96
696
604
192
219
971
181
60
449
469
393
800
954
779
609
86
843
229
708
716
500
245
105
521
122
597
913
443
644
230
555
437
559
443
285
280
748
7
422
198
834
274
109
952
209
263
47
424
881
747
249
146
119
741
189
9
679
724
819
84
509
841
570
275
429
659
682
505
434
562
412
838
715
