9617
5546
1381
5325
9298
668
5213
6660
8096
6138
4751
1343
8992
2607
9
8524
8413
1253
8026
2669
693
7454
2963
1862
7610
569
1919
1978
2671
5903
5309
8173
3022
6402
19
3654
5992
9298
9456
5609
5593
430
1593
9300
9487
4470
6884
7916
3967
3222
6096
746
4575
6322
7964
3876
9764
949
8138
9551
104
2050
5874
2716
2939
4031
6585
7186
1094
765
1627
9241
7651
2127
3529
7140
996
1923
4987
3651
5732
4480
9618
8157
3834
9653
6657
8832
8206
2425
8262
1090
6866
433
9849
5510
6777
1215
6361
1142
3678
8468
4796
9611
2429
5707
1055
7769
4282
7288
1989
852
8050
3359
9596
8235
4457
5660
801
4373
6612
7541
7855
4334
1315
6820
6353
6492
2149
1497
1811
2941
8009
2124
1906
8968
3564
1362
506
8349
6924
4468
6663
3843
883
7811
1312
6382
6521
3667
4220
926
769
5738
5507
5928
478
237
8727
3470
5250
7843
1363
9407
5172
8795
3856
8683
1055
6672
9836
7312
6682
8859
7835
4388
7157
6722
9840
9452
7089
9061
8386
21
420
6161
1706
4766
8267
1035
2961
5414
9409
7323
4206
827
5312
1110
2426
2924
4233
365
2048
4270
8222
8221
4836
5751
7976
2999
2255
2734
4521
441
2861
9113
5940
5575
1292
5104
7793
8807
3755
1872
5036
9720
8911
4220
1724
4638
6494
6855
8699
1559
1048
6653
3938
1846
7110
7693
3362
1864
3058
9432
8292
8779
5270
615
4171
4982
9034
8537
1039
5622
8328
4651
7364
9573
8615
4478
8422
7370
9382
2581
8641
2970
9589
2337
6022
1931
7044
3383
4076
4982
5511
6642
9171
2507
5945
2086
7494
1147
3767
3076
6167
5177
156
462
4561
8409
6827
357
2114
9906
501
6868
1774
8969
9977
1080
6932
4791
7658
8400
3188
4027
5291
9051
4746
8115
1638
6004
3240
9975
2490
9945
213
1188
7761
3603
2939
5617
5623
686
466
3468
4132
9670
3358
3357
6933
6509
9412
7005
8630
6243
4321
6413
1725
4105
670
4415
3547
2040
4234
6528
3617
2175
9425
2923
8739
1476
8948
4488
4561
158
2388
2512
7654
4804
2209
5909
9726
3447
9271
7093
6198
9843
4960
817
1599
6009
1849
3923
1635
1815
5599
5591
4347
4180
3946
4762
3242
6733
1869
1059
1930
5441
5876
9001
577
868
1697
8943
5401
6733
1927
5994
5099
2255
961
9700
606
2007
5383
8925
3565
7145
4047
3832
8016
4764
9570
277
1711
8986
645
7308
7158
2619
6907
683
9399
4576
7053
2107
9643
1979
5662
4630
7647
4666
4586
7636
847
8649
6492
3284
4495
6431
755
4583
5761
7883
1412
5008
7970
3332
9329
4268
4459
3072
5043
9629
1262
379
3375
3567
5542
3924
5901
1232
7986
1077
686
9640
3308
8595
4450
4974
7409
8899
9820
3944
1567
3802
2450
2644
1916
2544
8973
1271
7965
4184
2792
3320
7321
3179
8510
5663
7323
9251
6768
1564
2154
4185
7981
6448
2954
7746
4332
1811
5339
4899
6121
6886
9134
2362
1640
9114
7840
3920
7362
9221
4912
6285
3678
3946
8328
7312
7885
3730
6313
7733
996
8840
9377
1843
7282
1761
6874
906
942
1783
8649
3692
9820
6580
4482
6317
7282
2099
5855
1116
490
7637
2867
5352
331
8087
1186
4668
4882
489
592
215
7559
7507
3567
7053
3420
9415
974
8761
9786
5559
214
1887
9623
122
2652
537
2621
3097
5742
3622
5952
583
961
137
8430
3479
761
1978
4472
5062
6262
6277
4756
7282
1792
7664
3149
5942
3666
1001
2580
5745
6392
5932
2712
9917
5609
3815
7832
9439
4280
2979
6196
3772
9822
8446
2819
8374
6176
8559
628
7755
1352
6506
9064
2293
5434
232
4471
4567
8889
1636
3126
9386
6029
8147
9614
4709
9664
4249
5642
9152
7545
7700
792
4437
7342
1531
6352
4550
8594
8276
7205
1882
5408
9654
8689
7849
1361
5370
5394
6947
8871
105
4265
2478
6177
7410
4258
5752
6222
8003
8711
9846
4819
9361
3603
4596
3785
6452
7497
887
5454
4751
504
6069
9787
7352
4419
4116
1125
3252
9999
9194
9798
9854
3007
1209
7006
3478
9503
9159
2038
2929
9980
6405
9501
3047
1001
496
8825
6585
6172
4191
2627
7728
6123
6942
4731
9627
9173
8246
6364
8789
4285
397
7264
3008
7205
4918
6166
5357
9223
5364
686
9047
3330
9590
2763
2349
8932
1634
3172
7319
7631
1666
943
9860
6001
2760
3996
4819
1537
4303
2832
5905
2265
4507
2061
841
2646
5392
9775
3975
8823
2640
8500
7415
2975
1601
3591
4217
248
234
8951
8922
4907
4717
6745
8572
4301
4455
8326
6683
1067
1679
7406
7853
7302
5397
1140
5655
308
8362
743
7089
2904
8654
2890
9119
298
7735
120
8400
6071
2438
2476
6614
7437
8772
1767
8833
1962
7693
830
9266
3390
310
8715
230
3009
5026
195
1691
8251
892
1161
3552
6319
3806
444
2339
8394
2667
5958
9408
2005
1227
5131
485
9733
4339
8591
6169
1116
1016
4047
2300
4385
6146
8842
4784
932
1984
7540
6606
1373
2586
4184
7628
1736
291
992
5877
1557
9198
7072
88
1584
4168
394
7817
3007
8982
9665
287
9470
2879
726
916
440
7238
8832
4210
9055
4589
1513
5160
2791
5747
7260
9832
667
2203
4304
157
669
5411
2100
6934
6377
372
3728
5725
4028
3433
7583
456
160
1333
2826
6310
9959
5750
5901
4208
3131
5805
7436
2183
5831
396
4513
7611
6639
7270
415
5111
4777
4042
3096
4649
8976
3133
675
4353
7499
4844
4925
7537
1160
8598
4025
8944
4879
6659
899
3487
6862
4181
8777
4554
3597
6078
9443
4018
9409
9961
3497
5631
8719
6837
4981
7517
7260
506
2569
6160
710
3012
9417
6404
5255
9996
3794
746
2666
6958
2893
6634
2186
4647
7095
265
2916
6262
8124
165
2946
7834
1477
8297
8489
9435
7954
1790
419
7487
7975
6972
714
5102
6883
6347
3837
6298
3700
9918
3728
3587
8766
463
8294
2092
9389
3468
987
2963
3882
5727
481
3907
5271
6383
5950
5724
5979
748
7509
1583
7872
6439
3669
1806
898
4122
9417
7179
9619
6208
6557
9740
6425
1594
2218
1612
460
1135
2870
2756
5895
1244
6391
406
3632
1773
201
4451
8881
4022
2489
4054
180
6928
4952
384
4822
9895
3238
5747
9693
603
9744
1957
3173
6466
5542
4921
5013
2350
1867
2461
5640
7263
8670
7285
7817
3488
3155
7059
7768
3777
7297
770
9848
9111
9250
4116
4913
4679
9376
7383
540
6823
702
4519
9196
4025
7830
3468
9988
2696
8437
7251
3775
3338
4772
4166
2827
9809
7738
4696
9398
4971
4138
2611
254
8647
6393
310
3596
4048
2755
8072
5398
8067
7910
9031
4564
2583
5881
8340
1043
5199
6684
5272
3968
8858
8452
6502
7145
3673
5560
4526
8031
4416
5400
2365
8086
5356
3411
960
3638
4949
242
9622
4259
3815
6823
6626
6823
4389
7576
1069
898
9957
8871
5693
2469
9959
9945
4206
4259
423
9857
1335
6511
7221
2527
9650
9102
9910
7639
8141
7012
1845
332
382
8991
1902
2631
7635
2548
5819
9388
7816
632
8959
8338
6048
7150
1489
9246
755
715
9395
6046
4425
5305
8348
5093
7772
3800
8632
6428
3239
4392
1854
2978
5100
6381
3539
6458
9773
5418
5775
7364
6616
5732
3706
5513
2701
2970
8887
6850
2191
7733
2289
4754
4228
5520
3686
670
2343
7817
1082
3333
2811
8201
6773
1836
8765
6312
25
5175
6007
3469
5160
4503
1262
9337
6434
830
4836
3885
921
2018
5115
4704
1301
1881
7099
7877
7010
9352
5312
6330
990
4836
874
2272
6585
4771
1420
6548
5906
955
9520
5057
2737
3582
3776
8019
1631
2081
6334
1938
8810
8057
632
8924
9394
6937
8459
3589
8315
509
2667
6437
1709
9800
2728
3150
4974
4658
661
5634
9183
4541
4932
1000
1196
4711
6362
892
7591
6236
3241
974
9144
9872
4953
4532
9731
3690
1972
7815
7911
9023
2241
4426
4189
3212
1752
2176
8129
9564
4203
8938
2927
8209
8349
511
7152
1890
4897
3945
7489
8863
3806
1249
5029
4500
3684
1211
3369
4266
9264
3228
5555
3483
4398
7318
1703
3008
8706
5932
7346
1382
2428
3656
4175
6804
6659
2730
6032
3129
614
9350
6237
9548
216
1941
107
1107
9003
6151
1707
5846
7256
1711
8111
6740
6227
3142
9782
3828
1285
1607
7406
8781
4473
473
6105
915
2635
589
9415
9660
488
1495
3649
9554
6864
805
4228
9533
5800
6594
1949
5582
3458
648
4503
4256
6317
5347
6341
6162
3629
7371
6571
6962
7470
317
517
7679
6977
2047
1206
979
506
1793
125
403
6490
1399
6674
8772
8652
3412
6081
8166
1318
7075
5504
3747
6077
5409
2306
7343
4847
6370
5393
6415
2831
2047
5478
1544
2343
4270
8814
8214
1329
1153
6560
8766
6295
6183
9731
2122
9067
9512
4602
7096
9065
1184
5113
9724
8407
4518
7083
8010
3195
3990
5557
5989
8548
8970
4602
1250
2319
4409
8118
1610
5084
2082
2545
7462
8840
5741
6031
2150
4977
7342
3361
2716
4546
2592
9923
8302
2174
8670
7722
8826
7038
4823
7845
271
542
139
2254
7239
2299
8697
3388
7593
9179
9111
8679
5717
8535
5708
4714
9323
5390
6125
1014
6197
2076
8780
8034
403
3834
4626
800
9821
9061
3193
9825
643
2204
6755
1836
1744
9614
4974
4866
5442
6666
2647
9354
2524
7329
7316
2185
8457
1251
9239
2615
5611
3238
8209
4366
8547
5147
4262
6736
968
4135
8755
4462
4580
7071
820
7900
4671
2929
1838
5473
7216
3055
8739
6504
7720
1741
309
4926
4064
5435
6319
9370
4746
9427
7179
7465
3696
4457
6834
2954
3284
6163
8609
5711
9083
8880
435
6719
2233
5709
7273
2377
2165
6691
9198
5774
4969
9989
8891
2939
6032
4050
6019
1442
8505
4882
7527
4725
4014
5853
9862
6346
6645
7578
6821
3924
6863
4166
7892
4530
318
3733
7676
6726
7724
62
595
6005
8702
4009
6880
6111
6648
6961
8141
1335
1403
208
3467
1676
5620
4231
1418
587
1945
5405
3107
8585
3020
7152
9721
3557
3373
9136
1089
2404
8165
3391
6348
8792
7582
981
4761
9471
9558
1685
9513
6974
1480
2008
5992
4549
9532
2119
7556
8011
1142
6761
6345
861
4606
4496
9433
7199
3309
4050
1774
3664
7928
2849
3019
7040
7770
3465
3221
5946
1453
267
9040
9373
9402
6036
959
9653
8833
8419
5791
8956
624
7424
6857
2466
4500
3562
4674
8828
7244
8856
8958
4182
1805
4252
7097
5872
6798
2741
4320
5606
9806
6296
3815
3340
3484
9948
2759
8937
8977
2131
9092
4890
9409
7092
7234
3152
7885
9803
3265
8204
7032
6259
3845
4175
1741
5883
4396
9921
6767
4988
4060
2439
4839
4901
581
1763
7351
6880
5413
4203
1426
1160
4421
3717
6457
6850
723
1147
2846
3247
1544
7201
4703
2434
7426
5460
6147
8723
3527
7204
7039
442
8251
2774
2765
2214
9935
449
3709
6760
8644
5462
433
833
8104
567
770
9115
5167
538
4470
1425
6753
5000
3787
6087
5833
5000
3476
6109
7375
4643
2285
5226
5843
4863
9812
3592
266
7032
8978
3054
1276
5313
3919
7616
1706
1273
2852
1788
20
5597
4123
4280
605
2427
9967
5398
8239
2144
4002
7475
1867
7881
3686
9465
1901
8035
3335
9653
9341
5760
42
1546
7588
3188
709
5824
9525
6269
6537
8630
1765
5612
8605
4250
2447
6872
1339
1912
5667
5994
9687
6603
2931
4838
8678
4046
6882
860
3261
9334
188
9117
3343
8451
7529
7909
9707
9775
652
3178
927
406
6455
6957
9197
5423
4989
6200
7559
4437
1502
7346
5031
3609
2885
7681
4720
5894
6843
5447
5864
8872
5507
2680
7000
4748
3465
4435
7898
9630
9400
7963
5604
6552
2901
3818
1900
9005
1187
7824
9855
5679
49
9936
4765
2814
2331
2591
521
4303
791
8978
7281
433
7393
393
3996
9521
281
2125
1827
6608
9332
3547
352
7421
1224
9026
730
718
1211
146
2579
8721
649
4808
9314
9571
9098
8476
3723
4561
1935
6332
6181
5632
3807
4620
85
99
1405
4239
1454
9433
5671
6340
8734
4578
3721
251
6646
4374
3871
8299
344
4977
6829
8753
7872
8847
4124
1775
8193
224
6454
5653
4601
2009
2939
5756
5818
8241
6837
5156
9559
6130
3592
6566
2478
5457
9788
291
3114
1022
8759
1013
2731
3591
4964
6787
9993
3682
4559
8881
6469
3814
9730
8308
6518
749
5923
2022
5979
5284
1338
8813
3410
8939
8032
1627
9298
2438
7285
2451
755
9074
9499
9847
2785
3925
5958
9016
9143
9786
212
8707
7634
3448
5779
1681
7221
2757
6662
5939
3321
7354
6503
2175
6417
5138
9484
106
6962
5471
8252
6054
7222
5229
3467
9099
3110
7173
7559
9048
3241
2199
762
4935
1853
4626
770
1209
2316
5870
2440
636
5550
1289
3094
2675
7889
8345
1834
7398
8674
2476
5041
9428
5603
7542
2861
8375
5543
3304
4939
6278
5024
1244
5378
3902
7378
6374
5435
7567
9093
5061
8663
1157
3107
8800
8817
5377
7667
4347
3256
4016
9725
9695
4003
4349
9314
4215
1963
5319
3320
487
566
6539
676
6601
8119
4375
8845
6034
537
7799
9522
1844
6437
4456
1872
2534
3603
4339
4296
3406
5947
1757
3500
7818
9837
4375
408
9072
5776
1443
5609
8837
8259
5335
8644
3816
4710
5757
5765
2214
433
6162
4962
9323
4253
9144
11
7110
7015
1427
3578
6900
5044
8263
8795
2920
6347
5238
230
5952
7810
8091
1975
5613
8540
5521
5148
1210
7364
4062
6904
7470
7402
4224
8949
1806
5387
9114
2813
2023
4437
6522
6684
6625
5592
5337
5114
169
713
9193
9301
1304
5983
3361
1519
3715
5786
2068
3972
4216
6522
111
2844
8965
5661
1630
6395
3727
8856
8856
7200
8339
5860
4512
9236
7469
7619
1703
2121
2688
3953
9057
9462
8542
7245
6248
2625
2883
123
9650
80
8789
6512
6005
8163
3025
7356
8748
8989
5007
3553
6771
9760
3619
6105
9407
907
5652
1964
3965
6467
1459
5959
8910
1008
6625
2190
8106
368
1947
1785
4362
2099
7785
4602
2671
6515
6127
8382
3922
3826
8851
3518
104
8701
9835
7235
1878
1026
3645
6267
4003
9543
7883
6284
100
3210
1308
6035
3511
1034
909
4878
5331
4903
2182
9925
8722
7028
6087
2700
4780
638
2325
9075
371
9827
3983
1731
5054
2150
3565
7871
393
6027
5264
7438
9260
5642
6538
712
5677
4213
3493
8465
5207
888
8893
9134
1909
7921
8382
4463
1374
8130
4236
7116
6622
4336
9630
4861
2208
4298
6699
6098
1107
2586
1374
4359
6951
6816
116
7746
3301
1668
2402
4237
7148
9397
8769
8997
5474
9201
4173
2049
3819
8090
1485
9369
7284
7496
6491
4249
5126
2428
2816
7427
8567
5724
6792
8348
3989
1648
1638
1437
2126
8642
335
2093
5544
1894
1235
6757
1428
6673
1438
7413
800
968
6929
7863
3528
1336
1557
8561
4606
3777
5254
2084
1314
3008
7177
3926
7310
5776
1217
5867
7693
8277
3869
6868
5346
8871
8068
4752
390
4164
8831
2354
4792
7471
4970
2718
2117
3572
649
2982
5855
8877
6209
1322
3010
3307
5141
7032
3822
8152
7157
2696
4670
887
4562
3331
5589
4464
8462
8841
727
4214
1857
2056
8423
7905
2849
25
2949
6467
244
6950
3239
5338
9231
3214
5373
7363
5587
4553
8721
5316
7
6911
6544
8032
5945
9879
7174
8742
1078
3142
5001
225
2173
4137
3423
6552
1517
3007
1572
2467
768
1814
8845
2817
7272
9556
8511
9344
1356
8709
2969
404
3930
1000
1915
5575
1211
5428
1422
444
8379
1919
3765
2302
5840
5476
1475
1556
5100
7064
5718
1461
7580
460
2069
5022
6890
8198
3500
4428
6500
1117
4396
3160
8970
6946
2794
8954
8512
9506
3628
4198
4703
7025
1865
1930
3769
4687
4016
2063
9338
2242
6661
9476
9803
4611
4973
6914
7247
4879
2335
4832
5846
3715
5422
5321
5920
6642
1979
8616
8614
1911
9609
3083
8467
3069
644
1646
4546
3160
2850
4989
4322
7820
2361
2887
5248
4791
2311
3679
4960
1765
6208
7132
2897
876
421
5587
7465
7849
1228
4390
6895
8812
9831
5368
4423
7737
7374
2806
2795
9588
1251
6090
9234
7742
9907
2764
1457
8015
1348
7291
4766
7132
1354
9398
1842
1500
8423
1641
1855
8040
7769
2372
5683
6355
9817
5068
2102
5759
3176
3623
1493
8716
6310
6451
9710
9845
9239
4514
217
2411
4294
2664
5936
5079
4628
3927
621
8270
7729
9444
1314
9161
7093
6748
8053
1314
2856
5284
4864
577
9580
3519
9273
3261
7488
6498
8068
9522
9905
7400
1609
9000
3108
3557
631
7337
8883
5324
8064
6026
6670
2331
6696
9034
9578
3350
3749
2970
817
2920
123
2451
2010
9394
7239
8932
8012
6363
1656
5453
5897
4856
4279
6412
2827
7698
8485
7830
2254
3491
9930
2381
9952
8965
7088
2199
7566
2818
8069
4748
7063
7197
6578
875
8267
6002
952
1695
2575
6283
8623
6332
3257
5358
3008
1248
2873
7381
7005
1714
5374
6825
3
2615
9641
7757
4100
7913
6678
3677
4132
3707
7331
6227
7655
2163
3778
2218
175
6501
4638
337
916
7121
2225
5869
7980
2807
7105
5040
864
5942
3135
158
3629
9312
426
8021
4252
38
5802
5700
8066
9691
32
3264
574
514
8900
6332
8687
7500
3229
9541
5204
3680
1636
3808
2097
7414
5014
5933
8034
2810
3617
6494
7189
4834
728
3772
1646
4835
4307
6078
5603
1866
1511
4640
9273
2902
7490
6359
2178
5145
7889
6468
8157
9664
4664
5088
6745
6837
4767
5845
9280
8636
5164
6223
7876
820
3968
8271
3744
1536
6394
5909
8879
994
4005
4684
6604
1263
3227
7100
7693
198
1482
4283
9921
1435
5070
779
200
1953
5491
1891
4075
3260
7920
9743
7919
3558
1730
7105
9448
854
9586
844
4287
9809
1247
10
8100
5314
8247
2773
6711
5506
7952
3672
5184
9459
6536
6407
9366
5274
9497
1818
9244
8122
8209
4526
8634
5519
5576
3212
575
2973
2428
7010
1427
6767
3941
4857
6648
3073
5126
2607
2129
2832
1634
6667
3293
786
8540
6448
4625
1549
7840
9126
8520
9712
1932
3525
5997
8891
1168
6982
7681
5969
79
5046
5748
2555
1999
3980
3516
5306
4414
9971
6351
351
8817
3625
3384
3584
6543
1872
5147
8500
7004
1245
7208
8256
1979
4592
2560
2338
2228
4417
1470
2001
549
2065
5202
6117
1763
2914
848
7448
1332
9697
8725
7141
4790
5906
9789
5807
2910
3549
3858
8958
2455
225
7034
7006
8762
4037
8589
3969
8934
3491
6437
7047
7866
1643
5328
5508
293
4979
5827
1708
3774
4636
7122
6003
9904
126
8130
7315
2057
5944
7534
1759
5263
2307
6759
3216
8162
5415
2794
6293
1128
8786
1861
8058
7213
1678
9116
587
7951
6125
4553
809
8271
243
9188
5391
2189
4330
5275
1773
1475
7462
424
2232
7042
467
2900
6843
3790
9670
9798
4978
762
8276
2334
3247
2964
3414
7992
7440
7505
6709
2293
482
9132
8373
548
3071
9040
9321
3579
8325
699
6700
7018
5887
7998
440
6253
5088
3289
3074
6591
9429
2199
5950
2449
2140
4775
187
1948
9403
600
4514
8679
7649
8824
4927
4905
6001
4958
1955
4497
9627
1269
6822
5664
521
4957
7849
7515
153
1011
2020
3412
8125
3758
3905
9733
9360
5067
9458
6660
1918
8630
922
3311
3446
4841
1282
4636
4552
4325
6437
5610
9743
8679
6468
8856
2159
638
4295
2343
7241
9844
3457
930
5596
284
4586
3432
7304
2037
9508
1931
6793
6674
6742
8658
1645
5514
8577
4238
7254
548
7231
1703
3960
5741
228
1077
7794
2437
6679
2238
2925
8391
5444
7250
2078
8146
8072
8708
5902
3854
4646
190
3362
7174
5391
1425
1856
8421
1336
8588
791
2146
77
6367
8982
9188
966
4895
983
127
518
1223
633
4768
8990
342
787
1927
7098
8976
4
9241
6675
4578
2285
6952
2204
2010
8961
8916
7576
73
5321
6692
6798
7071
3625
1242
4108
2179
973
1210
2543
4754
7692
2046
1290
9291
8854
3842
2158
1410
7183
1001
8417
1076
2176
651
1653
2355
5402
9031
8940
9133
1971
2033
2491
24
6628
8266
692
1158
8877
6960
7080
2696
4428
1879
4889
5164
5182
3649
2321
4778
4792
397
6658
7090
6066
6381
9781
8857
1805
8778
6908
6223
5611
1106
3930
5790
6384
3451
5792
2877
4605
6217
4315
5494
6592
5702
8345
5599
9004
8361
398
7995
7315
511
7894
7659
9592
4229
510
9914
7006
5526
9964
4226
9465
3669
1813
9005
5128
3377
3057
5540
3056
9032
1240
7759
5801
9867
8395
2422
9469
9463
8703
5216
1947
700
8699
7235
7669
6399
1036
4597
796
9730
5080
9765
2251
2598
8278
8217
6392
310
4594
754
719
2699
8187
5336
2356
5151
7810
9678
2672
7638
954
6242
5750
6361
4373
3875
6183
6685
1669
6178
2319
1625
6080
9568
7448
5402
2673
3981
5870
7334
8603
4794
1197
8046
8514
7922
8418
8591
6406
3242
99
2670
4919
8684
1865
6474
6973
9018
7878
2345
5596
5954
1541
1084
2213
8411
7614
3805
9879
7154
298
2397
6854
765
7177
1825
8907
1813
1217
9782
5156
7354
336
8342
7690
2956
4885
807
8478
1896
3821
3069
2368
1533
9071
662
1378
5126
9908
2713
627
3787
5413
5700
6310
4357
9211
4478
4016
3060
2558
6891
6691
6322
510
9302
84
6594
3476
9895
3695
2189
283
3908
3328
5652
5363
4077
3251
4928
4007
1369
7650
361
3839
1783
5587
2391
6538
1860
359
2084
8928
9898
6613
3917
4843
3251
68
2672
343
4262
6198
8843
7376
1952
1637
81
2927
2536
2214
4451
2095
2203
1862
8954
8378
7307
7532
4212
3523
1456
3946
5075
7098
7567
4935
8495
6941
5116
3669
4132
7637
5325
9147
5826
2490
2778
4832
2359
5650
974
1171
2708
1308
6103
8217
233
7868
4504
992
6790
8130
4064
4355
4068
141
6490
8466
3013
2516
8813
544
7926
372
3905
2373
9197
9577
6420
3055
3360
2177
8621
8240
9851
1817
3920
2097
6010
289
7200
2409
5917
7839
9730
9826
4678
8809
7667
4248
9875
8437
3318
9478
5762
4014
8681
7114
6586
2226
4123
1003
7970
4266
3653
9958
4930
2821
24
396
1172
9093
6844
5161
3719
2810
9551
716
4161
1925
5318
5602
8916
1653
5007
3777
1231
4518
2437
144
6943
5207
4738
4716
468
4264
5150
7061
3238
5916
769
7427
7272
8594
7864
137
2980
1946
7909
8224
2858
1865
6665
4333
5590
7776
7500
8917
6755
2305
2557
5434
1997
4935
6949
8646
5272
2024
6706
9158
8820
6677
9242
4421
4264
2157
9249
2959
6848
9584
22
5668
2610
7806
2426
8828
6960
9639
8735
432
7906
5308
8814
1947
7019
509
7089
2281
8684
8657
1898
682
7026
6100
4948
3122
8033
3227
5051
4699
2195
6892
2062
4014
8111
2308
2033
9246
109
9796
715
4686
1631
8385
1590
7252
568
5000
5450
2830
6038
3473
4658
2293
1039
9596
6799
1794
6618
2409
5880
7925
5228
4745
9966
9118
9795
1688
2258
8866
4240
689
624
1326
7281
2059
6161
4448
8120
9928
48
2746
5548
3038
5009
5117
5475
8983
3030
1499
3688
8901
7865
1514
6305
130
6845
3718
6380
5768
4402
5021
2755
2748
3523
6668
3262
6874
610
6229
695
5204
9785
6075
2956
7361
7102
5228
6680
4392
5646
6563
1878
1707
1438
728
7967
9494
3176
2858
1179
8947
7174
1333
1629
479
2616
802
7839
1199
8853
767
282
897
2864
4010
3148
3930
3781
1194
9184
5722
2146
6739
61
8482
644
6028
277
7851
3604
7948
1234
5798
7001
699
220
6822
4891
9948
216
1808
8948
7733
9781
7700
3908
6422
8041
7077
4387
1199
1507
7297
2944
6344
9747
1187
605
6535
8532
9065
1781
7642
2235
4514
2921
5048
2728
7125
2058
772
7547
218
7191
4147
8465
3808
6399
8780
3275
705
2533
618
6551
1880
5228
9139
1110
3200
9079
1361
3259
5760
5099
3442
9124
7220
629
3758
9863
8252
4862
7565
8777
4439
4000
6087
6697
6833
5476
7657
1135
3620
9156
931
7256
7660
3262
4552
1599
6692
1741
9308
3988
7610
7157
4889
3762
1693
1362
901
1441
6324
2473
7624
9814
3806
2991
2455
3922
1761
1563
8894
6582
7633
660
5215
1874
9050
2788
803
3097
869
8349
8173
8278
898
3637
6325
1200
8827
8714
7624
4702
3259
4965
8778
5911
4365
1510
6926
9904
4911
9528
8483
6498
5215
5619
8844
4995
443
2692
5673
4871
9355
5545
8643
7868
2028
5770
2349
8204
2496
8198
7028
6228
4278
8376
9240
3501
119
8413
563
6708
9779
4310
7313
5629
9811
1032
2196
8258
7588
6713
8485
6835
8520
4968
9879
5431
3086
184
7532
2132
5650
6630
3339
6430
394
5345
2471
3524
7070
5379
2881
669
730
3983
3515
3203
6313
1308
8838
1046
5807
9145
8847
1809
2699
1120
2095
7829
6657
3526
7263
5026
2757
625
4969
577
8817
7219
8129
7635
8077
1191
528
3309
9560
3724
852
1853
5776
330
2226
7623
5255
2237
6309
2189
3301
782
2562
8658
1831
7387
7301
8012
4457
6495
7312
860
9817
9152
4719
4796
4949
2407
3080
6527
2029
897
3220
289
4587
8140
8382
9186
7876
2542
6484
7937
2082
7733
1321
2666
1944
384
8130
2641
3454
392
648
9577
5282
7081
6200
7333
494
2055
8108
3072
8275
6093
4623
9620
7810
603
9455
1724
2201
8125
7121
1841
6150
4137
6393
9965
5218
3411
6314
3259
8154
5469
8832
6029
7816
901
1872
3830
464
4999
1825
2191
987
7636
4702
1063
7030
5078
7838
1303
5202
8074
3854
3535
9578
6720
9999
755
1484
8199
73
7481
3288
6745
4888
9681
34
2456
6656
6204
4422
3172
9176
8892
697
5515
9475
8502
8917
7028
2099
253
9839
1988
880
6792
6995
8693
8791
8028
1989
5038
2100
2525
2652
6191
6761
7451
5084
7260
7659
8297
5571
3461
855
7958
4254
5558
4413
4357
2823
3685
6804
306
9890
1110
4594
8622
4493
3795
7673
9246
4947
9899
8918
8961
9649
285
3202
513
1848
135
4302
1224
6280
2151
141
4251
9005
6818
6202
25
8182
5608
2440
9341
5953
4898
5500
3304
731
1238
5301
4183
3103
1952
8194
4808
939
3733
262
4131
7356
1068
8465
5164
3735
128
5128
3823
2135
981
31
8313
3268
7075
5902
5902
8373
1068
6941
4170
3556
3501
474
3364
6637
341
5286
4802
5482
4478
4392
3596
457
6705
4139
7804
165
5668
4067
6967
8255
4901
5952
9353
4863
111
9005
6857
3606
8270
6388
4114
4213
3112
9487
1778
389
8242
5597
1909
7847
1560
7258
2644
9500
7836
6857
1360
8725
4795
303
8856
5325
5749
5307
7754
6152
6961
1837
9134
5154
6292
7830
7788
9970
3891
3980
2609
5255
765
9712
7053
749
3219
5311
9962
7780
4911
1438
4067
4137
8127
8379
7730
4389
976
1554
6162
262
7399
7667
526
7809
5092
3533
3973
9675
3477
6551
1277
7499
8718
1266
8271
1340
7803
7331
8614
4481
7271
1307
6363
5007
320
2990
7315
287
5609
1016
5494
6146
1537
6350
7983
9661
149
8060
2630
2986
5485
4756
4881
6928
3267
731
6999
2254
8530
2637
2507
9681
2011
7973
1903
2076
1865
7857
6549
2556
2440
4589
9971
3724
2850
7467
4332
6512
7136
550
9124
8924
5573
5291
3561
6693
6564
304
5761
2366
4999
6792
5969
3288
2785
4989
2345
8003
8348
4230
7224
8863
7020
3902
3891
101
511
3730
6208
7808
5292
1977
5104
1339
332
8237
5225
453
5720
4111
643
357
3205
6310
1875
9544
317
3037
5158
2630
4396
1249
3659
9343
7293
9517
5682
1417
1449
7253
8415
9033
113
4972
7177
6364
9712
7838
4071
290
160
5144
6425
1172
7769
6775
9908
7465
4272
3567
3145
4905
5514
3512
268
3729
3107
5282
8961
5326
2455
6625
5765
2339
8179
6211
8681
7177
5991
9874
4411
4003
7329
119
3616
3017
8584
6794
2925
7118
7207
112
5202
2744
8744
8132
2097
6345
7157
5709
520
4588
8702
6484
5648
6048
4817
7029
8836
5011
7973
5929
6719
5903
5134
5756
8969
481
460
509
7125
9570
6484
2883
9430
2835
5785
6355
6761
1706
4036
4708
2182
8025
6485
4528
1541
7587
4709
2044
555
8383
1483
8313
810
2027
3751
3418
6293
4441
4838
5206
4038
1929
972
5025
6908
3743
9766
886
1537
5737
4491
1791
9517
9373
443
2075
2560
2530
490
2849
6338
146
9953
7185
3720
5855
8123
2854
9788
1272
6956
1441
1846
2602
7471
1457
7154
9912
1794
8134
1633
3641
5040
3028
6265
5759
7116
3361
8107
7031
8797
2003
8636
4617
9945
9750
23
7190
6524
4712
5970
7805
2707
8862
3091
1353
2823
9159
4785
4607
6290
3104
8062
1178
7091
8100
5499
2764
1523
52
1479
6667
1220
8384
1782
9162
7603
3869
8590
9328
8573
9286
344
2622
4431
6497
2693
999
9216
4248
6854
3377
4012
1730
5059
946
1516
7012
3214
447
6312
9803
5233
7859
7825
3352
5199
4198
8792
2584
6023
7995
2175
4593
6068
2477
3056
5674
6927
3948
8216
3459
4356
6827
9132
8609
9223
97
325
2295
5691
5763
1861
9546
7241
9752
6279
1761
8333
2435
4278
7178
3502
5512
2376
2245
6167
6497
3112
131
1241
1370
7024
3335
2782
976
774
7681
941
5828
7574
3632
7526
7171
2484
8461
2325
4210
6660
3441
5256
2150
682
6577
3165
3019
597
9779
5335
9913
4063
4494
8543
6779
1377
7982
2041
6724
7927
15
4630
6131
5726
7835
499
8986
966
6002
2566
6749
3035
4641
8174
3044
2095
2225
5769
5074
2023
1414
3503
4638
3534
5142
5333
6137
7197
2914
9973
5642
664
7634
146
1520
9830
3197
4734
1511
121
815
9753
2122
3249
4500
5071
8074
9286
4437
9514
1983
3833
7941
4546
8046
20
6738
5523
3643
3629
2852
4050
7080
2696
5838
2779
757
5573
6209
5819
3553
8764
6145
4751
678
8678
1485
5273
1939
2920
5291
2189
3855
8958
9976
9103
4706
1358
4581
9789
7584
9696
8773
7021
8633
7964
9310
2081
9303
8728
6873
5719
9722
689
8051
3343
6815
1914
9358
6575
422
2131
4253
1657
8515
166
4213
8793
6436
744
5050
4823
3062
378
9286
6371
9380
4820
5473
7452
9547
5316
8150
8661
4771
1721
1903
8963
5018
3772
5908
1218
1341
585
3575
355
1132
227
9898
3769
8887
8877
5049
2389
7371
4021
9651
5616
1618
2755
7335
5274
7758
6403
2467
6823
842
3673
7159
2048
3051
9664
748
5007
5102
2323
9127
6617
3244
4161
7127
6848
3809
309
8219
8165
2389
8527
2373
8477
7783
254
8325
8190
5221
2838
4370
7379
1631
7150
5703
3571
4750
5410
6205
5801
8034
5911
4459
9499
1349
1785
7971
947
7273
9924
677
9441
148
6216
9880
5909
3244
4214
132
9979
1466
4560
453
6738
5439
521
5957
8858
3549
2371
5899
4528
4014
1915
9159
1907
6554
2851
7263
2437
2667
5226
2951
9871
3126
1109
2314
68
2277
4985
8255
439
9527
5277
6240
3672
9536
8559
7617
9362
4990
9577
7001
9788
2076
3235
7553
5410
9034
2484
4625
4821
5816
7676
7097
3385
7499
1327
635
3313
3508
7763
1567
7745
2049
1322
6919
7369
7258
942
8148
1625
314
4658
3866
6191
5419
6729
3636
6148
5136
3741
6456
5253
4013
9955
1458
7204
6086
2220
1352
1839
1722
5280
4013
9347
3028
6684
8527
5523
6835
1678
8284
6232
8277
8947
4982
5245
6731
2907
5105
251
157
6928
7836
3278
8675
3593
6105
5970
9183
8609
4890
8895
1257
4937
738
9709
1702
5695
7928
5089
1286
6741
115
5885
2727
8680
9047
468
8435
952
5129
5063
2164
2697
9765
4781
4258
7603
9340
1955
6980
7460
6513
4262
8774
3230
3446
7281
7627
9691
586
663
7815
6734
99
189
1667
776
4010
6066
1785
7922
5171
1755
8142
6886
681
6615
6766
9707
6397
9445
481
3010
4584
4377
6902
3072
8283
8234
6671
2334
9688
949
7095
18
1721
2020
7840
5485
1163
9617
6225
9351
7341
5752
9223
3600
4153
846
7611
2290
1158
3244
3397
5184
8435
3053
2587
5130
5502
3598
8493
6114
9325
2982
8838
8255
2739
6002
2184
3508
1838
2163
9751
4135
5071
6933
5206
9339
9698
6170
7121
6997
26
6379
7623
3366
3243
164
4988
6373
9814
6966
4839
2349
4329
2931
8712
3712
4074
8425
2465
1175
7977
9063
7583
5990
8830
4797
8854
2766
3615
8104
5686
4500
2903
245
7610
7008
2355
4471
6007
7609
2765
5391
3069
2920
8789
6704
3485
6482
4954
4413
1344
1202
5008
1061
3078
8864
422
401
7122
1579
2482
8303
6643
2936
5591
1645
6138
1888
1668
1451
5299
6969
7059
3694
9768
12
4875
4876
5034
12
7858
4311
7518
9720
652
1107
9965
1049
6913
3975
120
7182
1587
2200
802
9979
426
949
2066
8558
1569
86
8529
2401
3455
1695
4555
5945
9510
6947
7434
9453
5836
405
292
7364
4084
3175
4728
6504
517
7482
371
7990
1708
1501
8148
4206
1574
376
992
8337
2472
2262
3329
7475
5941
7165
4996
3687
6389
2443
7800
1904
9769
4805
9949
9456
8753
6320
214
9452
6662
4328
4282
3338
33
9088
6220
7582
8115
8752
4548
5783
2180
1686
2773
654
5161
4327
1977
4416
8172
571
1192
8433
9471
2642
8142
9776
7191
3491
6943
7979
1358
9606
1614
8183
7056
7314
7324
5928
7461
4195
3448
1603
5158
8681
8470
7523
367
4751
642
7039
3604
3319
9511
1010
4039
2960
9455
9504
5716
4930
2774
7884
8056
9605
1226
4889
3609
67
7977
7247
1410
5793
3317
8632
3984
1222
4251
9428
540
3868
3885
723
7953
8764
1308
2220
3840
7315
2259
1310
2835
7615
7506
7800
1531
1223
4132
8340
8029
4902
8795
6992
3698
5869
405
6261
9162
9689
5984
9876
5093
195
4329
825
9158
4293
1865
1327
8711
8216
6872
321
368
6118
1076
1220
3739
1586
8541
3728
9107
173
3070
1589
6886
4858
8554
7130
1127
6170
3488
4817
7218
1759
9067
8323
9841
9416
6416
3794
4670
5993
6937
5044
696
5191
3030
2531
6966
6926
7202
6175
7778
3636
8345
6885
11
796
3769
3696
5169
1661
1140
2504
8783
5217
9503
5921
3491
1819
7201
5050
2468
2435
234
1789
5807
5750
8801
1383
7678
1783
4540
2427
6361
6051
1931
2136
9715
9554
8506
4824
338
8795
6972
3338
7749
6844
5948
7957
2836
8271
9968
2589
1472
1324
5057
4458
1160
7191
9480
2020
7780
3619
5876
2350
7334
7250
5982
2160
188
4855
9442
1916
9963
1209
6287
9495
6849
8469
159
2230
6499
3601
5595
5810
6670
2432
8679
122
5920
600
1137
4090
3830
5378
8833
3051
2978
381
6296
565
2128
8199
3899
7181
1830
3474
4423
9737
8882
3772
2807
7464
346
5712
1193
7891
5019
1588
5159
8197
8463
5101
2475
8065
5533
2024
9830
5339
8182
2869
708
345
7187
2162
1199
4472
9374
8755
3528
4905
7959
8381
2545
9514
7523
4570
4735
2491
492
1274
2010
8999
8279
7119
9071
8510
1062
5820
2135
2749
9736
7176
5873
2036
4891
7508
7983
4268
5448
8681
5095
8864
5314
2893
1995
5242
4642
7265
4333
2704
8880
9885
4626
3446
939
9672
696
3315
8646
9917
5558
3465
6397
9520
6997
1970
1990
882
9152
6349
4031
8625
8445
3095
5577
6553
6616
9664
967
268
8111
8856
8991
9056
2343
3417
1751
8275
8956
7365
6006
2671
178
8626
3551
8105
5647
8184
3607
1604
3820
8636
8879
4306
6575
4728
9625
9170
5652
4719
892
8282
3256
8922
3152
9135
6909
155
4323
8354
7642
1703
3693
5920
8763
8505
4617
5151
4590
9029
824
9900
5845
6143
1771
1170
8957
2813
62
1018
6778
3779
3316
5993
1068
3403
1138
9895
9273
4980
6202
8422
577
5255
5655
1105
4529
6469
5169
4584
5803
6023
6358
3585
9920
6441
8928
5697
4804
5781
7642
6877
1935
6534
6496
9097
9521
4246
956
5393
6263
6619
8556
2499
5641
8729
5685
5576
4894
8519
6026
6725
481
8086
9563
7708
8421
1846
1953
4345
4590
6243
5978
2363
6196
6027
7732
1494
3584
3760
6860
2294
5734
2607
5154
2169
7364
6958
9505
635
9561
9019
1182
2764
5929
6224
1177
3084
9125
1133
6456
4339
4412
8412
8975
7072
2608
1106
9416
8790
6805
3116
1533
3950
8039
5832
2480
8482
1951
6627
6268
1828
5808
4877
9628
2703
1860
8350
6519
58
2060
8125
5924
8843
7969
6434
6333
7443
1043
6424
1618
9257
2148
4537
7419
2930
7447
1843
292
6803
5885
4563
7842
7549
9947
776
8707
6287
6660
8021
4937
1343
1277
321
5348
9119
9663
3526
1594
4251
7829
6356
3709
5217
3942
486
5336
6688
3911
6036
602
4999
1408
3009
7444
1550
4780
3755
4888
7431
5976
644
5193
5818
4798
5386
9554
8292
7287
9529
6142
7399
6952
9622
9343
6275
7805
917
2960
7849
6506
3470
7461
6406
406
7934
2659
3826
1076
9411
9250
5263
5848
3918
1095
5022
1900
3428
9342
8340
5102
2221
6963
5673
4114
6790
3379
190
4623
497
9294
4785
6518
5058
8141
986
4794
8651
6117
252
4415
1261
2909
4893
5547
3977
3600
1293
6171
4458
8823
7147
6861
7232
3059
5416
9670
9891
333
4545
4684
4194
4369
3795
5850
6722
6467
131
4860
5594
2906
370
516
5099
6779
9187
5654
2870
3964
8681
6798
8761
7783
5881
4971
7666
9338
8204
9055
7993
5743
8500
7998
2036
117
2320
6616
6452
7451
6496
9383
867
8263
2344
3064
1854
5892
1489
6405
7592
7851
5137
4299
8536
2182
2030
8408
6441
904
7194
4401
7211
4813
3068
7495
1690
1578
194
6115
7798
300
1608
7225
3185
6777
828
5674
4601
5498
6434
9621
6672
7776
2940
4243
4314
4854
8420
8514
3064
4662
212
6417
8585
1878
9439
2245
3237
1347
7741
7465
5303
5213
2349
2497
8009
263
7604
7431
2690
2240
4046
7723
101
3893
7239
5490
5164
6739
5110
4918
7662
9899
9503
9865
2654
6580
4657
5475
5685
5562
6046
9439
2436
3778
1663
4680
5283
3314
422
9115
8866
88
345
4240
8745
5908
7499
1737
1513
9141
88
4036
5050
2649
4700
7900
949
6325
8283
1506
2199
9223
4789
71
6659
5960
2049
9755
6601
7676
4426
1651
9856
1595
9717
7721
2388
1096
5532
1547
898
300
1757
8647
4263
1489
1582
1543
2081
4838
8513
2514
3263
6964
8947
6037
6375
6239
9971
4441
728
5490
9001
744
9575
7983
8944
8504
8595
4153
4043
8116
7772
9520
4635
2675
5517
471
5484
2898
291
5265
3429
2505
953
3542
4836
4467
2699
587
1299
7082
6744
2090
6478
6700
8360
4348
4542
3012
8539
4175
433
8
5725
2363
6057
8802
7641
2913
1814
6626
31
1361
8298
7968
3641
8428
2103
8629
9962
8021
735
3848
3298
7925
1908
2116
1823
5642
4390
5071
6135
7351
4203
5126
340
3599
1616
4523
5273
1317
4101
8647
6513
7581
7244
5629
4970
5378
2659
3131
1923
1939
4814
4718
8867
3461
3608
5306
6420
6354
1877
913
1853
1571
8613
803
8101
4673
1781
8775
796
524
9529
8132
9074
7801
3200
8176
8452
3811
2965
3239
1375
7438
2057
2932
1154
4968
7801
917
853
8366
4574
2254
7345
8032
5327
1111
2816
2275
4958
6113
6094
7356
3115
9094
6512
6823
8736
46
2340
6500
8063
9921
196
2308
3869
4001
2313
5013
728
1752
1837
7475
4087
4612
694
608
1993
5733
2951
9397
3662
8958
1244
4515
1201
2097
3458
5398
2478
5339
9118
4219
5077
4007
772
3402
5766
9695
8610
2067
5448
5768
5220
765
2603
8000
6182
9190
9661
409
9372
7464
9898
2002
7929
5917
4142
567
675
3027
5765
6719
503
4691
1714
9474
7662
3312
9138
8474
1172
8235
8960
1449
8674
6897
3930
1161
8242
6843
6522
8538
5568
6545
174
1165
9264
6912
3719
7466
6094
107
9032
9263
4126
6241
4446
6755
8721
496
4523
8834
5490
1913
7893
9931
7540
2008
4928
6497
6789
3819
429
5142
476
1734
9672
8640
8233
9172
3850
3870
6911
584
9870
6473
6252
2846
377
8929
3593
5351
4490
339
8061
4295
1020
2597
9917
8963
8713
4291
5479
9601
5099
8209
5034
9431
3571
6679
933
2420
9530
8032
8658
4362
7625
9922
5568
1988
8794
5123
614
2459
7305
9037
1661
9750
9789
5086
427
1407
8329
8758
3057
2509
7339
3124
8350
7710
4077
6747
132
459
1819
1393
7189
8696
3316
3510
8611
6945
6149
5
4699
8274
7295
3476
7404
1291
2002
8201
8267
3066
4318
6882
8285
52
3226
8808
6556
8863
9944
3495
6883
37
9461
6422
5888
2089
533
7345
6026
6390
1030
5895
9359
9763
7741
7141
9180
1489
4904
6642
9367
9596
6757
3134
1474
4652
4630
2077
534
9614
1301
1966
7225
5404
497
3772
8044
6072
7350
3794
6611
1227
3701
8279
9922
2588
2622
4262
2819
7012
3914
5103
7766
3858
1915
5755
3042
6707
4827
607
8649
7904
1639
2244
5481
2156
1702
9387
9826
5808
1692
2516
1382
8682
8079
1477
450
3811
6520
6986
8105
2200
2615
6051
883
8575
5795
3145
2637
7035
7501
496
1471
9966
268
4783
4207
3372
2824
7892
7194
389
2531
7640
1286
5924
3285
9093
5355
2151
9703
4262
8676
5230
8532
4168
5114
7330
3932
7123
1785
6672
9475
9336
3941
7693
9240
7969
1361
9042
3999
9570
24
5205
734
9861
9595
4432
2093
7866
2461
7532
225
5360
9388
2849
7670
224
8734
5489
2342
8225
5913
4405
4603
2923
2290
2021
9852
925
6724
677
9704
2990
7745
4847
1005
1967
6286
5518
7138
1321
259
5938
4816
3797
2798
9515
3335
778
2697
7006
9603
6580
1455
6381
1290
9613
2717
19
741
3113
3094
3567
6650
3137
2320
8307
5261
2501
126
6236
7836
5939
5708
7418
3823
2541
2361
212
8813
7736
2042
8461
3505
6232
1073
7708
8772
6119
612
7924
3864
5129
3701
3608
9415
6417
2664
1867
298
4567
4102
6575
7909
7866
8084
8032
7614
9036
29
1250
6542
1661
2579
3036
8909
9150
9755
4921
5409
6492
7632
2063
6653
5209
5504
6458
9621
3934
4535
1185
7581
7812
1353
4110
4080
8717
9855
4181
6307
9023
4106
9384
9168
8137
6541
253
6511
6180
7186
6586
5300
6687
6009
929
5580
3459
890
5400
5453
3827
7295
6819
4708
8811
8248
9414
4976
1538
4719
259
3489
8748
8738
6429
8728
2960
8531
1728
3671
8504
3559
5636
6714
5246
8242
3491
3446
5657
6628
4834
7786
4192
8779
7810
2668
607
1089
4441
271
4904
542
1138
5731
8978
7191
871
8969
5414
9400
7298
9352
5311
3440
2796
7613
7248
8499
404
329
4957
9643
5031
3660
3658
4983
4068
7642
8620
1543
7004
6114
3683
7747
9345
7890
2833
1923
3033
5601
8385
5144
8573
7110
5594
8553
6921
8136
1000
14
5721
3450
3325
7355
8178
6305
2006
4314
5808
7846
140
9071
1926
407
442
9650
7799
2278
755
7539
1733
9991
6810
5486
5792
3179
8727
172
6358
7921
2375
9333
12
8836
2309
7678
2161
9559
6656
2396
9463
7341
836
7965
786
7613
6839
1169
4085
7778
7444
282
2492
7916
1797
8744
4749
3204
2952
948
3031
5698
4963
4742
4711
8521
5233
9701
4672
9802
4975
158
7819
1604
6541
4897
3928
5010
6422
5547
5647
3309
616
8372
8237
7380
7045
3224
9418
7011
4353
3349
587
1263
1036
7106
7726
44
947
265
1606
2000
7702
9463
555
588
7953
937
3126
4883
3241
5874
4889
4054
1714
6633
9550
9345
2405
9870
1384
1947
4659
9959
792
3036
8157
5262
7250
2010
1563
2472
4157
8652
294
8307
7232
6085
9737
9827
6139
6126
7569
3907
455
9323
6422
9215
7545
600
6192
4687
5567
6726
5118
828
812
4373
9564
7671
4096
6532
7810
3145
8058
2999
9520
4739
8077
5358
7974
5695
5365
8324
9138
9148
5762
9849
7425
4487
2357
4713
7223
9906
7576
8632
1020
4221
8061
2443
2589
3617
5666
5065
7757
6638
6273
4501
4684
2424
4084
789
1452
2077
6482
4395
6777
8554
7229
242
8438
1346
4903
9162
2269
7913
2033
7041
9254
5173
1755
7253
8361
1510
2063
7570
7213
878
2269
1422
255
5037
5039
1572
8323
5751
4695
9238
3888
1410
3632
1133
2984
5082
4390
5143
680
2071
8404
1933
3731
8815
7821
1227
9603
9877
3029
4719
6409
3071
2068
2908
6604
2121
2384
9821
8161
4029
4590
9569
1946
985
363
3689
1546
5511
2310
5566
3115
7789
3878
6733
1551
2476
297
6969
4377
1077
6614
1611
7940
2489
5147
7099
8947
1414
485
4838
7136
3978
6894
1632
9468
9204
8008
2564
7629
8437
24
7429
5404
8360
7396
3411
6379
372
2527
9937
8071
5152
8620
7534
4469
4342
3577
1791
6320
6372
1325
482
7269
2639
8707
796
4786
5740
8858
2941
9382
5985
8878
8239
2715
5246
1844
4664
325
8229
515
6284
6314
4549
5184
7869
8359
373
3492
8009
3674
4719
8303
2775
4299
3342
4892
2983
9621
8815
2467
779
1310
8584
1016
6889
207
2265
4562
5537
5256
5423
5722
4544
1096
1210
5673
3989
9785
9429
2288
8720
3024
4380
6081
8309
8015
9465
4359
6154
6132
7141
6606
1252
4440
7287
6945
3934
2464
1799
3693
6204
4722
2299
3715
5549
3630
4385
1735
2419
4574
1890
2124
3065
8697
6879
1470
7871
8551
1250
2529
1640
8779
2729
73
2983
1453
9854
7356
2914
1439
4044
6955
8702
2857
9834
7339
3650
4360
7181
6727
7325
1130
514
2905
7951
6022
8726
2060
5968
6782
1378
756
2365
4938
3627
8593
9737
9110
8303
4895
8248
500
3714
5581
1233
2624
8486
9888
5611
5385
7432
2712
2205
9505
2164
8736
2069
4953
4879
3971
6461
4414
922
6284
9469
1016
7532
9453
8603
1333
5174
2473
6496
5113
1764
8584
6966
5443
4020
3753
6029
1923
344
4589
6207
3057
9565
7202
8876
2875
5645
285
4571
3899
9270
8351
8857
990
1950
5023
7833
1498
9716
6847
3676
322
9347
7986
9350
9386
3538
6629
981
5145
4227
9415
6900
369
2725
5706
8577
4063
8062
7932
8059
4007
4217
1807
8829
2522
3638
5282
6065
2123
428
6871
6083
2667
2158
1054
2210
4888
1152
7201
9040
1065
7003
2988
5484
982
5538
2501
2859
5711
1913
6023
3371
8626
2211
2163
1195
7298
4724
5703
1523
678
2339
2887
418
4777
5645
7921
7000
5015
6385
2282
6548
1500
1171
2299
2054
2057
7275
770
4940
4011
7595
9830
4808
5322
8953
8972
788
7568
3846
3179
9255
4162
4775
8688
932
1717
1765
1947
7350
1690
5522
8063
7626
776
7606
7958
3612
681
3318
7466
1375
2162
9919
1625
3956
1528
1893
5516
2721
357
292
1393
2119
5984
4119
7900
4331
3268
1285
2468
8967
2394
5071
7986
3232
9884
5338
840
3897
7797
9821
5099
5311
7144
8551
2868
1012
1517
7261
6370
4587
6459
192
9120
2643
2871
1151
5054
4902
9986
4753
8944
5897
99
6628
1806
4279
9427
8303
9535
8243
2711
4683
1566
5638
5657
4149
8269
2241
2757
17
9510
9672
5689
9886
8674
4490
2869
4174
4228
9595
2441
9365
5913
9028
5401
7899
1687
7046
1267
7347
2361
9546
7008
9558
8537
349
7324
4560
2241
4280
1973
5461
4019
5572
7173
3161
6493
7374
7350
8505
5347
6174
6151
593
2717
5855
5352
4233
5565
3455
5616
5859
8070
9857
8368
8359
3141
6467
5840
460
4456
7379
6246
1026
3588
9433
3199
4984
8386
7931
3052
794
2027
6738
6147
2546
4704
8112
8496
1315
9848
9347
3966
397
7401
6147
9604
9724
3603
1538
1354
8340
4512
1999
68
7579
7456
3378
8740
9857
1437
7963
4343
7669
6950
8615
3137
5369
9624
9290
9128
1199
1166
8552
5317
9684
7107
3014
4402
6414
107
7229
4964
561
3856
7110
9873
2010
2847
1729
5349
1634
2765
7711
5699
4012
1696
3714
8879
2730
3366
9968
3152
2051
7616
3178
3562
8357
5803
133
3590
9086
3591
3437
5846
9086
2747
3052
2391
9050
6224
4991
1359
2512
8275
2637
5419
5458
2605
9027
1537
3957
2279
3395
6146
1698
6429
4630
1616
3549
4018
4115
9143
4203
7530
1308
8327
974
4345
5170
7340
5536
5345
9738
5680
6033
3969
2935
4808
6062
2092
3735
9023
2107
2339
3175
3410
3977
4624
92
325
2381
8152
8304
5373
1393
130
1350
276
9559
7007
2810
9389
4347
7757
7398
5083
1319
6508
7001
7064
30
2800
2990
3608
4870
6205
1057
6340
8484
5999
2822
4900
2042
9170
1556
7781
4467
9919
3895
500
2884
2620
8115
617
3586
865
2386
7387
5296
3156
8895
2552
3475
6195
4345
8774
9864
7823
6108
4716
5160
2089
6097
1636
534
2397
3390
7392
1708
753
4757
9737
4986
3794
711
6461
9057
7504
1386
5965
28
8027
8193
7035
7009
1809
5321
4024
9823
4248
6814
8717
4047
6804
3609
1595
1337
6773
4675
2415
8396
467
7830
8130
2058
7127
6107
6384
3159
5924
9701
1277
1296
7531
8964
5983
3293
7715
819
6332
3438
951
1485
6546
9222
8960
761
4284
4246
3240
3828
7213
6816
2352
6908
5901
9867
3344
2694
4021
3920
7346
5524
7441
4740
287
6746
9168
2330
7066
1507
5811
3322
2446
7691
798
4512
5561
5300
6526
6325
2658
1988
7807
119
4840
9738
4619
9396
919
4683
5544
1183
2759
8104
9770
3351
5090
3709
2428
3983
3793
1096
2854
4841
7157
9717
4480
1976
4176
858
4471
7982
2474
9659
5031
4658
1978
8058
6727
8741
7569
4741
7904
7889
4381
7851
272
4098
8808
5640
4608
5783
6063
5005
1073
2089
2591
3103
3005
9559
8409
548
7900
3353
2726
5951
1648
6155
7338
3456
7212
3518
581
879
480
1725
245
1122
5226
2441
4142
7991
3973
389
3381
6742
9553
7826
2855
7443
4414
4908
852
9321
8307
9583
218
5304
6919
6904
437
8808
6554
5041
3151
4217
2067
7811
2647
2241
2943
4923
7248
5738
1715
8053
4197
4774
1033
8795
4761
3944
8877
3231
3224
2033
9992
2340
9548
5082
4604
1040
7604
7109
9459
3598
2154
9719
413
397
2487
6521
2233
5694
248
5767
4486
8709
9657
8063
5562
1135
5908
276
3503
3529
9205
8038
5430
2171
9089
1142
3898
920
5088
7006
4459
9882
7936
1077
4103
313
2341
3149
3953
8455
9461
7885
3813
2788
1541
363
3826
5042
5805
6977
7626
5589
3398
6348
9837
2244
6515
8449
2186
5398
9016
7709
5546
9646
9348
5216
4282
453
7851
9079
748
6213
236
973
4291
3251
2024
9714
8639
6935
4876
5822
687
3433
2016
9582
3354
3841
2822
5382
5611
6174
6937
8429
468
6880
2216
4729
9803
770
6330
6114
7556
3973
8648
9894
9239
6019
9220
1287
9333
8777
4938
285
9804
5317
7515
4787
4625
5318
966
7060
9300
3384
8195
5037
4388
5281
2269
914
470
8380
9333
3432
455
3193
8990
1204
1611
2086
7011
1660
6468
6334
9907
5787
5251
1790
2102
9718
9691
7250
7904
8283
8620
791
7298
9554
9767
3370
9868
3820
4449
8326
7368
5025
214
9012
8984
3344
1148
9416
1205
9576
614
6982
547
1452
9417
8374
3732
8891
2769
703
4095
2079
1283
7139
8471
9504
1445
8414
1128
8797
8632
5237
3578
8103
6791
627
721
9726
663
4128
5559
5663
532
5093
5549
3007
9302
4083
6110
8333
2607
6557
1034
3339
9404
5580
8707
6328
9356
3588
5946
8034
9933
1556
8123
5837
4782
3332
4383
7192
7518
3592
7197
3394
5994
9348
1259
6997
1045
556
112
6111
617
5212
1692
1484
5388
8431
6013
7911
3708
6529
9651
3059
3595
5025
8323
1999
6829
8176
4002
5668
4459
3910
6071
6441
6524
1992
9789
6173
1088
9391
9352
3391
2782
4736
6960
1039
4118
8142
2556
8156
8680
6852
8362
1820
7703
5976
3391
2749
7999
7831
3318
98
9081
9941
7456
4540
1136
3471
6424
811
3727
674
3546
5015
1737
9166
3584
9760
2070
290
7632
2432
7816
1517
9061
406
3263
2570
9666
8593
5407
4151
4639
4436
8513
7675
3604
842
3770
8029
6021
9799
8784
2389
6428
4801
1880
9066
1541
7258
3809
3453
5327
2007
3308
6177
7278
8437
9279
4381
4082
4207
7063
1639
4801
200
4240
9792
2646
5879
1384
2188
5479
5663
8593
1598
1129
7756
4871
5366
8010
3735
9005
1908
517
2969
6835
9785
3157
9181
742
5161
8956
1399
9730
7261
8123
8082
1067
5541
150
9268
4181
4801
7484
2922
916
8845
9909
3301
3663
1088
7017
6304
5444
2083
9749
4719
737
9871
6726
5048
2309
9607
1701
2415
9499
2745
755
9645
6163
7366
1347
1485
195
564
1254
9348
4152
5560
6074
7129
6051
4380
1096
7877
5300
1841
9356
2562
8029
7423
8916
1548
4132
3200
600
8423
8041
8786
670
762
3187
1085
5349
4810
212
4149
4786
2863
6109
8278
1996
769
4388
8388
2133
9907
1063
3777
9911
4318
4824
9841
7144
5686
7712
2447
4822
3434
4532
3464
5641
8756
3737
599
977
5381
9549
7647
6030
7616
646
7870
761
9889
2897
5612
2793
4467
9714
945
5003
671
8618
6797
898
8474
2550
5356
4526
3199
5324
7865
1874
5217
6881
1668
6284
8495
5184
6655
5625
1351
1639
5476
9478
6022
9543
2230
5280
3206
8262
6927
2655
1799
9179
2752
2957
7674
1470
1071
2436
6058
3040
4777
5116
3248
1167
4892
3539
7442
556
8045
423
7967
6779
6463
6637
9806
6449
2382
279
3630
2538
5854
469
1352
4312
7199
6897
6024
9163
7853
4648
3664
9327
4502
6207
3516
9441
6260
5281
8883
7323
127
5402
1672
5900
6113
1748
6999
33
7346
4288
5186
8437
2155
3454
271
1968
2686
7326
6324
3819
6553
7469
2457
2845
7368
2965
9421
6443
8029
4301
5215
2193
5640
8462
9382
8228
8677
2892
5576
4398
3436
1816
8707
3801
3224
1796
9179
771
7865
8635
9859
6543
5331
470
937
5573
4255
8795
3999
4862
5600
2300
9510
7494
7686
9917
1559
1194
9287
8310
5670
147
382
8314
3474
664
5896
543
8832
5678
833
2522
1491
4790
5127
8067
1590
210
5425
5744
1872
7156
9371
4958
1999
9250
6950
2334
811
8784
2934
1414
9245
304
6074
8723
9313
6233
210
5913
4429
8614
6868
7508
5413
424
8141
477
6391
4478
223
1517
8530
3530
6734
4852
1325
4888
338
7152
3158
2028
3051
9020
9298
2390
8195
5916
4575
6483
6974
3920
6221
6132
9979
5921
5131
5790
6525
4556
4295
3314
9491
9919
4258
8288
2622
7900
8620
8370
902
7931
9726
819
122
4950
8090
4521
332
2071
1429
2194
2026
4065
8756
7978
5753
61
8766
2321
5414
5601
2764
8005
6624
2028
9980
6727
2088
8090
6616
3777
3383
8539
391
4401
5195
7561
6438
6279
8445
5484
4905
999
4449
9742
213
3558
8984
4822
9970
8742
2152
6174
4786
1026
27
5194
8370
9974
1266
7104
7131
9183
9180
1421
945
8865
8198
801
5659
5875
973
4544
2026
3322
1132
3216
6152
1882
6823
1592
5837
3344
1765
9878
8417
5509
1441
2785
4218
8321
772
3724
240
6269
2515
7821
5495
805
1846
4947
3056
4646
5586
3950
6938
1987
6459
878
7412
9598
2544
6269
4591
2754
5544
4560
7880
850
8187
7223
660
3728
891
6394
5584
3386
7425
9441
667
5984
5932
7854
5771
434
5774
535
8928
2564
9724
2494
976
1201
1019
4335
5842
5551
7062
659
9012
8770
4167
3456
1074
9560
9445
2222
8043
1398
1323
7179
8506
4206
7819
4581
6169
1810
7595
8707
8436
6810
2845
6977
39
1779
2555
457
4767
3919
7702
4972
9634
8683
7990
9514
8140
5022
3832
3475
4119
9813
3541
6147
799
9393
181
4812
1198
459
3184
4379
757
1502
1842
6788
9582
6013
9035
8355
9859
5864
8939
3377
5982
1629
7981
3876
1641
6672
3899
6792
6823
5201
2273
4523
8065
4155
2188
4317
9262
3939
8374
5137
8678
781
1562
4448
4230
7942
9546
5995
2051
161
7555
9626
5525
4057
7852
1839
6372
2981
2936
2829
3406
83
4603
7450
9614
9793
1362
4354
8746
7452
6271
4883
6209
4455
3887
5659
376
8571
3659
382
1105
9893
7660
4481
6233
5532
6422
8792
5372
1256
8394
2682
415
2426
2709
7467
2266
4367
1553
1527
2172
5412
2825
1664
4698
844
962
8483
8145
6019
1787
9764
6150
6950
1559
8815
2305
5663
914
8910
8974
3476
7529
1075
6950
3406
2697
1738
7476
8769
4284
8830
386
7552
8168
720
8411
7637
6776
2499
6802
5404
3279
8701
6282
9080
5285
7009
1113
8326
3873
3058
3247
285
5647
6610
8918
1240
5822
8011
9316
4840
5227
703
6076
8625
765
257
7320
5236
2778
7369
5008
8316
9953
2145
4699
