417 4
870
280
933
604
440
413
633
825
427
41
837
338
196
640
215
415
790
748
95
110
894
617
68
617
670
171
280
895
630
371
424
159
2
223
168
208
546
632
166
876
609
535
810
746
24
382
107
431
403
45
62
75
550
699
505
570
577
430
186
910
433
398
924
724
97
507
72
143
391
190
15
208
868
644
132
128
563
919
449
891
897
510
385
920
173
238
492
162
232
836
78
880
483
299
371
827
237
488
113
645
634
379
472
431
71
357
746
104
143
56
829
261
604
917
711
212
385
787
321
549
881
676
551
32
76
513
54
597
889
417
880
499
682
117
179
795
511
746
85
507
10
872
654
304
914
758
478
443
342
831
501
38
321
616
807
468
314
152
223
144
472
50
167
654
567
82
342
42
41
22
922
522
548
176
631
797
926
212
141
579
689
918
46
267
560
914
467
724
637
735
199
457
888
168
686
840
575
803
625
910
633
901
49
616
792
61
356
639
309
526
547
27
413
596
242
255
231
348
407
460
469
59
67
158
291
921
806
345
897
329
584
697
250
723
641
611
630
526
431
489
380
64
571
874
635
138
873
421
797
688
136
6
806
420
927
67
110
571
319
105
162
755
538
134
358
665
676
542
52
126
278
94
507
323
616
42
749
245
623
7
232
814
925
431
680
465
697
233
831
237
208
341
747
512
304
277
722
255
487
110
424
646
512
867
864
154
49
895
286
634
750
488
776
49
771
698
275
769
610
373
913
488
270
501
488
99
140
714
79
775
459
20
886
605
359
219
936
603
206
888
33
197
179
903
251
320
374
554
537
542
266
436
898
369
499
372
478
824
43
391
348
630
333
660
64
635
852
914
414
261
525
663
459
246
792
415
249
316
868
235
607
106
209
812
779
496
115
928
618
558
157
181
120
761
22
730
202
211
849
481
214
544
370
894
677
78
513
871
368
61
165
668
60
925
132
259
422
