9878
829 8540
136 3671
829 5892
335 19916
511 14894
27 9881
929 438
79 8361
740 3967
324 4787
511 6538
136 6246
195 2112
195 6490
136 14425
912 1687
194 1611
423 4273
348 23926
672 7367
788 2143
132 3069
474 709
533 6423
720 7716
542 4114
511 17349
867 1056
195 12262
892 308
136 9993
27 34538
720 3710
552 17818
79 6528
672 13615
672 6188
443 3233
456 285
402 17819
924 2638
131 52
17 11849
631 2621
599 8058
143 3415
784 4517
169 8512
472 11823
195 11912
161 6161
599 9129
533 10728
552 14304
27 14879
27 7863
136 12965
402 7819
136 5155
79 9608
324 3278
698 3327
136 19622
829 12408
784 2260
426 3690
422 2027
195 9029
720 2048
921 3318
456 747
133 12196
452 4117
946 3191
746 1566
666 2400
348 17776
511 4347
27 29260
619 4345
552 1369
447 6680
324 5270
447 3340
698 3284
81 5233
817 398
79 7631
447 1266
672 8795
348 14966
169 10149
472 13998
466 9349
533 3170
472 7344
631 19573
631 10881
890 5027
133 8013
452 2217
552 6351
921 2583
466 941
335 11410
740 10532
932 911
27 9333
69 2160
599 7165
335 2828
912 3833
511 7196
195 4809
546 140
511 8722
452 8392
27 11065
27 33269
231 4223
672 9384
17 19385
829 13777
161 3326
161 5214
136 8925
924 484
983 678
423 904
133 11087
17 4335
824 1622
538 1300
498 671
169 3038
760 1898
324 6797
79 3109
133 2241
423 4022
749 5681
817 5099
740 7574
194 1176
169 4809
348 14123
107 1662
699 741
320 1017
422 3420
402 3758
17 10954
533 11576
231 4864
867 19089
921 356
138 1464
27 20990
466 1905
188 3303
27 24941
792 403
107 6278
423 1910
443 6429
422 11851
542 4256
195 7892
138 650
79 660
740 12026
472 7027
599 4051
136 1035
533 9393
698 4080
402 7395
143 5772
79 7865
533 1403
533 385
17 5694
912 4145
324 6183
17 20725
884 83
161 9117
672 1075
132 262
195 11664
161 259
402 5955
631 10094
552 13723
335 10785
447 9653
132 8096
79 4099
599 106
576 1629
552 12710
320 2839
161 9833
231 3934
195 7961
195 6884
466 1294
511 13990
874 8731
472 2067
867 2213
27 36520
599 6045
498 5239
631 12839
599 9508
720 9228
760 1166
402 19682
746 3153
751 2241
132 1424
443 2114
466 2594
552 17999
69 1740
422 11178
320 94
335 1610
107 1474
631 19870
169 2667
348 10212
619 7531
195 8092
161 8198
631 7605
511 14029
698 911
452 1246
452 8769
69 156
348 10500
617 1090
720 4242
79 3317
512 3199
619 7601
533 12003
829 6201
426 3371
132 5349
899 4132
335 972
136 22397
213 171
169 12903
631 7760
829 2017
161 5035
348 8285
498 504
552 15614
169 9358
402 4165
17 20361
161 5241
402 3450
533 9874
402 11302
348 18111
422 7320
155 574
599 6913
27 2762
133 12125
348 6872
136 9039
466 3359
746 5387
348 8173
195 10575
348 12046
169 6745
466 4482
552 10143
631 17003
867 9884
107 2031
552 14532
51 5366
512 3479
792 3458
447 5648
169 6593
552 18468
619 8367
619 2575
348 25669
422 9081
195 1551
422 3286
542 3594
107 6898
890 412
511 4215
740 8510
784 1997
169 11714
511 6018
829 3600
631 7097
423 141
533 1967
823 222
348 15865
823 794
829 3361
672 9734
829 1558
348 26869
17 7867
188 2129
161 8313
867 8644
538 1443
402 18523
552 14832
720 7086
81 1981
27 29104
231 132
132 4085
788 1097
912 1959
422 6290
402 19421
542 3966
231 6043
912 6290
829 1058
126 3264
133 2990
402 13709
81 3461
740 1235
749 3908
443 6146
740 14305
348 17735
619 13819
348 4017
169 10506
472 3002
511 16323
874 3280
348 22560
829 2691
79 4976
740 469
617 1677
161 9825
899 1038
107 251
457 1363
132 7174
426 1030
740 7513
136 2700
672 5571
740 1516
348 25275
867 13234
81 3779
452 971
169 9177
447 331
749 5246
867 9352
867 5956
760 5478
452 1474
788 3141
452 885
511 8145
17 328
422 10026
136 25117
867 17547
552 16018
169 10344
426 5191
932 1561
784 901
698 5530
136 435
498 4037
136 23744
79 9072
17 11242
51 5094
27 15461
466 6213
133 1820
466 6118
899 2853
746 141
107 2192
27 13859
335 3425
79 6889
348 8635
335 14094
744 134
79 7475
552 15864
452 7034
784 502
512 3787
69 2276
746 7446
867 9855
335 13917
740 2221
946 2768
632 776
751 2547
867 6292
874 2537
511 4870
760 5211
27 10011
946 2801
740 12346
335 8832
423 2530
720 4562
195 1886
561 756
17 12223
452 7352
746 826
25 995
746 1090
672 14309
631 9958
698 3511
452 293
867 9721
27 4508
666 2917
472 12983
720 2396
161 6662
126 1349
422 7647
746 4591
126 2649
107 3063
912 7345
17 3598
348 25004
672 11794
746 5737
27 8698
599 4752
423 340
402 14986
320 4526
335 2930
817 4471
81 2104
631 1864
348 8730
402 16736
133 7264
348 9280
27 6045
619 6961
27 26672
666 2090
133 6316
366 292
829 673
870 1473
423 2684
619 5378
749 6088
829 10860
161 7128
79 4394
698 5383
924 1322
402 10730
619 13242
511 18411
792 4457
542 3761
81 8885
320 1760
498 4361
81 1291
348 16015
867 13558
784 315
402 2058
188 2703
27 30032
348 12466
452 8204
867 13310
829 4032
924 1010
27 2660
899 2814
402 3585
81 9925
278 959
17 5397
335 20320
699 475
27 28025
136 20017
672 6451
672 13792
899 3101
698 5475
402 9864
740 3014
335 15266
443 4080
107 6696
422 10886
27 27292
466 7618
740 4198
195 3165
511 12944
402 8069
447 7042
27 13159
169 11994
512 1678
870 2256
132 8051
751 2418
17 10738
324 2097
552 11663
25 667
133 3772
619 12313
161 3726
533 10110
447 2788
27 33669
27 19985
561 5797
195 252
348 19119
136 17517
867 388
426 2566
552 5059
402 18287
195 681
27 31892
402 7691
17 11699
27 27443
169 11844
552 6717
867 260
402 85
133 255
195 9843
599 2843
867 11669
348 6606
552 13024
107 2708
348 12197
335 5218
107 6874
699 218
348 6059
195 13433
632 214
136 447
132 4137
457 721
17 20302
829 2199
231 1323
27 10661
466 3739
133 10457
617 1714
169 5866
443 4130
874 1010
169 12326
511 18187
631 2717
136 2131
631 7553
335 11833
899 1149
619 626
426 5239
899 2958
348 19788
511 7612
921 30
749 10983
867 18760
533 9189
921 3541
79 3864
443 7314
17 4452
402 19832
81 4372
145 127
136 21321
81 6356
792 3745
631 17257
512 3859
784 1093
890 3353
182 1864
27 35587
81 8148
867 1937
874 1187
829 4757
169 9855
27 35896
472 11222
576 219
452 3815
867 12854
874 4374
27 19322
320 4690
472 9188
27 29064
132 5301
335 3512
561 1305
348 24214
472 11602
533 3269
874 10970
760 3573
698 5092
867 2960
817 3581
422 11499
423 1739
348 12544
136 18618
829 8481
447 6264
143 3039
512 905
619 7661
422 454
912 2639
452 3623
740 2703
892 321
466 3904
912 9131
27 26782
335 16898
136 10768
533 8510
188 1679
632 22
422 1059
874 6486
511 8324
829 3695
466 6887
447 11419
829 2891
792 4759
452 5276
457 1144
17 18951
874 10742
136 11246
132 5473
631 20196
698 1994
402 2191
27 15699
899 799
599 7564
348 26401
17 1907
746 1965
760 2368
422 305
136 984
631 10549
320 2785
27 15780
672 1933
666 2632
423 1194
133 9378
133 2599
27 28147
498 5373
533 5583
136 12266
107 4268
161 2608
27 15267
744 320
899 3121
231 1347
69 2491
27 25176
672 15601
27 27629
335 1168
929 5372
132 7547
133 9353
443 8036
929 3052
402 16662
932 454
749 11100
552 16504
136 5577
132 7694
552 18306
143 3618
921 3238
899 3973
699 674
195 12508
929 5642
17 2723
552 16811
472 14093
751 3298
744 340
511 495
672 3619
27 24381
829 8829
335 15706
874 4107
335 9399
699 951
792 1941
867 5661
929 6694
320 2332
348 682
402 5600
561 4707
169 1046
143 5296
746 7080
829 13393
929 2940
867 9739
136 16984
136 19472
195 10376
533 1673
456 2438
619 13527
698 4854
867 9497
195 7205
924 3805
133 5188
348 3105
79 5578
698 4931
870 3102
107 6207
423 2439
422 8505
929 2885
133 5045
740 8932
133 6616
924 376
27 31186
631 498
946 1660
335 12768
672 17447
188 3246
169 6056
17 2303
126 3448
324 5933
195 7522
749 4889
466 7436
929 1353
561 5655
136 6906
17 1196
27 1480
138 3551
631 5919
169 8389
929 6324
195 3527
195 5912
27 22405
161 10939
143 5496
136 4066
932 113
829 1197
619 6669
27 23483
133 2842
335 19590
512 1782
133 7705
155 240
335 18560
870 3719
466 7847
133 4444
874 7475
278 219
348 10944
498 4139
946 1471
324 658
899 349
829 4932
335 18665
423 781
422 1206
169 3415
27 22246
672 9036
126 4188
79 9152
899 3824
792 970
912 9593
81 3647
874 5870
946 3686
181 426
619 9928
161 9139
195 8603
402 16237
672 2282
348 25492
447 8071
107 6446
126 1466
27 11633
402 1413
81 6704
631 8063
749 3424
38 205
143 4490
27 26077
912 1586
335 1959
698 5606
348 1051
447 5218
422 10086
126 3348
456 2265
631 6343
874 366
472 6427
136 15233
746 2561
740 15264
195 9221
552 2926
921 390
161 4659
231 6884
472 4989
619 4142
533 758
422 5594
27 10829
867 1950
511 8709
511 2483
720 9360
452 1856
874 8481
457 2870
107 6391
320 884
551 761
760 2472
348 24450
746 1774
829 642
788 2215
27 8233
402 235
599 7708
324 6600
472 7633
107 2417
457 2204
788 2740
699 329
760 3493
511 18492
631 1374
335 19431
402 15298
912 8872
561 1865
672 14540
335 11551
136 19207
17 1283
81 2374
472 8815
599 7305
631 3720
169 7167
136 12854
542 1664
348 10881
784 1617
672 3970
740 702
335 12179
51 3837
402 6342
792 1605
760 1759
320 3441
27 34970
552 18753
335 16124
27 10320
422 8532
324 307
533 5206
784 3517
561 1697
422 7286
143 4255
443 4739
452 6167
472 175
161 1652
161 3194
169 338
27 9242
746 6658
542 1803
698 3437
366 24
511 13399
511 13084
126 2466
552 21255
511 9152
81 4243
348 8146
402 18009
472 569
136 5836
899 4217
599 8018
552 20076
552 8657
672 15279
890 2489
720 8656
348 18180
335 14808
929 3784
324 897
829 7993
784 1233
929 6193
740 9068
912 3413
27 25531
533 5438
335 10169
422 6070
698 2433
552 13533
402 14281
760 1841
402 13666
631 13219
631 19338
784 1103
817 3424
27 34466
740 7614
143 5086
27 14201
348 13011
788 4274
912 9395
474 438
698 1197
161 6072
466 9475
466 6247
447 7522
27 15320
320 885
79 4844
324 9025
348 18161
760 7659
136 7808
133 12147
740 1005
335 3709
161 10762
784 6288
740 14057
348 26386
874 9207
348 21162
194 648
672 15472
161 4257
512 1452
720 10407
746 5626
788 3868
348 21556
619 10503
912 5779
817 5295
751 2286
599 4758
511 7332
27 419
402 10392
929 3539
498 2124
631 16516
619 3947
466 298
542 1342
874 3828
169 9978
132 197
348 2876
136 7413
599 427
666 1859
136 11832
867 10562
599 5368
17 978
169 4648
132 1380
423 2888
498 1591
443 254
188 5077
576 588
27 2441
474 1459
720 4690
126 3566
107 5868
576 1614
422 7751
890 4035
921 1148
552 5399
740 9193
874 10093
27 6779
867 17618
631 588
829 9260
456 1369
136 21124
749 2925
194 1040
133 1055
672 6917
912 835
472 8474
27 4279
552 17515
348 22039
874 3533
740 10328
746 4353
760 6969
136 11460
892 445
169 433
335 10022
740 7901
672 14209
194 1464
932 1229
749 10680
17 6256
161 7257
348 24327
511 11247
161 1153
760 5308
749 10361
324 1019
17 4389
466 836
51 3648
631 18131
619 12196
422 5254
899 997
324 7111
335 8579
829 12754
749 1798
79 3659
870 3263
348 13701
132 4446
946 2621
631 7382
512 1160
870 1443
17 2113
324 7914
552 145
136 13450
27 18029
452 6756
672 7780
552 12293
423 3007
792 766
720 1534
320 2208
457 1365
740 15023
631 6783
348 3694
619 2349
456 1790
169 1091
195 10723
740 13968
698 4894
511 13866
136 25549
792 3204
672 2831
472 6159
874 515
426 4147
443 2835
194 2071
138 2405
619 13384
619 11067
27 31720
561 5868
136 7262
195 4936
924 3663
788 2812
136 2859
466 6709
422 13018
698 6175
740 11157
749 10967
107 7510
169 4986
348 2257
631 11243
195 2751
324 2526
498 4548
136 18688
533 10774
867 7326
402 11234
79 6786
182 540
348 1459
447 640
749 2893
631 15481
924 3074
27 27411
422 2600
324 1274
672 6794
929 2319
51 2488
402 13444
182 111
599 6789
631 18615
817 2260
335 16068
466 7490
81 874
760 7790
335 7636
817 4220
617 538
366 91
335 18288
81 3052
138 194
552 21592
749 8
672 9701
924 973
27 8764
946 3582
402 6588
552 12078
17 6180
751 3518
870 2607
17 11458
511 15957
324 6049
533 3387
552 9507
136 4224
698 2153
672 14632
749 4413
17 4112
320 3704
452 4608
17 8662
511 8660
126 3647
136 17618
874 1229
402 9440
631 4722
466 875
132 6445
161 818
81 9011
474 2442
348 19029
867 16719
348 24919
890 324
452 3421
27 27841
720 10645
511 2356
672 13817
760 5075
136 12473
576 1386
335 17259
335 853
672 2825
231 2666
348 1817
195 12899
576 864
631 4974
402 6163
133 6069
335 6458
133 7029
512 4732
929 3910
447 1031
136 1128
751 3119
348 899
348 9527
890 11
561 2612
867 18273
27 1306
447 10206
195 7526
348 7008
740 10336
472 6002
194 2093
472 13300
27 35725
631 19882
348 1775
924 463
740 9040
698 1754
169 5159
447 87
79 8146
335 19880
231 4412
511 12662
760 5944
195 4693
631 2260
195 5366
335 1141
542 2040
188 4856
79 7204
552 10044
912 5402
27 33448
27 21618
749 11222
746 3376
194 2476
788 79
619 10813
143 5484
422 3201
452 3304
27 20621
27 30219
511 8175
511 8204
51 2571
17 11948
817 2565
195 2893
890 1116
51 341
720 10272
136 13424
912 4657
335 20000
788 3584
561 123
599 6475
161 4036
817 3628
426 3832
335 15636
672 4118
38 1366
511 6853
631 13474
348 19904
138 4005
746 6796
51 3758
538 1047
348 7338
552 5274
672 9142
912 3700
133 8383
472 2237
27 11459
161 4435
867 14297
181 636
720 6455
335 1037
749 10273
867 5497
188 255
79 6336
51 4163
912 2726
619 1209
27 4731
720 2852
511 6366
195 13182
870 2528
874 3952
182 682
27 15592
631 3202
348 20206
17 14458
348 22921
867 5277
422 5956
921 3114
472 7364
788 1764
17 2003
231 3690
79 3775
143 2366
511 11852
402 1854
511 7803
874 6100
452 921
631 3078
457 2269
829 6507
746 7320
552 19355
740 13284
81 1838
17 4654
760 2670
27 4466
784 1032
132 7792
335 17165
402 8360
552 11730
829 8599
874 110
760 8113
512 1509
79 10857
402 11284
324 4029
817 865
472 8958
912 1571
533 5412
38 1627
466 4910
867 6045
447 5485
874 6780
452 2106
599 4947
107 2805
231 950
552 2582
867 12312
740 4116
136 11734
599 4351
443 5409
466 6919
552 13584
17 15354
335 4576
195 9344
552 18465
423 1160
867 15056
817 1002
552 13322
132 1874
751 1503
324 236
324 9441
27 12167
867 8946
136 10999
335 15836
552 11917
169 5407
348 2338
784 4357
632 1412
466 5510
619 7861
348 21639
698 4548
472 6689
511 4483
348 7204
760 2869
143 1984
672 10579
784 3366
631 9754
17 2121
126 3440
132 2333
457 2371
136 24124
867 17511
79 1972
324 6765
746 2583
619 6317
422 12822
472 7456
746 4896
631 20345
511 10268
324 4653
27 30140
182 189
402 578
511 6935
51 2178
511 1248
890 1639
511 17555
870 931
17 8908
335 16351
107 6768
740 7607
466 4101
335 8092
740 8496
829 2332
348 7354
698 6309
143 6902
472 10522
169 5644
672 13736
867 17482
542 563
348 15941
829 6032
511 18691
136 13205
672 12322
542 652
143 5125
899 2505
169 7043
552 6740
546 137
402 12584
533 5540
348 23663
27 28273
402 11588
17 16149
924 1804
452 1452
784 752
136 14470
511 5527
136 834
278 947
867 10209
512 4412
133 3665
278 467
335 13538
672 16495
631 13390
231 589
136 6603
698 1974
929 6839
402 9120
824 1108
38 981
402 17893
740 11348
188 3854
929 5592
25 167
867 20560
426 3192
924 3656
890 3402
921 1778
924 1042
69 1877
784 6416
27 22215
161 422
278 379
107 5780
890 1475
720 5544
402 16829
181 352
533 4215
746 4676
443 4828
672 16937
107 4936
720 1159
867 19210
829 6887
335 18995
452 2437
402 9074
784 5591
552 17195
422 7141
946 3478
576 11
829 14552
542 3707
619 3253
533 6726
402 3043
426 300
867 11132
511 5186
81 2397
912 4793
867 1544
136 22861
672 9534
511 708
751 8
672 4216
740 2916
867 10292
746 3597
829 11251
79 7524
138 4493
27 4382
561 5852
161 9915
107 2257
912 2092
27 21001
161 5334
561 5250
749 8307
335 16826
324 8916
561 6394
619 5863
466 899
27 27866
133 1623
348 18672
533 5079
870 1259
136 20447
551 1223
161 5836
443 4715
136 25278
161 3488
27 15814
551 1893
79 1306
740 10310
348 13229
169 2541
784 644
511 14699
107 2375
136 25533
402 11834
79 9009
17 5934
136 24501
324 2030
599 10192
443 3574
867 16325
720 10802
511 14080
136 10540
348 26505
27 35975
924 580
533 4353
829 11181
929 1850
498 795
27 3854
749 1671
324 113
760 9320
426 4087
402 18391
136 20276
17 14178
817 1601
472 882
143 1135
17 15574
422 10897
81 854
447 8452
746 6123
447 5514
402 5430
912 2212
740 4396
552 18120
81 9970
348 15637
51 5339
599 4695
402 18718
511 16605
143 2838
552 18740
348 21514
17 19033
195 8753
133 5986
824 206
335 528
81 9040
107 5330
422 685
335 10422
136 9508
27 27085
136 4675
443 3878
672 347
867 7828
619 13266
533 753
136 24108
829 8893
472 8286
17 6762
511 428
511 2221
466 11240
746 5159
81 6859
182 511
552 3748
829 4470
456 973
617 1649
195 10301
17 16948
133 2959
402 14674
126 2553
136 7631
472 2663
829 7247
161 4411
79 8919
320 4228
740 5208
619 11491
27 33584
324 9314
749 5220
443 591
27 35218
512 777
79 8076
784 2635
422 4962
631 18472
946 219
133 4110
426 3437
824 341
466 1078
456 2460
503 81
181 189
874 3288
874 5107
402 356
512 2723
366 608
672 2994
27 7739
79 9399
422 12297
51 3247
533 502
143 6319
749 8901
69 1176
17 11107
472 9461
720 5411
107 7245
136 25991
426 118
447 7104
107 7041
619 5775
17 20813
552 241
542 452
27 5225
348 26661
760 4494
511 14384
69 795
324 5288
740 6572
619 9326
619 11340
195 338
929 5482
740 836
784 2560
169 1539
348 21716
929 106
422 4173
447 1412
631 10232
784 4134
599 9609
561 1009
552 9187
576 1768
740 1381
760 678
195 10125
195 13278
672 16879
17 4145
472 2906
423 3563
672 11126
533 10656
749 11235
422 6527
348 10888
447 3993
760 2720
631 15215
983 793
335 7990
552 4790
51 19
749 11403
136 19651
27 3107
817 4075
631 3784
533 1151
17 9711
552 11
466 367
672 11050
27 22507
169 9477
136 3579
443 6070
169 10199
194 1273
912 6009
631 4850
472 3028
169 3004
829 6408
143 1263
27 18594
324 5633
27 23308
447 5734
447 3403
552 2139
788 4392
136 1590
81 2715
874 4613
17 15674
631 8932
720 96
27 17987
366 175
924 61
422 5663
740 7738
867 21133
672 3280
740 4600
466 4741
348 8099
551 1744
788 3472
746 3538
749 1984
422 12076
324 9858
720 11033
542 1942
511 18774
27 13490
631 17395
136 8366
561 3010
51 4071
631 5660
447 2282
136 15943
512 4093
195 6633
466 4189
422 7886
511 12398
740 1948
138 2133
27 3922
533 7867
348 22631
136 25577
874 10794
599 3529
472 6899
324 4837
452 2838
443 3277
744 263
867 20405
324 8891
740 3709
195 4169
533 5886
720 3649
335 11756
136 18529
133 8597
231 5168
443 3771
133 2058
561 13
472 9518
136 13168
27 923
746 2902
25 1184
720 2465
867 13988
466 3080
136 6456
631 16747
79 6675
79 5244
161 10504
81 7661
447 6320
552 14649
672 10031
619 5665
870 472
335 18946
422 10266
698 6057
136 9771
231 5622
472 10005
552 8792
17 1578
161 10250
472 1304
867 13532
899 1739
79 8481
899 3122
136 4931
829 7543
136 14131
672 13971
760 3417
402 12250
126 2006
402 17306
81 795
631 15390
136 20492
422 5797
169 5729
443 5862
511 8774
27 14616
924 659
599 10404
136 6708
760 6755
829 5072
27 19034
195 4621
867 20800
447 4080
320 217
17 7989
107 5138
740 240
720 6159
348 2427
132 3957
561 4719
792 2983
672 7901
746 7864
17 12401
161 1988
79 10113
324 6920
466 7722
107 6006
631 19020
890 1791
143 3432
672 3894
924 425
195 4255
423 4434
792 1121
81 133
324 8336
746 754
932 1324
631 14413
402 12021
599 6286
335 13179
27 10525
195 5226
533 2150
749 4486
946 2083
867 13891
422 11161
136 7466
788 793
79 4460
402 15165
402 10266
829 8027
348 22602
466 10288
874 2377
511 10958
27 31110
452 6308
443 4039
466 7205
552 9879
672 13389
320 2945
423 4127
422 5140
278 750
27 32000
81 6800
551 1461
760 4342
324 4584
136 24926
136 16100
631 2503
402 17321
194 253
829 8004
422 8165
136 21033
324 2288
348 5960
27 12197
447 11046
552 10644
912 5733
348 7791
749 10180
672 3176
27 16390
760 405
443 5127
511 13584
890 3949
552 20199
899 594
749 9966
79 994
335 1990
324 7022
720 5219
749 1648
402 2232
402 15843
51 5220
27 2964
511 2146
740 10644
132 1785
133 7080
792 908
631 1133
136 25470
402 7483
136 26947
746 5252
348 8257
867 8753
143 3492
188 619
136 132
136 23385
348 5942
672 14787
552 6851
133 752
698 4691
749 3738
402 10687
447 8961
561 3489
552 9267
720 9018
278 420
143 1746
133 341
740 6133
472 3125
511 9148
27 11840
335 8834
457 1103
740 14433
69 980
672 15518
136 23427
324 5852
867 7074
79 7854
348 6305
17 5406
422 13729
498 402
867 11229
912 5872
81 2871
829 6704
829 3290
829 6033
335 14178
320 597
348 27762
335 9225
231 5256
423 3781
631 20028
784 55
740 3566
899 4090
698 4815
698 3789
698 4340
829 14407
619 1418
320 1646
27 19373
188 1603
452 6775
512 1139
324 1674
136 26812
136 14737
912 3944
27 16735
946 2203
402 239
443 6316
749 7550
874 4666
195 10855
169 8418
829 1048
17 10875
760 3343
899 1893
552 8205
740 9415
466 8682
619 4053
335 20421
17 14536
422 8025
829 2044
472 4651
348 26193
890 5194
511 6050
829 7354
890 2989
552 18419
213 172
402 6044
817 1776
533 254
760 297
617 94
133 9243
138 3487
740 4857
422 4298
143 1965
169 4122
631 335
456 2573
452 738
107 5263
561 3141
278 1236
51 1341
27 32587
348 11532
348 14462
335 13755
423 4197
899 1651
133 104
27 29577
867 8524
27 23833
231 6170
136 6326
348 14383
552 5512
402 19562
498 2676
619 13664
631 15035
542 1408
335 16779
132 3335
472 12600
631 13367
136 11945
133 3268
324 3750
720 6406
749 8650
324 9560
81 5563
599 8202
672 16052
498 5446
867 21420
27 11395
348 889
552 3843
348 25287
631 929
720 13642
890 1919
472 7832
422 4577
512 3626
324 7256
740 13875
867 15888
672 4409
335 2961
829 6897
69 2372
890 2019
533 6475
829 6865
133 1573
867 3293
133 5387
472 14300
231 2024
829 13497
617 1554
402 13740
324 7659
561 468
472 13599
348 20921
929 2679
655 237
912 7038
749 1023
195 5810
138 762
619 11865
143 2150
698 4439
348 8006
79 6127
784 5733
107 3724
746 7963
720 5726
512 3188
348 17134
457 2390
107 1520
169 684
17 6579
17 14695
760 9135
749 4683
17 20127
136 5021
561 6014
538 241
699 361
132 7280
829 9575
751 1687
324 6322
422 8655
320 2162
17 6683
422 12137
17 17365
631 3267
824 1090
335 2456
335 2722
666 791
132 6245
474 142
27 11264
27 27115
533 10497
27 12440
511 211
749 218
133 1170
457 2440
27 23661
870 550
335 2088
829 8109
542 5024
672 8385
348 13324
792 2554
867 4687
27 34812
278 2818
947 90
27 8716
760 8156
169 12772
169 9784
133 969
366 1089
348 22553
27 13825
867 16001
38 380
533 1580
552 11423
161 2236
426 5549
81 5012
698 3941
133 581
899 1377
552 15383
740 3376
81 8458
698 342
348 10735
27 35477
136 2774
921 2914
402 3320
195 5774
817 3133
867 8205
348 22190
552 9408
452 5465
631 6104
348 8817
552 17056
161 9021
784 5391
138 2446
533 11035
443 1503
672 14148
784 1621
599 1859
749 9250
81 5237
740 6360
552 17389
720 8323
278 1297
511 18632
472 12145
552 989
829 8915
443 4273
672 14733
924 1624
136 11167
169 8790
17 17698
740 11878
17 19156
447 7880
511 1008
511 15485
511 2973
817 2924
27 35667
466 427
335 6728
278 2649
749 9461
17 19935
740 11469
17 1087
335 15411
27 31557
720 7005
335 5567
136 19752
912 307
552 13268
929 3244
194 99
619 8016
619 7095
324 8599
169 6670
874 2832
320 424
472 789
751 1755
79 2960
890 5335
740 5338
402 6879
324 7767
195 39
107 3583
27 33200
619 3755
749 3084
599 10533
348 28377
132 7267
161 4409
829 10294
194 2237
749 6615
538 873
538 1122
17 14143
511 93
829 3050
512 1372
599 8420
720 11733
17 3601
867 20076
672 6100
81 5796
27 12429
890 2741
760 4941
138 3335
335 8797
136 5333
720 10070
81 6978
631 14478
143 3189
672 3098
946 3818
447 8890
551 1588
533 10217
195 3972
402 11712
946 313
720 5515
533 2856
182 2517
829 13936
79 1620
631 4661
511 4524
17 16263
138 426
929 59
17 21074
631 9395
698 6386
143 4694
169 5659
27 520
195 3015
335 9644
181 752
760 6631
447 10009
784 173
188 4408
720 7379
672 9918
422 2472
17 10185
867 1688
136 21853
466 149
874 9343
426 4799
169 6368
27 1715
452 5404
133 8807
447 1831
81 2671
81 7887
631 12322
188 860
335 5648
899 1317
760 3759
599 4220
466 2769
133 11042
792 1049
426 4377
324 6557
899 2293
169 12106
422 5280
631 8174
760 3178
348 19572
538 1729
867 4699
749 3495
533 2383
452 827
136 23797
335 12037
874 10263
874 5160
946 3409
599 218
107 910
631 1918
552 8190
533 11691
498 2528
511 7870
335 10935
551 1331
698 3052
423 4097
452 8264
38 578
599 3377
870 2567
136 15402
792 2318
107 5656
472 6443
576 40
278 2027
890 1347
740 14657
320 4214
867 513
27 22738
27 4536
466 6394
946 2391
542 217
720 1434
348 17694
133 887
447 1754
324 1883
829 11708
617 888
27 2999
51 3094
402 1919
402 13888
466 6742
874 4978
126 1745
619 822
51 5246
402 13930
27 5139
422 4716
792 1459
829 1766
457 19
79 4027
946 3727
749 1526
619 7357
720 476
867 18897
749 8576
195 60
511 1643
69 350
136 15995
79 2649
136 18114
79 739
335 15095
472 14917
792 1341
867 16609
666 1584
27 10657
335 1905
422 9876
132 4388
867 3132
760 4606
912 7588
422 3227
38 2056
472 10950
27 36071
27 24493
472 7805
784 3438
751 768
348 16229
466 1733
599 2772
599 4385
81 8222
899 2095
533 10018
924 499
472 5148
422 7531
426 716
324 4184
472 2394
335 3806
335 17749
79 10688
472 10967
169 3954
324 10228
17 18012
278 2778
348 9532
320 3626
27 7926
423 2568
195 12721
751 2605
760 1703
619 2482
348 16622
136 11081
348 11860
533 2648
231 3333
17 13533
447 9953
138 438
335 9887
422 2758
740 9751
161 5791
402 2542
27 14644
195 13226
466 4614
720 8930
161 1176
619 10061
511 10871
751 1061
740 2627
452 7808
138 574
348 5347
720 10463
138 1694
138 2972
899 3327
817 240
466 1761
426 5208
631 10141
552 2152
278 225
79 5497
720 4752
402 19381
161 8791
932 1628
132 6994
161 6304
498 2951
512 420
452 7417
138 4776
472 5581
466 1762
867 9975
946 956
402 15179
143 2746
143 94
466 1174
619 3512
136 15528
672 12281
348 23371
81 4879
17 9284
829 10164
107 2068
27 24494
27 33933
466 11711
874 7287
874 7978
133 8694
169 6841
136 3979
443 7418
929 5412
921 1383
422 10165
817 574
533 11174
422 13878
27 7901
698 5020
188 2525
631 3532
136 2580
720 1867
912 4160
194 1757
17 646
25 805
348 2661
884 50
749 8868
542 3237
829 1396
188 2423
829 278
890 3323
899 217
155 380
136 2083
324 10229
324 10032
472 3253
348 21332
946 3953
447 6910
335 2097
552 21103
161 534
38 99
561 6473
402 2333
423 2152
169 2191
324 9378
335 7246
924 3259
533 3252
27 5376
784 3661
472 2197
867 5024
447 6799
929 3106
457 154
472 13805
466 9564
402 12892
27 30179
912 664
426 1897
107 6155
402 11965
426 3158
619 9424
511 858
133 4741
143 6761
511 18078
619 4595
829 1916
335 19150
511 3669
751 1458
169 10388
278 2857
402 3671
145 901
829 2472
348 25459
348 9934
720 3487
983 558
422 13876
542 4627
561 1709
631 13840
511 14409
788 662
443 6898
599 5722
422 9848
402 16691
867 2558
552 3993
17 8659
698 5354
867 6324
422 8399
231 6222
474 2270
27 18713
348 14266
929 2214
188 3433
720 10157
136 13774
498 4207
27 11700
672 6022
760 8372
867 3882
672 7486
829 7569
452 5208
720 8001
631 7251
542 3724
751 282
51 5385
27 5841
335 19128
817 4347
402 19432
169 1302
79 2766
466 6906
107 5464
511 8869
143 5876
348 21850
619 9879
472 6160
511 8167
161 5928
631 11011
27 11541
512 904
27 27520
231 7124
447 10877
27 10805
335 2657
348 6114
740 12684
17 20047
133 465
335 4308
402 16068
760 4498
466 2933
402 4081
107 7093
599 6587
720 7601
788 4238
947 129
740 7773
231 2923
511 6511
231 1581
335 10157
699 2
552 16606
335 8227
946 1903
929 2738
552 5350
788 448
132 4764
619 7683
874 9067
874 2129
136 25350
474 1222
511 9587
552 13891
443 5268
511 17263
132 2043
81 4475
188 1715
466 917
631 3646
829 13599
792 658
348 14019
867 18302
829 7088
143 3573
561 452
27 31478
136 20090
829 4905
38 1746
348 16158
751 3197
760 1220
946 716
79 8791
27 30997
335 302
423 4810
472 1648
631 12585
335 20239
402 19526
423 3456
792 2096
466 656
874 5839
423 1056
498 542
946 1700
324 8455
867 17213
720 12330
169 439
17 11508
143 4820
533 8735
561 2878
533 6111
324 9732
632 1387
348 8274
552 12635
552 5408
447 10901
619 5517
512 2020
27 26939
511 7519
921 1266
17 15928
511 7829
932 1091
512 3145
133 10595
631 15769
784 2926
161 255
698 3190
472 4608
870 3861
792 198
912 9357
746 7613
194 1371
542 4550
912 1043
27 31428
402 11158
402 12280
749 830
188 3666
631 9677
698 6493
136 14197
511 14137
552 7312
169 7594
751 2925
27 6942
335 9682
81 3603
740 15247
320 3706
81 4955
348 6562
69 2463
169 3267
552 15728
324 4408
890 3115
867 5637
38 1833
17 4764
867 20310
867 5475
348 3984
132 7905
784 1683
498 5413
912 227
107 4424
182 734
51 1695
79 1273
512 2115
324 4264
498 3566
472 1888
867 4101
27 15228
132 140
348 27204
161 1792
552 12161
552 4444
161 6301
443 5185
472 12615
443 371
929 6059
599 9204
143 956
27 5460
867 14830
443 5677
867 13483
870 1023
946 577
698 999
829 11856
320 3077
402 4887
136 24300
542 3849
348 6271
447 11203
324 8678
720 4039
169 828
335 17886
740 1276
619 9561
27 26137
443 4625
133 1920
335 400
79 2252
136 20168
912 5356
874 3543
929 4559
746 6612
472 11481
161 2439
599 2740
81 4897
402 19537
511 3592
720 11525
631 10424
136 24803
511 15374
760 7365
792 5217
169 12476
195 6925
867 12440
599 9894
136 13647
672 7511
817 3509
27 11051
143 5562
335 4063
552 11510
751 2586
740 13608
17 3901
751 3949
133 9988
143 335
402 15928
474 1105
472 11676
817 1438
760 9560
422 6733
17 12342
188 2579
740 11599
422 13234
402 17676
38 1745
512 3198
829 11346
402 3861
133 2542
81 5358
874 7511
324 6040
447 849
619 7391
472 3918
402 10472
447 3869
324 9893
335 12049
136 8671
867 13685
136 1185
155 22
447 2499
195 9449
17 3178
784 3856
143 4506
619 6857
892 969
631 7943
929 6970
749 3295
552 9109
443 1395
447 3633
136 16627
457 1637
422 7672
195 2568
161 10140
829 12615
132 6201
402 18623
472 12192
79 10904
760 979
447 4417
426 1248
402 11055
143 6446
672 10121
867 7574
136 6054
784 4502
81 6922
136 4258
511 555
402 6723
402 19660
746 3260
874 8697
746 6025
133 11601
740 6590
466 1542
447 3168
17 13412
892 20
17 15428
27 21968
867 7302
746 7181
576 1207
133 11972
136 8205
81 5799
422 7596
472 10088
422 1540
924 845
472 3859
335 14314
561 92
348 24525
136 15676
195 12305
133 12386
27 25621
760 5345
27 29710
81 4142
542 2951
829 10422
672 2428
402 9381
466 5186
472 3587
912 695
27 1590
17 7709
17 5385
542 4999
143 1603
740 2158
17 5898
27 25770
320 2555
27 17197
27 33531
366 168
169 12982
133 4595
132 5008
422 3067
443 3670
631 4886
278 604
631 9981
195 12813
619 6111
81 4032
829 3797
132 752
533 8186
599 5597
552 1610
423 1443
792 4274
126 3751
169 7755
511 1842
784 2416
870 703
27 34715
698 227
870 47
784 2804
335 3184
472 2463
533 7562
867 6830
452 6607
348 4255
760 5809
335 2063
27 32349
161 6982
278 1827
924 1767
155 168
533 900
335 10472
533 7086
749 6550
231 4453
402 797
946 4090
561 3273
231 3548
552 10811
320 4056
867 6783
426 4511
402 18404
631 1221
511 9491
231 6908
749 2610
17 5776
138 1026
335 9112
966 213
348 21232
38 2030
619 5349
69 1057
874 8113
466 6190
17 6209
402 18915
335 7764
348 12124
720 11864
126 1463
443 537
161 5543
466 2325
81 4573
51 5397
511 16512
472 11518
829 2190
126 144
512 1608
720 12297
335 16868
746 6516
443 6793
17 751
348 19193
740 2500
466 11610
17 9839
81 3144
751 1107
402 4297
27 36281
447 11319
107 5342
698 782
402 3698
533 8120
161 7085
324 2979
466 9537
81 8363
133 1565
443 7028
133 5367
740 5060
27 24305
348 21078
188 768
447 1521
447 9764
465 18
79 9695
552 6982
912 9666
27 36352
335 1484
126 3082
126 992
195 9123
79 1603
924 3531
194 925
552 9674
447 4942
720 3086
161 1271
672 392
672 13527
422 297
929 5224
829 8182
498 2369
81 4883
672 8883
27 18503
874 4046
133 5414
27 20316
472 1671
542 3064
443 5739
924 3797
17 14219
512 2811
195 11957
107 2624
744 1082
169 7814
138 863
133 207
884 677
720 593
542 1405
498 4267
784 4610
720 12817
335 18811
136 22277
631 985
443 4352
867 5144
552 14698
422 13823
867 13789
538 1400
426 568
552 20909
348 18596
631 2347
631 343
27 11014
335 8666
511 5436
81 2247
443 7328
161 8071
829 7415
912 6039
169 8063
921 1653
169 4231
867 6363
751 1921
136 17661
133 9224
749 1130
133 6221
278 2479
79 5706
751 1525
890 2634
874 4523
824 1519
666 1437
874 10605
422 13459
720 560
136 6137
474 2678
912 5763
132 1563
751 1129
666 1696
335 4321
912 1826
132 1434
561 5381
472 14168
402 16869
929 4035
422 11462
533 9140
929 4137
466 11325
946 3060
27 8898
17 3635
912 5503
138 1816
335 557
552 4974
511 6564
51 4004
132 3231
874 4009
447 10780
136 26208
79 10256
194 1978
188 4651
552 17907
126 2962
79 10572
472 384
27 1340
194 506
720 12551
870 4124
632 1276
929 1739
423 3239
631 19061
619 8218
182 2344
912 8755
929 5787
867 14380
692 287
136 14473
542 4769
874 9709
27 8756
619 7977
27 35834
17 7668
698 3036
511 14966
912 7222
599 1142
51 1253
472 7198
740 5981
348 24645
466 4239
498 4002
829 2959
749 903
749 4823
824 1720
870 3977
335 5301
27 34601
472 12877
672 7117
348 11226
552 15047
867 8327
27 17805
921 2664
132 2262
890 3902
760 7846
443 1799
81 5117
760 2685
542 4220
912 1409
422 14081
17 4701
452 4389
631 2147
912 8132
472 14643
912 4129
335 5110
231 4701
335 3455
698 540
740 6411
143 6222
912 2341
788 3696
749 4473
81 9688
324 1362
161 649
924 2898
27 25853
161 5853
511 18314
542 757
161 516
81 4360
79 5154
760 6401
335 7123
829 1688
466 7332
27 16036
27 17300
416 405
542 2236
867 5329
447 11008
740 557
946 1527
619 4478
511 1525
672 5925
324 1793
452 7232
890 4498
631 18161
17 9237
749 1924
720 8957
498 4978
27 6340
552 2883
749 10769
143 1862
631 6896
720 3998
867 16180
899 922
788 1330
749 6446
402 12454
231 4470
133 4024
348 24041
720 10286
746 6149
324 4966
81 297
784 1798
561 467
182 1223
136 25497
457 1255
320 2504
422 11413
749 1406
823 1005
17 20465
320 1162
511 3994
136 3227
666 556
27 13156
599 6845
740 15033
27 17136
27 24752
824 790
79 10500
51 5367
422 5352
456 1888
132 814
136 20386
784 6631
79 9460
143 6216
213 102
426 721
17 11231
348 23429
169 11619
912 3538
402 19322
169 944
912 175
829 1778
402 9973
511 2290
551 206
699 173
474 2042
27 20127
672 5090
195 8282
27 996
672 12601
472 5262
867 20705
195 4073
870 249
561 6668
348 10044
511 8542
749 2176
760 4739
402 2311
447 8283
867 2459
899 3662
472 13909
27 993
452 303
912 5058
498 4283
829 11110
631 12167
27 12178
452 7561
17 10630
447 8163
511 6881
511 7544
552 3026
81 6597
472 1812
698 2772
27 17102
672 12124
666 3029
51 4753
27 18935
740 4747
561 1777
666 2850
867 1938
749 9252
133 7278
169 5261
182 1786
672 8167
426 2345
423 1095
746 3984
182 2081
698 3676
27 36389
929 7321
631 7975
867 9956
870 1968
447 4813
457 1730
324 4464
498 3517
498 4849
829 459
366 958
136 12592
452 2176
672 9004
17 2539
788 2037
447 6193
698 2276
740 13151
829 10546
788 4176
466 10990
27 16224
749 139
107 120
335 8966
348 18545
874 655
188 2844
213 187
452 5342
79 7008
631 323
829 3495
17 17814
81 1637
720 13254
133 9127
423 1265
27 19196
27 16873
912 6908
324 6749
81 9284
912 1200
132 7877
792 2442
195 4464
576 1925
348 27587
161 1335
631 12105
426 5443
17 3843
867 13099
561 5099
169 13098
746 2372
890 1798
512 124
867 17143
788 1840
929 4786
161 6418
17 18775
867 20208
619 2981
27 13714
760 3257
457 220
447 10116
829 13675
17 4861
867 1149
143 6141
335 6233
447 10554
161 4804
929 6465
867 5727
542 4577
631 11043
69 488
423 3184
138 2681
946 1820
792 4144
511 11231
784 6577
402 12876
740 1463
631 2952
335 3854
511 15656
749 9082
740 10681
136 4555
751 2466
561 633
27 34058
474 1799
511 6773
829 3676
443 4954
552 7389
443 1252
422 260
335 6635
511 12801
426 5770
335 2570
466 1686
817 3511
472 3362
38 1284
136 2039
143 717
143 2242
132 7985
136 18045
619 12538
27 33715
740 8711
631 14605
452 2598
188 2996
749 9941
324 2976
51 3478
81 3654
426 2280
133 10463
552 14968
619 5094
132 4540
672 13086
740 845
456 678
17 4366
740 12564
169 10512
79 8679
576 1904
874 3733
472 3902
27 19688
324 815
474 1313
79 6370
511 10155
870 3561
867 6791
27 3187
161 5978
760 4444
552 9971
324 192
542 681
749 9724
143 3008
511 3712
169 2511
890 1136
136 2359
188 2072
784 330
426 229
619 2269
746 1739
136 13246
27 34274
631 3906
335 6346
422 12703
929 2045
760 8470
784 5640
27 5033
161 2418
17 16717
27 125
867 5153
188 1230
511 9796
27 25861
552 17210
740 12493
79 3282
890 819
552 4356
17 4565
824 675
751 2827
466 10034
51 5861
760 2109
561 2324
402 3426
136 23706
740 6650
136 7129
552 17621
402 570
324 1551
533 2679
195 14029
619 6582
870 2219
921 2121
746 2224
749 6317
619 8327
631 2077
870 367
746 1151
746 1341
829 9792
817 176
348 14782
447 9073
348 10858
932 381
335 7856
867 10837
929 2541
195 9450
619 8285
81 1083
720 10373
760 8682
619 13084
698 1828
533 7986
561 2873
138 3874
472 6530
25 546
348 23807
829 4367
619 11604
136 20623
81 3442
81 183
320 2814
452 3681
874 6482
69 1262
136 9216
27 897
447 7705
817 944
619 5111
348 11308
456 164
632 713
561 1525
133 8115
335 13047
672 10684
81 7073
81 654
402 7020
107 5102
132 3900
161 5064
133 5297
136 24001
348 9823
348 9052
466 3197
133 12368
348 3728
348 27971
447 360
195 13495
132 5147
867 1993
422 9104
136 22184
720 6891
740 6947
699 546
456 1164
599 1833
136 861
79 1879
929 533
51 3973
402 7637
749 4346
817 384
472 2073
503 89
751 144
983 114
619 8838
402 9872
631 16509
921 3717
81 3299
133 12122
402 5538
136 18377
278 1555
552 7359
749 2104
740 13343
599 5150
138 4917
760 2529
452 8528
348 11062
79 4602
867 21089
231 4280
542 2627
829 7700
552 21038
672 3532
136 23934
829 10964
874 5428
402 6082
740 2300
126 1566
867 9234
348 22306
466 1398
107 1843
983 45
829 3150
133 11835
511 4089
466 6586
817 3924
133 9916
348 4492
511 12247
348 10354
561 748
132 8282
136 8446
533 5871
672 12534
472 8099
402 13094
912 4897
632 542
452 8729
511 9008
867 2696
81 5601
542 2125
829 13310
402 13331
416 491
932 1736
533 2114
466 5712
552 4537
511 9880
720 1855
348 9765
912 947
740 1597
195 2829
27 14470
932 374
27 34229
599 6369
874 8973
619 1073
422 5757
17 5632
511 15453
631 4439
136 16225
867 19273
138 2229
195 13575
136 19636
740 644
138 4133
619 1849
423 3986
874 9504
720 5288
784 6751
169 9550
867 16121
81 4667
27 32911
402 6444
511 10162
27 19832
511 5704
498 3215
320 3189
720 4205
619 6052
631 19695
335 16611
27 22833
760 1488
829 12540
631 6029
447 5919
466 10958
402 11123
619 4860
402 455
867 19235
161 4168
27 33830
890 708
138 3740
576 448
619 12121
631 6395
874 8663
788 2696
617 1557
740 7462
422 14223
533 2227
443 1004
143 5423
324 3373
447 10469
672 369
720 7914
126 572
867 14791
466 8182
631 12063
17 5753
27 207
320 3432
899 1265
740 6015
890 3793
335 12979
402 14239
631 1695
921 625
655 150
631 5550
136 21149
231 6396
472 1012
746 1009
784 3933
169 10758
561 4808
542 3657
27 31776
143 5168
27 5273
929 7081
27 9806
402 19937
348 18262
749 1569
511 529
542 2643
136 5484
136 7599
870 222
824 128
348 1629
447 2414
472 9102
542 2102
133 5453
447 5437
749 7692
867 19648
81 1443
749 6361
631 18912
447 8803
51 4294
231 1421
457 741
402 19182
335 7571
126 4310
929 2444
552 6460
17 7569
27 17919
666 423
746 240
899 1643
552 16731
466 3648
422 6408
161 2720
619 10692
452 545
161 1611
672 4696
422 3683
498 4713
698 5967
422 13322
474 1530
402 5289
452 3539
169 7304
599 8821
946 2840
511 11709
348 21496
751 824
632 952
452 212
443 842
784 1325
161 2578
720 12667
666 2783
422 4865
17 433
402 1723
867 20412
324 4537
746 4811
672 5257
912 8820
195 11000
672 4524
632 269
17 16547
867 12582
161 9433
784 86
335 6770
899 3358
161 10921
17 11016
599 1347
874 7115
617 675
133 8468
132 2919
447 4731
231 6992
511 10320
720 8831
132 2127
126 3686
617 1849
619 4019
672 6905
829 5325
619 4410
740 13511
161 10642
498 3111
51 5638
619 10195
27 13069
348 25370
27 21667
466 2658
138 451
169 11445
27 3458
788 3324
447 10424
136 24182
126 377
784 4892
443 1338
27 1096
899 3203
912 1230
324 2052
561 2342
829 8293
631 1471
422 4751
348 11338
817 866
672 8275
867 14921
672 14396
792 1477
348 9407
829 1262
126 281
884 522
81 9431
921 1922
457 2050
720 6462
136 23370
161 8903
161 5628
138 3227
746 2669
788 2878
195 5439
182 630
422 11720
870 2882
538 378
511 14249
912 8261
136 13769
447 8688
867 1306
138 5035
870 115
672 7846
829 8704
631 15874
132 6873
740 15071
924 360
402 8271
27 29063
912 3574
335 7790
422 11052
740 108
760 4826
720 3330
136 14639
195 1186
746 1637
133 2117
666 366
402 2510
335 13357
182 1946
27 6196
143 5148
27 33140
867 14213
599 3827
161 3462
672 17301
416 323
760 5118
278 1714
946 2313
749 9108
231 2427
27 25973
472 1066
946 1335
552 6140
348 11628
402 10156
749 3081
422 4089
740 9270
619 8624
27 16089
335 1939
698 2566
452 496
792 5360
720 6004
912 3090
749 5428
348 1999
17 11510
824 1994
552 11630
81 9577
195 6734
552 11524
133 2500
466 5039
867 18892
348 15667
512 202
348 19377
457 2085
740 12912
466 2100
655 216
27 22300
498 5465
136 5401
143 6026
619 5922
422 12568
474 1741
51 2030
599 7745
867 209
619 207
498 3380
672 9029
823 873
231 3100
720 4923
867 17779
169 377
132 7441
867 7133
169 2802
27 28367
474 35
422 4994
511 17035
817 3363
17 3089
27 10906
188 3124
672 10172
17 12279
17 12251
335 8358
672 5704
422 3699
348 15340
348 8941
912 8376
335 10094
188 4285
426 2471
867 1647
870 3659
169 11478
402 8934
79 1957
132 2192
552 4943
631 19378
136 26349
829 196
533 7432
422 12382
188 4473
874 2723
169 3134
17 1425
924 3433
136 6056
552 7953
552 18651
132 2566
746 942
81 1496
619 10583
533 8429
348 24458
698 129
792 4422
817 1853
443 8008
457 2588
17 3993
867 846
79 1518
51 5496
533 1012
136 20782
924 276
17 7575
231 1481
472 13505
17 20182
136 3439
760 8286
136 3817
472 146
447 7927
348 16733
749 9579
320 901
188 1275
498 2876
924 2806
749 3242
422 1258
474 999
498 5914
27 26162
824 1202
599 10034
324 1337
195 13686
740 10941
335 4223
27 18711
136 4482
136 25653
511 16962
867 3190
348 10076
817 3964
552 19825
38 474
38 87
27 6809
511 13825
720 4150
231 2096
79 4977
631 12344
136 8877
422 7992
107 1795
81 3785
867 6092
552 5244
672 6330
631 868
870 1970
136 7073
533 707
324 679
335 7983
27 2062
672 230
474 530
619 1507
870 1726
511 18880
17 11308
348 7396
740 6546
619 12940
426 2149
552 2279
542 3900
188 1132
542 248
402 15538
188 3998
457 488
472 13144
324 8776
136 12733
79 4698
126 2828
169 7690
784 6911
751 562
143 1969
324 6603
136 18559
17 4004
672 2200
169 2934
749 6510
921 3403
402 16808
335 9000
867 15267
452 1743
552 3316
552 18945
561 3731
188 4663
511 13635
27 5959
511 7040
699 34
17 175
27 32140
498 3015
870 793
79 162
324 9624
512 1920
511 3863
27 32866
466 11060
81 4910
511 11545
107 4984
27 23564
145 111
983 101
457 1412
867 1816
533 2158
182 1439
136 16081
79 4187
740 11805
899 659
107 2029
511 14456
542 754
576 721
81 5467
511 5348
348 24683
27 30541
792 3080
912 5432
720 9974
672 6862
27 3601
324 336
720 1942
829 13336
533 5157
921 171
867 15818
892 564
472 14264
195 1409
740 10051
402 4960
169 7068
447 3083
817 2524
511 16850
867 20859
542 306
912 4300
452 7675
348 12243
452 4480
17 8689
533 3641
720 217
402 5956
143 4597
890 5130
699 249
511 16617
760 4310
749 8215
138 3117
552 10549
79 5467
749 5091
195 1694
136 12269
348 3462
511 381
817 4307
348 16366
443 7447
133 6947
749 964
17 18180
79 7727
126 1862
533 7318
867 5866
929 6802
511 6702
867 19653
823 127
619 8846
133 4369
136 16914
169 1763
511 14216
136 25687
829 9143
69 1120
348 18495
126 3387
169 3470
27 32277
426 1383
38 2110
17 16374
867 16545
749 1361
348 22102
136 16333
672 11315
511 4639
188 2930
27 29334
760 7631
874 1492
599 5357
27 8956
348 16885
472 7360
511 3684
829 10735
27 21792
348 20052
890 1097
511 840
79 9763
161 10060
17 7662
188 1830
474 619
511 15225
402 15857
138 2902
136 4369
924 3682
867 18354
348 20648
51 119
422 1108
672 9490
348 5106
533 211
107 4312
231 6768
672 10965
546 52
740 8301
672 7003
749 661
231 583
195 7675
27 23099
788 1227
402 18078
195 9634
867 8844
867 794
17 3653
760 6322
348 26054
136 1305
335 12110
874 3139
472 6883
136 21012
867 16525
182 808
619 460
466 7592
466 5884
348 2797
81 8662
107 403
27 8585
631 303
81 7193
498 1991
474 2585
746 1423
155 219
720 5674
426 790
348 17777
788 2317
619 8896
51 1349
533 11620
511 7661
348 20442
27 30366
749 7283
720 2193
402 16958
924 1123
472 11359
874 10951
466 5092
631 11447
169 9587
619 13675
533 8867
169 12124
51 3177
402 2473
788 959
161 9683
829 9068
867 12156
655 292
79 5974
631 14983
466 3679
348 5825
161 9202
133 3178
422 6418
335 11847
17 19574
195 8933
788 2086
874 5780
231 89
631 16658
829 10708
447 9115
867 10496
17 9499
195 11701
182 318
161 9126
169 6681
912 5647
912 452
867 11190
335 19234
552 805
533 1924
472 2297
17 18281
472 6933
335 1521
348 9728
672 11287
447 8558
335 5858
324 6488
899 1835
552 18512
749 3788
932 1450
348 7661
447 7843
138 4637
348 6747
631 279
932 793
402 12358
874 8840
143 3295
443 2277
749 465
422 833
348 24305
335 1386
784 2283
740 13538
870 1649
666 1947
751 937
746 784
133 8495
169 4221
51 3997
740 1137
194 1708
422 8803
17 10764
335 10264
631 244
423 4367
912 8941
348 5753
426 4294
912 7923
472 2989
136 5849
631 10348
456 520
599 1278
619 12405
402 15470
619 4098
17 13842
472 5401
672 15856
817 2780
946 3281
17 4994
27 12550
143 1624
760 7191
829 2988
17 5046
466 11062
751 3542
69 886
867 4793
182 1679
784 6042
890 2344
51 4633
443 6129
672 1751
899 4235
749 4010
784 995
38 889
929 4225
512 2113
874 8401
27 28844
823 704
81 1010
136 6211
335 13883
324 4842
195 4931
874 3641
511 9292
27 1151
335 11253
402 4727
746 1979
169 11626
867 4451
195 3736
161 2895
27 4834
749 4815
511 1128
133 6510
672 13285
107 1020
107 4543
366 923
161 7453
672 4599
929 5186
698 6619
619 1227
472 4791
324 6709
784 6890
542 4902
133 5831
17 14948
511 5973
426 3609
760 8990
402 18777
136 23945
740 9670
472 4519
38 1422
466 11058
720 1187
672 11368
890 270
133 10968
912 1292
867 7683
899 4263
890 515
348 17196
195 13826
335 19355
631 9131
552 13843
599 7981
552 3003
472 12437
874 4241
17 8618
320 460
426 1843
511 2082
195 7054
921 2335
472 8034
194 241
511 11396
542 5068
402 5143
511 10470
79 67
720 5135
720 280
195 2193
169 10417
348 9069
402 16223
552 2968
740 4507
474 388
698 5787
698 3660
136 26336
552 19559
870 3329
27 6133
51 3636
195 3244
136 4578
867 10704
784 5033
874 6926
17 10199
511 17577
447 153
132 633
143 4108
348 21043
498 4694
402 9632
817 209
366 482
335 19174
874 10226
348 9647
17 20067
324 604
452 5804
107 2924
348 5803
231 4843
619 9784
161 4028
751 389
348 796
27 14972
17 13647
195 3623
874 7324
69 2601
457 1760
746 3196
17 8437
552 8579
335 3357
51 3147
423 1591
324 9042
138 3315
145 456
599 9360
511 9791
890 4912
169 8995
416 127
472 10350
422 2316
136 18592
136 19141
740 11209
619 26
324 3208
472 490
107 4615
867 18459
402 5700
278 2316
929 1907
472 11832
946 4203
136 9382
195 9898
912 6141
402 20009
552 12543
161 9287
69 2883
195 2020
511 760
79 5333
552 3153
27 14432
136 8450
133 8242
698 2567
720 2679
617 767
136 4852
466 8909
426 1657
740 13950
929 4857
829 8222
195 1116
533 8731
132 5734
133 527
740 7348
452 2256
231 6229
423 546
746 6871
929 5066
452 5530
324 9087
929 3394
576 1762
631 19427
38 303
672 2070
27 33309
631 12450
466 9827
27 34366
631 17248
143 6949
749 4610
27 33815
672 15129
511 9450
631 12959
348 27843
51 2661
751 1335
447 4977
784 3457
899 4338
552 8818
874 3978
472 10274
136 5912
867 21027
511 17464
335 2771
133 6386
631 11349
17 6331
698 463
348 21112
746 1080
81 394
874 7163
874 2460
829 12314
426 4384
79 3870
466 2791
551 846
320 1912
27 12125
17 12835
466 3362
402 6214
533 11425
335 12294
552 19584
740 14781
466 3791
552 4462
348 550
27 21845
929 815
631 12055
126 370
552 1409
456 1232
452 3493
231 3480
182 2294
443 3348
498 1456
456 2032
69 678
533 6863
447 1119
511 4868
511 7985
466 10667
423 865
402 9759
466 7066
169 1241
511 16178
231 271
817 3493
533 7628
188 112
576 1769
452 2480
533 8916
552 5233
402 14807
929 839
27 34882
472 3030
474 254
17 9634
740 6089
335 19810
27 24799
576 1270
720 1913
740 5421
874 805
143 2622
511 17911
447 8750
17 18071
740 4267
788 2605
912 4072
348 11908
619 169
452 1784
143 1601
946 3683
867 617
867 9103
542 4280
447 3734
599 7585
740 10408
672 6002
348 5148
698 771
874 5528
79 5946
195 6170
552 3478
788 3731
27 7301
542 2718
456 2351
511 1760
136 23094
456 723
912 4535
81 1396
746 1791
27 10305
447 7319
136 9629
466 4831
443 2938
924 3161
188 4016
552 7106
511 12559
867 5605
817 4689
188 1048
552 1234
27 2448
619 4088
698 2949
870 3120
17 788
561 5043
348 27091
195 13419
511 5860
533 4329
335 4876
746 2112
126 4127
631 19784
890 3541
402 904
447 5843
551 1103
599 7545
912 7745
817 86
512 3014
447 9248
27 21397
456 2623
27 11981
443 1552
784 1026
133 5692
760 32
599 1746
824 626
552 338
27 2201
829 156
138 2659
698 5193
452 8119
138 2101
422 14276
511 4168
619 1266
912 1451
426 5846
746 7722
335 16744
447 6544
511 13541
452 1247
324 2833
422 7417
561 2044
443 3510
472 14078
899 2610
27 5461
161 7743
498 4815
132 340
870 1028
867 7360
698 6491
720 3436
17 125
890 5187
17 6069
79 5505
619 3911
472 3735
698 1334
890 2055
867 3715
126 4052
194 818
511 3109
867 12009
335 2849
466 3906
136 8044
740 325
619 10406
182 75
17 13142
533 2529
320 2831
829 12759
169 5357
474 1812
498 5615
561 319
51 5755
348 13471
561 6543
511 15133
335 19453
422 9275
422 14335
447 2935
788 1346
720 561
672 710
867 1230
443 623
17 9743
552 18252
27 3979
79 5882
720 3590
131 135
533 10453
138 2780
472 9856
17 19852
278 2194
136 19061
231 4807
188 331
27 16505
136 3139
348 27210
784 3432
457 2720
27 11653
324 5717
472 12103
195 11541
17 19647
161 8444
542 136
538 686
921 2126
619 6922
143 7018
402 7139
867 11941
324 467
402 18779
924 1953
924 3512
161 3011
720 11309
792 3537
599 642
335 4718
867 15505
498 2380
874 10394
107 2907
133 11237
69 1757
552 19217
899 3321
422 942
666 2707
867 19615
138 49
867 1422
932 159
17 19505
899 1526
443 3951
348 27234
443 1910
447 2647
552 20771
27 10560
631 5001
188 4100
912 4042
617 1345
672 452
132 7060
452 2596
133 11946
498 5828
511 5624
195 5660
788 4485
17 7337
161 716
335 17525
402 11371
824 1848
348 25624
426 5066
631 18010
538 1345
829 8844
457 2566
348 11696
81 9176
161 10492
867 2081
672 11473
511 16090
792 3333
472 13662
749 8940
599 5066
884 195
335 14000
335 2943
817 4266
466 1292
457 1280
912 8687
561 3867
452 7301
552 3602
751 702
136 25634
631 17127
599 359
169 10816
533 6354
874 9119
27 23104
466 2981
348 26990
17 12873
452 5909
17 8051
867 6652
81 8034
929 774
452 1144
169 9686
631 14268
132 6612
136 25129
169 6155
599 3652
631 5286
402 19498
136 6773
890 5630
348 15781
740 9649
749 8285
474 1638
143 4928
188 3214
824 477
402 4567
423 4399
27 20435
472 12101
619 6199
929 4171
51 753
161 315
348 22217
631 4445
511 2328
195 1080
136 13995
746 2351
348 17612
817 4620
17 12514
749 3234
348 20193
422 574
69 1409
27 11215
402 1106
81 5860
443 408
335 1880
27 17530
136 25633
348 6453
552 3567
132 973
466 543
335 13236
452 7951
983 1201
335 11397
576 969
25 427
720 7200
824 989
749 7117
348 28080
512 2551
169 1637
133 5063
447 4268
631 1521
169 1923
538 755
194 2151
760 806
512 638
27 8059
27 20770
619 4807
474 2741
188 1287
740 895
824 1578
447 5089
472 1917
132 6307
631 8776
79 1393
672 6889
552 7205
402 13702
867 1972
552 902
672 13018
746 2761
169 7481
126 2471
817 2017
348 25163
402 14427
867 19493
552 13976
672 10784
599 4513
136 5965
423 1347
348 5478
195 2314
619 5014
533 3101
126 631
619 2859
890 3658
231 5980
27 10115
561 2248
136 3370
402 16319
542 1579
17 3395
672 11593
720 9855
447 9515
79 10657
874 2
631 10414
929 2093
194 2340
599 2117
619 1707
912 591
136 9229
599 3957
133 1524
17 20945
27 23252
422 7106
983 925
423 5257
720 8148
195 4580
348 12881
51 1033
169 6874
51 3542
870 3317
195 13957
912 2011
81 8798
552 20989
17 11786
107 2447
740 1190
929 5141
79 6400
452 119
466 11781
195 5956
466 6001
746 6366
946 126
552 19700
760 1957
552 3674
169 4816
599 2443
132 6838
619 480
561 1522
402 10570
27 28957
867 17040
320 2641
512 1017
27 21064
983 1224
552 21502
912 7045
511 10330
720 928
79 8645
136 19898
552 8045
672 12761
867 11055
136 23809
402 17640
136 23148
348 4980
188 430
348 2812
666 2211
348 15900
561 1449
817 5404
472 5449
17 15128
511 10239
38 819
447 6701
552 16793
348 22403
335 3058
619 4896
899 142
443 3333
672 5806
552 17685
422 11960
169 12624
107 2964
452 3106
194 360
348 1359
720 13650
27 7099
81 2336
740 4550
746 4571
561 4383
17 9051
631 18175
51 5004
599 10153
348 4878
466 8645
335 7499
51 3339
746 1579
867 8978
402 1449
443 6636
631 8908
867 6864
472 10196
874 281
426 2820
829 4312
946 1685
136 24135
666 761
552 4954
552 6254
740 12790
456 649
466 7985
631 17325
348 17461
136 8633
472 11558
348 14536
672 15064
921 2340
17 20226
27 16601
348 12789
17 8470
823 482
792 2712
749 8405
561 935
498 4498
576 1072
829 10759
899 450
456 1508
751 2689
402 3984
874 10490
27 4227
132 8383
348 18000
720 10523
867 12694
27 35187
107 1348
552 15072
348 1162
720 5481
466 8429
552 10973
17 15164
17 14336
402 6610
552 9748
672 621
443 2404
867 13354
447 557
132 5822
912 7585
749 10467
324 1869
617 210
136 26076
552 8464
912 1161
784 4041
422 7346
631 9630
161 5128
829 6583
966 103
867 15204
231 2814
892 735
335 2879
966 211
617 76
161 3913
27 32791
631 476
867 3411
561 3644
619 12640
324 2509
169 12273
511 6276
740 5591
402 3271
17 8591
533 1970
126 2462
456 2168
443 3050
27 19402
788 3032
27 34884
746 2546
27 27197
552 11166
426 3555
195 11436
511 8398
899 2371
27 29701
867 18090
631 1615
533 4076
561 1614
511 6799
27 30744
784 3783
672 12978
17 3726
143 6297
552 13959
426 2412
899 4485
402 110
498 3525
81 10101
788 4169
599 7851
81 1773
348 8745
136 15877
79 590
760 7684
874 7590
348 470
533 5775
552 15928
749 1296
829 11418
740 8244
422 4749
740 2122
512 4275
740 8605
136 25978
874 10971
867 3549
161 1018
666 1061
452 594
81 3147
867 19164
422 10847
542 4547
631 9312
422 14009
195 10479
426 3976
132 3560
366 1115
335 1869
874 9478
136 11624
666 193
533 4901
740 3435
81 7437
631 14864
324 1382
867 7035
17 16356
169 4726
720 13397
874 10012
874 10896
551 619
867 7197
161 5216
195 7058
746 4979
422 7745
126 3801
426 2955
472 1506
749 1136
443 2639
231 3833
195 5550
195 3832
749 2461
619 7468
631 17595
169 8571
867 6539
443 4813
619 7227
867 5669
402 1290
874 4654
107 1311
740 9308
631 11980
511 3450
195 9998
27 30660
457 448
884 487
169 1543
619 10277
760 6507
423 3699
912 9048
443 7795
921 3039
631 20292
51 2362
133 3903
138 878
533 3030
335 14685
511 13131
51 4865
983 1002
946 2494
136 17173
447 6939
422 3193
512 3926
631 6475
138 2520
231 5502
829 4551
552 2439
466 11152
511 8060
498 5768
366 1348
348 18969
599 4404
552 11997
744 1024
498 257
27 8463
817 2003
51 650
136 11689
631 10811
136 7114
744 743
27 28502
720 1307
27 26440
472 4411
746 5531
867 21506
472 13287
447 10694
161 5408
195 4934
69 2
631 4460
136 10291
672 11729
143 200
443 3399
27 27304
348 3083
599 5448
867 10918
672 3117
619 13108
51 4508
169 5726
79 7421
599 5880
912 106
533 6214
912 6465
348 12486
744 824
890 433
136 1592
929 1265
740 555
631 10538
17 306
946 822
182 938
874 3431
672 9245
760 2830
136 13020
552 18697
619 3275
472 2054
599 6387
348 6092
599 3729
749 10594
466 6613
231 452
136 20309
335 5991
38 1936
474 2326
422 1202
136 5202
792 3675
335 12570
552 12289
971 191
749 6170
749 7218
740 5451
631 7699
666 935
672 10827
912 2836
672 16197
751 3405
599 6217
792 2895
348 12005
133 4981
423 3524
472 12302
143 2345
631 17936
746 5222
136 22766
599 1024
348 22246
619 6455
472 1234
348 25753
161 1351
792 5101
17 12963
348 23055
542 438
823 601
138 3429
749 7827
133 9000
81 5313
132 2394
335 14951
195 6600
27 5481
402 17973
760 3100
335 8509
760 6050
107 883
447 7917
231 4565
740 4244
874 2583
472 1460
760 2218
867 13846
133 11246
760 6497
552 8040
27 9446
422 4465
698 682
402 16382
511 3827
426 4927
740 8640
631 16214
452 8863
874 4837
924 2263
335 6125
921 794
511 10208
498 1817
107 7456
538 1874
760 1018
452 1389
552 5708
348 4106
561 1910
760 5771
751 1167
720 6058
133 6588
899 2473
402 11226
443 5536
335 3995
561 2392
632 103
161 2863
161 129
136 19365
672 15340
720 11668
760 939
136 23110
169 576
932 563
631 9175
498 1907
870 1467
426 848
867 8577
760 4160
552 19065
619 10868
720 798
161 3611
829 6365
51 2803
498 2271
348 21664
161 879
631 6190
552 12855
912 5151
924 3964
136 20064
17 4099
912 6511
447 5905
672 15930
720 5966
466 9200
720 10682
829 4463
746 4263
27 12820
133 1272
874 6471
81 7744
79 2505
422 8305
552 8930
619 8461
452 2001
599 5851
136 17247
892 124
195 1326
136 21196
466 4442
829 14048
402 15101
619 10403
720 1216
143 5056
921 3134
617 310
472 4941
188 2561
457 1186
760 9116
760 7885
672 5533
457 729
423 48
27 3424
817 3927
929 3696
133 11577
472 10372
169 10624
867 21185
740 13328
136 10116
402 8568
890 3244
474 14
81 7536
672 14650
552 555
145 357
631 12325
751 912
472 10718
278 2992
740 6935
335 17628
631 16942
466 6542
136 8474
126 226
348 28143
452 397
466 10525
746 6952
472 3720
335 9821
133 12024
874 7025
27 4563
870 618
829 359
169 6944
538 150
452 803
466 11457
867 16836
27 5629
422 1960
788 4121
107 613
335 12910
194 2080
746 2466
335 15488
79 6150
422 12175
561 5187
136 19003
533 10343
27 20563
924 2744
348 6233
27 12684
335 425
136 734
784 4224
27 21800
136 25773
576 272
402 11769
169 11398
552 4917
169 8133
447 6064
426 1104
792 3342
447 3256
27 22586
161 2383
107 7045
27 10382
335 15580
511 16008
511 1938
511 16725
161 5758
452 8069
133 7973
829 5743
720 6109
511 344
599 926
511 11806
561 1348
195 8170
829 2925
51 4985
348 19462
422 3521
466 11587
552 2325
867 4011
195 7251
792 3855
136 15171
132 6273
824 928
348 21718
161 5311
511 12451
27 16253
599 5239
912 9151
740 14508
456 1692
422 9709
749 8816
631 9489
79 10455
133 11820
169 5540
740 8869
784 2958
79 7936
817 797
136 22125
126 1626
561 847
136 23598
561 3030
538 926
829 6152
195 6298
749 2688
348 1458
17 2433
348 9348
552 6374
27 9382
784 4721
17 6889
422 6961
472 1452
511 11272
143 3821
533 6893
533 3347
466 208
136 14840
631 3409
619 12658
929 6601
720 9534
924 2552
867 14077
132 3642
912 6120
25 581
561 269
335 12747
79 7221
511 778
890 1270
324 377
511 6607
335 15983
788 4528
366 361
402 15696
576 412
27 30323
136 19439
324 1864
348 16480
929 1022
348 14681
498 3773
533 4730
740 13262
561 273
561 5532
619 11419
348 9312
79 9999
27 7214
672 17170
138 1215
169 2066
760 6694
929 3475
348 22625
867 7075
749 2970
169 6718
182 2463
136 1315
169 4050
27 28807
874 3661
423 1069
27 33019
749 2314
466 777
692 250
921 201
672 6593
27 30969
619 7671
792 4697
195 2600
946 467
619 9252
867 19743
278 112
348 9593
867 1217
231 4871
136 26709
561 5205
599 2892
27 17326
829 8431
792 3932
402 16145
698 13
829 4539
788 3197
874 9286
788 1663
867 18311
751 1864
136 14508
788 1907
27 7914
136 20721
619 12464
161 3658
443 7427
867 12781
874 6627
27 21275
746 3575
912 877
788 171
447 877
829 1440
829 1097
402 5970
17 14035
443 5973
107 3180
131 154
348 15559
402 16587
402 638
402 18141
929 1244
335 5456
182 1104
867 4186
472 989
631 6249
867 10322
422 2506
829 13862
457 18
456 848
456 2105
672 1356
324 7375
335 3097
552 19319
631 16326
335 12677
466 8767
136 4622
27 13785
348 28234
829 14846
744 597
17 12505
195 12366
599 3923
817 3885
169 8249
912 2083
617 1072
27 17295
892 326
447 8576
136 220
195 7340
402 14501
182 231
929 921
631 4100
542 3967
874 3736
740 1056
335 11953
17 17902
720 6268
402 18597
231 3049
472 5868
136 6752
632 1141
348 13202
760 6096
324 5152
874 1613
335 13686
335 18230
503 214
498 3897
335 15657
472 6820
874 6009
161 10861
760 3907
533 1748
867 18916
348 22282
402 15602
552 7695
426 5221
929 772
912 7921
760 5666
133 11495
81 3895
452 6108
27 31276
912 6753
466 189
348 20161
824 1372
447 3564
867 18698
81 8007
552 12917
511 102
145 468
402 11250
136 25056
27 22953
27 9674
324 10155
829 9907
188 4014
552 11042
335 19410
472 1127
749 1661
447 8395
784 2698
81 8502
143 5346
17 1020
324 7332
533 11635
599 1430
136 15513
932 719
132 3579
107 1731
619 3617
136 340
746 1139
552 1614
874 4144
422 9222
498 1292
133 11381
867 4396
599 954
533 8589
423 687
599 6704
533 3867
348 9168
474 2141
126 1093
17 20605
348 16033
899 1459
81 6018
320 453
631 4542
143 1370
27 29127
422 1775
511 3315
366 10
136 23508
136 2882
136 7913
672 3407
17 17317
194 2566
443 7891
552 14272
672 4861
511 14867
552 12415
552 2496
552 19083
231 6124
542 4525
533 11103
511 13337
631 7170
829 7242
422 7552
335 927
632 473
231 5020
552 18809
749 9976
552 13437
348 26442
817 2817
784 456
912 3377
457 1429
829 9394
561 516
720 3226
426 1236
188 3308
631 18375
472 9554
17 17823
498 180
195 6062
348 23288
402 14897
447 6290
921 2757
466 2457
533 1292
133 2707
829 13048
38 1155
924 3295
749 7274
599 1639
720 2024
27 30876
136 10640
511 535
426 5771
423 3307
402 8177
631 2524
890 4590
231 1281
107 714
784 2079
746 4099
472 14384
143 7118
619 2190
749 720
426 1745
27 365
136 7347
81 4537
829 979
27 20934
320 3358
552 5940
867 5133
335 10403
823 835
447 4193
472 5734
17 5240
402 4742
472 10661
666 2547
169 422
132 4962
27 24198
672 10689
348 8641
631 2000
81 5811
983 817
672 16736
824 444
552 15220
443 1108
631 12807
136 516
195 4727
740 13509
27 14352
561 3630
17 13807
132 1551
348 20502
746 5258
27 2721
443 2204
749 6915
195 8395
335 14571
749 2784
136 13692
335 4014
320 1417
169 13315
466 10429
619 1463
136 19514
892 180
27 26524
619 10761
498 1744
946 1305
666 234
874 1481
188 1470
132 5602
423 2298
143 1847
231 6332
983 735
867 19379
27 2826
17 7594
561 1104
631 20405
472 4120
195 5944
136 11947
324 9857
631 9043
426 2867
899 2678
452 8834
561 409
631 5121
619 1633
136 26583
51 2306
132 3175
452 8347
81 3260
107 294
79 1654
631 4153
335 18877
324 1782
511 17169
720 2750
631 11613
749 2826
551 955
348 14876
749 11210
17 17187
542 1008
426 3328
452 3853
402 15393
447 5319
511 10006
792 1496
740 4565
631 19807
348 27338
324 2241
324 3935
335 18311
599 8474
143 5635
749 8793
188 2868
672 6694
552 10900
27 20166
740 6185
231 3246
366 326
672 14960
867 14093
912 6388
231 2217
672 3752
746 3665
443 1598
899 3781
182 1778
672 1663
466 7269
760 2448
720 9639
466 557
867 15748
511 13035
867 5533
472 7656
132 6705
27 22131
512 4848
932 1669
27 32677
751 1820
132 1977
17 581
552 7808
443 142
829 12331
870 1868
921 3264
320 3883
599 2317
749 11057
320 3846
599 9550
466 1802
27 7694
402 7956
720 10731
348 22808
829 65
182 2473
698 4229
27 24296
324 6573
466 5573
169 7283
348 15449
474 1095
402 17167
740 12211
27 6450
946 2939
561 3238
746 5659
335 5479
746 3282
533 11751
27 36203
348 2518
619 3867
599 6981
823 15
231 2397
422 6908
867 7856
335 17258
619 129
51 2912
27 7538
447 11295
402 2768
599 9034
335 17501
188 4970
348 26861
971 66
195 8437
672 10320
402 12743
551 751
784 3093
107 4775
929 7174
740 1670
17 10504
126 2199
867 1137
348 6311
631 11844
320 4545
79 3053
552 15502
619 2720
472 6020
81 5869
760 4019
672 16117
698 5227
69 838
169 11614
498 956
744 197
188 1534
195 5324
829 3092
749 11258
867 21324
740 6746
466 8995
17 18312
81 429
452 8286
874 5306
552 11786
929 1403
422 10380
746 3321
79 2377
188 974
169 13461
792 4937
348 19706
874 4802
474 2163
335 20114
740 3945
27 2641
631 15631
720 11137
335 12529
27 4115
107 2530
720 6780
511 5274
348 7130
511 11679
231 6536
402 9254
335 17477
188 2622
169 4131
231 3985
452 3031
533 6949
402 7518
27 19852
136 10867
466 8521
666 1549
51 3897
870 1570
511 17635
136 1439
760 8604
416 148
552 3131
452 1625
423 4933
422 4105
498 2948
17 13736
27 33428
890 2897
472 3057
161 493
619 12880
899 1101
195 10355
498 5100
348 13931
27 9106
17 6940
466 7881
720 7815
666 1716
472 8991
402 11471
552 845
132 4286
195 11831
929 6611
136 1530
561 3404
912 1580
749 6973
17 12747
27 3710
749 10849
867 19970
402 14575
422 13024
619 13556
143 7119
402 9063
136 22700
552 2706
472 11081
466 968
617 973
143 2868
867 3013
824 953
27 9765
749 6784
511 16454
890 4684
51 5287
136 9688
631 18739
552 5114
817 1683
498 1152
188 3234
169 7398
466 2140
81 158
890 4017
466 6232
136 21641
402 6560
27 28724
27 19987
27 22735
511 17768
631 19588
17 5803
874 4518
231 2521
720 7378
929 291
829 6952
17 19680
784 5149
136 7477
17 2629
472 5676
746 3069
746 7554
195 1601
511 9705
132 7649
631 18572
561 4005
447 4481
867 635
136 3016
533 10735
561 4101
599 3250
161 6191
324 9297
829 760
231 1044
867 13344
867 10074
136 10359
912 2403
552 665
784 2927
169 4414
136 2262
348 2942
17 8833
278 1199
231 1980
817 893
631 13599
161 3666
402 1039
17 20396
169 7130
169 10934
666 129
511 3598
533 9575
27 35681
817 2123
511 2932
740 15117
27 17423
720 7499
874 1851
443 4998
929 7059
161 7802
672 4271
472 3844
542 4419
511 12069
817 1019
51 1715
188 3564
27 8710
720 4700
912 3230
161 5339
138 1114
452 6132
672 11123
133 6754
161 6563
867 21569
335 5345
720 10440
929 3689
195 3672
133 4389
79 3964
867 18966
133 891
161 9645
817 5651
874 6278
631 124
672 14839
672 15523
27 35330
890 2042
132 6074
348 26002
107 1883
402 14120
452 2554
278 322
512 3937
631 8330
672 1428
136 24401
792 5076
320 314
402 7860
599 9249
422 2668
792 534
161 4918
619 10252
760 9448
576 1504
324 3670
472 1332
472 13393
631 19202
870 393
720 8454
136 12817
452 7160
551 1846
511 17503
932 270
348 3323
929 1518
423 1220
161 2724
25 23
452 5081
512 4763
619 11938
443 4493
422 6704
335 17911
136 9683
511 14559
784 5245
749 6797
27 33846
874 10786
161 9534
133 10793
27 29488
929 4938
740 14003
132 4688
27 1289
231 757
324 3127
443 2770
466 3285
452 6000
749 3604
890 1760
136 12327
188 3033
27 36424
749 1043
320 755
324 5433
81 9471
27 27737
533 6007
672 832
136 626
829 10086
422 4404
946 2026
138 3600
983 448
402 4447
829 9114
698 5874
348 27836
335 11679
17 7858
749 10518
426 4782
466 6368
324 6424
466 6129
169 2748
631 6715
324 1602
912 6796
17 3473
619 1483
599 5778
829 2543
533 9781
619 4738
136 18868
740 2093
720 5529
551 1684
631 8885
749 8703
81 4744
884 242
348 1151
552 4412
829 9530
817 5689
133 12232
194 1754
402 19091
511 7086
599 2622
749 7942
348 12639
27 29410
169 4392
512 2911
136 24578
631 17202
443 7240
619 7956
619 12007
740 1786
27 18331
788 338
912 6555
335 17422
599 4884
422 12937
402 3347
348 1867
17 17425
136 12094
874 2255
136 9872
829 14745
132 1723
867 15574
666 596
749 9861
817 2642
136 12285
552 12336
632 29
182 397
348 3587
874 868
576 1290
552 10268
231 1752
348 24142
79 832
422 9516
27 33686
512 560
169 2453
619 2073
472 13739
631 5410
422 3546
631 7026
552 16391
126 3626
744 28
107 3050
132 428
749 10732
740 3017
51 815
136 15708
423 2026
133 12565
324 8921
619 4220
817 5551
422 6144
929 2080
195 1454
829 1550
133 10892
672 16624
447 3491
27 26924
335 10589
552 17492
792 2621
551 1512
890 812
792 3944
867 4285
631 18294
538 1588
107 6550
672 475
533 5333
195 5976
17 19208
169 1481
631 1307
17 8158
561 2496
348 21537
79 1168
921 2001
335 1745
511 6769
472 7572
447 2538
443 6968
552 1496
161 3404
423 4787
27 12298
552 3352
452 2741
426 5670
472 13274
617 167
599 7873
136 15302
136 10258
542 1772
720 714
348 23201
348 14402
402 5027
195 1540
631 17336
133 3395
132 3362
324 6646
698 2717
929 6433
423 263
456 426
17 12632
81 6506
533 4006
829 11513
792 129
533 584
231 4087
132 1073
133 3476
511 3230
740 13455
599 7015
136 15815
619 2733
617 455
912 2630
672 5403
25 1102
155 415
599 8308
511 18290
867 10351
107 1193
422 8169
161 8593
278 1002
829 4159
422 2265
231 5361
136 21936
426 2631
422 13786
749 11541
335 4975
867 16564
79 385
79 6772
348 21091
27 26083
511 6376
740 13768
672 7137
126 743
472 11586
817 5198
426 5376
511 1488
744 480
136 23299
348 1397
966 247
792 4819
107 1614
829 14311
472 12158
552 14383
672 4984
348 21240
335 11186
631 838
749 6540
542 3315
599 8704
348 15916
69 842
720 13521
402 16467
79 3163
402 3193
145 975
672 6532
466 8029
552 16784
874 3947
447 1064
533 5658
27 34989
348 347
138 1701
17 6445
542 3194
447 2138
348 3831
145 243
195 5502
829 13185
631 3049
551 518
672 181
619 10741
561 3967
749 5341
278 2510
817 769
512 1278
79 6168
194 1432
552 13172
422 1660
561 6026
320 3513
25 398
912 5270
443 881
929 5914
324 2586
27 34365
792 5065
720 7476
533 11856
466 9692
829 6290
576 692
348 3240
472 9685
324 2261
472 1762
348 1657
452 8676
599 4937
27 4153
51 1462
784 4838
136 8456
51 3633
511 4918
79 5579
599 2528
533 9978
817 5765
533 8331
792 302
402 9232
335 13495
884 170
132 5976
335 8844
335 7037
107 3297
126 1191
912 1166
132 7203
867 6942
912 3182
823 333
136 14931
161 3063
829 12385
422 6833
426 3061
324 8645
867 7508
929 180
423 4571
136 19675
966 330
924 3820
512 2432
890 3755
542 2349
324 6260
561 3332
335 2021
921 276
335 14868
423 3892
874 8936
79 8217
792 1223
27 12870
617 1095
912 7446
672 5113
672 8047
348 26733
749 345
740 6883
452 7401
619 3656
324 2397
81 1158
278 2837
27 18447
631 5218
27 33659
552 409
402 11346
631 5470
552 1850
188 3759
561 2983
867 18201
472 3762
533 8803
784 6552
542 2828
457 2786
161 4450
169 10060
867 936
867 8303
619 11592
136 2964
817 3282
422 7726
511 10696
169 218
829 2608
348 11230
335 14439
136 13389
899 600
599 9765
983 978
136 21492
320 4443
27 12951
751 2041
161 8436
17 18471
17 15253
17 16843
17 2944
929 3615
27 10703
631 9220
874 6442
136 22998
182 358
452 5264
27 9598
81 7923
145 44
447 8654
699 1018
169 5186
740 7129
466 2707
599 7073
631 6882
874 4590
466 1251
447 8647
672 1871
744 796
720 2365
136 26740
136 7746
452 6810
631 9306
51 5468
81 583
472 2781
749 3464
921 1471
874 6212
829 6899
672 1829
131 167
912 6941
366 1242
136 17808
503 271
472 5878
133 2579
617 1384
874 5647
466 10175
27 1859
161 9046
320 2461
829 4600
133 1754
921 3596
27 10226
672 9581
169 8847
169 12572
324 6707
348 2835
27 30453
195 10195
498 1024
631 8669
740 8151
27 29661
17 18550
143 468
533 10911
348 1201
231 6406
452 1809
456 2286
511 7559
136 14509
335 18447
81 1943
195 11331
132 2661
320 4670
27 5489
169 11090
447 133
169 4545
136 18236
666 2144
132 1300
619 3100
867 5903
744 375
533 11171
511 13265
126 3899
921 724
107 3460
278 3019
107 719
511 15873
138 4250
17 12828
929 7404
829 5267
447 7828
136 16014
867 14525
422 13149
870 2080
447 1955
867 88
870 2799
720 4834
133 7300
829 11143
829 9570
51 190
631 15430
138 2851
27 18078
138 3180
27 32454
402 16380
231 663
561 3696
533 9308
136 24705
27 28832
79 7313
416 255
335 5156
136 25861
335 16092
551 1300
533 10467
51 917
79 10263
760 4859
132 3763
740 7570
749 7507
751 525
867 9800
867 2744
320 1416
760 3742
348 26032
133 700
890 187
472 12522
17 19546
874 5106
27 15109
829 11606
335 12386
788 2260
631 14247
231 5227
38 1051
138 310
912 6222
599 2855
107 4532
552 15287
817 2193
874 10207
69 2067
720 9132
443 1380
466 7179
672 8680
631 2391
466 6348
348 10293
348 14683
320 4108
278 1432
79 7991
457 891
138 3938
631 12714
829 2761
619 8773
107 5409
133 5776
829 1493
472 12053
921 1062
188 792
552 7531
161 8264
599 7209
422 11532
133 4851
195 3282
81 6249
829 12534
81 7315
829 5082
324 2700
136 14936
817 3255
136 26474
466 5785
452 1986
278 714
672 14558
631 17075
552 10406
335 37
422 143
749 4947
181 506
17 10290
27 25382
829 11983
631 11725
231 702
136 7613
867 8179
107 3421
17 7091
760 6097
231 2874
366 850
27 4680
874 8354
912 8548
599 8945
161 4165
867 13030
136 684
195 6366
829 1898
195 950
423 1967
169 7908
169 68
552 8104
348 15220
746 4165
632 850
511 17903
136 26660
145 771
867 11451
512 4549
884 228
402 6754
740 14500
69 12
452 3989
924 3115
619 5802
867 465
27 25044
402 20080
27 909
136 22625
335 8904
335 17268
698 3024
443 789
335 3098
746 677
784 5910
426 2715
231 5856
542 1351
443 707
426 5692
672 7013
17 18696
335 1777
457 963
195 8396
27 773
195 611
619 912
552 9535
619 10029
136 8578
899 1507
27 36607
472 6545
551 1312
27 13980
138 2322
422 1351
348 10385
51 2966
867 1293
402 2915
666 704
912 6871
720 1767
138 1612
335 17822
619 7539
136 6483
17 7483
169 8870
867 6627
912 5421
169 8433
784 6417
335 3897
452 298
619 10656
867 10128
402 8448
631 14744
169 8357
749 4078
443 6533
133 10083
890 1552
79 8502
867 16646
746 386
698 5799
599 3123
788 4283
169 4266
27 26150
599 1978
126 2251
182 2198
335 6918
27 23390
542 934
136 19191
195 4337
136 20869
335 17293
561 4240
472 8176
511 2804
749 6068
422 3836
792 1157
402 7249
348 8505
829 131
426 659
817 3069
867 14165
533 9676
817 2796
17 7014
740 11238
631 18785
599 4636
912 2545
884 625
619 554
760 3244
921 2067
720 11375
631 13729
788 4030
348 4236
538 614
79 7066
472 8538
17 16486
320 2447
231 251
619 8584
133 1882
426 880
107 3496
466 3819
784 6888
599 8581
161 10370
136 19287
619 4404
983 306
599 1575
912 4417
924 619
749 6742
631 14720
829 4667
619 3550
169 11347
51 256
447 11471
552 6055
867 14587
867 8385
27 1954
720 3696
136 16771
79 507
27 26304
698 1082
829 13415
133 9561
136 4266
181 45
443 473
426 3017
672 8550
749 4232
133 9727
324 2347
426 2986
452 1617
25 726
27 8126
788 3532
402 2650
599 2767
912 2108
552 6709
79 9252
824 1176
402 13009
899 38
169 10540
133 3052
81 2571
552 9172
867 2274
749 1235
27 19558
899 1758
348 7492
195 10503
447 3384
447 5967
51 894
348 18688
443 4287
447 97
867 2835
552 7587
631 16148
335 3283
552 18330
631 4305
169 2325
472 4263
335 11228
552 3274
551 443
169 3722
348 4716
195 1760
195 3332
912 3245
231 1188
132 5260
348 17616
133 10345
348 23934
278 1580
447 5155
348 14172
511 4288
27 29890
426 2754
447 10552
698 4639
466 3672
511 15967
402 19009
188 3241
867 4891
511 7435
867 14007
870 3306
422 9597
348 13151
472 9254
422 6562
348 1980
929 4367
672 3116
511 4640
749 3643
924 1689
874 3149
136 10434
366 701
892 689
631 17905
538 777
27 25110
335 4444
874 5906
452 3192
929 7091
817 2843
912 8453
422 2383
552 1096
552 14878
740 5854
867 15365
672 16300
740 10777
740 4919
720 13105
466 10723
132 3418
912 9290
740 1809
324 2628
335 4212
27 2807
498 582
107 3503
366 516
51 1257
720 5841
17 14748
740 6718
320 1305
751 2128
867 11366
426 3629
402 5117
169 2483
188 3777
466 2016
698 5442
422 7385
617 649
195 7472
422 10557
498 3962
829 3026
402 17413
422 13676
552 15463
561 1577
136 14883
138 1745
136 8775
552 18522
792 2827
181 355
472 5111
552 8187
552 4643
746 5049
79 8873
740 11066
17 11811
740 6277
161 2175
751 3847
79 2322
533 724
348 4693
161 6398
136 19375
619 1399
169 10353
472 13601
552 1704
231 2363
870 434
619 12102
107 2088
161 4574
452 6495
760 1168
452 5700
666 1349
466 5889
422 13549
746 3418
788 3162
751 1674
817 666
79 2744
599 406
631 15107
136 17375
817 2412
335 9653
107 3858
912 8006
27 2196
740 15042
136 13870
443 614
924 2340
924 2103
746 5790
870 1155
631 13082
740 2024
17 4819
867 17893
552 8213
672 3446
422 9704
452 3391
136 2273
132 2301
511 2554
27 24608
17 1519
423 98
17 5524
195 463
133 5580
447 457
874 5618
874 6740
720 10947
511 6110
422 8348
320 1780
760 8951
447 8016
27 5217
136 2235
169 6444
51 5102
720 12423
511 10546
740 6793
788 2546
924 3040
511 1795
195 887
672 14131
348 11442
552 2756
867 631
829 894
136 6929
698 4977
817 2379
452 2292
447 258
335 17031
924 704
631 14035
552 19924
511 14824
533 1195
231 306
829 14638
422 9406
472 8352
511 12134
619 4725
466 7901
698 4941
867 17963
867 12297
81 2458
81 2987
182 2439
740 10055
447 9374
720 976
422 11481
335 14471
457 1949
870 3538
874 9904
740 9181
426 2030
195 7372
348 14950
472 8768
740 13030
335 4836
278 2091
817 3773
784 3223
784 1585
744 763
929 1109
348 17680
983 1253
720 4415
136 25717
169 5041
136 17733
422 11307
784 2177
402 5826
27 22071
740 5731
161 7981
817 1574
27 4748
921 78
552 21128
561 6172
511 12397
912 6111
749 88
874 6363
27 9015
533 3741
924 713
946 423
133 3605
672 16399
126 2809
169 9233
619 8803
402 14364
511 17974
27 21211
921 2203
890 4836
27 275
457 1903
498 5244
25 1310
136 1856
17 2811
512 3332
632 679
631 10710
874 9622
169 2400
552 4117
27 17755
760 3695
81 6144
452 2951
447 4002
744 1181
181 330
17 7412
672 1559
402 8776
136 9092
867 17751
27 4797
335 8615
402 12127
672 9778
422 13775
107 1656
443 6467
126 3915
867 10367
27 31420
27 26271
138 1958
81 8647
533 4469
447 9370
921 1619
740 9799
472 2545
69 565
278 2474
348 17556
552 1956
132 3674
542 849
631 10458
899 2167
619 7985
698 2420
533 3757
817 629
169 8696
195 14087
348 27452
749 5951
466 5979
457 660
672 8406
512 1732
472 4181
672 2905
27 10571
161 1841
874 4407
231 7243
792 1735
136 8567
946 1160
143 4254
402 8660
107 2316
447 3590
631 17794
912 2515
169 8003
511 15476
892 313
720 8567
619 10985
348 10647
829 2457
143 6615
348 20335
890 4914
335 421
447 6170
512 4598
447 966
456 833
79 1839
423 594
348 9231
511 5726
511 12364
784 5497
17 9400
81 4057
631 16016
79 6293
169 12423
912 7625
195 10082
278 2955
631 12266
749 1921
426 3380
27 14074
552 4213
188 4588
402 967
631 16890
136 2480
335 15145
672 12899
498 3306
69 2291
447 741
698 2071
161 6315
472 716
472 13290
552 14115
136 21663
324 4957
422 7715
921 189
512 4047
929 3577
740 10923
561 1270
561 4036
720 6676
17 466
335 1790
921 2176
27 29856
27 26144
552 6463
17 3270
870 1397
740 14891
511 2696
631 11926
81 5655
829 3924
79 9902
867 4589
829 9766
195 2512
740 8034
788 521
195 12103
511 15066
27 7657
929 4698
890 4241
511 11981
133 7350
619 2251
143 2503
195 9700
143 6477
27 16435
890 1591
870 3106
426 435
740 3872
402 16703
751 1275
447 2131
740 900
552 16247
133 11217
17 6517
443 2527
698 2495
899 1972
107 7192
561 1125
402 5869
107 365
751 3756
17 19797
161 677
946 1474
631 8369
552 19956
443 3686
824 445
890 4121
27 33218
929 3493
161 1566
402 8873
631 1798
890 2830
17 4462
423 2
511 15796
348 18820
27 7391
746 3902
348 23561
136 21778
126 3198
867 3841
740 3140
749 2935
533 7338
867 7948
27 8323
195 13050
829 5493
79 300
182 2619
27 2792
143 3875
720 4371
17 19257
457 1979
740 9865
924 2227
867 5317
511 15261
666 20
17 1782
740 2386
720 2261
320 3050
932 1025
348 22801
829 8571
138 4333
133 9642
619 6555
133 10665
169 13268
599 7413
533 11533
867 3618
746 6229
533 478
79 10338
195 11270
443 6686
17 19700
466 5322
631 16459
169 6071
27 32146
161 2035
133 4105
17 19109
182 1083
426 1118
466 2290
188 4197
27 20360
423 4694
348 190
335 675
472 3463
533 7181
447 3449
402 708
744 545
133 11766
195 2654
867 20194
136 15602
792 2062
533 1034
195 12610
472 6788
161 3770
402 10966
402 13429
161 7887
324 1140
27 26488
672 7746
143 833
51 3084
348 26552
749 8126
447 3760
511 2948
946 1023
136 4741
320 4492
51 5436
426 1515
131 221
551 308
348 21053
169 9027
136 14808
107 3939
348 11095
740 3251
899 3424
348 21932
143 4437
426 2624
619 11207
136 13586
946 1696
447 4181
884 15
348 19338
631 11584
136 6267
143 3639
912 1051
452 8427
320 415
335 16210
195 9506
335 593
511 13670
720 9728
672 2560
133 7441
698 1622
17 12085
760 7137
533 9479
631 1041
348 2762
760 6290
402 10225
81 9841
143 1494
27 7233
324 5767
452 1306
422 12490
443 7925
912 4942
698 5658
511 4759
138 4382
533 3931
740 10560
231 1864
107 5763
348 17855
874 1999
69 2020
422 2814
672 17042
335 1551
348 21486
912 7139
511 9315
402 11209
599 9992
107 7342
452 4939
132 3150
348 21425
552 16108
720 6594
169 6456
456 144
17 1707
474 2044
17 4266
231 6674
136 8115
348 13567
278 1885
422 1852
672 5855
348 13818
740 10268
829 668
632 296
698 1021
79 2102
452 2148
79 955
278 2382
17 13898
472 7131
348 8774
181 745
126 842
619 6806
456 1615
79 3509
983 178
749 7874
348 16954
81 10075
874 3077
320 4276
133 10162
817 5330
631 16041
324 4543
829 10578
631 7497
867 15862
402 6443
161 6788
929 7007
512 1653
136 21404
619 6696
27 7552
760 7600
824 464
874 7348
169 11228
324 8578
194 1865
672 10467
138 3951
457 1933
498 3655
348 25151
921 2724
631 11611
824 1778
829 10979
720 12007
27 5724
27 7069
136 9272
829 12896
899 1638
447 3758
512 3706
335 19739
136 16824
599 10271
472 295
498 2730
132 4847
136 22537
870 2402
666 2251
619 9000
195 9749
402 9488
631 20120
698 4597
466 10857
946 2106
161 6921
195 791
107 786
188 1381
348 21381
79 4319
720 3849
552 21075
867 15603
443 5556
867 16938
890 5476
867 16422
870 3000
740 15038
740 9551
619 1009
672 6133
672 7186
740 9912
749 3111
423 3060
924 2433
320 2034
829 11940
874 8247
552 9068
784 165
512 4338
874 9841
867 4010
17 16635
138 1329
631 2850
631 15285
348 5627
457 524
746 1826
576 1344
784 5793
760 8056
912 6683
136 12089
921 608
512 3150
533 2739
169 11206
511 10815
136 15070
182 1572
423 1825
867 16565
81 6755
447 1589
402 10853
422 10397
788 3909
188 4954
929 671
788 2956
348 17072
912 7433
561 4630
133 7193
447 10980
69 1378
423 1024
672 13896
132 2786
533 1825
447 11119
672 12027
143 4011
107 2715
720 11272
348 25853
25 268
79 10451
929 1734
143 2445
899 444
760 4664
672 11189
472 8741
17 8302
511 16528
788 2448
631 11137
829 8340
422 8796
552 21379
511 5039
422 3635
107 4537
666 1167
348 25991
17 18888
867 9586
631 5788
348 5673
760 6200
348 919
829 542
81 2794
511 1388
136 22030
619 9677
472 10857
870 1976
231 1354
619 11906
335 6584
720 12941
447 1574
452 4546
511 2754
457 342
672 14627
498 2134
335 9981
27 35736
924 2104
474 849
792 2254
136 18724
324 8039
474 755
829 9680
617 1245
576 520
348 15094
829 4366
511 1968
599 3497
195 10308
27 36077
169 1367
27 4891
890 5566
542 1123
422 12894
27 14336
335 2240
136 16479
452 1730
533 3504
932 745
884 359
912 2971
552 5566
348 12926
17 15803
870 2554
552 2062
672 7219
456 2311
672 9911
874 6615
983 1119
498 1163
447 318
599 2993
472 14770
335 17190
27 20859
348 5788
672 15123
760 8808
456 79
143 5600
498 4216
924 1479
335 7377
132 1991
867 7032
740 7031
631 7518
784 736
824 1243
512 3411
466 4377
666 1258
829 3090
423 489
447 1610
79 1018
169 5205
829 5647
751 202
472 4216
720 5069
892 810
69 2210
498 1423
874 7853
829 6794
924 1927
472 6380
335 9536
348 4372
27 28652
133 9772
631 20462
511 3834
443 3154
348 1509
829 14293
552 9134
422 10794
136 19475
890 4918
320 365
874 2716
474 316
17 17022
551 118
335 16574
335 12719
946 3155
867 10027
890 159
335 3660
867 2630
788 320
749 7433
447 5160
195 3571
416 245
533 8686
107 4797
27 21527
792 4013
672 1830
136 11497
426 5706
817 1256
443 2940
69 508
466 3370
946 3694
51 3607
79 1762
132 3436
749 53
472 6547
619 9121
107 1110
133 9539
599 2137
143 7028
194 58
899 3516
143 2072
746 5907
720 7344
924 207
631 5670
472 2206
619 253
749 5741
231 2377
533 4590
132 8218
133 6870
874 6676
749 10100
472 6255
631 19773
136 12138
542 2237
511 602
744 906
107 4726
631 8577
443 6897
231 856
447 4611
760 5377
402 14527
512 3729
749 4092
335 14577
447 7409
133 2387
619 11828
324 4040
874 10864
829 13219
126 2127
452 4694
132 7352
867 19857
143 3042
402 7937
599 9160
474 1357
867 7937
829 7199
79 10831
867 1872
181 732
348 21291
740 2138
136 1983
561 5759
81 6210
457 37
867 3252
79 2217
746 3330
324 1494
472 8644
760 6861
533 10643
472 3099
912 932
422 1410
320 1510
921 2771
422 787
552 11380
829 9976
107 1054
161 7619
169 4845
533 9024
512 2327
472 12773
79 6108
348 24801
617 1400
348 15886
720 76
619 11717
929 6931
195 2368
136 10183
335 1609
447 2050
867 18768
348 26409
348 11842
27 31625
829 12276
672 13984
136 7464
698 610
17 14294
599 1785
133 7827
348 2126
867 17356
784 1439
720 12122
133 10201
443 1080
760 4262
760 7083
632 716
792 1817
335 17664
512 2274
466 4356
27 3286
983 1377
561 20
740 2835
132 1601
912 4811
552 5831
929 4018
619 709
749 8532
792 4555
619 9499
27 13587
324 2283
161 4279
348 6093
511 13173
533 9904
443 2060
817 4825
474 1142
195 8541
143 6735
788 3091
335 8414
17 10415
829 13152
698 3056
498 2738
749 5878
749 8283
740 12103
874 1749
107 7178
672 485
324 5520
27 36663
511 9681
27 17289
631 6609
348 4830
698 4459
511 13685
631 1026
143 4382
188 566
402 12079
27 24888
498 851
447 7656
79 4383
498 1735
320 2874
195 8551
132 1198
551 1905
552 7172
619 7718
542 1517
890 2579
867 13574
132 3267
136 23289
890 4699
81 1900
788 2292
533 12135
422 130
452 5680
817 5452
672 12598
472 8524
17 14866
921 933
720 2568
27 21733
324 5083
874 1300
619 1982
784 6847
348 24614
511 7643
231 5280
188 3090
79 8125
278 1138
195 5073
132 2502
929 6784
631 7821
511 14350
533 1563
619 2916
348 10162
760 1320
457 1559
335 2313
422 9055
335 10511
136 16031
672 7781
348 24506
760 9270
195 8683
27 23930
533 4598
348 320
17 10044
348 10262
921 1625
133 6504
874 10386
335 815
720 12549
817 1139
631 13925
890 2199
666 2553
27 9200
126 1251
466 3444
27 5628
348 16357
692 138
136 17714
631 8470
760 1459
136 17903
17 12074
423 2892
784 3465
749 4684
512 2206
348 5265
672 13144
402 17046
552 17124
132 4994
751 838
472 4046
27 13242
817 4972
348 5328
27 20608
133 8878
552 21607
27 34422
443 7535
599 5942
760 2057
320 2302
138 516
720 9463
983 376
912 2652
195 11142
335 11078
533 1488
867 9073
402 8876
195 11535
631 12545
472 12679
760 8224
348 6429
132 7241
107 1431
874 3030
324 8697
619 1570
867 17235
599 4861
81 507
133 4561
599 5077
452 6395
402 10086
335 8208
136 25969
335 1294
599 10620
51 1135
188 2745
17 19630
552 5166
81 6058
932 571
27 6587
136 4520
760 7027
740 14589
511 6994
870 3200
402 9818
890 949
335 181
551 179
561 2896
867 6225
457 2826
423 4591
79 5798
672 12692
51 1835
631 20065
792 471
27 25234
81 9649
474 1925
422 11372
133 12485
561 2086
348 16756
474 841
278 1974
829 5164
740 11710
929 4834
631 16764
348 16248
867 11819
348 20783
335 5522
27 19532
17 13001
720 1014
874 8425
348 3893
422 11615
720 12962
631 15352
27 6696
561 6247
817 427
867 8796
552 8346
749 3286
946 4269
784 2369
402 20066
912 1128
25 902
542 2479
51 429
169 6385
619 398
188 4736
324 85
466 3951
533 12124
402 12599
447 10286
145 739
27 15916
194 935
195 13019
348 4548
136 17104
672 495
133 1385
666 859
169 8800
27 23688
924 1233
422 11032
182 1064
422 8633
27 14297
749 860
619 11755
169 12521
672 1206
133 4237
69 2091
17 18367
749 7934
188 3970
447 127
447 4556
27 18815
182 2148
51 1609
136 12903
17 15073
749 7355
542 3462
631 17457
788 867
27 26019
348 10316
443 7673
552 11237
599 1627
472 7895
466 8066
132 6493
335 9341
17 17553
79 5939
542 2664
631 4020
161 10749
335 5077
161 7996
423 2769
132 100
456 830
466 9301
452 6938
422 600
929 1634
749 8063
456 1018
27 33055
829 13002
324 3558
348 2575
324 3091
698 4685
457 75
890 882
538 511
890 1768
452 701
452 1745
138 2388
324 7509
161 7510
511 17064
533 6617
466 9907
867 10578
422 10493
169 13195
136 8916
81 152
320 697
231 1654
161 6923
195 4647
452 6254
107 485
511 15986
466 5423
698 5292
867 11552
890 4248
576 173
136 7126
912 5317
792 2216
402 1575
132 552
619 7
631 3475
631 9859
348 20085
195 3459
533 8182
599 6620
133 2345
784 5562
51 4423
599 5537
324 7739
511 6163
599 1317
402 7183
552 14180
749 5574
561 2136
422 5480
17 17129
829 12130
195 7762
133 6105
599 7011
672 11231
348 13365
617 1121
402 13281
511 11108
27 23621
760 7974
27 14747
447 6396
498 4359
867 12974
136 11967
472 13130
69 1558
443 6262
672 17207
423 5116
672 12413
335 5756
402 13986
348 6737
874 7671
335 16465
792 3157
348 17320
81 248
784 6145
17 11588
402 4619
194 2568
27 18162
348 14636
195 116
348 27448
79 5012
874 1503
348 8427
27 16956
107 4073
443 6713
631 6034
867 14707
452 1779
472 10591
17 9157
552 21221
867 8005
169 7114
867 737
17 7203
511 1272
27 24066
51 566
335 17970
472 14503
817 494
746 2974
511 2231
452 7801
443 359
867 3674
452 5507
447 461
631 10654
27 7195
631 697
27 19175
538 1155
17 14606
133 11675
829 9749
188 2393
27 11294
51 1962
126 2323
136 1714
632 384
720 2989
136 8320
631 8292
867 8192
552 5908
552 1820
472 4807
17 13267
348 7921
132 2840
631 14972
552 18906
561 1898
867 21004
161 7512
27 2014
17 2179
402 1802
195 9098
672 12134
619 5234
829 14170
552 6595
126 2095
324 1679
426 4657
69 1610
542 3950
348 3217
69 210
195 8885
466 9196
195 13408
672 2129
698 1481
512 290
335 2463
79 3997
912 3670
472 10858
169 9221
617 1466
443 3762
760 171
126 2724
132 7714
466 3521
133 9494
472 9336
136 18462
231 5734
27 18200
51 5649
672 9780
912 7798
552 6501
749 3487
17 10935
740 10181
366 477
874 188
335 1081
740 14244
561 4907
457 2854
79 7769
867 4354
422 8953
27 34095
619 3182
161 3934
619 9236
672 961
929 406
145 601
132 5666
447 7252
751 3046
890 4459
81 9744
720 12260
599 2552
533 11280
107 7390
472 11933
402 13540
740 12314
867 1794
672 2683
320 4382
512 2621
136 3956
751 746
720 1626
929 4403
698 3868
132 5875
335 18106
107 175
457 1240
472 1376
126 1528
161 3292
169 6227
874 1145
874 8574
136 5691
136 26759
17 1352
348 25073
720 337
348 7538
746 7364
27 2294
278 2409
169 10183
161 10239
27 10555
699 862
422 3979
138 1888
324 7758
552 20627
512 4151
552 20348
348 28091
155 469
746 1256
79 2844
631 13314
466 9066
324 3430
760 7468
511 4077
136 22334
194 699
348 26299
348 23479
169 3580
760 9521
195 12178
27 9588
17 2150
533 9188
561 5482
672 11897
672 9907
402 13166
631 14130
348 22693
348 10657
422 10702
511 11311
912 9744
892 925
720 6977
542 1271
422 5880
672 5245
746 521
348 18387
760 7328
829 11071
788 1529
829 3637
672 4780
348 10581
924 1330
746 580
511 15547
498 2877
27 25483
27 16969
402 1256
631 9059
631 15010
335 19694
195 10420
161 6249
422 12358
498 44
143 3747
195 2662
632 861
760 2973
740 2886
143 577
746 4443
599 785
422 10859
107 4380
472 749
422 8994
829 8984
452 4246
867 14810
890 593
195 12662
27 36409
27 27913
874 9125
511 10050
472 9655
161 1459
890 4370
17 3393
466 3053
599 492
740 13054
619 12775
551 350
136 4206
132 6214
631 4174
599 4075
27 2570
760 3841
740 13719
79 4731
348 27682
874 7748
788 3348
672 7164
829 3965
929 4490
672 7625
27 639
921 2466
720 8768
740 7214
867 2372
443 1739
161 7400
740 13689
749 578
867 8127
533 2968
161 9721
348 719
136 14325
402 17531
512 2579
890 5047
631 17688
561 4488
740 8420
195 8945
133 7484
17 9312
599 6107
132 7206
912 459
817 1296
552 10792
533 10456
422 11474
929 6177
472 9770
452 1080
533 4975
698 2826
784 1879
133 9531
552 6793
929 7331
552 3133
132 929
552 17272
195 5154
136 11366
27 2028
17 3403
760 533
561 2680
422 2964
466 8294
829 5373
335 6430
348 23915
143 1052
324 9215
829 13937
829 12550
143 911
890 450
533 94
760 5540
867 18572
720 720
867 13393
169 1800
788 2928
599 9683
740 14096
278 837
542 2646
740 2761
27 35061
511 8626
552 19428
107 5592
423 1374
195 12763
348 1272
136 23640
27 4715
552 21034
17 5157
867 6467
746 3797
533 2346
324 8186
348 12353
161 8743
542 4259
619 3377
335 1464
870 2023
740 8792
126 439
599 2206
133 11511
402 770
829 13738
619 9008
169 3817
760 1620
443 7126
720 8217
870 2484
133 7594
27 16143
749 9397
136 19425
17 15505
542 4667
136 3496
740 3730
17 9958
672 143
182 1362
143 4464
829 5547
921 466
17 16033
324 3891
672 6358
552 19990
792 1062
874 2901
619 5249
447 5656
829 4182
195 4498
136 22779
870 2523
870 3470
81 3186
751 3660
533 4864
498 5683
498 1672
107 4155
533 7756
788 1388
169 13001
17 874
133 5843
38 1507
447 9913
136 18281
672 15743
874 1341
169 6007
511 5340
27 8398
870 2755
422 2176
335 8603
784 5477
552 16954
195 4126
27 17642
912 9537
619 7340
912 9494
561 2772
188 1952
423 4998
79 3429
320 3297
746 6802
38 694
188 2258
672 5896
533 10267
27 13361
348 80
867 13503
619 8074
320 3908
195 2966
69 2748
335 10710
552 20482
867 2980
632 1025
698 6028
107 3624
829 7846
423 5407
867 11632
452 4810
552 10376
599 3897
619 3655
169 11057
