9108
13764
37501
90427
34592
95949
62468
93638
4353
52695
57646
49284
77288
30392
52144
13602
48884
27282
46649
98218
44793
97146
27036
91767
87392
22205
70898
52687
87448
29000
57329
26241
33994
44945
65026
15043
58225
66887
56113
22073
19102
8044
97973
35850
4648
13734
81500
13645
98622
18349
85024
57419
38370
72327
90919
58641
84492
72392
92353
65958
61582
57975
81216
12137
82694
71502
63316
77225
85551
10668
31753
99365
53016
78223
8960
66592
31204
97861
1871
64339
97196
86764
53956
88674
26120
86494
98242
28034
44672
78873
77380
95775
22059
99364
65170
58927
66099
93834
70609
95488
25879
42923
54225
76590
983
47961
390
88805
38713
78689
89421
41081
12370
6000
93442
7773
95371
44830
41864
22240
41541
25393
94417
8700
11860
86924
87013
84962
74831
34719
46036
19327
60500
80173
69107
89848
59717
49727
27675
91592
51913
34524
15392
95373
96070
88823
89128
998
70277
20452
64906
29800
76113
8326
66861
32692
10852
32881
15899
42693
70030
43136
85772
99002
28418
44552
65302
27618
89066
42283
72779
38922
96612
98069
28131
91787
77701
36305
9667
14270
51172
83610
2524
57718
91739
59529
88473
92953
86323
66035
816
43774
73562
12062
28561
87439
84741
81885
65360
88645
92937
22773
29858
67796
98085
28344
94797
45044
84866
60747
14272
82503
94808
18246
38546
44221
88237
27445
95500
77245
84693
52758
5213
87001
23725
28052
91606
77912
6855
66506
44796
71666
35175
35150
14448
46603
41953
99082
29505
69519
84506
10056
82239
67569
93366
47517
55523
24814
30988
69816
17080
42155
44595
54964
51896
68742
21482
1070
6262
74506
73432
10748
1048
80398
51295
95642
49339
7414
62719
3905
55137
15630
37049
99748
58617
32064
52755
65038
51868
59692
38970
76186
83994
83003
48890
73163
69316
1824
89135
80057
31820
45953
5038
52889
80022
92575
75334
76953
11308
30696
3710
72724
70016
54743
23247
18571
7462
6949
24538
4051
43965
60855
7310
92392
27271
49811
56605
62189
86299
95130
1103
72229
12872
33603
84447
55973
61033
57797
8034
76321
29827
43513
31986
76390
78064
9507
194
68589
74062
49222
6651
22358
16036
33702
63690
97143
60344
96611
59850
61096
39106
53616
63552
78055
19523
20603
55352
13933
3570
27561
62430
42723
90936
19467
51729
16395
49226
71864
4449
45666
33977
27052
33392
43545
82814
69395
10493
74974
59616
63914
80259
66594
6594
5354
84070
35661
49879
17749
16611
63700
62066
98981
67395
88455
75959
57777
14740
39884
12997
60793
42232
25710
70926
52893
29550
9715
79953
60511
3365
44526
96815
65231
25002
70260
31018
36220
31776
41449
1790
63832
465
26677
24874
40638
74720
84878
26061
8190
41479
8504
28764
93626
72152
42069
72562
5064
23001
31015
70294
98658
44772
32856
81266
3249
7924
94889
42099
49220
7527
44033
35473
26580
2875
33572
60760
5878
23113
30163
48530
31737
58207
87655
26193
83280
12194
86609
25073
15437
35229
80529
99463
52356
26886
94661
45344
89110
40889
79647
70607
20040
84665
11426
4104
2360
58755
84584
81155
37031
44962
53271
8748
90085
97675
65029
61571
7041
10613
83886
33469
58651
84569
50824
58930
67005
70937
14979
13508
94427
83080
45966
13421
29142
52211
91576
36724
90918
18964
35651
37590
17855
99342
81184
70744
79496
80616
13465
6424
52667
90041
55815
68427
87626
96442
54245
62928
3129
95924
5146
54548
5377
78828
13996
47985
31960
15354
4112
47947
99243
45251
26255
19453
89937
79280
56792
37228
29348
43658
52725
35103
11525
57697
78042
53396
9027
32873
47212
90834
57093
80540
82335
7539
10042
39616
47842
22842
90552
33663
38892
56812
91892
68849
51452
86127
12648
79995
29238
50861
39606
76695
11393
85389
96959
186
90892
91533
90572
17921
65675
27503
94385
7589
6321
47109
40098
32734
49120
41011
38309
86655
25767
89875
37405
43169
99028
27941
51428
91282
65787
59233
49607
893
3565
13211
29281
13506
30069
55618
34507
64306
16229
88862
98322
44336
32091
11095
53905
25809
13361
59710
59026
70852
73890
23171
3949
10312
30674
65847
61824
22136
7865
54283
93718
51696
86682
63784
35847
76544
83047
84707
46241
57188
95327
49383
56846
84081
75637
79469
37244
84375
485
21998
8192
66264
30840
52636
47037
27304
14059
31071
63958
35605
51040
55820
36402
92959
41231
4992
86737
91871
50910
56066
44829
3120
52952
26503
65505
74148
76622
11809
81834
45172
58664
10316
81637
61088
65079
60177
35745
53210
89041
43345
87567
69063
54464
21882
92769
68042
30779
59565
63544
21842
86897
57652
36992
64481
64444
95578
73659
73609
62586
35831
95131
53118
98762
7568
21473
86981
17197
14156
3952
23646
96308
90241
94742
79772
21881
11611
24710
2371
68856
85348
98503
74579
66087
67016
94114
16589
44100
37315
38817
40859
95165
70978
75633
13988
29307
50682
3909
9471
6491
98932
25258
65292
58660
23557
78784
46324
54439
19246
60735
54693
62373
11604
3322
80045
99187
27194
89072
18105
74598
20461
55827
10576
89686
90621
10188
87545
20417
42721
50451
96898
58518
79759
34986
37454
94227
45556
47607
29941
9774
37203
51805
1726
25821
68155
39180
69169
46430
10063
27007
70218
16206
49027
58421
68419
98630
55899
27543
72433
27481
81405
70908
38223
16806
59067
4487
61247
27615
86079
35974
5598
24344
67538
65458
55060
2017
88001
39447
39435
26616
4578
44525
17767
44309
70602
28196
7922
40930
84443
41491
90009
47114
83747
56467
19510
50158
73537
58616
77630
37734
47374
32041
82261
7591
76458
28359
94772
39178
12569
64284
32364
37846
28605
90431
46412
84208
66650
79273
88566
29506
22805
40453
25896
91500
12602
72971
7129
32222
47446
89337
31136
6415
26691
64693
85686
61659
69654
81611
46547
98968
29189
73992
64129
12174
73161
20675
10538
46868
71073
36744
9878
589
34460
7476
72610
91625
70789
26463
54605
13479
58605
55775
34755
65998
7068
54237
58296
86992
30094
78067
75564
30031
63988
60892
99356
86676
40726
8076
21122
98255
77583
26389
39373
83567
38419
71059
96217
97833
74725
79524
37313
72649
49118
66766
7468
81115
85754
40168
46333
12183
6854
26914
20335
65240
94544
14043
4607
97497
39588
84686
59908
70038
71610
49789
39708
12266
48940
22023
42828
53304
1129
39328
50058
94096
37306
29335
6075
96282
47505
97137
9529
5492
73081
96530
55839
39424
81534
67647
1608
53563
3245
89413
75596
34842
25521
63517
1054
94010
16916
70239
10524
50325
2980
11401
13481
79591
8458
86082
75675
64279
85380
83754
1387
70663
73180
64556
4414
74233
62479
83676
77348
36850
88467
53193
24201
35911
53786
52736
15100
60713
12189
52125
38297
49137
5861
62300
44148
18035
93751
21057
11239
82460
82311
88570
13772
37012
18877
94251
77401
43555
44770
88039
74310
25705
74043
61440
11792
69141
99902
60818
95619
94391
31169
53205
39258
21389
57904
4995
98146
70720
63294
80214
16938
19743
33991
25740
5436
3847
39954
46200
93918
87605
38664
60214
37053
34813
93736
19143
434
48147
43505
14607
93520
48349
11681
56695
43919
74428
34776
30828
2656
21194
10714
10334
35477
77161
47306
33695
20406
9387
21648
97998
46232
74318
13209
37906
11803
14588
30465
43293
78292
87873
71316
27143
730
97029
29920
8073
21773
57544
93665
80590
99795
52620
4341
22186
41112
20208
4247
14379
64601
8119
56806
34185
83350
39038
85661
60702
83011
94180
13765
90065
49451
73823
95522
31706
7470
71745
3783
33990
1610
74421
31857
57941
77782
42697
31995
78104
82228
90229
92965
43634
69989
957
22405
81160
10746
16090
51520
32933
3898
41489
83670
61620
33066
75602
19384
26851
66155
33040
1142
9245
4971
85356
90394
95808
64955
41226
20457
27693
58515
68397
33952
40205
17251
21991
29502
97516
48956
64532
31020
9252
64145
58978
58560
25215
74948
45865
23130
65129
72802
95087
69050
97061
85240
3903
87628
49937
63223
66561
82819
43962
39917
44965
39474
91004
32428
13965
39221
23352
70491
76670
35019
78902
40762
98711
9925
82808
83512
57701
77579
57215
60197
74305
55709
58615
95086
36498
33497
1779
56848
88445
28101
77871
66459
99441
78162
90118
59618
35266
7534
71664
8542
19877
39450
60805
5246
54976
51704
40022
36321
65354
83908
42374
66983
22347
39073
67391
66610
72079
19975
75135
47828
68448
57985
21305
31382
2448
32683
8517
36610
31692
2650
39157
75826
95106
50604
79513
8545
91349
66956
47751
47764
17026
58932
85889
57754
642
29960
9980
82517
48646
94726
75106
43931
20250
12391
26892
5403
79921
4877
72536
30218
21463
39454
5468
68337
6278
76405
8166
99631
45526
20516
26329
11974
39002
50706
8979
17840
18310
12456
28683
72966
49928
51470
43070
67345
5451
94364
12311
45477
38075
5710
86039
87364
77921
67767
330
63392
41347
82205
52729
81662
85631
99565
5691
59428
7561
99858
58250
66063
98159
35998
86186
34443
81327
34425
60425
48688
5391
3761
43355
40198
92984
7640
32
74268
22010
42195
96186
63266
59451
24880
71916
94330
78453
98724
85461
66443
89576
91530
7945
70059
89626
29371
60933
65230
24572
69891
25658
14789
40946
28357
43737
38016
8552
12240
99128
54956
66901
96006
30113
41681
24061
58324
81383
67726
81898
51571
67385
34170
63667
89560
33041
85493
32616
9746
61035
70057
25441
20132
91765
66725
61184
12823
56421
10957
96845
75973
28311
89911
53635
56722
1758
41589
71788
57021
40780
46401
50642
58523
16027
48952
57032
2218
65120
11626
91419
70092
66485
29958
44264
94328
87351
11132
79925
22780
92600
21112
17484
79468
93943
69617
61058
19493
93348
35294
22991
91679
89715
60017
9950
22411
36097
1188
47905
26064
6455
88925
75931
31575
41198
46371
98847
2329
38739
60697
98945
81819
77018
88289
91740
4309
6040
59929
53866
75009
41743
14266
63475
8450
53288
33531
13170
36526
67183
48578
6476
75436
1968
94168
72811
78337
50680
57814
20626
98116
40852
52513
27193
38200
93236
31878
92068
28018
80340
20922
19160
37191
48109
99739
17258
31031
90019
7507
83757
44120
49877
82262
72310
13888
83113
46554
39888
82464
58058
11400
67170
45471
82938
1923
78085
72713
8317
64379
29149
69692
29727
30449
80149
38843
74507
53853
36576
86030
57237
1754
47108
12717
79718
59349
90361
99809
7166
17166
47084
81573
98589
26679
38137
74010
57006
88536
31605
48999
11995
97722
83105
52958
27496
33525
25295
76658
40165
60421
2627
45668
9439
49926
37165
77004
26917
32740
68924
94898
3753
62159
2096
47565
49235
37822
52870
65266
12113
30513
92827
93071
7857
98668
51948
83354
21915
19011
74983
41253
76428
58272
63346
61291
56387
32939
29244
57041
24400
14788
2849
80388
83979
13123
73175
68216
35430
56951
47296
77239
75051
33512
48372
69626
12620
78228
46972
40913
63563
24885
34093
66075
17627
62037
98411
57847
59987
98891
90224
20509
91471
14105
30726
64418
69308
13284
95265
96340
86576
90838
69818
71144
34168
71027
39725
33299
4455
53891
27349
5546
13355
79401
79743
11667
52554
69128
75917
61213
74031
93714
5711
90334
52067
22810
94617
22547
25199
79075
30978
68156
28854
61369
1221
17498
22401
31707
59843
60222
88125
34730
59630
1464
86988
81371
63321
2837
50589
51479
38036
51177
49904
45259
13875
98517
48819
24561
54008
12635
89647
32000
50208
52186
73968
32883
90495
29047
78040
71736
97756
96579
20747
20476
35517
11902
38264
57791
21475
99569
49494
12250
89702
37692
54068
92446
17610
87063
30213
26372
80669
4459
70237
80204
27862
74901
44343
38337
70668
81198
2343
76126
17879
58920
18116
75769
33005
79791
59733
7397
18993
18041
67402
19784
98581
68641
49561
2182
31873
7915
2099
39156
86532
1263
86327
89297
31944
75116
28998
7454
25323
27752
52104
9787
12150
83338
89869
99205
59666
26416
55499
31664
96890
14915
13618
36978
31366
33264
59213
30437
82409
33165
48408
29812
94833
47135
60535
4064
80593
47530
43799
42349
60846
87508
83539
98165
95132
97828
57729
59688
89545
29605
43510
90816
56321
26089
11354
64374
34097
66943
90130
64542
16327
53209
91101
63303
98375
44728
86517
65284
73848
71579
4229
63841
92708
98196
54365
86091
21388
38648
76324
47087
75971
57282
98401
21902
19958
16945
52226
6164
6317
62605
1555
4582
65251
99380
30657
44661
87890
2086
98525
93119
95532
2750
79516
79708
68060
68128
36588
10986
9017
42245
48057
80117
38353
546
42626
34268
87984
77122
8012
95679
38134
90702
43117
54933
52234
54603
42175
99831
56602
1921
47881
91169
72322
92599
48395
59158
20108
14288
9921
24541
9963
98371
99089
7661
33771
66023
25373
65732
37595
42678
58260
32170
50945
88865
64190
63615
92502
27491
4066
34299
32124
47436
45770
38469
77050
145
35832
7259
10108
56226
26270
19653
19933
21047
61004
61976
67208
50085
89880
69192
16907
774
91021
65094
47591
8688
40870
20637
67477
24832
43689
34915
23717
25463
39848
96818
7577
53332
88621
69133
41216
89978
60955
91367
62463
26570
74674
42139
64034
60614
8200
92147
25885
21831
59059
2295
2442
22226
98662
25834
77887
95466
52507
22089
95141
80730
63430
10417
41131
85572
57662
24903
28104
71013
82119
60794
43560
50213
42760
24591
63789
97927
33438
79722
12009
82891
79634
27328
73134
43030
55104
59882
22368
30804
93496
81899
42296
17095
36823
71086
24033
50015
60592
63283
25293
11493
62473
63152
13308
35128
89234
36014
44078
23191
52970
7366
35568
56150
64194
75017
84765
8184
24360
42356
84264
82355
73941
92832
47625
65898
47796
61518
38839
42859
81466
41182
3029
34841
74950
69579
90517
9699
13337
26460
18538
78898
8538
11436
51002
64626
26807
66661
28746
31704
78586
60125
25670
35830
58740
37567
70531
61770
42169
38438
9299
56674
78234
67838
88652
99286
79292
19789
12505
90796
34539
27383
63338
79947
66763
47755
83414
87237
68055
53531
41957
89986
91072
21930
85812
85635
59160
46706
89649
15595
35953
43955
92396
8329
89517
21513
6559
93800
49211
46495
33947
1383
64743
24547
39537
34763
93472
70835
67893
45004
85979
12085
15750
66615
19848
40507
46248
77679
40451
5262
8383
63252
18702
89307
54881
52380
47829
18401
74117
69625
94304
4419
1483
62811
16943
13162
30341
81748
88099
53596
46147
10828
23004
69219
73617
34595
49180
58580
25811
61231
25405
92948
27934
45012
77838
51283
46119
85954
4368
68040
34630
90525
11674
98349
32872
46618
52628
53042
33078
15876
36718
52943
85491
72076
77034
32860
33580
19748
65381
50498
78071
48009
49123
24627
67719
51768
60720
25248
49603
14074
28419
22790
60296
64345
62598
56280
66241
85339
70769
90273
28589
44196
54808
92612
90842
1722
26625
32907
10681
61562
27277
35628
55446
15582
28336
79965
54953
72902
68945
23643
57765
33918
49988
92261
58114
37658
14423
78608
62080
28691
37054
42611
25357
51089
12905
92329
39915
9705
28494
34762
22462
64665
45227
40046
97475
92731
26780
85698
3910
30951
71423
83099
27015
72135
56239
45207
27552
86842
79187
73203
39966
62511
84617
39953
64262
37470
68388
3879
20259
86547
49648
82275
59459
86827
3477
99954
20937
81535
45446
21770
70579
31797
95048
23170
71392
54697
69688
81177
14264
33001
72670
46862
55728
55590
48195
93947
96333
33183
39636
39100
83679
66029
16093
81388
6605
14296
31746
1368
69018
85905
36490
93901
40006
50118
91617
87978
45936
3894
77455
66304
20718
8023
79018
59413
91288
32659
34187
87267
76728
3856
88941
19825
34177
79618
35034
44150
79243
31077
95558
42990
172
63505
77001
50401
97792
85149
3752
19680
42618
3708
99392
98150
29798
19309
67940
87721
86706
60029
11655
82928
9966
76644
25548
96765
73736
59362
26235
56561
15772
59280
64475
51248
37801
98122
75508
66324
15347
43397
8333
73694
92750
50710
77491
64865
92289
79829
2532
80774
93516
88994
48759
72912
17404
59958
71432
66078
78909
15176
29915
91483
88819
90399
93798
43650
63172
80356
76471
80397
2052
637
54041
23268
61269
2812
58931
83682
56736
71360
42666
79833
74355
92798
60526
29124
31620
12130
60189
79444
55920
80831
16858
60545
44565
4016
15812
78054
12042
87306
88485
40894
39558
97862
65519
95732
12854
81668
27830
78268
40422
42239
73444
23075
14592
7741
98741
6242
33901
59972
10430
58972
72798
82711
25941
11399
32715
39524
54911
14187
10096
25552
2413
37373
37876
10313
1438
80369
81867
77168
38437
11824
22809
34154
47636
95258
38480
83606
28594
85650
99943
37773
65372
62490
11147
46336
39408
8773
43214
13558
37401
21594
48429
35868
56500
56017
65157
41072
49942
49617
62108
49133
76039
56824
89695
84012
75152
47560
45072
76910
73344
14315
43668
7892
76759
21879
45304
50887
43163
6555
27534
82045
75096
87346
16689
80854
66276
42229
26706
41091
15824
660
61085
20992
11490
33784
93041
62365
4798
53930
55428
45109
79013
95218
77371
67686
43153
82310
18512
13876
29027
66152
94757
46698
52439
21556
49967
35813
34957
58990
87582
52062
69655
52394
32372
33747
80428
51266
6905
85173
57451
9390
3456
51609
66748
13846
96617
77000
184
61754
64835
46773
50247
65664
34622
86383
10203
92812
98784
76885
35343
16704
43275
20262
13853
96924
88714
96428
337
38129
27692
11802
80998
22292
11538
4558
1429
30446
49121
57901
64442
1293
62084
84491
67704
29327
96386
33681
70077
33575
86252
84683
77680
90348
94405
2168
3254
28174
34341
36902
57292
56218
69521
17169
382
223
37254
95444
74470
14796
90712
43649
11076
41240
6720
3193
40953
24973
24112
89949
51360
38667
68542
66757
76705
27576
23424
84174
91431
8712
12571
97918
51637
31512
8843
3022
87888
15237
71481
71607
87650
40
15560
67805
77242
34388
17199
54863
63802
46118
19826
58776
24361
16775
19020
18735
91909
18659
17179
67400
28201
15742
27833
84485
72194
54989
20856
99157
32646
69324
92466
89794
30244
87632
86198
38408
61366
31317
19276
6144
88628
2772
34470
21864
33933
18192
44899
17127
38998
21301
28476
3449
9806
18987
5797
72927
1125
4839
68275
34393
11254
75089
31250
26247
87795
26557
31093
13943
50301
84018
41806
7388
97187
88871
66270
99216
12074
51325
77240
27668
98827
6329
21629
75471
72716
24602
42944
5166
62311
98561
71393
28860
57950
44229
76470
36176
26136
97526
23995
80876
39547
9216
21480
94611
2024
64168
64680
47702
3261
58848
40534
56008
594
8589
27814
45456
58557
32029
54594
64683
75038
43531
26135
50968
55055
29596
25045
96160
52381
51695
15592
64976
17572
72590
18244
61221
1113
61180
73212
90736
30632
73637
84532
21137
48725
3175
51421
52703
98950
79281
52691
63500
86685
18848
10703
26301
1765
12542
45158
84735
51635
55321
65024
6758
25406
62592
46405
20883
7486
72951
62064
75612
92339
95552
904
75804
46202
15256
29115
46641
47761
15394
84422
14080
90716
46473
55
38589
27928
1261
99562
78619
65540
91733
94215
18543
33484
18201
75138
85811
87838
33934
4949
91094
85871
95834
99183
63261
92059
37006
61119
48628
92190
42494
10894
19054
35120
94635
36351
4018
61909
31534
37912
14582
48249
29315
38598
19903
10797
24434
66410
58536
57936
67401
95893
17923
98502
95714
19187
30209
1559
65721
41599
6675
61360
26966
42846
51184
47775
31492
66585
68286
98265
46064
45066
90163
16819
49014
57993
79308
92102
31654
89959
68813
15787
21043
26970
28016
72117
46600
18890
88812
42009
88728
31880
87187
35143
71456
45789
71417
18588
95362
49083
91746
94516
14802
16625
55067
21894
8013
4039
63366
26090
68019
13588
31750
70938
57773
57834
13497
66519
92015
52139
1606
62616
44524
71240
98134
69723
23955
56970
38227
48883
8346
9314
8946
94856
99296
50480
59179
64867
30003
22951
35763
34546
26751
24555
58289
32044
65530
7809
17213
81027
94603
43018
13185
28300
89199
38330
59219
30532
82198
87733
78282
79776
32255
64676
16659
12663
82630
39933
5177
93139
32471
48724
54236
33809
33149
34000
44930
96540
93963
50188
33395
44278
36343
34022
47835
67233
24544
53919
98246
38794
11858
99721
60939
30795
25345
40814
9913
61677
44479
97499
86442
21337
26813
32444
92154
8754
49972
53115
67917
70514
61554
68594
80384
98066
3292
46148
27923
9573
66775
21715
91138
22112
80338
6095
37508
55545
92043
34805
34045
10405
33970
68068
85996
45690
32539
73370
34572
57700
84876
64240
50174
24907
73045
70976
62228
13886
51471
21824
97305
54701
71653
61355
80381
27429
16897
83396
43370
25614
54838
99195
29278
30851
94712
3861
67764
17780
53917
87814
32053
6859
54660
34530
424
28649
77571
31353
10675
74317
69918
13935
39392
37603
71892
10649
55322
87688
27387
41637
46213
86656
97079
63622
68395
92308
11638
41643
53480
3230
58652
67271
86153
18621
87595
27032
40683
34
92644
94212
93903
10515
99550
2678
23285
25021
99578
53756
8976
12449
30509
12470
6565
97442
43114
19057
88348
37897
78592
36737
6195
60604
63495
33227
54448
10654
35372
76749
31373
19000
51257
7165
94627
13658
91822
16895
21312
43713
78376
11443
46448
17371
48793
64175
76469
16204
94656
61803
93879
18237
34219
68598
43468
82571
45317
90591
75380
97683
98025
83423
19765
29877
35135
45347
24666
89887
64392
36742
22654
60402
47152
48668
62444
91651
3613
25832
88988
30154
23668
14977
53401
85832
87126
68796
82864
22696
14983
96375
80751
61178
93168
16624
10355
533
54178
90411
43470
75315
38750
7810
72556
31727
60800
85559
87778
74732
48380
43129
1467
46235
42443
67682
36391
1843
42999
50462
82645
56299
42713
81932
94378
14145
67902
32645
20986
27404
26897
96843
808
7653
83362
56912
33236
96312
3895
71932
29895
99871
41582
57239
37371
94270
94269
41857
52906
99691
39216
19775
89616
27797
6049
44564
73780
61595
3250
40029
14536
62651
40895
84959
67558
87883
72009
13323
52342
36414
25194
50947
66918
45371
7360
61074
87443
77631
32590
45130
56272
41736
50385
91294
79422
59702
3350
30360
49069
17365
47334
87161
43366
6487
98617
49503
97394
55808
95772
57473
31787
72988
16514
88593
74015
43508
31226
88119
12733
60212
7070
87611
65531
60908
54086
8155
29544
88049
67529
9776
74339
9310
94799
66186
89404
43854
8275
15996
29330
96177
47851
22598
68825
75310
66268
20123
10409
35698
35950
24490
31193
91195
37344
10958
90674
35108
63679
98263
60343
98969
35541
49881
8732
43017
9444
24574
71049
24068
71775
77792
37365
94152
45997
75101
23951
62134
25858
11825
26302
66385
21990
19075
39418
49107
38979
87700
75223
7693
42782
63440
92412
52272
10713
52976
5978
33246
14221
62341
85040
89168
5488
54766
59852
34537
77685
44608
59668
94664
26261
35437
50919
17373
24045
75808
90034
70783
73990
59920
67330
46267
10197
75000
22417
35949
87667
57480
22338
21462
18562
26905
93145
73091
15060
51424
35913
36155
49815
82779
75813
91704
9298
95112
23991
25789
81227
95769
88643
67518
6178
17266
92770
85344
28972
87313
32261
97897
31260
57617
86904
30021
23176
60829
15881
78339
3006
44153
36955
3671
34904
37241
12781
15433
44950
58173
92347
76945
66007
37745
25859
5776
6142
52470
65516
16256
25198
13034
97261
45224
6724
18528
74394
15606
48815
33744
34615
53650
19675
27251
50678
9229
2899
43331
32473
54375
50570
69940
25356
12387
99360
21694
53843
7403
79242
63506
52333
67534
17856
3087
57556
42228
75537
80196
65560
50506
59532
96814
83919
3973
33182
7643
21958
78249
71044
65386
76462
3873
85238
52678
75712
92414
72151
57552
95463
578
6904
21009
46774
5320
76764
45685
37713
68690
40496
48309
47711
32930
2305
47749
10129
72015
36293
92195
45041
33217
54255
64506
22680
45756
76828
61495
63450
11660
35958
83385
6273
48499
25939
58819
21680
59924
60103
1400
31935
21669
17742
73006
77043
38053
82468
32844
37478
10677
31686
93380
94350
46142
65275
51944
29744
74343
84720
29567
55047
31503
31141
70022
99592
76873
52670
19954
42995
75094
41032
19596
49987
76032
40032
76016
54986
31433
58384
45559
64075
81556
28969
59476
85214
23663
39518
24970
27724
60701
81660
25974
41822
14211
4264
14663
57872
15507
7583
85367
18392
74464
3384
23237
35326
54455
7586
30093
11970
59416
43207
74276
77272
49931
9403
63145
95541
75417
33558
38763
57327
8550
62975
32039
43928
57868
85890
95908
63643
50099
91685
48559
95224
87266
94375
66880
52891
37793
5851
33303
6327
30841
15206
11218
12446
84237
91748
75100
81866
44845
8547
4735
28349
96411
84095
79051
7708
43779
50956
23183
75261
48100
41620
13260
7659
2318
45564
53453
99635
60617
36963
48492
45094
37941
89902
182
99067
95705
75647
58596
13741
23117
2254
51776
99383
49698
84246
38377
32637
49688
85276
56128
68863
52953
91759
56440
36202
78241
71789
67091
47231
42690
81400
39654
25068
52702
85310
48027
44177
32655
90441
15409
260
17451
10705
43787
35777
92138
44934
93628
81424
70115
92036
33773
17417
64948
71652
19781
92848
86909
48985
84694
21701
37512
68833
84005
73766
93502
9872
50665
69422
57745
33326
19935
74530
19091
66699
85912
24018
96066
6518
97533
1348
36849
97891
24870
43782
36221
75853
76340
63981
45252
57727
88397
63948
71383
36053
67892
39404
66767
16376
63342
63781
57133
17739
44228
12639
75546
9164
83303
34756
94487
12259
45194
28028
18208
67174
29383
19415
47747
17914
10080
52978
37122
52080
62678
79156
97005
92788
68867
30191
98135
31871
62345
77388
63754
2606
67104
28700
62998
6116
5682
37763
9399
53389
19895
24964
62579
17519
77961
43410
78060
38891
29682
16992
74984
85410
69700
15485
29787
82656
23975
67636
78300
3617
10309
53014
39138
3692
9383
40278
25332
40314
24951
85599
25593
62380
16593
62382
7389
59547
58712
47760
32128
60099
43677
6654
90346
89969
72341
95953
253
27016
51098
94876
94111
58645
36741
20232
66346
41200
62608
46938
90884
65667
79584
96666
23699
24228
99071
92810
30590
14276
6470
66450
99181
3004
21290
69027
46905
53669
89179
85507
80361
64062
43148
83491
73259
48669
74902
1362
23518
79836
69575
77563
37816
80908
43184
93724
24915
52721
18773
99013
97134
31714
28547
85084
6617
31316
93055
10452
98937
65179
88877
4952
47052
99456
289
31963
48513
26712
24657
15108
75142
64538
18187
44710
93559
54684
98467
92873
71913
56618
32094
596
21876
81724
81802
26781
35006
53212
10010
81526
4259
84291
45139
70842
76539
29989
37891
27115
47355
58076
21572
62112
43283
80709
60569
16356
58193
8002
26608
19779
70046
22360
98045
11270
67559
61584
81570
90385
83063
52579
25677
10522
10342
88903
48095
33238
39831
38499
64100
31805
12035
40109
99280
10178
14630
12454
69343
13901
63247
80705
13106
93262
10656
73700
89300
63078
91274
40462
29607
88205
56525
3244
77601
547
13611
71965
62353
90630
25187
48977
99007
17438
71943
86259
28440
87337
85534
97385
6761
90791
76421
72129
90533
80097
98557
54869
75421
64488
27073
16845
7738
92976
24976
37939
21334
33878
65923
51405
77140
14404
78964
83059
97070
24879
13315
83009
61714
55729
19717
32896
63833
67750
18133
84829
650
17547
68281
81993
81506
45368
9675
27071
19971
88301
1289
17202
92688
39034
97255
44487
20437
43866
8972
34463
7373
61638
87932
35539
85657
10116
39371
80773
65487
14678
78329
11727
31609
2613
19293
50561
34279
96571
74514
61753
77185
52951
96408
19697
35004
9227
63412
55895
13770
2847
10562
79697
34532
88609
85923
66312
61064
87686
39306
62004
19280
33667
91364
9712
84402
25563
25770
42918
13227
73797
45365
49481
34990
83549
64078
93837
84429
46990
50280
62048
77721
14267
56535
38157
11934
79497
12455
13272
61103
22863
13781
6335
14874
32086
99951
27391
35805
7347
10940
63103
28120
43469
62374
46239
36483
37485
89159
18141
14097
15984
23913
56791
88354
33362
63658
33456
43307
46799
53463
16857
32528
45915
35668
2082
72793
18984
23928
77866
73738
14766
72602
26211
56244
66755
81876
73377
82983
24241
16717
29034
95319
24873
45244
15779
47236
35612
3791
70722
22449
13543
69644
19089
77901
27450
95633
69677
61695
49154
95458
54207
7054
3830
45994
8861
2521
67941
31710
18540
57
54000
94923
64774
26491
237
45152
41339
42699
5409
63048
82586
52657
57428
31266
282
70684
37258
86776
51441
35508
3179
71933
66302
85755
48840
96332
4645
10233
45678
13970
61855
75043
47
99425
34133
27777
2083
77370
62301
77724
71196
12743
38532
51665
72891
10702
15327
54674
30615
83366
96947
17045
24883
77640
693
88464
17687
23885
94298
61245
67753
24124
21017
64585
66787
40871
15533
36766
78316
8561
98869
62290
73948
22261
99509
80864
36904
64577
88183
51568
39577
21558
42829
61438
27548
36703
6828
65089
86123
87058
27451
7925
75355
62897
86670
33415
83778
33598
90038
70807
6753
75010
77500
45121
74266
90570
59907
18522
9708
73128
89781
89011
71758
64420
4935
32727
50380
10128
75797
95873
88411
1976
9704
97013
81396
9928
8835
55358
34424
24238
53855
69513
51541
78844
79876
29967
97793
16685
68351
92368
63148
97388
10308
87198
42112
13925
93890
78744
70323
29363
16864
14169
31859
24439
42334
25270
60205
42535
41514
50057
34030
40987
52885
43916
69764
53960
28039
44916
32541
25951
93360
22700
83224
42737
93289
83806
68954
72611
11001
74733
72975
65322
18849
43943
40485
12186
94247
77196
43622
64887
5582
79736
29056
15427
19977
89255
50432
82651
98753
75403
91808
46264
84911
47195
57319
35045
78258
54054
58461
77576
55298
30152
25999
69216
97260
1476
54465
97823
5626
63902
6081
83570
74791
8749
41628
33633
89443
11470
65614
95831
85391
78445
43095
64136
28347
49022
18117
70650
25636
37400
22395
93450
32966
97076
53143
66779
83158
34689
26586
29848
16495
9111
28652
19072
74274
99667
71324
36269
76527
40187
89680
68284
23906
95859
4705
83706
7119
71203
38845
70927
51536
55338
19409
99131
8188
89427
21464
27028
77107
47344
91698
94489
89920
14531
84306
55794
99526
81455
65843
88028
12466
71495
99092
45713
21286
72672
18511
71381
30401
86282
6751
73108
77454
99301
83187
24026
90826
48175
50761
81610
4616
66971
20272
69264
90442
31602
19677
68513
72287
17997
36591
24204
37844
18945
87272
3273
935
9723
54540
35917
49398
8221
72336
63370
215
71950
22883
66852
67603
48982
22891
96372
30577
10893
93315
47925
66876
52842
76550
50964
6042
42276
84846
67080
38571
40225
5505
61086
9550
52576
25580
10481
53644
89457
97647
13450
45232
70941
41097
53216
71619
86550
47154
24533
24255
78023
82466
74416
33893
74926
96294
54652
18679
5329
43815
31815
5336
23068
28987
58540
526
62538
50740
56657
99460
84037
3866
46741
8276
68715
94139
8071
33298
89403
81480
96871
24936
29489
85918
56365
32997
31426
93158
65424
26953
75875
81809
67151
86993
37361
3070
78869
624
89260
2770
55350
98489
36486
44411
4187
34759
90437
58702
26549
14030
41676
3045
87017
32191
25302
33712
51982
89165
53611
31723
79363
50777
21328
1489
29209
70439
97046
94181
7055
31726
90138
62740
72862
86908
74574
8186
35240
47699
88889
53371
44815
57398
6343
75524
13159
23848
88522
89604
11607
38736
79893
62098
83351
48556
68000
29897
35149
25461
80585
88398
74103
55811
45063
83048
73594
87339
39978
62823
12709
59823
53376
10770
83153
21908
50715
97377
28733
30131
94008
40561
32976
51217
49203
54655
66588
66411
81720
62567
64004
9318
32689
77647
63360
81144
60743
15447
40850
90242
23539
81628
98421
64051
63228
39800
70414
86866
38743
64038
39075
22054
55021
47250
53518
2681
60085
15726
77922
3539
74556
24025
36272
88410
47054
29001
69887
9029
69020
11268
73096
40164
42810
47742
10918
67951
22804
5382
47178
81358
79167
58274
50214
73661
18049
21294
60367
84775
56524
71265
52656
45758
31256
38232
62168
45440
89463
415
59498
99856
11785
64740
77711
49671
98982
90365
73917
58902
35482
59149
42727
49388
934
34016
94625
33520
25898
69097
21826
1101
37526
41260
57046
98033
67168
86211
43289
82998
84874
35912
65212
44766
15963
91372
60703
63629
98455
70745
22853
77357
84202
72081
55610
30164
12215
84472
28459
94072
65645
33644
62082
49831
94648
52890
74360
49589
73993
31830
89241
21616
16079
93459
4177
3701
82810
16974
11333
91891
13878
97527
10803
86681
62330
27471
99366
36177
92711
71447
9661
82418
52474
99270
43475
14058
83326
16843
66806
84265
66344
96731
38010
80366
97510
3530
7517
90710
76814
22119
55257
1107
48609
40840
40950
71702
55332
57337
51425
87404
51398
56033
75682
95819
36489
15904
26400
41160
85488
39732
78210
51049
28233
51864
21037
50657
44175
63102
91160
37446
16631
29219
65892
86867
3121
33412
20549
87112
26623
73169
25436
96636
33854
94515
63051
38756
67872
14706
25848
46979
8010
37428
1884
80792
22966
3790
22638
16280
53185
55175
30977
48360
47753
57051
46712
50541
46157
40925
29301
17456
55410
60300
44123
36906
17748
61021
28791
21867
4299
7255
85815
70776
78285
8522
25061
96626
87389
64813
70393
66969
59998
59756
27372
6239
12852
20907
84230
70510
50538
12853
23236
87139
56392
5970
41531
13532
39479
58271
74631
71488
31887
34196
28960
72930
180
22342
4873
23801
86508
75137
62758
95056
48762
86669
70696
68267
60910
95437
57049
78167
93199
52403
74616
59860
86093
93642
62172
7706
63259
57231
244
24357
17938
76963
47769
47695
89145
19180
30217
66609
79082
60365
37535
9763
78009
11763
75388
30118
91368
97550
7185
86444
8144
41439
49621
78746
98353
10777
28305
95149
82875
20472
8016
78913
54663
10793
39872
25307
50885
80611
43167
81002
67307
98962
14907
27126
52710
6354
63743
95995
93096
80181
99106
43597
45913
65269
75838
19052
41473
89026
20383
56884
65723
44834
20759
64019
50053
18935
71371
13822
88309
75575
87736
48640
65103
76942
45674
53221
13052
87692
63668
19768
33815
56231
8213
83837
69965
92950
57494
62499
43045
28611
91953
20567
44842
51453
92016
52155
41485
96480
90905
36650
40928
95754
18320
58769
27325
78134
74875
16065
44933
8238
66433
28926
85083
31756
32695
83400
62649
73457
32716
10357
94618
21190
8576
97436
69328
83330
7628
46834
85864
57842
50409
58401
77658
75787
17469
26775
79827
13977
76206
45296
94325
87380
30336
31933
49460
60781
53324
87240
77384
63328
92686
57974
78033
66
10977
24468
38044
28438
97850
91371
21791
9536
88194
31078
38306
83838
69164
75904
88551
598
28804
27049
43576
22463
8194
63940
32708
16252
78112
56085
67929
32732
47598
38476
7880
98500
12177
42309
25102
16918
53499
7759
30969
80380
77470
6379
89203
41
58935
72353
39877
78807
77335
21947
65693
63852
94094
63374
95177
20143
78826
29705
74293
28054
98641
8325
1366
16304
7884
46587
62271
59152
59360
54644
39602
87095
84020
26879
70496
69951
87301
80305
52072
17209
86119
53889
38283
66348
16484
98384
18414
33436
32072
95545
50219
89497
73090
7907
42792
63106
90479
67605
56920
83832
71060
48598
51086
9330
35933
41948
52558
25652
61521
67240
50843
85955
11005
61163
75366
22855
7035
65858
56252
66830
29938
43982
25807
39587
94211
20051
86595
22385
34043
11421
17334
4684
93605
6941
91762
66620
13748
54308
28009
55364
2580
72747
94724
33270
42467
38335
66760
45237
23462
38632
69029
68043
6271
60752
22366
58276
32749
84785
98077
60046
61490
97105
7799
28469
39559
30330
38397
47867
36707
82594
42106
62891
40667
5384
5112
86634
32273
63582
70697
95878
37642
46921
79194
92482
27530
36297
98084
8318
35956
31238
31569
4641
38964
75840
23356
18598
95693
79508
30500
41762
85692
14956
37496
73758
8796
64267
73892
89183
40039
1847
44507
82752
99467
3920
22669
23662
17709
48024
63758
9846
25518
86107
69877
18836
77351
36916
27070
34069
22045
74438
24841
76801
74365
49868
66701
77920
39596
19141
10682
62809
77652
36046
68430
70301
34397
18195
27083
85637
21839
20413
26804
99403
76707
45856
60412
52087
89532
88047
42231
4769
49153
58967
82605
63185
39472
76702
28346
37780
25070
10556
84926
96430
26815
99440
90593
61109
13147
18664
63659
27751
61680
94556
6763
26257
97649
61205
9755
7750
32047
25674
42925
84535
83327
49930
2800
7095
5275
93363
11419
74079
94809
17422
15415
70688
50783
85740
98740
83236
12052
5879
79199
21525
85542
70137
91998
36040
87960
28151
43065
5870
87302
42904
20784
19787
16266
63644
9807
42861
39139
60590
46771
97286
85729
68259
89223
28862
69162
9724
46886
21044
14601
99295
14440
53246
22648
83719
20479
91448
40411
63916
79096
68383
1428
96970
45613
79617
49260
2275
60340
69224
51112
2948
14704
54166
85841
48970
76863
34497
28883
71887
51173
15213
18975
40134
8762
86683
64982
81236
71228
6592
12999
746
40734
49150
73109
51566
14504
89141
88505
10390
81476
94966
74414
13816
46669
90787
42545
5352
54021
99589
39020
28867
99274
86829
64516
62533
82133
15291
20346
35361
74910
59694
81100
61706
16488
96341
96187
96849
7144
60199
40215
45241
4646
46000
96060
10969
89386
1793
4269
54539
10739
78506
27688
53626
37625
3814
63442
41962
34161
8283
17191
78313
50837
55451
81845
2765
3217
40694
10215
73495
73301
9445
98882
78790
40406
11449
81001
16688
41096
53791
41645
71085
20187
50192
74401
86212
38122
55261
63015
40018
64959
18980
36167
3330
54992
42597
78549
40560
22344
75001
12862
18130
59884
50215
85298
56963
13370
79080
88930
36829
31023
69559
42864
57691
9223
15131
17951
70483
37671
11510
70240
23749
55115
81799
43038
15907
56246
7163
8427
22479
99531
77282
43381
79714
8393
85338
13769
67171
79412
11478
15002
11151
98959
21350
35420
10733
33668
717
75125
24117
7497
11384
57944
45298
12158
78943
75288
2035
1346
71236
22687
93551
48907
26744
65612
70043
76669
35705
83408
85066
58947
76076
6713
92437
38458
16156
37195
70004
57956
53879
34147
25653
77812
69846
59493
37711
40787
76816
80979
37063
74378
1661
69860
84723
70798
61352
9144
98294
62593
23713
81795
76049
69817
35925
22867
14946
75837
94200
11279
63043
6161
52609
40523
48136
31640
12341
30042
64386
9393
70534
78220
74044
70761
97724
24302
17700
10589
89683
89857
34850
7262
99099
95217
15647
11437
92763
45855
91199
50216
1586
29208
82492
77432
63722
15303
39851
23434
84476
60400
13649
2247
87482
74215
43702
28644
50586
95474
50554
30372
76441
21322
82441
67730
99061
97761
1591
40873
86592
459
46297
76199
72999
86624
6535
58486
35312
89257
10350
28980
57638
44215
18676
9487
50976
91852
22909
99023
78974
52449
99200
51682
29430
26757
93130
82696
26112
18115
10155
81211
68025
75281
66671
7286
18031
87407
35945
79961
67690
63335
23555
1740
28457
92596
33621
32228
14382
37030
90825
38054
33596
63174
13353
76843
40038
63112
5266
70595
51196
97481
13358
22236
61118
99278
81569
57770
91667
32313
57815
63666
62887
84819
44355
26068
23206
78941
84677
27963
32866
45502
11949
49079
25709
6760
72812
59118
78027
22487
38262
18656
37262
93261
18011
36257
44496
28677
14166
21544
6428
54541
60136
16889
49223
95765
88978
51914
87009
36505
18134
54516
66214
58885
67495
1436
80346
18436
58409
87006
92371
59132
2246
7212
51517
88528
94562
79232
41428
88886
54537
45053
82112
21115
5053
25560
47552
95807
50217
81592
64872
26454
24948
56110
45086
71440
28983
3312
46640
99671
92332
84744
35342
39343
70640
9633
850
73349
84991
63292
75843
42457
80759
81254
82030
71797
62962
53685
35562
99761
6220
20334
40990
59266
44211
35292
72691
45163
33829
78917
49689
36406
19813
26344
36129
65951
69807
28941
17699
76757
71529
40761
67829
18589
70677
65870
6992
88173
15541
90830
76461
19636
79595
33597
77705
86901
12779
25954
6747
97468
96374
53436
56532
19242
56143
10488
95768
80912
77266
88283
26624
3862
14114
13455
21732
38534
17341
66708
69235
72239
56541
95990
6743
98638
97027
5434
56772
89489
63742
81399
48543
50439
87031
92448
81980
11846
22953
67699
34263
6999
17423
26931
16446
87987
15572
35664
64430
33271
9580
30899
48127
68897
78833
44587
51927
94867
75426
45847
81314
1477
59045
93515
61823
82107
92499
88025
90216
40090
18954
62594
51664
80673
65073
96397
11473
57750
26701
2530
62759
85472
20805
1924
51066
17661
96821
34357
74060
95523
43419
24057
98386
70103
32397
76557
18374
51709
16941
87695
29804
63932
47790
57433
53809
60273
24613
26451
20905
21284
92684
44138
3886
36557
26316
39666
62861
55240
94779
8372
56716
49738
93529
75185
44350
73075
28321
11976
56783
16404
30536
70651
52567
20918
43448
40166
88616
36038
82570
54740
27920
67999
51359
28667
39964
94925
74094
69153
7172
42695
32736
59327
39493
71449
96351
71221
99799
6389
9498
25590
28536
9110
93644
67837
13138
26140
56382
96074
33113
84953
23844
24123
7091
46969
9241
85203
18660
44705
70962
83857
42716
25247
79952
20173
32737
43072
65446
99015
53060
17802
45519
76797
96819
57672
15054
8397
11885
25388
77277
54920
50466
15403
27375
76519
83095
86657
89065
74721
93574
18265
21302
50011
90429
89217
46164
16828
8042
35297
40226
55327
34651
20715
62262
21719
55490
48845
66575
66085
59629
4563
4585
24549
31318
21823
62337
48710
39703
84963
62767
62578
1920
68804
81106
14113
12610
26171
16788
42876
44025
8102
47972
22496
18191
57709
67861
75851
62760
94379
27965
30731
66525
24415
51264
8279
60215
88040
23986
87797
29585
71175
46943
18854
81150
79830
55592
95069
307
40282
22454
55901
95791
35418
89566
31955
87781
4704
59485
55449
56067
62391
37070
27145
75266
70198
60931
25489
82300
55167
18515
68518
98292
95777
22403
25604
510
12650
6798
43358
11103
72998
7268
34387
4715
13191
66397
23898
18939
72110
70307
58727
49018
80965
66220
18084
89726
13136
17231
30397
29495
46453
60011
71872
435
30673
81930
220
13263
28838
87477
34832
40905
67608
96069
27739
94339
12182
21187
86310
94657
69879
73422
94865
73657
38474
34056
69007
80001
56179
64637
7446
42235
19479
83493
24967
63610
60750
95540
14900
61102
17532
5662
34231
71134
55015
62161
28325
53876
67165
27510
28664
26920
5604
27602
79378
81954
21326
8348
10277
92914
67027
77358
6805
31241
97314
83399
88741
11581
14810
81657
84321
44724
13388
31112
17281
77978
67236
52754
95115
10670
72786
45827
30540
29670
3088
78207
69375
47693
99206
46049
59568
52166
47035
61304
80135
61852
45977
35795
96092
92988
25443
2832
67562
87765
30323
46978
22028
50668
19029
441
16004
14251
61066
96441
92474
43790
8136
6928
58201
55128
34918
70433
80754
18821
78455
60211
35333
18556
56363
76979
11097
12126
67232
75191
10804
4266
75815
29370
86239
54009
9230
76905
62058
32556
97172
19191
12124
60976
10062
11092
20600
611
12549
52793
17351
19961
8358
47668
62718
36175
67275
73394
66942
83336
62753
48781
72102
15062
33656
27792
18546
48163
85931
54561
59724
4390
35498
1363
60194
88935
21794
63811
25589
83810
92207
3424
9187
60234
60154
27560
24520
4912
46842
72568
41019
93087
51559
88838
46404
45600
26750
11760
25905
17034
41230
9422
1869
71761
34096
94478
39360
77756
47510
75658
59712
81032
56086
6549
15302
70144
32778
50062
37259
39321
87004
11782
95457
81360
29277
60020
43295
23305
23657
57526
18261
55197
56576
52252
47665
92455
17902
29095
37770
84929
38426
67718
21373
47177
84162
81305
18104
68402
24213
96138
63624
42317
74959
60607
53571
89043
22829
61541
65779
68140
63019
77744
30063
54246
72960
10266
33237
82757
95034
29108
57768
93074
89746
9970
12413
81624
72996
76261
66401
78569
39820
27196
21853
23168
83294
1588
61646
53027
95817
61381
48694
65119
31514
36007
80744
66284
63886
34656
14419
96777
32439
36491
65630
82411
53241
52919
36596
53704
8336
838
2299
31213
43775
6706
39123
84582
87572
36594
31997
12336
992
91038
32979
22436
81317
73731
45118
34956
44446
70494
83405
71165
15188
30523
17730
27816
98777
58128
55873
99344
32267
10657
63983
83096
13018
17353
31969
76526
43829
10066
39855
10219
5141
14179
44224
44977
96491
81491
13570
67515
15784
91438
37834
77214
56907
40020
91710
46390
64501
90708
82469
14369
87196
51831
31734
52665
31672
62836
84305
81030
57445
51486
41332
86677
7634
84439
34439
11981
68441
83417
67731
52204
72237
70275
19200
38615
78728
80288
63711
46820
59774
83183
71681
25004
6981
7841
94629
959
84993
63481
14473
53303
15789
37832
54356
63176
76514
9360
8248
16859
85512
98940
94460
68895
45871
15103
94652
73580
31500
29436
47253
70624
33110
3090
31051
30487
60278
57339
84107
93280
48651
70495
15958
41527
89717
8593
11651
78463
6681
43720
71267
85315
44594
81364
56135
28362
87039
23440
55972
45431
15785
54444
23982
88585
97938
51316
19798
14065
86385
73164
88050
53614
80778
75881
43777
46757
34304
95713
32405
20721
84444
69594
11361
18356
5830
33095
95905
64064
38049
43516
40387
96413
45314
65917
92621
48239
64176
12921
30123
1797
36298
38165
45433
31691
68366
41711
85469
26936
83931
72267
30324
29665
57434
34031
64322
40207
76719
228
4236
51806
73851
70072
42394
1760
22508
21365
6023
52153
23388
74338
57704
90302
91010
64814
8939
35870
21476
18433
41130
83459
91603
34677
32110
43306
163
11783
66137
8388
73987
36109
94621
96671
84092
61367
82004
38890
42733
78262
17958
49705
11845
17084
15097
9593
39798
36337
66721
92193
29382
37991
43236
55365
88959
14718
81463
97956
23687
98580
57071
83853
23938
4727
12494
70693
35503
50799
76840
53483
29060
1380
5392
98718
57663
70753
4294
10247
61814
48981
77278
16638
5909
51909
94735
32006
81632
14675
84298
65155
30691
24022
44270
72114
69806
54096
13157
12372
6862
64119
53758
5990
11263
85227
86440
26331
3103
53969
55504
61956
15221
15920
65944
86104
81959
59669
17009
9215
19664
20620
12511
63893
90988
50505
77842
31158
53357
91586
82920
52167
39391
96418
38094
40325
40782
22327
24643
28122
62851
73085
29907
51646
14436
34364
45943
20263
73900
34702
85475
13064
70532
82587
67661
80093
73523
69155
12409
5802
84556
10880
70754
6020
30146
11088
26230
34316
28770
29996
75015
5405
37656
25421
25621
5695
69352
620
92181
65127
29374
39313
13216
24032
86481
71171
9544
43826
31571
23450
9328
87288
65316
70403
74562
22821
15767
98574
51235
66339
6207
35285
39413
25571
33935
20469
12927
53260
31008
31312
16904
5483
22897
46526
40664
50274
21704
30271
11130
68790
43005
98564
48063
47104
56284
91761
19100
67895
6795
11937
99100
23019
59775
82023
28697
50071
32225
87258
14710
15166
60063
96649
46193
62630
81095
20757
89383
26132
71107
79246
60883
5798
49352
91820
29733
36927
10001
98704
16389
58340
37294
77650
3922
7629
15554
46916
88619
78382
66950
99293
59731
97186
20192
90756
13482
86619
47631
50669
60814
74595
17993
90665
19199
41036
4954
78958
36059
44519
94458
68181
19893
68088
33914
5111
21101
86458
34409
21996
19278
65548
72382
35879
5584
41889
24399
75379
46606
87516
47431
55181
7122
14967
17800
64757
86928
55004
8756
86279
86712
43096
23537
23790
25280
86377
12827
54114
58249
27154
19579
80158
50913
55096
79945
56341
24118
77311
25970
86166
23271
94446
41440
51595
39369
78047
45549
94402
28436
49076
65701
23822
71408
43375
33757
75385
88553
27512
73005
33879
18118
32031
43910
40320
96185
48426
73397
16820
26943
37615
35980
41006
85713
15559
40468
16308
75302
24783
22107
56927
23739
98933
55401
34623
63496
82277
77403
46092
47173
27977
23574
39909
38990
94883
58976
64258
58657
48757
94358
89275
57164
68299
28047
49486
3385
6696
20694
20060
82922
14813
99812
61739
9952
36306
82237
68950
3104
8453
69601
97957
30394
82778
66254
78761
74458
48468
85245
5152
87587
70330
55716
40673
18885
92030
51330
90970
84460
15168
10822
19411
49304
32662
48670
24635
26065
96955
60025
27986
10094
3324
90569
94917
84641
1639
90406
377
94778
66866
18297
27141
39744
43297
83179
89438
82685
58864
1547
54929
91803
88257
77608
72370
69703
92487
79127
53251
8324
4731
63561
10815
84223
7545
8844
90631
9824
53207
81601
17165
69126
36054
38465
95858
3404
4227
40213
91211
93342
47640
89274
58091
15281
79365
40556
94299
61398
54391
53434
11757
5858
76410
29427
23764
84283
85110
52422
34134
94706
24647
3445
97120
81167
37886
94881
24435
93270
71247
5156
22568
76125
42996
4161
86754
33752
50090
26597
65271
5339
91344
38294
52778
61640
62516
95037
56580
12377
73312
41335
60844
81158
46467
35253
91109
40473
38491
32904
65926
48624
66929
57404
18532
8415
4048
51629
40382
87853
91377
59487
52296
77785
71853
54081
33569
41450
26356
75888
2547
20087
10077
42249
88734
9594
54828
42594
25778
82820
4224
82682
19687
12737
97058
29899
26969
44780
92757
25260
44617
90658
57297
52322
14899
59356
49021
14431
70015
87925
84780
37647
95396
63040
78916
10821
23000
60235
93089
25180
23190
11186
47724
952
20952
79903
61590
41979
4614
18938
1771
72038
82782
51176
46670
82068
28553
24381
61100
98368
38108
26709
84776
77941
38989
30643
83380
77909
19165
38142
81606
59426
98513
1564
82201
74382
52382
13866
79399
64464
23361
79331
79239
6938
91415
4568
39279
43462
23179
47737
45754
45601
99074
64758
82078
78418
1680
38387
77179
83879
37240
36137
20878
7140
70369
25960
67377
11060
82924
63398
86102
55589
92467
56473
31870
81499
29678
68487
78302
82121
51052
41429
21404
1219
16136
30126
11071
42008
13244
65075
11559
31376
54643
2088
47457
52040
49913
8131
7816
4664
76353
40616
70243
4842
22844
45289
62240
19666
43477
78834
90691
7902
50796
67006
55537
65639
32892
2506
90510
36795
51809
51924
82958
97844
63201
92140
93022
60179
4644
39868
84906
26326
79763
85791
59645
14830
11278
96215
5396
84001
9576
25338
87971
9119
79920
96278
42913
31355
86870
10731
55853
119
40370
71733
46722
91493
87745
51339
17260
9250
25872
20138
5197
37225
6336
37795
40362
96171
81290
96054
81923
47019
29781
95375
82368
54313
55054
56141
18986
79235
79853
66490
93271
47412
12283
84941
82982
75090
50267
30773
86562
64817
31408
86923
7616
58680
56127
27068
49275
3333
6504
7854
89023
17152
22248
46496
18859
6192
97088
97744
22666
5026
88907
17318
15442
93169
33445
21032
28204
84986
90758
39941
68091
65263
59375
78953
56188
10710
2957
13763
40824
84445
11536
68186
47085
61755
35241
47268
51548
73200
40379
86714
57571
53340
8468
26865
70818
66217
30084
76966
82412
91188
49270
73228
28231
81797
43213
91587
64888
96005
24245
54937
43411
7157
62417
77509
68255
21161
32182
29923
71473
97731
58221
7769
23153
12703
29969
32294
15931
95824
21341
73040
31121
44485
41884
59245
63647
76009
55354
37027
8507
12631
32120
4744
22031
86914
81827
20370
63741
30574
62097
31469
94048
60042
64272
81284
24198
16161
939
51661
73304
89845
24757
77722
62049
21346
60599
16263
66998
98496
50482
66507
40972
37695
23134
33637
17259
86181
1252
47956
93621
72490
27222
62553
53086
75662
85665
31203
33714
15343
63747
40545
73028
26817
65704
26379
68617
49313
51080
25123
44282
33819
24409
58796
11345
58895
3496
96447
8069
8859
86644
88630
78934
10676
63380
5095
65657
31442
32122
92626
48848
19235
74505
51409
14312
36408
47378
74977
58402
78677
2585
71714
76038
20038
62026
65373
4956
80258
58202
95370
48367
54751
16281
27127
52542
85654
62238
24829
65355
38609
84219
37700
68776
91263
69848
24190
22841
98121
80783
19465
74045
33582
50906
50779
95653
1520
31558
4242
67247
42495
29480
16388
46231
32774
21199
19429
26217
25992
3285
40687
55476
40622
70097
98038
39807
60493
29340
94167
80687
66988
90228
61045
78195
29322
82474
82060
52835
63298
23214
48291
40611
4434
37472
2119
47241
5772
90937
62461
44203
65920
69710
63975
4941
49512
73586
16853
81434
15190
21851
6775
92360
14101
32203
11175
31162
35767
28997
13622
71587
753
34336
52761
41181
62691
88089
76115
18010
47341
29154
9080
48503
66475
72279
75833
97800
71331
86099
63441
70568
58229
99969
65841
49404
27817
43831
85141
94027
58350
65366
86206
80641
84362
35026
46176
36488
89315
79803
97343
49835
27211
12948
1774
48772
80929
8128
3454
55312
28868
42621
96852
32106
59176
14909
90966
94978
30771
24371
17753
17338
67430
93259
77568
14128
85926
75601
87951
37887
15664
60606
76981
20734
92022
8491
52937
17863
92925
63818
81384
90318
4141
75024
75434
39382
42401
19552
469
94580
88548
64086
34670
31324
54100
74882
97663
55404
82122
9013
368
89131
391
69183
26603
94768
14007
47501
58549
33563
68619
63461
75829
81781
29900
54134
93372
49139
37452
82179
93589
5425
62210
47426
99445
87030
71489
178
79484
72067
45982
50588
86106
60390
66704
72077
89764
23831
43497
14981
90175
10687
70358
66449
70847
30923
10375
82361
22207
62366
23536
43112
579
86533
70365
28757
25675
64205
68232
45599
91078
94116
71644
27980
43591
50195
326
68855
37737
67745
60467
14594
64193
21236
52420
92514
17539
80526
15753
54062
55177
88042
54399
81729
78678
59664
38972
74775
73635
76592
79316
27624
44628
49119
44335
15064
12460
44750
45245
53662
60347
51973
5138
98362
94671
90924
64765
50443
9484
79286
35247
38417
12313
66391
98616
25664
46394
32135
18354
70472
34099
22631
30305
42053
24694
32179
19410
63976
25727
74803
84496
35940
37531
6570
17942
47046
43504
75306
53958
66846
54831
87010
50006
53028
45727
76053
91171
51265
32453
29719
39257
150
58312
61859
26167
33932
84118
54600
60529
95119
70679
61155
95167
9690
14940
96055
71682
98703
99168
14891
35386
20459
8065
65250
32370
48735
68861
36466
32846
26397
47435
31624
48637
93051
98838
13951
31994
24678
55178
75059
55405
72265
38790
77686
90092
12145
54795
175
68392
35877
9036
31129
52629
11289
32663
90651
6708
45196
30352
15004
58584
28230
11910
99996
80456
97509
42839
88519
1117
20966
74109
38268
51658
89268
39
77489
87822
69199
31348
46879
19989
43573
37431
58383
36026
14982
53149
52101
66546
20258
97937
53683
31928
8197
72426
29633
63222
15968
23082
43069
69445
93681
91165
65369
95236
46827
38647
29299
74179
20093
45372
42778
8785
69808
69841
62799
23093
45797
48967
94736
43244
28698
49219
8327
14763
40113
22977
98851
88000
58438
8488
9521
91700
70862
8583
28533
78835
10584
58541
76435
93802
84047
87470
24495
70765
59789
2915
47384
54189
96500
49613
7908
13298
20325
95387
92837
51818
43241
12539
33274
88499
96259
3194
32898
71322
6638
16851
13674
77786
29706
33211
96296
34042
40929
70090
54143
29381
84412
74767
32001
27626
82872
57665
68739
59518
33630
10769
58730
28272
62830
5268
44344
81468
87154
62869
57144
293
17490
49893
35727
11124
4348
53130
89963
43384
83542
54978
27096
15953
20583
14653
10906
48026
38993
90907
81264
61928
47740
49234
51781
44824
90543
46149
3458
53219
2230
84671
76999
62480
91186
64320
64048
55568
1330
1819
80352
46184
30709
75083
60265
35750
39035
28520
2288
88405
59454
96694
91224
48478
77257
653
82170
57240
30620
76059
65085
49008
21424
64551
45662
41478
34654
94996
76208
9597
31444
51341
16423
92406
27397
62467
98459
64170
21369
42026
38138
50607
4041
73474
79892
25772
73541
35195
57787
95352
93406
4834
5783
59625
26088
8359
62525
68260
80530
17524
25711
20324
22730
50324
20616
85838
4981
17620
53404
80801
36393
76351
4116
60637
83214
79392
30770
67570
78801
54108
77513
26992
71373
28136
48062
66904
14360
38969
15835
25841
35461
75331
81842
67565
26425
44307
8964
673
81934
54082
92755
79383
42661
94074
16070
74499
18468
66360
22816
65465
89235
7213
48713
92880
39229
23849
40722
38001
17362
53415
28392
69706
54925
39375
47493
42501
44978
73805
51277
2125
50424
61279
58824
96119
93362
22273
19660
29170
35766
41301
97207
78049
87623
85250
39440
63339
77703
57883
91175
57774
5333
86291
75437
91485
50916
7308
6156
95344
31490
21912
40129
2591
34645
21268
37676
42644
35015
53653
43924
51599
72748
96673
57895
66955
27667
3626
64188
75167
43139
48466
86133
80624
96978
5447
69828
73029
51885
82022
36074
16240
30037
20593
66021
57710
15005
80603
6523
14002
72685
53361
79400
4482
56398
48913
94943
19244
14139
6125
36188
33123
20655
86709
68196
7593
30228
58211
19578
59407
39790
58609
80532
23151
79155
22757
84877
90284
89754
14537
74168
31387
7025
90740
21744
86805
9042
36300
53624
41563
44137
34004
12937
4280
1862
8872
68149
49126
23464
48070
78389
21296
91815
98737
71555
98478
47899
56223
42371
49319
42438
90463
49425
24101
94590
53311
97104
16104
43610
42506
58003
61596
39962
33944
89019
9999
33510
11877
80120
14992
58487
738
40103
43542
7089
90636
72757
80174
96343
10290
78366
35706
30819
92143
59874
9050
36416
50894
55857
1208
16533
24789
19725
47322
91331
91082
27116
82923
48525
89793
24470
40775
29508
85294
21427
16863
56521
88443
69582
58126
9559
62409
13208
60758
99938
44471
8414
77946
2896
13531
37756
5218
90723
76751
91447
48451
20802
91633
81381
9523
91992
58989
27466
75250
21734
24762
92304
64523
16572
63214
59736
91350
82314
85312
85532
23740
68628
58695
37641
62241
38582
1778
77256
12059
48632
495
55359
6382
30932
37635
89124
41699
14380
97948
74139
42289
85938
34964
92170
44263
26477
73030
8253
8224
32054
98837
53017
44927
21046
52177
48562
50257
71184
79975
47878
28541
20837
29613
74384
20664
53556
34603
36429
46399
99801
42347
77874
49816
8001
25515
75496
41312
73460
