9740
519 4878
266 2483
674 322
424 3594
544 212
370 2311
227 2262
256 2963
729 1426
913 1018
794 3807
448 3133
162 4762
119 1911
327 2843
449 96
839 2008
407 2314
474 1321
751 2124
379 2252
778 3947
611 3541
655 2830
5 3502
163 678
844 1305
684 4056
185 2386
720 3713
61 2616
310 1334
587 4123
826 204
900 153
160 114
115 866
608 4411
436 2907
401 2132
826 3587
549 4770
373 3790
801 4991
875 4940
627 1657
708 4534
628 2030
406 3149
141 3669
693 3179
662 860
916 4419
250 4595
458 4773
565 1452
884 2895
13 1619
584 913
19 2861
963 4881
194 1401
271 867
446 3837
687 2502
64 1062
203 2389
209 3372
340 2394
85 1350
59 166
790 2334
637 1863
826 4768
628 2272
693 977
467 4835
396 2151
138 1398
950 1276
726 1568
511 2397
149 998
918 277
947 978
33 1052
740 2863
647 4658
778 940
642 4314
299 1171
108 4609
827 1327
139 3693
493 1976
200 4612
200 2397
668 516
499 1461
36 3686
74 1763
170 10
923 742
679 1284
814 691
788 3671
420 2521
473 4333
552 4626
103 370
416 1584
176 1343
653 2988
902 1743
217 3855
908 4675
154 4967
390 3517
543 1810
980 4551
715 3048
479 4269
30 501
341 134
489 3910
112 1479
94 378
677 470
501 1705
105 1705
184 537
466 1418
454 2118
605 1762
841 312
832 4922
670 659
384 4503
843 4788
900 1121
480 535
275 3284
46 1246
165 1197
490 2714
591 4981
192 1071
898 1462
258 4808
99 2011
173 1960
346 1659
158 376
990 3158
38 2940
692 1249
989 1701
232 1493
786 618
992 3167
137 209
217 1895
358 3066
774 4930
58 4760
801 603
616 2772
564 138
137 559
343 2879
279 3123
384 2422
282 4589
337 2081
455 4288
18 2035
866 1378
5 524
640 806
598 809
30 4260
16 161
675 1029
174 2962
826 1427
738 3529
53 2672
342 2546
435 1276
163 854
911 3457
815 2729
18 4371
226 385
295 4945
2 1394
924 686
590 1335
503 4305
651 4994
699 2675
611 2791
244 3263
5 537
4 3547
337 458
39 4965
896 4128
734 4066
501 4538
296 3840
900 2557
409 1273
538 1158
911 4638
997 1672
295 2154
797 4536
933 1916
652 3889
49 4084
992 4482
909 512
718 981
633 4549
583 756
891 2858
491 1167
200 4667
978 1285
633 3502
378 997
701 1916
541 1698
494 125
270 4618
122 3700
149 127
539 3022
422 1454
680 3964
260 3341
938 2273
654 4729
518 3902
109 4377
663 3731
561 3454
504 2920
669 2233
631 3964
901 1573
211 3341
517 415
248 1947
122 4989
244 256
510 4842
534 2984
61 3289
398 1891
530 4262
473 1247
247 3156
168 4583
462 2815
524 1478
938 4730
45 3695
604 1178
753 4684
954 4445
991 4512
645 4104
760 415
596 1475
988 13
327 2482
600 1594
954 365
732 1484
730 2872
305 1942
805 2228
817 3285
873 4843
598 3884
255 1532
580 834
607 4872
758 3055
474 1081
675 1071
747 4623
317 3349
377 3134
829 4921
67 205
982 3739
910 2816
287 3591
841 2945
579 2945
183 4931
469 858
123 2436
444 2262
392 2072
820 4993
550 968
758 1900
909 4513
581 1715
763 3412
141 2611
886 3482
461 566
805 4577
137 3889
734 3879
770 1321
858 4588
75 1735
765 1916
842 1611
102 1572
716 977
363 3599
115 50
249 2265
316 3487
149 866
159 1554
135 4903
441 2206
358 4652
442 1384
711 2969
755 4998
610 2365
622 3651
467 1562
212 2504
601 101
284 4595
905 4942
201 2611
743 679
834 2258
346 4426
380 1041
670 2271
872 685
254 1575
892 105
899 3033
157 1642
843 3367
286 66
84 2561
506 4499
588 4309
432 3567
850 2094
266 4029
56 772
682 3678
718 3372
18 4452
992 228
422 112
110 4684
55 2762
169 1063
358 1753
337 647
170 2456
822 4368
877 2089
593 344
844 3898
216 2343
402 1301
761 1877
640 3802
769 277
848 570
362 3565
391 1822
907 2870
764 872
199 3049
329 126
535 231
499 2523
862 360
189 3758
55 2775
818 3737
181 147
418 4032
602 406
630 3622
647 822
777 4086
359 2112
567 75
135 2367
331 27
174 3756
391 2064
625 16
933 4333
857 1305
631 3214
989 3447
675 4977
723 1756
148 3474
444 2075
803 3176
68 1495
622 886
778 2594
957 610
148 2427
888 2991
404 2649
450 779
539 4500
33 3645
993 1472
828 3879
951 1475
13 3178
787 2535
37 2074
663 779
692 3466
967 3405
554 1775
822 4973
400 1308
642 3056
122 2037
796 2476
840 2519
396 2771
635 838
833 1082
473 4940
662 2661
63 612
660 373
262 1495
114 577
243 1216
833 4465
540 4886
951 1488
849 3426
441 2140
329 1670
575 679
860 3521
531 4514
476 2363
722 1601
825 2022
85 4198
811 2087
28 3664
399 1096
292 2956
837 4705
90 3495
518 4696
284 2314
452 3847
109 2956
553 1684
26 706
146 3777
411 288
906 4468
206 3562
980 1199
546 1910
9 2725
485 4411
867 275
29 1162
920 3548
214 2339
577 2916
680 1617
95 698
111 4843
663 1155
3 4492
210 4327
824 3961
139 1643
440 2803
455 3606
503 4549
823 1787
711 3037
198 2223
438 3144
329 1925
769 2197
733 3735
354 935
607 1115
94 4502
94 2287
835 750
384 814
360 2406
69 3920
494 3160
628 1174
631 2906
399 1351
839 3838
232 945
311 1467
66 3393
854 4900
420 1410
740 2812
521 4431
917 2216
506 1184
941 2573
176 4433
723 4831
744 1241
129 4092
769 3486
55 3877
609 1053
571 2747
970 4442
137 11
1 379
708 2981
357 14
312 766
921 2042
52 1364
286 3517
688 528
533 3394
636 1829
924 4676
361 3287
743 4143
638 1875
521 1061
774 1241
472 4323
804 4796
537 3220
986 2329
298 2709
394 431
798 1046
630 2630
685 4552
511 4924
440 4455
120 838
132 2124
400 3107
992 2753
164 2076
640 1776
590 4170
77 616
409 1880
751 826
443 710
396 369
767 4971
889 1699
529 3113
489 1765
129 1193
416 3172
674 1252
23 2194
995 3522
642 1943
938 4745
607 2659
975 3809
510 777
835 308
434 1950
62 92
409 4108
531 3051
778 676
444 3540
893 3403
198 626
13 321
801 1599
257 4882
11 2197
302 1915
369 3891
901 4166
669 2611
729 1430
529 4523
481 1328
937 2133
899 1841
32 2670
822 611
808 4877
130 3767
395 3247
228 2087
142 852
288 906
532 3481
847 375
401 4230
912 4705
856 609
658 853
599 1212
585 1314
655 1787
732 4185
338 2605
71 2490
386 3548
425 4708
313 4009
258 2087
753 2029
415 3202
45 4194
60 4960
917 1908
467 625
118 242
611 3787
36 3556
136 525
500 1741
417 4187
785 153
513 2434
260 1988
251 2434
421 2845
557 1457
127 183
445 2973
636 1521
238 2909
503 174
501 1562
852 3068
363 4072
26 2989
48 533
486 4142
286 1344
979 1042
683 4198
41 530
815 4088
696 4662
627 2842
176 2152
482 1175
525 2565
647 1508
838 3025
934 2733
788 1218
865 684
61 1118
28 3156
400 584
878 3097
76 1655
883 1226
595 5
20 3975
724 415
513 3844
558 877
301 1221
851 3085
433 3097
185 2995
952 3662
630 3382
251 4783
472 3210
607 2580
540 3344
99 3867
443 1462
704 1466
749 2700
229 3159
726 3211
17 2751
740 894
502 4220
177 259
107 429
346 711
776 4725
382 2354
425 1004
253 254
69 4109
387 483
874 601
560 2397
709 3917
91 2592
144 4633
423 3819
682 4982
303 1953
24 4753
566 606
989 1463
15 732
473 2364
89 1435
993 3568
525 4217
45 611
576 4448
422 3981
830 1066
100 3701
364 1495
124 1025
89 2724
608 845
327 4996
303 4410
275 147
562 1143
967 2589
201 3581
602 1710
724 3356
939 4513
851 2414
502 2260
880 900
646 1487
262 4759
135 517
909 2126
129 4644
707 4355
315 1387
280 2827
449 155
638 2306
646 4870
19 3725
377 1218
657 3716
134 4466
488 497
414 4520
650 330
961 946
469 4190
420 1036
821 2134
31 1978
48 1393
793 4287
339 1865
514 671
402 2150
868 2889
576 2717
502 4488
871 4062
523 2561
621 918
354 2789
114 3036
169 4958
649 2148
160 1691
562 4889
378 2853
474 4776
975 2843
819 3764
308 808
387 1101
43 1291
645 3611
163 161
223 4376
880 2431
156 939
436 1222
494 3149
581 1088
605 1445
997 4938
307 2276
379 3613
317 2735
893 4063
654 3552
160 2751
822 3365
727 2081
159 577
983 3727
752 1091
561 2277
308 4083
667 2969
469 4674
997 4830
288 169
647 2731
518 631
829 4428
320 2107
426 3257
83 1871
131 2585
738 4017
483 4730
882 4210
873 3424
730 2621
318 3845
31 2354
764 1976
743 1099
719 476
244 1415
202 1189
620 1702
131 2706
377 3930
542 4263
547 4607
764 3144
528 2113
218 3348
557 599
386 2703
761 1826
977 404
189 1600
125 4096
185 2124
154 2582
752 3440
43 4700
593 4844
103 550
555 2108
145 4159
56 963
959 471
565 1069
680 1056
253 1477
977 4955
800 4090
607 3695
139 4344
484 4793
723 874
463 3687
458 3343
437 4452
404 599
672 3568
947 1521
822 3741
359 304
118 3130
302 4937
460 2113
1000 1532
281 4585
487 4919
26 3541
561 2653
36 1785
963 189
211 4526
627 240
909 3107
403 4696
819 2396
270 3120
438 718
240 4409
259 2473
116 438
752 3803
936 4378
564 4506
187 4519
46 379
370 4640
929 4109
624 1029
97 2266
88 2712
965 2756
669 3660
524 3013
911 4213
847 2471
144 4943
794 1827
450 2017
333 1203
978 2136
732 683
481 1101
231 2616
938 3003
654 1258
745 2837
36 2148
638 267
108 2024
679 3008
844 2587
844 372
772 1021
566 2084
538 4237
517 3360
823 4635
946 4934
153 1622
961 2061
443 4350
51 591
450 3077
345 3778
4 3485
894 85
797 4353
341 4073
487 1912
479 745
331 4782
305 3598
23 2451
608 1384
883 1094
604 3894
984 3132
693 1199
489 4587
618 4997
955 3828
888 2606
919 1956
631 4936
915 265
483 2557
747 1849
630 3250
135 2224
274 3322
427 3335
542 4076
159 3786
355 1217
816 1575
100 173
702 507
702 2493
642 227
131 1472
860 3833
982 1315
306 1998
386 3684
883 2275
831 2085
681 2555
163 3612
113 1805
593 2442
674 1872
961 1148
879 1981
946 988
772 1626
259 2273
823 1857
274 3335
509 1926
433 884
104 1877
685 3320
210 4747
160 2940
471 358
486 1124
458 3277
943 2797
487 2517
626 646
261 3931
629 4852
30 1783
52 1542
243 3059
480 528
442 2222
113 1000
992 3857
167 2468
683 1530
258 4801
533 539
120 895
431 2248
183 197
682 1830
358 2938
659 2112
910 3680
220 1247
108 4978
361 2189
242 777
517 2931
806 2805
999 719
338 3454
288 1647
678 3522
420 783
781 533
841 2762
963 15
412 2356
720 2472
747 4332
79 3873
896 3866
443 3103
997 4443
484 2646
243 2254
564 4561
327 4648
98 624
199 3416
932 32
21 2592
606 1296
511 4405
124 1027
676 1769
143 1040
237 2890
844 1353
801 488
270 4235
17 1840
58 1841
502 3309
135 4010
111 3424
71 4520
804 1136
730 958
232 2896
516 2426
791 4580
460 2531
42 557
749 2368
76 3322
967 1544
575 791
883 907
509 437
539 2531
269 455
510 4459
502 168
228 1097
37 4535
1000 1842
711 1739
559 150
254 1500
493 1782
178 4888
238 2724
518 3761
43 4434
963 3882
698 201
70 632
652 4929
363 625
633 2435
867 2373
34 3604
321 2843
27 4611
758 3369
302 349
90 466
234 4123
76 2517
21 632
836 4191
492 217
552 4432
142 4305
634 4767
54 1977
100 4308
998 1257
957 3205
554 2263
595 4021
194 1462
445 815
166 1400
919 4347
362 1046
396 4077
516 4896
306 1114
469 2569
715 1578
501 2558
687 3731
430 628
339 2230
924 934
531 4881
540 4206
479 4196
871 3259
126 2351
289 1820
170 4609
516 2802
60 1768
170 2394
796 870
154 3618
713 1101
740 4910
237 354
846 1630
457 357
763 1632
269 1060
246 1342
857 1001
934 696
808 2277
510 2849
956 980
73 4797
496 470
995 4089
575 1517
556 3490
100 4442
814 3785
962 1697
754 2980
817 3265
977 2500
724 2808
517 4959
877 4484
839 3963
612 4738
395 4969
701 57
455 590
864 3727
324 4042
12 4679
657 1182
675 1761
380 3799
277 2883
867 1931
679 4849
732 3692
176 3511
219 1895
778 1593
943 3912
437 1300
26 4469
58 257
868 3738
419 4400
988 4557
229 4276
303 2010
573 1605
120 1071
698 819
252 207
608 2057
68 386
665 2362
659 2288
711 263
160 3358
683 430
831 1348
321 3232
200 727
888 1064
456 2602
962 2999
619 4057
156 620
159 137
126 1680
571 2067
545 2832
128 3941
744 1729
950 4278
114 1562
582 1667
456 4709
330 4341
803 4524
384 2591
115 4123
607 1845
85 3197
83 2599
810 3867
762 4873
6 1332
183 2951
228 1970
864 1888
201 1544
122 4432
323 4422
10 3962
490 1152
691 3128
71 3420
682 1093
623 1681
695 1032
416 2371
765 2030
842 1725
83 1673
565 3662
4 3366
869 4339
310 403
936 1360
716 3077
924 1794
70 687
419 4776
715 1391
293 4371
935 4814
959 3185
539 4814
761 2675
575 41
919 1837
948 552
442 2666
137 2030
395 4540
620 2672
867 4535
10 3157
190 2041
238 2792
539 734
434 4653
709 4592
330 3778
855 216
499 3321
793 1324
645 406
302 3679
739 41
510 1615
849 815
458 3145
632 2803
26 3222
687 524
291 2510
310 537
530 3021
613 575
645 2742
249 2513
973 329
35 1766
538 3784
428 3912
197 3225
654 468
833 699
389 4600
644 3163
69 2932
253 3507
915 3892
526 2619
540 73
500 1169
256 2529
985 4890
250 994
814 3022
124 4036
272 524
13 1990
149 1356
486 2173
653 3104
503 3574
897 3730
205 2685
810 4485
748 3378
82 1531
500 3276
665 3572
544 3282
592 4262
459 242
615 2704
243 3061
126 1493
513 2693
573 2707
807 659
848 2683
478 1652
550 774
708 128
756 3094
940 3669
895 3926
36 1950
843 1521
239 2538
817 300
115 2768
180 3163
419 3408
512 1421
775 2289
503 1830
558 4506
133 607
828 4101
191 2763
590 4458
941 1009
480 422
107 2769
554 3754
253 379
103 3064
678 3295
275 2124
581 3628
767 2815
378 3757
39 1093
106 854
687 2297
372 3225
926 364
148 3480
248 1203
368 1534
667 4799
808 3755
701 3629
937 2179
978 4166
386 2305
699 4751
620 28
840 2283
643 4627
662 439
505 721
966 1833
329 2710
919 1758
859 1478
520 2012
606 1298
5 3781
260 395
239 3719
502 4358
395 31
458 3763
643 2533
104 498
802 3280
852 657
310 2323
77 3024
558 3822
18 2151
804 4292
253 4943
863 442
66 4299
312 3537
960 3758
497 4751
638 3707
717 4754
328 4713
672 1076
457 3137
53 3956
559 4353
638 2660
101 3209
118 4839
142 1032
47 3912
790 1216
867 1436
824 4772
588 1792
507 635
285 1754
524 50
878 1036
513 2372
649 3199
205 41
253 2970
576 3889
449 401
877 3063
349 463
112 227
807 1277
633 3376
648 2681
386 4667
174 4488
749 2504
847 1615
401 3255
170 1107
297 2380
92 3897
335 649
302 472
815 1811
911 553
80 4331
677 2601
929 341
801 3310
257 4378
622 3604
533 3495
903 59
27 4855
13 2742
109 1218
391 2099
217 4952
795 233
830 1917
472 2209
668 1855
608 1575
716 4784
754 3090
966 3269
947 1041
425 4083
879 1809
46 3040
6 1655
720 3213
7 3048
160 4044
213 1167
538 4899
233 1819
16 4036
644 3339
800 1866
510 4019
651 1514
364 23
830 762
928 4037
714 3031
604 944
640 2587
201 1988
622 4196
670 4910
188 477
425 4096
444 2123
84 1588
896 3681
405 2168
453 896
702 1866
896 419
729 13
362 4686
241 4625
286 1658
893 4322
667 4733
650 134
779 4974
550 950
670 3755
831 2626
817 4677
397 4091
476 4384
354 257
149 1774
524 2883
266 144
214 4118
264 1495
615 3001
73 2718
298 3065
444 4351
941 956
526 2700
763 2347
653 260
663 2934
522 1009
859 4795
558 1191
291 3062
736 1197
151 278
441 3235
372 3401
57 4292
995 2360
263 2182
550 3407
354 1546
657 1318
1 4131
751 953
481 1092
723 1120
379 1081
208 3414
189 3135
338 2706
216 794
650 2712
791 2422
858 1429
727 2932
736 271
944 1240
718 3112
77 4247
32 4770
290 864
808 561
54 2839
797 4344
129 3656
500 3828
569 4830
739 3063
864 4226
14 1575
538 40
121 1149
675 4475
157 577
286 1216
750 1616
151 2977
918 3415
214 64
336 1747
401 2142
946 3891
884 798
827 264
20 4665
39 2692
536 1512
431 1984
4 4657
670 2266
754 4889
499 169
939 1902
256 182
794 3241
393 4883
116 2094
632 698
764 854
487 2037
464 4763
774 1047
770 1571
752 4412
181 3391
986 4350
962 3727
91 2451
8 4897
464 3716
388 4889
951 865
82 1170
746 2153
503 2395
754 3963
83 1809
859 2030
521 3203
311 3622
693 277
734 4250
75 3382
935 2025
763 2736
322 3259
709 3668
805 3901
557 1813
548 3979
129 4032
738 4076
895 1579
810 1212
516 765
323 2585
463 121
591 4965
382 2347
335 4221
607 2465
226 824
386 776
353 2814
309 4205
963 3268
228 833
503 543
917 3795
561 4685
982 2729
165 255
32 2126
819 227
900 1118
509 3448
903 2355
226 2113
706 3504
250 3224
427 4052
134 4446
364 4642
97 2312
520 954
79 2709
332 2889
681 3043
812 79
435 2307
827 3097
844 4498
466 2596
925 2356
168 916
407 3184
568 2055
274 3823
759 2589
800 1129
866 4866
128 2722
398 4532
642 957
150 266
432 1147
873 826
262 4873
916 3182
594 3131
263 3526
872 2587
924 562
14 3724
2 223
198 4070
896 4112
545 3131
416 1031
853 1032
259 2774
442 1434
8 2145
763 3475
238 4822
250 446
100 3131
828 2372
175 2258
428 223
357 1969
615 4479
670 4186
768 557
329 3893
790 50
626 1376
476 4815
96 164
182 4368
763 1610
209 4242
135 4027
835 4933
644 3904
7 809
158 978
96 1332
211 2036
54 103
923 2538
680 4995
626 3712
996 2491
3 57
612 1333
724 342
756 4990
591 2442
226 3778
398 2801
596 1096
293 3273
97 3627
468 2079
535 1086
992 4708
684 2377
532 4952
704 1272
172 4151
237 116
400 1800
42 4078
720 2973
181 4385
638 4072
189 4734
689 4828
732 3441
391 933
965 1205
798 3014
554 4374
490 646
918 3833
245 4262
340 1641
715 764
243 3923
611 2104
974 4142
556 219
118 4157
741 3153
295 3561
164 4044
659 4252
203 1528
619 4624
572 2563
364 133
913 1809
990 43
501 818
414 4313
557 3867
717 1870
300 4965
59 1641
12 1529
946 121
282 895
161 2820
641 10
143 965
757 3110
127 957
130 4675
185 4345
300 885
721 4096
860 3208
382 200
335 4289
460 3274
551 3621
906 62
985 880
974 4397
248 92
772 2987
800 4217
798 1404
953 258
225 3757
808 3583
298 2249
556 2810
5 4656
540 3768
3 3829
636 3476
111 3591
209 3934
241 4869
716 2947
819 416
695 1841
254 378
990 3681
720 3820
331 2547
988 373
134 1481
757 4641
366 2016
757 2426
349 157
405 1715
580 255
213 727
516 270
426 3989
863 1546
233 3594
245 4880
47 4895
685 722
833 3589
325 150
898 1769
529 3592
742 4639
458 679
799 743
373 2032
447 786
913 1488
221 4644
791 2316
42 737
618 4051
83 509
193 4316
900 2488
251 2308
667 1728
56 3789
818 3358
921 4762
781 4459
974 3605
912 2727
452 985
369 987
522 4878
407 2676
999 4537
457 4254
324 2678
98 2106
970 2264
347 1090
94 3384
4 4888
133 2558
958 2146
163 2208
753 3434
474 3790
355 163
396 2150
582 1108
559 1619
996 1391
636 819
87 2563
692 2148
224 2568
814 1616
751 4943
49 3210
42 53
603 349
542 2096
645 2746
175 4783
810 3079
813 2559
54 292
644 1289
279 4611
906 1969
428 3916
369 4733
283 300
906 2908
505 349
355 1573
489 1802
525 4199
303 3103
248 3167
626 1807
796 3
715 1061
923 2030
675 4143
1000 3445
871 3560
91 1648
597 59
951 291
815 3399
228 1653
349 3340
490 3050
531 873
278 4628
980 2685
770 3104
854 2280
839 4143
877 234
75 3747
772 706
541 4449
44 2182
792 1587
35 2133
432 3001
611 4629
581 1754
335 4465
810 1348
617 3168
646 2637
811 4165
599 2296
138 955
837 4339
823 4441
668 1120
105 1946
968 2809
515 3241
687 2301
965 3743
187 3412
247 3463
133 4344
38 27
728 2194
485 3227
483 4578
975 839
794 3982
918 76
992 25
18 2034
675 4290
970 3124
753 2897
250 4757
553 1560
582 800
222 4658
96 3536
836 1848
715 3773
173 1275
393 3530
630 3177
854 4642
377 2731
709 1026
449 2607
259 1958
752 3059
45 1211
44 3726
216 46
852 1950
936 372
874 3429
920 1330
123 2972
460 3826
481 4666
18 1229
869 4519
258 4594
807 1389
762 1912
832 4600
352 3963
463 2259
821 4707
348 57
260 2159
537 747
449 2849
366 2326
927 444
961 2243
507 1807
873 4345
76 2523
492 4653
225 4309
885 2369
859 1148
396 3373
78 354
592 575
793 2551
691 4489
517 2387
732 60
979 4138
5 2175
144 1058
646 4423
725 4487
890 2605
14 948
690 3446
153 2046
867 4836
499 2454
765 4788
479 2216
664 3430
335 3928
985 1795
216 301
663 1744
143 2940
984 3785
492 3848
631 1977
488 4143
624 4970
6 1888
959 3728
291 825
141 1295
552 4801
426 4433
173 1772
489 1749
69 3112
623 4452
931 404
294 3459
414 114
610 3961
42 4672
70 2290
885 3900
816 1060
21 1351
933 4614
788 1752
793 4082
349 4334
492 2693
538 823
236 4393
659 2052
695 1709
485 933
942 4326
262 2581
427 4109
182 4049
38 4041
903 2762
292 659
323 1958
949 3403
226 2291
441 4165
344 2246
650 1535
643 4565
99 2186
101 569
145 4288
695 4166
597 1416
115 1901
416 3061
419 2312
197 1445
198 852
807 2128
442 3693
963 4627
584 4042
376 895
837 1253
381 973
711 4820
43 4361
604 4694
282 4643
886 3589
485 3282
116 4876
804 4459
768 4802
666 2539
186 919
272 959
55 2385
196 4347
739 3283
467 4810
849 4875
634 1311
577 4941
126 4251
912 730
629 149
852 4099
831 2764
337 3424
464 3236
113 269
847 4923
809 4402
817 3997
633 3422
349 3663
387 1969
602 1894
20 4656
58 747
465 4777
950 325
839 494
641 509
379 2495
368 4063
337 2498
510 4641
90 3789
539 1666
564 2891
576 1733
505 3250
973 1369
173 2511
379 630
766 3025
162 4079
468 2136
24 173
791 4775
846 510
818 2663
47 3274
109 1974
152 358
358 2678
791 1742
22 248
533 3204
684 1387
756 738
658 4367
503 292
193 1527
468 4472
630 104
905 2029
597 1913
402 1637
727 1205
431 123
661 356
516 1924
476 805
254 3910
37 4141
510 1621
541 2920
336 7
26 3228
551 3086
191 528
394 2348
958 2161
11 597
97 1832
319 2699
503 3688
759 3614
119 544
461 244
185 4281
675 1930
310 3229
609 3562
473 483
442 3156
232 1360
578 3983
865 3259
901 2687
35 28
363 3277
695 3750
533 1702
292 593
736 4276
784 1055
851 62
591 889
334 1758
501 1935
248 4458
492 3098
776 2628
812 4271
202 4985
775 2403
324 4453
362 544
543 2053
104 1417
758 3927
992 2108
415 2770
360 2834
609 1589
638 75
476 2228
142 891
765 4051
913 14
842 1531
716 2883
893 2287
984 3866
488 4682
426 3575
259 429
438 4861
106 4122
758 4048
298 4292
911 2048
496 1015
368 1769
743 3861
168 920
997 2465
802 1997
160 507
165 4823
449 152
261 2316
870 3592
746 1836
312 3301
279 1138
647 3291
913 3410
443 1017
138 4582
391 2776
231 343
430 4461
638 2424
894 2350
839 2414
608 4467
698 4397
176 3009
782 2553
692 4057
470 746
966 4296
847 669
549 746
909 2715
589 1313
148 816
511 3608
53 1976
380 156
533 1152
381 3498
59 3484
708 1678
372 1729
847 561
437 1858
807 1391
638 3834
839 1609
992 4820
758 2438
753 2094
28 3087
484 1152
611 927
180 1680
81 883
834 3601
569 3855
92 749
262 1160
969 793
789 3306
667 4134
534 4019
466 1340
884 1099
574 4320
25 1863
402 1584
61 3506
237 1288
551 3370
205 2733
119 249
254 2100
674 1225
803 881
973 1558
429 4841
708 4027
959 3609
319 2754
902 860
945 1459
229 4029
160 4158
142 2569
992 753
720 2280
105 2916
764 4538
721 2919
282 4269
141 129
392 3912
989 2441
736 4210
734 3612
570 4672
69 1946
856 3494
151 29
443 3850
861 3572
954 4554
467 1992
367 822
307 542
606 1104
1000 2455
375 2403
801 296
364 258
408 3977
329 3455
558 1063
859 237
973 4954
116 3576
88 3743
329 422
93 1606
279 601
760 874
226 2401
279 1998
382 2648
167 545
912 1416
555 2576
500 2411
68 2717
727 3622
439 4387
210 3066
521 4914
963 3569
80 2956
618 3800
699 490
668 3163
135 1845
412 433
214 4124
214 2138
50 1249
587 3174
442 2527
253 1608
151 1560
156 3890
543 135
290 4119
741 379
498 4822
933 4750
399 4291
332 1083
55 51
605 4396
983 3524
759 4045
66 1903
141 505
146 1603
366 3067
204 2776
166 4470
907 3650
494 2020
611 2605
817 4925
523 2492
6 3434
704 2015
117 2484
614 3290
554 3010
585 374
612 4412
500 3942
340 4478
718 903
57 3372
660 2884
686 1853
580 2366
394 3142
134 4760
422 4638
18 4548
296 1789
769 2238
838 1843
377 2680
784 2775
414 1781
807 3661
700 4767
140 3383
9 2900
484 3193
31 2393
499 2498
210 2395
958 4244
575 4479
836 4254
631 2839
710 1671
734 42
197 4038
675 4831
609 4477
716 173
800 1564
658 2383
852 3188
470 117
518 3837
468 44
614 1330
416 3789
583 1980
309 694
6 656
585 2026
380 4775
931 219
591 4729
178 3099
966 4606
981 3194
217 2798
538 638
794 2321
212 882
938 1511
375 4552
774 4786
232 302
662 3333
736 4036
782 4381
999 474
228 1765
926 4547
315 192
865 4537
738 3035
456 1134
493 464
505 3736
610 4018
610 3789
25 3099
117 1116
143 85
387 2697
658 1470
613 2222
857 4568
767 1871
798 3207
667 243
498 4635
102 4635
367 1937
840 4601
332 896
645 3342
664 1406
540 3814
14 92
896 2695
204 3865
753 2875
796 1296
887 660
104 2237
295 3754
522 4211
398 4404
280 1416
39 2485
507 4576
722 2515
311 4112
531 2166
540 3706
335 39
622 69
728 4171
793 1119
270 1078
576 367
636 2367
739 1822
713 2816
720 3758
652 4563
532 31
640 1025
263 3290
498 1844
313 4050
960 1417
391 4643
850 956
819 3629
248 2608
452 4064
252 4713
484 1838
697 899
709 2185
43 2095
643 1602
729 1605
972 2006
206 2732
426 4987
744 1095
902 4687
804 1146
332 4534
654 155
516 679
459 4346
230 2308
252 1801
524 45
386 340
499 2432
960 612
559 268
325 2316
242 4533
355 2424
417 1087
787 1852
766 2961
814 494
616 4185
442 2837
698 4520
216 4480
238 4239
264 3208
491 2204
952 1367
422 2370
288 2141
959 2309
456 2920
15 3672
521 4069
280 974
975 2024
702 1606
1000 1034
129 3959
214 1293
845 3082
521 4190
318 1387
457 4663
132 2917
265 1460
729 1860
524 4609
276 4773
720 54
460 2904
1000 108
731 4121
160 885
58 2335
319 2864
615 1694
346 4953
981 3249
599 2918
110 3693
939 3252
201 1862
674 4489
951 108
851 3139
534 988
188 2566
797 1856
476 983
386 1992
9 4257
702 1740
564 4250
251 1575
221 878
987 411
670 4905
665 360
429 1581
940 336
246 4843
993 1394
671 1343
401 1519
886 3217
375 2284
683 185
455 4199
610 1629
704 4903
811 4800
804 1872
121 418
793 3965
411 894
832 2873
818 2975
78 3165
147 555
965 3668
667 4728
870 4333
448 668
370 1243
198 2708
332 4923
485 3970
96 4158
232 3524
789 409
682 4218
434 4153
357 257
105 945
943 4030
931 758
48 4346
848 2975
996 887
182 3114
239 3648
249 4107
793 1053
139 34
57 904
633 4218
542 424
884 1356
82 4869
142 2934
101 681
990 4492
350 1651
266 260
556 3742
697 712
55 3423
506 1898
91 902
215 1197
655 2701
316 1020
832 4054
675 2350
797 3279
446 4513
317 4628
281 733
50 2069
487 609
485 11
958 1655
428 3412
759 3697
585 363
3 3125
638 3407
101 3956
35 1616
641 4809
696 2530
123 2668
324 4644
752 890
7 2722
580 140
953 4586
433 615
863 1660
235 2091
651 2006
745 2836
246 1957
249 3423
132 623
220 507
512 2076
823 1709
978 3303
52 4306
296 4932
69 3492
910 2122
416 3536
521 849
914 780
45 2088
337 1442
18 3382
589 2188
814 4750
807 3542
603 1039
782 3899
489 2600
545 3663
533 162
3 1165
920 2557
378 1042
338 4124
183 2264
756 3883
121 3372
489 1324
313 3542
722 4235
882 3204
735 1730
453 583
588 4420
978 2619
983 748
487 3321
578 699
757 930
163 2443
727 2256
169 945
967 3140
781 506
628 3445
46 4258
316 1638
505 342
293 2408
667 2326
340 1931
176 4489
473 4675
504 1810
605 4077
514 283
469 2984
562 997
524 4906
522 1864
861 3279
396 1459
650 4493
85 2994
245 14
441 3861
98 4919
122 1075
478 4911
473 4567
459 468
779 3856
373 2414
145 12
486 76
367 879
354 3569
70 2578
994 4949
416 1939
779 1762
553 1419
687 2402
887 541
776 3908
905 1578
494 2532
323 4111
197 3706
942 4614
376 1759
226 2458
417 1760
558 1470
83 194
308 541
497 1002
483 1067
758 1006
142 2760
880 1935
940 525
57 2127
585 297
380 831
516 197
997 4671
303 2533
179 4978
234 2699
327 675
388 2119
947 3803
749 1078
151 1388
121 3172
217 3405
755 3983
779 2125
512 2010
407 4697
844 305
168 1971
960 3634
84 4229
500 1663
255 1832
740 4533
91 152
31 4073
220 4763
526 80
393 4920
589 2122
635 23
798 1707
824 676
139 573
944 1532
775 3938
183 2077
530 1892
513 2248
270 4476
261 2670
567 1959
190 4187
331 3897
329 3070
489 90
714 2652
248 3899
160 3786
115 4538
896 2134
894 3522
182 1330
730 381
752 4341
957 3541
740 2560
31 114
965 3173
259 1964
880 4526
71 4882
921 851
181 4259
687 2670
914 3881
84 4592
547 4353
827 4636
428 2675
569 1631
393 3886
744 4601
305 3773
12 2208
955 2606
361 4311
731 1895
493 2252
635 386
79 168
970 4540
300 3550
367 571
804 2558
329 2265
420 1629
544 4139
459 3543
139 4090
567 2322
868 1267
570 2098
962 4837
487 343
449 2037
934 803
230 2673
519 2281
949 2094
809 3777
418 3138
139 3982
556 4536
168 3636
49 4439
345 1054
758 2684
18 659
306 2523
787 4553
584 289
723 2848
998 572
17 1639
443 1747
775 234
35 4396
618 287
21 68
845 1232
896 1463
209 4963
570 4676
274 1416
555 4553
400 1003
252 4286
169 2302
447 526
932 1241
276 4091
806 873
30 911
711 1538
577 1309
98 3001
425 3167
46 2582
158 1591
239 4697
762 4738
552 2942
784 4268
142 2815
353 1012
998 1753
337 2236
810 470
588 1589
92 190
424 4864
928 4626
780 3745
257 3704
558 3632
576 3686
757 2300
946 250
330 18
782 1310
656 1171
725 776
912 4803
79 1833
731 4499
731 298
115 4230
762 3812
380 778
460 478
111 2310
207 32
435 4356
913 4395
574 2714
268 1210
140 4179
267 3991
272 134
616 3879
638 3638
953 2481
516 2480
638 1423
94 3245
452 738
68 4010
221 88
983 2589
520 3353
222 1444
67 1607
908 4172
937 3641
880 2124
223 1854
615 3361
393 316
558 2827
585 4916
857 2894
222 4598
275 3707
738 1482
578 3479
693 19
140 1267
694 4822
682 3536
840 4913
181 3025
905 2827
215 2609
5 813
693 3402
201 496
340 1557
142 1084
925 1493
211 2904
859 3879
260 810
767 2304
84 96
423 2494
244 2034
443 3412
312 448
386 4598
69 4891
879 3942
611 515
788 148
491 3308
701 674
680 3998
826 4052
869 487
259 972
491 4476
708 798
298 4835
666 801
444 1920
400 4065
887 1443
918 1547
23 3849
45 1393
162 1978
874 4887
330 1791
280 4185
345 3082
350 1211
689 677
773 3300
785 385
54 2381
592 2959
666 2908
509 975
901 3714
894 4758
292 2209
662 1217
491 1335
501 1794
98 4787
370 1045
848 3595
464 4881
791 3024
34 867
973 328
437 3206
421 754
452 67
312 3965
797 2731
81 3049
795 406
277 480
130 1450
403 296
735 806
678 4436
582 298
380 2793
320 298
939 2262
736 4377
867 2911
142 1689
199 4209
495 824
646 3437
283 2631
930 981
281 2521
386 1820
484 2392
652 2205
900 55
853 1700
378 1178
405 3496
302 1826
615 825
902 2087
141 4618
661 712
141 4389
732 4793
116 2346
682 2986
492 876
437 2172
459 4900
951 2622
836 2406
321 4441
428 891
746 3681
671 1521
404 1931
464 3968
828 2932
652 4433
74 4456
805 3443
91 1885
939 1228
426 2629
825 4324
849 2466
23 3178
420 4275
943 4316
138 3165
26 4644
666 3284
387 3869
929 1937
497 4266
490 3058
416 894
954 1701
885 4082
782 197
331 4462
52 2832
805 3335
73 2891
917 2758
208 2298
94 964
890 117
361 3708
552 795
14 1385
538 4509
829 780
70 728
204 728
383 2945
121 959
2 3482
991 3996
817 433
128 854
811 4294
859 1827
53 680
206 1676
928 2600
279 2191
251 4573
298 218
955 488
46 2892
283 4525
139 3608
782 1728
522 2592
429 149
164 632
766 4938
444 4887
688 1312
457 3365
37 2779
342 1843
460 3821
18 1224
21 741
248 1686
912 683
918 2649
331 637
976 1607
938 3301
866 1964
776 1253
143 586
275 2957
889 2362
323 3671
772 1548
667 34
276 3596
574 3024
431 3204
715 2734
474 1625
448 2390
86 1220
915 4751
461 3083
96 3665
572 3594
882 2093
37 806
374 1394
145 1571
88 1037
461 1261
907 1628
55 2580
457 2560
77 124
846 3604
35 3096
609 1382
745 4195
712 4772
790 2625
869 1494
772 4005
225 3378
27 2868
414 2082
882 3382
672 2606
37 4081
557 1636
495 2973
431 3217
357 1053
821 1682
561 4495
595 3325
65 4328
753 464
177 4734
10 1359
952 2552
840 2082
433 3384
393 2036
264 1360
337 4090
695 1583
595 2399
165 3340
271 3736
999 762
341 4963
928 4265
217 2978
896 2741
786 2869
189 4865
235 4981
206 2065
300 1700
876 3028
100 4793
948 164
819 2265
826 1221
717 1988
83 2345
83 130
518 2044
877 405
323 3000
815 3462
831 1457
146 3569
815 4630
974 193
239 4928
877 2512
975 3801
106 3352
858 18
439 2515
554 2761
583 1476
323 4289
674 3580
720 3696
37 256
363 2641
950 1943
633 2007
215 33
211 4758
185 1551
241 665
707 3353
256 3188
980 1004
345 2708
713 2875
14 393
531 4561
168 42
849 2655
584 1943
370 4643
356 507
48 2377
282 2544
713 4982
539 1419
45 4294
745 2948
817 4810
944 4851
75 1958
474 3653
648 3540
54 3067
532 3594
107 1910
513 1137
576 4869
356 399
32 3951
400 4872
608 1374
766 1960
384 3881
893 3987
917 4344
19 2965
73 3430
751 2362
675 1320
788 3412
607 4303
226 676
217 1610
642 96
874 3600
414 4110
326 1782
106 3499
345 4010
35 815
776 4462
960 4054
537 1736
492 273
461 2909
108 1330
739 2365
537 3133
251 332
566 1390
22 472
562 4129
243 1639
832 2677
782 3085
572 1326
226 689
534 805
496 284
162 3148
325 631
311 2682
218 10
752 1378
671 4422
445 4604
433 3318
238 4311
668 4124
501 749
902 1847
764 156
306 4674
573 2574
667 223
418 2148
159 4139
641 1927
386 3098
123 15
147 601
293 2641
313 3559
55 783
288 1745
405 115
198 4740
979 121
626 757
981 396
224 942
697 2623
320 4851
50 826
698 4016
975 4782
543 2156
88 4730
174 3750
413 1817
349 4505
935 4602
214 1836
742 4207
248 1420
796 4672
37 4391
155 1643
470 486
907 1241
609 3799
170 2934
163 1763
815 1652
629 3219
928 3515
269 432
351 4443
406 1898
163 945
113 1124
190 4983
875 2871
402 3176
807 4164
891 4801
375 1538
545 4164
378 3758
714 4616
819 2454
934 189
49 3704
56 445
340 2190
680 4739
646 1708
988 2640
368 2932
578 2476
690 731
449 376
958 3700
596 1069
596 3055
907 4637
549 4929
728 2191
576 2817
387 1898
961 938
517 1190
708 2707
320 4288
179 902
388 4688
94 40
966 4170
649 2248
279 1254
895 3472
535 3166
234 1777
793 1475
280 3879
911 3682
672 3171
462 3590
273 456
460 548
976 3582
379 1377
644 857
41 2779
488 3993
705 315
173 2669
708 1781
820 2022
852 1008
921 4814
296 790
213 3007
552 2436
862 3187
493 1075
697 2073
521 4062
225 1031
483 1555
806 4689
517 2600
106 3554
641 680
135 54
184 2427
36 1509
165 2148
275 1791
915 2417
777 2712
106 521
166 572
441 2726
23 752
334 4357
783 4183
545 4769
3 2271
247 911
598 3383
728 2675
117 572
309 4943
939 2077
264 4382
295 285
761 987
201 2084
51 2288
389 2549
568 336
573 4844
917 2439
298 475
514 3483
856 214
121 290
513 3783
464 2844
1 2588
990 2136
780 2555
11 1815
68 134
250 111
769 4877
456 3397
180 2038
737 4844
28 2398
503 476
217 3088
611 2224
960 4364
406 2758
301 1281
237 1525
290 2812
524 2750
11 4151
558 119
790 2869
144 2465
810 111
469 1996
415 713
53 1300
975 3790
70 1469
906 987
315 2468
234 1348
285 3528
357 1647
486 3518
176 589
976 3382
981 3726
97 4231
745 251
222 964
304 1003
523 138
939 1285
918 3148
797 4090
279 3161
179 3977
953 4566
485 3037
290 2007
849 1247
143 2482
977 4142
693 707
273 3531
968 646
240 3354
599 2240
729 3747
161 2243
455 2461
629 4334
816 1420
497 1411
58 3993
894 2279
488 3577
28 3821
885 2984
11 2191
284 3518
475 4806
191 3061
602 1878
813 4276
882 1666
200 3295
904 4165
107 3067
465 2546
938 780
745 614
146 4752
911 4555
434 200
35 454
425 4581
886 3707
254 4699
259 842
124 2603
119 4245
291 1319
626 1538
573 2200
990 2754
842 1836
556 2233
666 3825
332 2259
934 4579
422 4633
496 4582
486 1908
895 4816
972 4282
545 4703
593 3468
488 1725
479 1905
68 873
556 4340
224 3601
351 444
392 2431
470 3253
707 2671
886 2673
722 2013
696 4993
753 3312
875 2255
66 2611
992 1379
921 681
79 4307
96 1736
103 463
206 1867
858 1793
980 3476
820 1272
753 2265
837 2902
606 3006
602 3301
640 1570
48 3910
340 1574
317 4300
649 2329
511 2624
211 4318
300 3838
35 4321
899 225
768 3189
107 3443
41 874
189 3741
416 2737
161 1464
350 4369
582 3443
676 4768
234 222
576 1154
951 48
481 4034
904 4891
759 3490
134 4192
106 3864
128 1637
352 1116
159 2973
391 61
193 3752
205 1628
762 2448
710 4244
925 3149
770 2043
153 2340
502 2228
82 1642
699 298
967 1281
148 4396
607 709
803 4556
719 1704
276 3090
228 4096
980 3960
245 3511
355 3908
213 297
669 2526
244 1596
405 4668
781 754
215 2063
266 308
235 2944
209 1760
849 4564
104 2232
1000 4962
664 4784
645 2290
517 1058
986 4017
861 373
668 998
926 1751
776 4961
303 4512
318 1114
77 4169
540 3930
275 249
803 2583
711 2765
432 1364
296 4738
442 4792
523 3468
209 1063
875 658
135 848
601 4327
932 4575
204 1887
968 3037
132 2536
949 543
935 645
477 4934
470 1777
437 3815
865 2801
208 316
108 3347
326 4738
935 1584
615 145
716 2183
294 4934
60 566
220 4756
495 2709
844 648
371 953
696 255
585 2639
645 4639
423 4526
848 1063
170 2131
538 312
137 4169
354 905
63 2944
820 4118
763 3584
257 2958
986 1118
332 99
263 265
989 3109
908 1198
259 4990
66 3363
116 740
649 3418
193 169
883 1141
213 2070
822 3346
330 440
70 2021
765 4532
445 915
302 4542
516 795
572 3356
942 2889
885 2355
324 4008
460 671
193 2505
40 2034
931 2471
17 4531
156 3148
940 3230
508 4768
685 2186
179 2314
448 1455
694 693
781 3587
55 4907
607 3434
772 3767
943 616
905 2310
506 2564
908 3776
328 986
617 2846
460 3128
558 4188
623 4317
812 806
674 3087
264 2398
417 1216
466 3552
101 4851
376 626
647 860
915 4058
640 1638
134 4018
834 2672
13 3203
990 1199
149 354
427 3745
3 1468
772 747
371 4604
579 581
820 3676
233 4145
703 2862
544 4266
609 4661
254 4433
159 1163
768 4425
627 1039
346 760
14 4222
275 2277
3 3804
359 3439
278 3514
198 3979
878 3509
810 2557
96 2985
433 2570
495 1233
770 943
465 307
704 589
530 3442
869 2908
867 2044
65 373
26 2596
678 307
550 3276
961 2847
149 717
501 2337
969 227
74 4744
284 124
638 356
32 317
687 2234
776 1754
70 2760
813 4265
937 2116
355 943
379 3286
776 4908
812 2350
222 1087
182 4169
311 1839
202 620
296 2470
848 1226
495 1367
689 186
768 479
608 3230
38 3343
399 2302
3 4288
459 892
710 474
911 4665
593 3107
172 4999
58 2948
161 2137
949 3644
150 1719
391 613
895 375
853 4579
175 1254
873 4036
580 4457
750 2882
822 4219
657 1671
175 436
815 4997
536 3596
878 1081
649 1258
616 3067
874 3591
389 3290
179 4234
535 3115
573 3370
342 4935
555 2010
192 1958
438 1196
145 3603
900 732
163 4411
294 693
772 3701
409 1663
398 4951
921 2777
57 2672
74 2087
745 4241
848 3467
441 4769
66 1445
78 516
458 1969
286 3434
50 2669
709 1322
984 3476
707 2673
499 2495
103 3727
924 1210
388 678
226 4063
59 1671
207 1569
496 1443
391 2144
565 1802
391 4130
334 3367
371 216
854 858
886 2796
323 1636
636 2096
536 2683
974 4306
850 4536
886 4193
201 2141
621 2498
958 3315
208 2854
192 2321
679 453
333 2031
854 2965
580 1908
117 3904
244 1464
672 2665
890 1841
913 1973
155 2560
251 807
798 3420
43 1824
210 540
648 4149
596 3959
121 2683
756 979
533 4842
874 705
555 2386
603 1639
434 2096
472 173
986 4824
76 2122
160 1069
903 588
684 1978
880 870
129 4614
76 1075
420 2871
950 1868
146 2568
373 2530
567 1578
971 4142
926 2679
537 1177
332 1940
282 4334
695 1763
393 1398
942 2394
188 1932
658 649
754 2343
981 1339
647 4203
532 2001
320 3808
800 3213
521 3798
614 1811
554 1760
616 2638
435 82
782 3573
935 2391
226 1177
852 2622
415 1830
613 125
800 4381
984 1987
370 367
387 1768
249 4278
562 2523
679 1876
722 297
796 246
226 2574
917 4148
461 3639
20 3408
773 4140
639 3911
418 3683
2 2307
683 2934
268 4641
894 3154
765 3003
484 775
336 4812
418 4851
320 4050
561 2944
251 4216
573 2015
471 18
966 1946
468 4150
862 3286
511 4520
879 2701
633 3463
962 2241
538 193
931 4325
752 4094
57 3532
962 1423
525 3408
305 372
711 794
251 3519
724 1487
355 3347
97 2557
508 1374
735 370
179 906
848 2462
337 1492
870 3941
501 3586
38 4579
298 1500
219 2439
222 4659
586 3364
940 4387
466 2023
560 904
446 4000
98 2270
818 4811
153 4128
330 2778
216 1444
801 2134
114 3153
621 4647
36 3728
103 4950
17 1271
58 3258
522 1901
9 3073
95 4308
678 4363
263 1677
328 1806
79 4714
575 2437
776 4413
29 4893
891 4134
82 2275
54 227
950 4943
939 2081
200 695
47 187
759 164
547 510
41 1870
625 3318
931 621
39 4160
758 1632
620 2156
943 3075
795 4897
862 3675
289 4042
459 518
908 3791
481 4212
292 526
817 1165
273 247
271 3621
312 2161
164 1014
666 2164
571 1109
41 2112
643 4661
218 1479
340 947
83 3277
1000 2683
353 3101
561 1818
538 2100
956 2613
209 878
36 3057
982 3955
715 3574
457 835
689 4376
859 4787
224 75
353 1946
170 4979
445 4918
863 476
2 4577
869 2213
912 2583
934 2342
180 2634
297 3219
288 4153
964 6
413 2118
380 1941
55 158
63 544
462 2239
30 4531
525 2295
476 3571
789 1587
534 2529
701 1474
250 3753
681 1236
249 1313
300 4513
324 669
692 836
279 3178
287 3002
745 1665
540 967
27 3600
673 1496
588 3115
20 3597
240 3600
133 3474
298 3541
227 4829
132 4003
385 4183
149 3418
672 1244
285 4016
634 4924
417 2186
49 1790
641 3651
243 2787
778 3131
905 2943
517 323
534 3939
152 1393
570 1906
332 4707
654 328
874 560
928 796
645 1676
416 2607
851 1781
295 4532
472 967
515 3552
69 3960
781 490
623 870
239 2156
581 3354
73 4604
862 2549
177 231
175 1619
973 3814
997 1956
202 1227
551 2135
988 4122
164 2921
145 2679
456 4261
275 4186
781 2597
855 560
309 2787
744 2449
740 987
831 1142
578 4897
836 1220
328 4197
457 4836
77 2400
612 1512
460 4353
842 4418
965 4754
356 997
27 4205
299 2449
662 2501
605 1738
63 2209
803 1982
283 1458
666 3145
220 3324
289 943
772 1851
844 1202
556 2492
943 686
857 3386
437 60
511 763
932 2
830 4421
390 473
479 3440
942 1215
969 3304
263 4081
268 1944
746 2737
519 3512
81 3286
886 3390
31 661
461 4446
65 3692
111 4333
140 3048
608 3153
897 3027
16 3278
81 3636
728 1003
310 1015
614 3907
208 3219
125 3679
349 189
970 536
612 828
942 1457
231 1365
217 2221
324 132
84 4092
810 4721
151 1601
505 4085
766 1645
287 1418
591 4273
520 4100
977 818
232 2650
741 4971
872 1290
144 2766
672 936
574 3811
651 4031
608 1180
828 3398
150 3520
843 1757
566 954
414 3795
266 2648
775 310
821 3395
602 2045
633 3344
591 3347
815 611
541 1540
892 3046
462 3233
697 4039
265 4116
25 2414
212 3701
491 2887
231 3714
1000 2993
79 4111
733 434
782 4985
479 2998
751 1242
91 2135
268 3717
839 4738
261 560
612 3298
918 3341
453 4931
302 103
472 780
759 4220
878 4171
613 490
964 1242
895 1371
711 796
934 2531
118 3894
944 1529
923 652
68 4073
911 1352
465 2955
953 1726
63 962
818 3753
980 4340
988 4164
18 1219
833 4815
535 1186
492 4522
526 1366
774 3188
636 2958
868 2298
195 3481
307 2490
353 391
722 1951
94 4597
66 4764
317 4117
501 1723
57 2500
619 3435
727 1019
422 2369
293 2447
905 1025
289 756
270 4715
913 2835
875 4529
999 394
792 2316
962 741
461 984
73 2565
606 1079
246 4708
55 2925
175 4010
350 335
692 3253
485 3943
46 4539
951 4416
235 2748
429 3782
355 3604
936 3061
117 1975
306 2399
712 1626
569 1052
708 2150
159 925
364 4326
124 4085
998 2663
683 1568
325 1860
213 1390
600 1570
267 1626
290 3973
383 525
80 4688
725 3672
138 4141
766 1458
778 4730
859 225
878 2453
373 2695
846 3144
958 1399
431 2407
102 1414
193 4979
40 2522
644 3454
808 3562
346 993
952 4186
135 3698
212 1178
673 2290
504 3272
767 3911
905 4784
960 290
435 139
295 1822
949 131
730 996
50 3452
293 2944
349 1533
505 1817
262 2584
425 3514
578 80
672 4145
216 3111
805 473
254 4800
662 1885
71 3403
40 1838
157 2423
974 2416
595 1831
789 2865
961 4140
37 3755
507 3704
176 4099
648 3414
451 4038
795 2121
855 4387
640 2247
432 1315
155 3932
740 4585
559 2524
777 3915
347 1887
214 2260
418 1767
348 799
478 91
448 1380
448 3366
601 2413
778 3241
840 2924
293 45
861 795
19 2960
184 3293
335 456
579 1082
589 2524
701 2765
123 802
995 2946
949 4816
233 2660
778 2194
582 1087
881 3864
730 1480
573 1267
130 1192
815 1029
569 1791
116 3243
868 2124
200 3651
312 2660
699 854
788 374
191 4356
733 1670
521 30
180 3938
144 2029
116 4182
630 4403
38 2542
764 956
500 4293
763 731
104 1849
665 2145
787 3074
67 2196
217 1497
19 987
49 3310
992 1493
725 3364
453 2905
666 3952
590 2910
48 641
777 3002
987 331
481 3906
904 2777
140 3613
143 3093
177 2448
416 2730
533 1329
729 2961
88 4591
217 800
103 698
330 3895
316 3960
913 1735
290 524
696 3952
849 1979
630 3598
960 1258
917 4594
456 3216
879 4302
629 4127
457 408
68 1350
432 4256
482 1633
654 693
468 274
946 2262
58 1342
438 3549
739 4709
751 4009
54 4835
835 2202
852 2600
609 4599
609 398
604 54
521 2271
77 537
295 2682
52 4910
241 1399
900 2038
65 4620
34 1106
882 2398
484 3786
35 247
29 4145
831 1386
72 4515
701 1276
780 3555
489 2854
237 1815
519 2696
462 2162
217 4317
542 1633
614 984
664 347
445 3915
994 2962
433 2400
882 3687
799 3918
474 2172
809 3145
277 1069
979 2573
53 3576
170 2929
404 2867
980 3966
539 288
219 81
721 3446
254 2519
374 3109
909 6
327 2997
512 3982
82 722
954 651
429 1998
917 4970
399 1072
975 2696
207 2299
128 1777
312 2352
348 3995
446 366
671 4914
831 4903
955 243
844 641
892 2109
954 772
828 2353
260 849
86 733
299 1780
679 4216
887 4165
983 2641
439 1531
143 2664
292 20
469 1373
823 1642
761 498
182 1316
731 363
999 3295
379 1601
453 1550
384 3931
580 1362
247 2879
343 1126
23 1673
231 1851
888 4861
313 2186
526 3233
660 4216
189 164
672 3287
111 4940
328 508
291 3824
143 2677
765 4646
209 2479
161 1270
823 1884
355 1486
68 4196
133 390
518 2712
122 1692
757 742
684 1661
622 783
491 1266
181 286
499 1615
222 583
959 4754
200 3948
890 4920
656 4753
384 4294
992 4702
552 1397
333 3016
699 4305
654 627
308 219
306 1341
829 3368
503 1626
231 3153
670 342
699 1272
618 4353
527 3969
156 3504
868 1495
773 440
599 3027
500 4482
919 3648
563 337
898 4757
24 3735
760 4823
218 2517
572 571
496 3959
214 2812
372 2203
179 4548
88 1397
535 625
951 3721
232 2573
190 4562
819 3309
772 982
966 1750
757 3562
968 1567
118 3346
658 2573
867 2158
122 3236
469 836
805 4663
717 120
185 4689
761 3344
647 4491
819 3551
740 252
569 370
550 128
808 652
694 3519
623 606
504 3395
530 415
787 485
131 1312
936 285
649 2995
260 1722
927 2451
108 133
228 4399
531 7
830 2518
338 2581
114 850
76 2315
602 2102
922 1289
337 141
963 1815
144 2944
517 1011
804 4451
379 1535
635 1232
17 2351
275 660
836 727
352 2600
880 16
319 4638
608 4512
583 3930
459 4389
273 735
923 4789
159 1424
422 2292
976 1646
556 3046
143 625
769 4322
41 385
990 4964
765 4351
350 4109
704 4341
303 1782
604 2942
685 1884
922 3517
996 3466
361 2955
261 1556
818 4628
114 4246
181 3253
225 3296
197 753
852 1179
892 83
38 437
141 858
686 3361
629 4813
145 1502
819 4156
694 512
300 4759
42 2020
732 2201
675 3882
530 1020
772 2768
402 3723
451 3356
543 4113
469 3898
85 4955
424 4421
759 210
151 2276
674 2088
47 3387
262 1097
948 4283
637 4421
848 2884
604 2029
989 4580
953 1917
770 4950
735 4175
85 4847
633 3898
927 1901
46 166
207 757
912 280
528 1337
378 346
813 3721
629 3900
687 3316
678 3267
344 1930
853 4022
304 582
739 4940
966 1684
911 1785
100 4724
764 4475
834 2962
130 4832
149 2859
744 1756
3 1758
174 4794
578 3157
41 1003
729 3555
820 2919
775 3442
30 3059
143 196
721 4145
394 1535
23 3285
630 3734
438 2975
870 417
106 4222
200 3332
921 3617
331 139
974 4675
532 2344
129 2405
41 4507
108 67
789 4895
558 4733
16 4450
680 3676
802 929
604 2634
64 963
199 599
273 548
691 1061
592 4731
308 542
561 722
402 2126
962 4449
927 4842
308 663
366 4051
588 717
89 4002
723 4554
232 3004
163 1184
741 2881
768 2755
415 3125
769 2162
299 964
717 1477
426 776
219 2661
197 687
45 3299
36 1264
457 3472
519 4121
243 4940
346 3641
291 3705
685 3107
551 663
337 3821
265 2255
485 309
402 2489
238 846
292 3297
125 905
672 1303
646 4283
210 2669
893 1945
788 202
339 110
956 4216
811 2549
401 436
217 2601
982 4619
239 2094
82 2376
469 341
504 793
609 92
994 4858
903 273
600 272
417 3534
28 2032
392 4938
399 1679
220 4188
426 2078
639 3354
307 629
735 3062
962 4007
179 3369
325 683
705 2890
791 1910
407 2967
765 4661
133 1681
107 4661
439 3185
936 3991
454 4476
797 4061
214 3740
787 1158
277 4025
158 2384
528 1163
560 3596
942 214
967 981
321 2267
56 1289
899 4718
687 4310
632 173
705 917
639 4764
390 1579
930 1035
121 2623
131 830
7 3275
688 1916
511 3037
984 2732
51 4742
796 1449
994 1730
373 363
507 3332
562 1053
786 2747
130 3611
61 3740
62 2393
62 4379
141 2457
29 4202
507 299
577 3741
538 3032
192 409
151 2357
909 3204
396 1636
40 540
492 1869
263 2046
15 2173
323 74
87 4035
1 1780
357 3630
131 3287
888 1051
339 2004
62 1238
113 2452
476 2275
309 3330
930 2445
178 4567
692 587
704 1644
36 1185
154 1177
747 1462
284 4441
158 4036
48 1424
857 1593
197 4930
629 1177
539 4667
608 2286
978 3051
692 708
232 4924
730 4383
164 3706
981 3736
69 4637
162 664
709 3277
430 4616
662 950
183 952
997 1465
892 4152
30 444
885 995
667 2987
457 962
453 3701
95 3993
4 199
47 798
791 3696
378 4052
101 3249
137 728
121 2181
14 3775
93 2082
597 3867
275 1601
127 3652
436 4407
732 1022
544 3940
377 565
378 1958
985 2636
424 4289
227 4943
705 1535
777 2872
858 3763
679 4286
746 3293
75 1139
372 608
876 2356
635 1247
783 2128
356 3781
953 3771
32 3132
407 2780
221 3593
589 4514
933 4287
157 3837
809 4517
45 3367
409 2826
753 4356
176 1312
955 555
834 265
171 2136
61 278
465 4303
924 2373
230 4931
910 4461
765 3777
968 201
567 1089
713 3358
563 2367
413 4823
523 2968
595 2319
292 332
586 4485
539 3178
391 4246
795 4824
392 684
523 1921
879 1031
662 2494
189 2570
187 1972
567 3425
749 921
74 3263
812 748
182 581
539 3299
926 3479
683 1277
113 2144
247 4359
235 821
720 4542
820 1511
904 2902
140 3967
396 1449
69 3269
205 4887
676 3718
488 220
853 2856
8 2801
787 4488
766 1396
136 1229
957 2684
261 4378
63 2444
574 179
432 998
838 225
531 977
961 4762
665 1465
725 1516
317 230
936 2194
468 628
509 400
275 233
92 4434
777 107
85 1011
601 2096
484 528
342 3562
421 4609
791 3388
770 4497
219 4394
928 1407
579 4148
963 3616
789 1514
610 51
161 1945
238 3626
752 1861
716 2167
296 1581
291 3223
569 2642
722 1460
577 2762
816 2290
1000 2865
544 4800
936 1160
341 3165
779 4330
987 3276
135 2013
897 121
217 2348
642 1063
991 951
497 416
686 3055
212 4862
530 1761
633 2411
550 2642
696 252
430 3745
799 4285
217 3637
131 3597
279 2300
125 4048
605 484
113 547
853 4521
144 1846
123 2955
730 3633
162 4115
881 3802
470 2016
929 4516
554 3178
292 3407
464 4682
846 546
868 76
240 4708
985 1415
878 1023
884 4221
755 2121
354 3009
861 36
914 4100
520 2483
802 1415
610 4857
422 2591
78 4767
19 925
677 602
556 83
657 1855
156 2327
832 624
558 4293
651 2306
665 2204
644 3313
675 2663
76 1809
879 4119
232 4308
729 913
450 1498
935 3233
546 3421
892 382
104 861
274 3487
9 4007
217 738
291 687
394 3552
443 1495
556 3587
804 454
79 3662
203 1742
466 2610
5 1232
657 3144
822 1491
834 4763
610 1837
168 472
520 2846
291 3023
360 2628
695 2847
416 1971
311 1689
830 39
61 3500
804 2790
267 3605
437 3491
997 4353
74 177
867 2028
29 700
113 2091
44 4435
166 3149
188 4894
608 4019
446 988
36 3039
695 1692
302 3158
395 1925
128 3796
74 4728
840 97
633 4197
65 2693
294 301
775 4546
405 3552
374 3973
761 4382
267 3847
299 1813
650 350
171 352
327 2814
873 1563
439 2503
802 865
898 2788
432 1066
225 3971
903 651
381 4218
656 2208
938 2860
893 1397
158 3917
812 2226
447 1576
507 3805
770 4444
140 4277
646 473
924 3864
657 3749
762 3802
434 3448
398 3525
539 1286
427 4226
203 1071
271 3161
338 4908
777 1343
873 1805
665 2822
317 3802
766 2874
549 2876
280 3920
330 1297
953 485
249 140
696 3569
739 1990
890 4603
838 1932
315 3877
339 2248
201 2809
420 1190
833 3574
694 3644
219 4583
809 4385
747 538
234 1939
907 2476
764 707
695 4283
545 1306
868 1996
837 431
565 2712
716 4342
821 194
392 1478
571 1709
139 1557
510 1470
917 1070
258 202
557 269
524 2307
622 1647
197 1912
792 1304
770 1545
59 258
919 3102
654 1599
258 1370
905 952
822 1183
677 536
713 2179
362 1198
508 4699
542 2068
937 2826
641 1781
405 1016
42 964
131 3665
922 2474
940 1067
811 391
592 3996
549 1145
191 1437
540 3540
528 2025
968 311
422 2538
556 3521
625 1140
797 1661
854 2949
893 4338
117 1673
607 1500
822 3411
908 2431
727 4342
80 4494
902 896
857 1153
858 4236
588 2197
378 1155
814 3937
380 2662
297 2893
311 2562
135 350
113 4240
618 211
341 3609
177 468
827 1782
225 1448
440 1107
326 39
16 3260
410 4611
322 334
549 1508
82 4782
586 3790
178 60
983 3197
592 3083
906 4411
551 4479
418 4364
788 1911
430 2203
602 4939
621 751
292 1744
321 4431
516 4606
633 990
874 4085
414 4595
701 3605
138 230
680 4485
196 2157
473 2694
679 584
267 3794
146 3733
934 4486
918 48
532 4442
516 3680
578 2114
314 4219
904 3267
236 2350
134 2568
611 3459
659 238
801 3031
364 4979
45 4216
769 4247
616 4971
363 2576
287 3978
740 4512
280 2807
517 10
556 1924
34 4737
134 474
628 780
862 947
46 3808
710 3559
414 4729
839 1229
462 3457
362 4044
551 762
952 1106
336 608
103 3524
698 1455
765 2182
959 3216
437 1828
781 177
282 2479
753 4279
901 2228
291 3696
685 2869
893 1586
760 4440
689 3742
728 4636
843 947
455 542
417 2236
831 1058
339 101
46 1017
581 129
435 563
150 3060
458 961
267 2184
155 960
716 1256
888 4746
206 1908
736 4877
722 2993
190 1146
33 3414
568 4741
898 2172
459 1078
725 1197
838 845
213 3008
724 1726
825 1549
615 2722
429 3535
74 3307
856 2296
963 961
206 753
147 3556
250 3011
191 1613
874 2838
996 1781
473 4480
230 2773
896 382
199 3194
534 3184
775 4064
403 2435
685 1367
410 3148
511 3954
134 2018
824 2199
636 4134
510 3995
116 2378
455 1844
641 3017
117 802
289 4026
958 1152
920 631
942 3359
333 1854
398 4198
88 1269
709 1845
272 1844
554 2725
590 2153
777 2245
505 3772
906 1901
133 3900
157 4257
389 3597
537 4249
246 1562
607 2736
160 2047
594 3965
716 2679
268 4209
714 3249
661 1925
295 3790
205 3079
31 4912
295 2743
503 4907
558 1396
401 695
802 1793
695 647
550 4430
827 1032
827 3018
667 3554
851 1160
546 4954
400 1224
902 2374
902 4360
324 4383
326 4658
684 2151
295 2864
689 51
620 2395
969 4535
969 2320
177 1825
428 1407
784 4489
440 2464
154 121
603 3919
422 3090
305 290
11 2058
852 2674
812 3504
134 408
223 3109
452 717
749 186
924 4913
24 2936
405 1810
87 1006
319 80
248 3812
907 250
910 1982
449 1587
167 3106
67 3922
79 778
108 4448
39 1608
727 1982
541 4744
291 2583
523 1657
127 3643
605 1238
508 1534
138 2526
754 4744
592 4911
480 1997
48 3535
371 778
431 792
463 3225
310 2717
798 3740
514 1995
28 4990
365 1377
807 261
865 1929
175 3468
223 210
421 3874
779 1367
13 3820
293 161
604 1780
946 4927
927 2699
815 2192
813 3351
780 3403
307 3479
642 1254
839 3754
149 1321
283 1550
746 3297
730 2535
74 918
320 156
698 1536
777 1829
285 1101
130 32
47 4427
45 1385
134 3120
511 4827
366 3426
533 156
371 94
713 1255
527 1802
854 736
621 3652
158 2430
934 3883
349 978
650 2138
686 2549
713 2423
797 2831
52 462
38 2550
733 1089
196 3890
115 4719
911 1886
221 4886
37 864
21 4532
463 4648
35 1986
468 1316
851 2020
763 1907
436 1512
147 3624
790 3959
934 3186
576 3478
160 2102
946 42
113 2027
106 819
981 4466
315 4605
876 737
981 2251
528 3437
273 4379
575 745
36 4143
769 1550
316 4197
139 1117
966 1798
185 1004
331 1287
458 2331
19 1466
29 4140
406 3861
672 570
742 3258
53 3679
940 2721
138 1279
30 4220
888 2265
991 2915
351 111
232 2634
803 1403
605 930
965 2899
344 2286
510 3258
940 856
728 2168
468 3786
143 1249
318 55
903 2923
44 1472
603 2927
909 4431
124 4390
689 3610
911 2262
183 2984
374 2286
410 1714
494 661
466 3043
362 2168
780 1927
653 425
688 4324
109 2927
899 831
929 4386
163 3392
548 2479
732 3054
293 4175
482 2125
313 3107
149 1952
957 2354
672 3161
512 957
733 3814
203 3585
134 3751
569 2659
856 1935
350 4278
696 485
954 780
198 4409
43 334
700 604
392 259
777 2810
610 189
357 1958
214 3370
391 4989
637 2012
287 4114
748 3277
877 947
161 1265
634 1714
332 2544
604 788
514 2292
409 549
221 4699
293 4538
513 606
281 1037
260 160
103 3889
337 1841
358 2718
78 3832
630 2359
910 198
662 96
156 2210
961 1183
689 4925
667 965
362 2315
307 393
250 4060
331 750
174 278
136 3958
929 1608
884 2131
278 4536
672 2477
641 912
157 2031
477 3204
217 621
591 1505
866 212
313 3712
253 3432
67 2259
485 557
130 4759
906 4226
646 1377
565 2206
477 1339
790 1570
10 4842
404 2783
192 4590
385 60
899 4711
61 1397
403 343
485 2893
366 2676
132 3263
682 3141
92 1915
593 4826
178 2332
953 4314
405 4482
513 4015
74 4611
292 4016
910 682
660 4708
283 3967
486 354
138 1105
249 4319
774 4958
901 4016
106 4270
754 4720
658 4783
947 456
305 3204
759 4835
303 2340
148 480
247 230
462 2104
530 518
7 2463
893 4542
678 2631
462 3272
718 983
52 893
907 3622
814 1216
93 2880
544 1355
622 2214
288 3092
179 3859
588 1812
151 1774
736 478
990 1563
916 3563
916 3334
336 773
401 1168
38 1116
812 4674
528 2929
742 185
845 3804
821 1232
868 1
214 1197
606 2741
945 2170
453 3465
33 893
475 1992
587 18
879 1587
342 1648
440 2937
999 2406
708 1476
291 2585
487 2231
241 778
591 3291
362 21
40 4171
847 3742
881 4787
711 1895
838 3922
824 3987
743 881
710 704
247 714
44 2600
427 3533
404 4340
775 1772
68 1910
971 1418
539 3747
759 1010
409 1651
538 3522
586 4465
467 838
135 99
947 14
482 3590
76 4888
845 3938
48 2840
98 217
717 720
65 2026
897 3805
61 3304
656 481
260 4416
738 2994
294 1031
454 3006
581 78
586 2371
861 2081
52 4423
77 3662
937 844
156 2265
615 564
744 2435
624 798
328 3954
863 1080
944 776
367 1667
933 4293
342 1085
879 795
157 3254
671 1031
645 4011
600 562
34 1908
586 398
286 631
901 2890
612 801
856 1427
966 3773
68 2394
854 3303
675 2843
580 4003
332 3901
953 47
502 4312
171 277
596 1732
461 3493
588 4766
202 2515
694 4374
191 1804
696 4420
8 1868
209 4073
125 1221
84 2092
698 36
82 3739
433 290
940 3770
940 1555
346 3260
943 1035
296 3439
175 1163
495 121
335 2118
684 1040
393 2325
848 1148
461 2688
922 868
206 3401
426 1455
529 4320
653 4615
214 3225
319 3278
659 1397
201 4720
239 2760
908 1872
350 1810
481 78
18 3057
859 3902
599 299
888 2159
41 3684
507 4911
765 3220
1 2070
104 1525
680 409
790 2230
764 1571
588 3035
794 3140
238 2922
288 1053
453 2581
620 3512
482 1067
950 1172
277 2126
230 4266
168 1136
288 4207
978 4388
611 2645
750 3972
516 1590
767 3158
985 2563
937 3569
522 2573
789 702
400 3630
859 4144
838 823
370 489
342 4857
517 3397
6 441
645 3582
591 2528
431 849
936 1516
401 2175
582 1018
342 2992
884 3046
510 361
338 1826
116 959
675 428
83 553
800 1591
265 2250
820 2243
407 613
949 4868
522 2815
916 490
324 2830
425 2882
850 2351
237 3585
206 4006
238 4224
326 4862
269 4291
613 3872
660 3395
445 3241
355 4745
195 2312
145 2720
859 77
95 913
795 4522
210 1617
412 4232
479 3239
601 492
322 3292
912 2303
661 506
1 3614
343 3580
702 1712
162 41
716 1381
831 136
492 2656
560 316
479 1145
126 1515
237 565
371 1319
90 3026
816 915
938 4584
552 2791
63 4586
10 293
540 1276
786 2729
285 4662
887 566
120 690
944 2120
665 4425
642 4936
217 4006
580 1843
110 2860
158 2608
741 4649
562 4418
80 473
885 3647
437 222
748 4810
440 4428
315 2447
746 4885
283 2909
460 327
975 278
943 969
385 4613
479 1508
744 2974
632 2504
384 4654
420 2096
504 1043
221 4367
536 3210
474 117
453 3441
129 2563
513 4017
468 4769
120 1282
913 2150
517 4136
469 3156
954 4891
935 448
885 856
804 3146
556 1620
347 692
27 1239
8 997
297 871
906 2376
336 2748
386 2111
112 1054
482 1819
633 4203
619 4268
51 2535
830 2502
288 758
981 456
525 176
755 638
507 2751
545 2225
956 1796
999 2166
885 1098
295 4036
749 3452
219 2469
164 4519
947 1747
535 756
268 2590
734 1868
768 4899
78 2466
133 2173
387 3221
449 4624
223 4052
250 479
251 1347
48 264
373 3996
689 2741
369 1073
448 1366
938 1001
678 3814
354 3165
573 85
977 175
836 724
104 4976
723 295
2 4699
599 4689
513 1239
86 906
254 490
312 4861
825 1245
866 3986
637 4163
895 2701
229 2648
549 1835
203 3413
72 4125
760 69
450 1304
737 4744
11 2654
651 1294
520 316
387 201
340 4815
954 19
61 970
754 897
912 2008
616 963
399 2426
335 2899
820 2419
211 914
520 4638
351 2880
499 1546
579 2478
610 2582
450 378
118 3840
350 1194
111 3127
150 4058
386 622
69 2901
967 2065
857 4408
843 80
600 2308
440 3073
744 1498
675 1664
680 3994
804 1549
797 607
621 4811
504 3997
445 4356
534 1136
849 4180
441 2894
417 93
162 1264
200 1556
857 4529
430 4987
779 4875
13 912
245 4416
799 1555
140 458
938 2653
821 4054
647 1952
976 730
381 2735
892 1490
263 1962
698 1890
309 4064
452 171
589 671
403 1447
112 517
555 4470
538 625
863 4357
412 2435
412 4421
54 4713
317 3366
804 744
957 1740
833 4185
377 3151
394 580
895 2848
390 3844
467 3310
460 2368
307 1860
147 1871
933 336
707 1979
645 3087
257 4897
491 405
18 710
721 1096
716 2738
13 1275
562 2271
448 937
964 36
193 4094
597 279
385 2574
54 2740
494 760
960 3485
884 4887
70 4899
940 1786
960 2438
60 2410
421 403
727 1907
641 177
448 2226
126 4161
680 1337
102 1360
544 2459
731 4766
855 2092
485 1098
440 3799
51 3758
557 2169
527 1472
513 2328
258 3270
846 3440
104 4789
159 2510
68 665
477 2819
136 2526
791 4672
15 2236
596 3
799 1823
556 3085
549 4092
699 4854
893 3673
807 2172
476 352
450 1117
128 1066
988 2863
895 4621
476 2688
132 2649
636 1657
116 4102
181 30
163 3396
108 3460
309 4911
229 2932
12 2180
427 207
41 666
228 4693
216 1192
257 3179
990 586
973 353
221 2475
427 2314
165 3068
724 2766
691 145
663 4513
601 1649
102 4180
513 3522
702 1472
242 3931
20 2835
130 1246
803 1783
887 205
28 3184
682 1493
986 2399
518 3048
933 1075
284 666
348 2142
542 3176
356 3952
378 4236
139 1739
99 620
756 661
1000 3465
637 3413
924 4409
781 2640
866 4175
428 4178
441 3888
391 95
983 1727
181 285
146 2250
939 1132
230 443
194 749
548 3196
935 4396
959 552
804 2664
986 426
919 3405
253 1329
5 3442
822 3701
213 2196
880 4874
586 2441
209 505
386 4073
983 4063
687 1032
919 2587
738 2017
633 1735
746 3598
216 400
622 1842
20 4366
598 1862
278 2446
178 3262
279 1853
711 3496
100 1622
160 175
865 1196
244 583
328 1220
617 3080
92 980
763 919
479 3375
866 108
692 221
846 4071
518 4471
771 1682
394 3681
860 3188
557 1164
600 3786
507 3558
400 3203
787 3612
379 111
198 3971
370 4492
332 1985
203 4086
325 1043
361 4672
297 3196
984 4126
435 1174
529 4256
949 3381
78 4320
214 3161
675 2095
293 3979
439 1330
597 2670
831 4823
146 4720
841 3030
8 60
223 3920
364 1644
231 1300
948 2375
853 1054
59 1984
647 168
191 4089
996 56
60 4572
932 4501
820 2045
510 1102
181 4044
57 4503
559 3438
588 1924
366 828
345 4906
753 1762
627 3609
881 4657
788 1985
43 1077
16 4852
398 4688
735 1341
513 1228
134 4844
668 1516
556 3032
542 2868
294 780
559 68
495 2756
870 1650
168 2132
138 1472
439 2632
83 1536
149 3287
739 120
584 1000
274 2235
458 4042
489 3392
353 2299
655 4327
533 1183
724 2700
758 1301
472 2930
704 4219
788 1409
325 1419
27 3711
50 4863
320 4458
215 4930
719 4692
337 1658
58 4229
992 1589
718 2518
949 724
594 496
671 2177
628 1312
69 4997
98 1497
301 136
865 1935
429 4751
116 90
489 4802
881 1650
36 1558
404 493
533 2364
309 2885
266 2249
278 3306
498 1323
864 3403
602 3632
795 3532
915 3863
605 4869
149 4589
400 4171
892 2418
520 2546
616 268
404 4815
51 230
952 1651
386 4946
267 1548
284 2949
121 447
31 3671
824 1092
20 1038
237 1561
376 673
670 2840
200 1908
380 4764
956 2416
710 963
753 1562
632 1272
943 3120
878 2496
607 2676
557 3084
402 3964
424 3494
895 864
356 2047
923 4346
766 3608
201 2375
54 2621
967 107
330 3199
956 4644
132 1228
386 2276
761 1170
628 4024
506 651
817 284
157 1406
852 2722
403 4845
327 4032
800 2266
31 772
772 4190
770 1340
448 3046
769 4121
303 184
215 4501
160 364
683 819
624 1407
177 718
865 338
367 4262
678 3858
678 1643
812 4612
55 203
927 398
163 1988
932 476
173 4625
970 768
398 313
217 238
512 1058
856 2854
386 424
410 2996
609 4145
662 2988
622 2394
700 4677
466 834
1000 4151
936 2446
745 663
545 4510
137 3224
455 3799
508 4857
890 1512
663 2287
477 1077
2 326
633 3576
161 4520
999 1418
670 2182
904 134
829 4390
421 660
517 2583
753 1133
376 1412
452 1959
168 2429
594 4752
802 3506
363 4102
332 4523
211 2018
703 4695
250 4161
823 825
773 3219
253 3412
36 4875
377 2953
516 4051
339 4418
984 3402
70 2244
385 3302
894 2691
171 4053
267 2529
559 3640
729 4280
803 4000
510 2701
252 2140
162 3415
871 4400
461 2250
867 4924
285 1270
92 3881
367 3820
613 843
645 4996
937 2889
252 4247
808 35
389 4518
738 959
552 1735
505 1660
691 4819
524 1673
238 1316
384 3356
463 3649
57 2732
172 1221
70 3425
882 2549
323 636
586 1504
751 1837
34 4182
856 4519
233 3079
964 2066
816 919
821 1788
822 2656
237 1737
528 4424
474 1155
71 1970
272 1960
88 1385
974 3198
657 3491
53 344
839 1024
488 2258
656 4057
308 2556
359 1326
474 1276
147 652
938 1905
155 513
537 1332
590 4605
225 3726
839 916
195 3029
322 2612
580 1150
284 105
104 2618
646 4658
942 1273
320 4902
857 2626
499 932
394 4851
567 4779
966 3027
919 4938
152 2056
84 3319
139 3514
474 3504
758 3034
751 2092
510 3198
331 3455
854 1281
543 4543
596 2154
838 1687
27 4626
256 4220
335 312
39 1482
536 2288
322 4022
577 599
293 840
626 4662
310 255
831 1684
325 1058
579 4321
672 3088
904 4377
802 2380
815 4039
415 4334
681 4490
356 492
120 481
786 76
13 1587
203 3633
124 2357
807 4565
812 4909
294 2768
994 4428
309 3571
966 128
926 995
291 484
776 4
838 2868
139 4816
753 4221
216 4282
746 1064
842 2987
603 3230
174 2070
313 1182
208 1654
414 3974
364 4116
18 1493
331 3939
422 1354
88 4218
152 1493
924 4453
593 418
207 2368
47 918
535 184
483 3929
108 4577
125 2006
206 911
400 1945
398 852
685 4329
669 3301
817 2004
903 1253
438 1419
500 2068
424 1255
219 1789
766 2187
642 4632
606 774
468 3284
750 1950
672 310
460 2117
997 4042
484 2474
56 2027
899 3470
522 2766
394 3483
104 2189
314 3719
749 678
518 1011
363 3352
938 550
418 4227
769 3518
915 2818
196 1670
729 4348
896 324
276 616
954 4466
646 149
219 4017
102 3203
931 2762
5 3499
70 2204
966 2490
155 3709
790 3725
413 1789
497 965
963 2421
605 1959
490 1743
152 3145
919 3812
496 740
193 702
521 2490
865 2300
390 3956
756 1081
133 4071
496 1908
900 2257
979 4536
528 2614
368 447
9 3254
586 754
536 3148
121 2906
966 517
542 2670
478 928
540 1577
985 4408
491 2853
711 4842
991 2910
320 2742
32 1521
219 3333
465 356
642 1975
241 1631
325 4254
910 2958
590 1519
232 1811
242 2270
370 469
36 1118
172 4685
851 4714
560 4013
961 910
964 4362
537 4783
683 4083
665 4968
415 4268
200 179
212 1465
38 2103
375 705
862 3038
786 2225
232 656
932 1525
839 3320
409 60
120 2401
531 1218
529 2340
479 533
759 2802
740 308
564 2563
874 3277
261 4740
371 3151
206 374
80 2184
911 163
24 74
125 2866
407 1532
116 831
553 832
357 1711
584 936
334 4208
477 1776
748 3259
208 1588
194 1653
994 282
932 4800
851 3909
825 244
202 3234
718 2104
14 3937
420 2410
676 2107
182 1306
101 4350
178 4045
455 4848
118 3765
668 3680
976 3796
98 1083
581 2220
206 845
605 4563
273 1838
378 2120
970 1012
430 3744
456 1959
705 3683
459 2230
8 1540
254 778
414 767
863 4269
670 2413
486 1838
809 3511
917 2290
220 3116
357 906
64 1556
90 562
480 3457
339 1495
554 3406
406 4703
497 4858
855 365
789 2226
369 3589
823 827
95 88
128 36
828 1659
810 2056
192 1189
385 3304
875 2185
190 4297
434 4923
757 2129
296 788
426 2295
252 4357
340 565
179 3586
153 2136
423 3946
275 850
223 4824
987 3759
629 3822
97 4190
489 779
750 3294
781 429
641 4290
574 2314
445 214
190 1385
326 1017
252 2034
936 946
155 2367
283 4767
405 4464
746 327
725 3651
56 4310
646 1372
205 1666
530 1197
287 3425
29 686
495 2142
385 284
918 4985
484 3710
549 4593
935 3582
962 975
640 2910
817 2314
32 287
37 1156
608 4126
369 1629
824 4653
411 54
471 859
591 3139
992 4237
990 1424
59 4069
568 4175
616 2674
943 854
829 3721
464 856
764 330
829 459
925 2382
147 2051
890 146
167 4955
492 3254
738 4478
466 1804
824 1283
722 1501
651 803
577 2574
996 986
177 2869
999 991
281 2697
212 123
934 3491
889 4243
626 1160
108 4203
261 244
999 2159
455 3264
307 3100
618 2733
34 467
247 3729
856 804
338 3847
209 993
819 3662
918 3375
367 3501
255 3031
346 4610
515 3399
406 4395
339 958
337 2346
103 4394
777 4833
937 355
720 3804
508 3396
208 3858
812 4790
686 2170
352 2590
797 4667
61 4104
398 720
232 3168
607 76
137 4099
531 1286
987 2283
620 4970
565 2819
728 3520
108 2580
822 1169
254 3866
118 4988
26 3184
79 4279
36 3643
870 2822
147 212
759 3220
81 4059
578 4865
512 4511
268 3656
978 1537
85 2488
23 1610
155 1012
587 1423
299 4403
638 3869
244 2252
403 4231
347 4336
932 4989
703 3934
880 2584
670 3528
687 2943
122 2905
877 2286
29 499
500 2299
290 4704
861 3473
802 2637
265 2661
829 2474
744 3827
424 2196
415 4820
790 1728
900 1896
153 3130
134 902
894 1822
149 3654
560 4457
668 4219
859 3292
186 1735
366 4591
267 613
415 511
239 4715
941 2018
39 1163
501 3180
950 791
580 1783
597 3413
795 1671
196 2840
540 2613
299 1504
111 2207
878 4594
644 226
280 2659
175 3131
571 916
490 1974
660 436
927 3409
724 3309
290 4020
99 3257
835 3591
350 2610
291 3198
131 994
223 3966
615 814
874 2206
43 1820
937 2262
59 2030
155 3953
169 1636
614 4238
41 4605
86 3853
774 1746
168 1936
830 4536
407 2218
109 575
978 987
714 4590
28 1404
298 3214
194 4554
159 3550
720 3846
33 2916
821 4423
229 4777
728 1226
391 4610
523 4500
581 3953
369 2047
911 2138
134 231
316 1403
247 1569
736 2514
687 1346
526 4367
89 4100
727 4128
278 1821
472 2855
117 412
497 4605
106 2468
94 953
36 4395
366 69
877 810
526 2044
629 3677
414 1574
459 3037
132 427
963 584
985 343
961 1972
835 2799
73 1015
544 2815
50 1297
48 433
476 3620
395 4678
653 4973
68 4054
647 4670
573 4455
994 284
619 2356
465 4104
143 3824
802 1282
67 1062
649 20
430 1410
920 483
825 3629
931 349
79 1301
248 844
34 1824
837 3868
183 1129
983 3922
673 4928
621 2294
423 323
698 2514
302 1494
432 4987
69 4935
886 4928
655 4507
189 1324
698 1467
703 1774
983 4043
312 3875
514 74
562 3003
481 4061
727 1121
54 4519
92 2825
417 4342
381 2433
83 3005
766 4230
984 3635
571 3991
874 1548
595 4348
576 2120
13 960
230 1712
481 2785
692 1248
208 2892
954 2187
998 3920
57 3891
361 4531
125 2305
108 2661
954 3584
856 80
498 4536
904 3763
889 1425
551 1366
687 2193
962 1903
617 4349
870 4300
918 1833
345 2200
921 3299
336 165
795 4880
943 2829
626 907
824 1151
784 4233
722 1140
302 1978
770 2083
49 108
133 4946
81 2504
697 4759
93 1575
370 163
198 1628
879 2255
249 4074
346 745
707 4134
879 3423
227 1282
356 3153
350 1618
713 3656
162 3782
551 1379
642 4944
81 2396
258 1800
681 1903
944 1310
517 3192
937 2317
956 381
333 3371
300 3194
682 1044
334 4010
933 2612
721 4419
895 2091
397 4295
294 2396
315 2684
554 4952
423 4203
724 3377
648 4550
405 628
864 3128
317 2501
384 1508
900 2327
196 2211
49 4672
276 928
320 2920
209 1103
209 3089
701 3551
47 2761
865 3659
163 4141
718 4134
458 4961
556 1857
808 4027
147 4281
833 1576
50 184
845 2633
576 3906
836 3042
655 1984
310 4918
179 4206
69 3580
741 940
908 1117
355 3385
360 3463
40 4047
986 4191
313 3388
213 4204
920 1585
856 4081
610 3382
140 4628
615 3460
890 3436
747 2862
740 3869
943 293
781 2446
700 4736
235 206
157 2767
594 3522
960 2862
872 2978
576 1933
884 4035
249 1538
421 2813
975 2167
113 711
452 2126
78 3871
560 942
90 4928
976 2806
244 2362
846 481
326 2697
224 4864
745 1072
700 3810
435 4818
686 199
686 2185
589 4733
613 889
659 2991
351 2875
746 3404
548 908
627 1992
245 907
546 2067
578 3002
442 4161
727 4559
758 3872
975 194
40 1377
508 2714
329 1251
14 2142
898 3394
299 2311
557 849
388 4046
443 1538
708 1018
833 4167
291 1898
831 1354
29 1669
762 1254
108 501
450 3877
713 2301
465 4414
816 965
723 4975
778 4645
859 140
303 1908
151 4254
703 795
517 1608
216 1616
959 3875
181 2561
487 4819
43 2856
569 162
240 3141
981 4573
527 4137
169 228
828 1850
278 4830
756 1193
147 3852
625 2430
582 1794
575 4824
650 1440
839 4345
539 4578
124 3316
697 2720
81 236
848 3118
982 1886
240 2215
463 1735
68 647
224 3146
989 2720
927 1088
734 3662
451 4771
654 1158
485 2140
115 1109
87 3262
832 1164
718 4068
630 1969
451 1509
590 4785
958 2737
309 4543
328 4556
137 1578
221 2215
413 170
506 886
244 3101
254 1574
51 720
395 1284
983 1454
663 2038
962 2563
36 3337
213 4956
440 1471
553 823
940 4009
69 481
910 3312
8 4443
501 1572
628 889
80 3235
613 3735
286 3340
900 2745
609 2044
55 4639
507 3982
722 1692
963 586
393 699
992 1287
369 2062
663 65
291 4623
616 1939
552 4398
223 3405
799 4504
684 124
161 83
711 4391
694 4747
181 3179
633 4737
765 2412
54 1125
787 1942
140 2360
881 1577
963 4090
959 4385
609 2286
784 597
123 851
577 3236
966 79
883 310
912 3226
542 4218
303 1721
368 4331
29 4865
777 3038
552 210
847 4265
656 533
155 2237
119 328
461 4229
349 3005
839 4855
541 3175
775 1127
482 1548
936 3741
468 4390
459 2584
947 1126
150 2014
587 554
548 4238
990 3159
342 1137
779 1892
512 3763
252 4361
226 962
329 151
313 3819
86 4594
363 1196
984 1543
612 3886
786 3773
963 3406
501 4055
656 1714
926 1538
260 3663
778 2606
136 924
951 4749
55 3968
299 4594
4 2956
575 3940
599 4297
442 2135
222 1866
27 1102
629 1961
140 4951
434 968
735 2128
146 2487
662 4767
779 4120
452 3725
567 1497
484 1728
307 634
948 4572
181 3676
566 4241
506 3961
91 4951
481 1164
221 2028
811 3025
632 3548
83 337
643 4875
55 4210
332 812
724 4305
51 533
524 2968
114 4790
293 2806
148 1405
590 2504
110 884
416 1156
600 4949
132 3612
581 506
481 3500
836 3728
54 3958
434 3196
790 4255
927 4526
757 173
686 3905
858 225
140 2160
49 2567
546 2619
665 584
107 1754
740 1401
710 3481
932 1342
911 1256
587 2327
363 4834
690 762
609 1857
17 1982
44 4788
82 879
596 1100
212 3618
95 2804
45 3212
843 3192
93 1711
547 4133
189 4159
990 1670
462 1285
964 4421
389 4190
821 171
380 4141
98 1008
724 4439
882 2810
627 2786
823 3664
950 3439
664 2853
5 3934
588 2040
545 3390
717 4665
619 1124
221 4727
70 2868
355 3266
47 3113
484 3151
634 3849
30 436
993 2210
582 1178
274 1062
945 1001
79 2284
974 3917
941 3740
549 772
908 3334
875 1171
503 1299
966 1060
744 193
397 2566
889 4260
677 2620
457 4337
868 1168
434 4619
136 2710
767 2284
710 1750
211 80
235 4638
502 2767
142 4447
207 4805
1000 4441
838 4150
251 4619
731 4024
788 2343
144 2012
1 1438
150 780
623 963
609 1065
194 4987
44 1781
481 3768
4 2877
429 3578
288 192
205 4853
379 3986
977 414
965 1114
366 2475
787 2239
694 3997
163 3809
531 3976
576 1009
178 4346
519 4410
672 3457
529 2883
639 3280
217 4045
938 3576
415 1320
480 4684
41 3065
923 4207
787 2360
933 2185
389 1304
349 4349
874 4988
559 1715
579 2596
400 3119
202 2609
417 4520
436 2547
135 1387
917 4806
702 2703
554 324
588 3584
261 974
969 4444
781 4918
31 1451
528 2486
891 2309
87 3009
235 2907
31 4834
308 3422
757 1033
701 3353
770 972
393 3237
26 1228
557 864
176 1438
274 2727
699 3428
785 728
365 4077
353 2791
26 410
958 4820
571 2196
951 3649
39 4550
801 672
37 4477
672 558
4 4300
890 2178
694 4252
384 3538
107 4721
186 813
320 1796
497 3186
333 4475
63 450
356 4607
776 1554
923 261
904 1968
334 1852
325 46
206 2569
371 2902
371 687
78 3323
71 4367
752 793
267 1798
905 1560
588 1624
536 1168
205 102
996 2092
187 4434
512 1750
897 100
981 4938
505 4191
508 1227
231 424
690 2924
564 4771
894 216
779 2215
393 4889
716 3327
609 3201
850 4081
511 4615
631 2731
853 1346
448 3512
176 875
64 2354
602 983
476 4779
127 195
546 3037
818 1281
286 4389
96 3740
683 3042
607 4444
795 65
552 78
1000 4146
325 2287
158 4096
178 2762
978 3340
742 589
896 9
610 2621
372 763
150 1882
661 4572
395 3635
735 1754
852 3093
318 2634
951 2281
576 2929
476 1759
168 1377
656 4844
434 3748
563 4387
425 3928
139 4059
383 255
257 3297
854 2055
496 1593
351 946
67 3173
261 4170
438 3345
706 4557
665 2304
341 3641
155 4454
336 1082
477 2253
652 3045
447 4562
92 1890
806 4680
66 2655
608 723
575 4747
293 1385
246 1539
251 3869
664 3513
716 1488
581 3515
747 2235
335 978
839 777
443 2763
184 4983
857 1319
531 4044
980 3641
12 2661
652 1072
280 3644
392 3885
908 2947
955 844
382 1211
376 3877
753 1383
646 3472
391 213
267 2658
556 546
387 2723
430 2127
416 3949
856 3467
649 3891
275 3192
333 1147
923 2181
1000 3825
458 3542
950 2018
322 500
456 463
169 2621
119 3029
52 1807
432 1274
977 3060
476 1088
746 2898
761 3435
514 4763
82 639
484 4066
534 1443
49 3616
406 1113
96 2156
617 1333
463 3081
907 4778
398 2457
112 2100
977 3073
569 3736
8 3211
130 693
161 4207
40 1931
726 4888
807 2332
258 1107
237 4431
638 2560
400 1456
253 4146
537 3676
146 1576
128 1936
155 4025
29 1405
247 581
801 4136
672 2036
980 2152
756 458
654 2396
814 399
110 3464
225 2219
730 4606
596 176
64 2530
108 2344
170 1007
897 4719
42 3976
558 2809
35 553
681 405
889 1108
557 2584
388 3795
999 1468
634 818
252 1948
854 821
861 2995
130 4210
481 4925
598 1309
272 4559
365 549
103 2535
177 1252
600 3341
665 23
329 4275
281 1080
728 3755
260 2189
891 1009
510 3798
364 2246
873 4375
185 1786
878 2238
141 3177
982 4547
51 2200
402 1491
840 1165
97 626
454 1129
762 3231
304 3585
202 1322
21 1247
544 3237
912 3404
198 2600
93 103
779 1828
729 2007
37 3177
775 4338
522 3929
823 888
608 1717
682 1666
948 4266
518 2992
711 152
554 434
165 3362
282 1961
176 4689
732 2426
418 2236
742 4282
570 3532
501 958
320 2603
693 1653
402 2901
465 4418
945 1608
119 3781
64 3845
944 2174
641 2136
589 1946
178 160
952 3984
152 2911
427 2850
900 1313
628 2840
134 4291
361 2496
405 4754
947 607
656 1892
685 2593
234 2657
93 2681
53 3548
595 1616
963 4752
194 3258
158 1386
901 676
674 219
159 2254
892 1610
362 627
625 3481
367 2957
487 4005
76 4205
957 1739
686 687
999 2904
971 1085
651 1669
752 1721
876 4002
289 233
977 1839
517 4298
460 3535
589 1959
955 3248
449 3376
645 2268
669 4840
516 168
722 502
890 2301
647 4529
331 122
520 3027
549 3728
330 2378
755 1847
388 4305
868 4942
855 4414
461 2568
53 528
863 1565
534 343
379 3438
594 3326
103 1288
46 2740
151 2756
579 3203
32 590
892 1973
752 2902
602 1911
182 3503
447 805
48 305
851 629
51 3986
249 2281
672 3138
985 3369
735 4884
185 2525
988 2620
179 2976
356 1589
275 4670
538 3323
27 367
434 4663
346 349
420 2284
984 4312
922 3434
294 1879
447 926
344 1242
421 3906
885 105
632 3860
309 1635
22 144
605 236
541 709
88 4147
915 2613
282 714
987 237
477 4336
164 1661
898 4137
208 3919
3 4453
894 460
428 3693
101 1312
271 1235
820 16
391 4040
747 935
363 3978
941 1703
321 1995
25 3919
312 2700
986 2385
538 3686
956 2213
884 4094
400 1766
274 3347
585 994
425 2991
511 4980
253 4456
578 3758
751 3686
763 771
665 2185
193 2604
869 3678
75 141
168 332
463 3633
737 2475
2 4995
500 2239
212 4990
652 1061
454 1305
894 823
185 4298
531 3925
903 1316
514 2295
529 3061
240 2958
954 86
828 3882
10 1678
225 3589
326 1951
197 3261
625 261
286 4767
458 1087
320 1611
320 1382
710 76
963 256
684 2827
73 4888
116 1323
145 4239
90 102
491 2661
494 4881
79 3885
29 4064
36 805
137 3597
137 1382
579 3713
749 4124
988 4406
955 4458
287 1326
997 3408
467 210
138 3418
475 4760
186 3903
2 110
829 4992
800 2076
623 2443
488 2484
87 1911
107 2792
167 857
470 2615
275 2376
22 1930
784 2253
197 2456
632 2384
229 1442
819 261
620 2266
186 3206
353 2151
262 2558
647 154
391 2443
19 585
526 4065
584 1791
80 1763
933 3894
965 4112
698 4293
23 182
926 3891
487 3026
253 644
800 3257
144 1640
682 4433
995 4893
940 793
136 2688
241 4956
272 2091
34 2677
929 2095
908 1218
218 771
686 2862
216 4145
743 2844
953 3620
667 4017
937 3612
89 1825
842 1803
267 4312
301 3142
62 645
807 3273
304 4379
555 3732
999 1228
749 4729
330 2567
523 481
476 2621
455 468
49 1766
713 763
893 4077
587 358
614 4662
655 2219
211 1010
121 2285
162 4272
279 3625
537 4149
230 4672
70 1007
920 423
405 997
959 2337
940 2095
890 517
632 3928
36 4806
633 4796
263 1816
755 63
679 3451
815 2063
999 4624
80 153
121 191
654 654
251 3684
306 1139
970 2351
658 3284
737 1362
40 2188
112 1539
948 1811
680 1996
712 487
233 3936
663 1534
661 4871
265 2656
511 3880
96 2884
120 1780
593 1475
696 2879
508 842
910 2579
299 4640
896 4630
533 4578
846 2823
207 2836
508 2010
945 4751
716 727
826 3110
521 259
600 552
225 1429
321 3123
498 2490
486 3190
313 2710
48 978
146 89
409 2943
598 4828
21 2538
310 4361
27 811
844 1070
648 4127
255 1429
932 99
164 2213
174 2672
967 93
562 2259
109 3711
135 2680
585 3411
225 2839
710 2359
245 3720
871 2950
587 3191
36 1102
407 1274
80 879
446 2434
786 3256
383 1856
193 3156
243 3273
81 4672
492 42
29 2267
743 3825
918 150
415 990
559 217
772 3479
786 933
197 4968
412 692
341 4195
106 127
95 3910
231 536
668 1328
36 2283
220 4844
949 4724
68 4975
491 877
151 1711
696 1282
102 2987
28 823
186 1180
12 4033
836 767
839 2499
154 4611
42 4141
195 182
417 3035
644 4209
866 646
483 4557
326 4839
560 2037
240 2584
961 920
35 1886
558 1927
354 885
104 4911
892 2
778 2115
958 2985
569 1712
357 4044
964 2507
367 302
769 4483
922 4725
862 4445
96 2697
172 2012
201 4965
261 2764
162 4219
518 1639
506 316
915 4722
442 826
573 3524
958 3335
624 1769
500 13
968 118
572 1350
352 1835
971 3799
207 2649
250 2053
262 1124
759 3162
642 362
678 2005
701 3157
228 493
975 13
718 4558
709 4738
957 4574
562 2998
766 4454
795 3694
669 2306
342 1948
629 1712
16 960
530 3396
776 2405
922 3691
896 2470
560 306
400 1071
164 2026
645 2070
170 1548
144 327
892 4687
102 4531
71 788
936 4205
767 2706
386 3243
214 3725
983 3004
797 1831
695 1783
597 1248
16 1202
1000 3587
913 4342
725 615
155 2714
700 2019
447 2593
347 4641
834 4988
680 2306
542 615
239 348
569 4424
242 2080
457 1739
558 4760
852 2534
19 3728
242 3248
316 3197
920 4129
779 2958
135 2627
341 4947
761 3318
293 1752
564 2252
30 2281
317 3543
221 48
267 3133
854 220
377 295
48 3503
296 1390
836 580
106 3215
785 1029
714 4532
893 4763
990 1434
582 2097
592 4771
420 1281
413 2325
604 1627
344 2454
788 4188
662 2800
211 878
206 2520
622 4650
560 803
161 1057
766 871
976 452
786 4263
684 2266
381 4443
410 2929
382 881
692 2800
246 3208
310 483
776 1976
681 4597
534 642
976 1512
513 290
60 4923
607 3106
309 1463
59 1288
205 1342
821 1574
788 1168
318 2451
956 3196
968 52
276 468
226 2862
159 1640
578 4970
265 80
600 2285
189 1253
216 3571
548 1829
687 2927
632 2991
324 2875
122 2889
533 2460
409 704
309 2752
716 2581
103 1600
834 4559
906 1924
151 3068
488 4151
818 1811
417 3453
780 1290
460 1874
306 3356
335 4057
712 368
323 556
689 879
147 4760
24 1428
538 3864
942 2227
584 2519
436 1601
33 4631
625 4277
251 1821
691 1598
422 2642
193 2782
649 1601
480 597
609 2468
292 4747
170 3589
903 2420
560 3515
811 4817
231 2256
143 2143
241 3240
762 4632
297 3815
545 1665
123 4645
665 4699
369 3654
716 2715
537 1252
626 4219
590 4296
533 3762
163 2768
514 1305
1 1686
431 1499
415 2723
420 2838
199 1378
59 3061
553 1381
735 3344
231 1330
141 390
268 4137
82 1732
97 54
303 4589
234 554
855 901
333 4239
687 2256
193 930
878 3773
437 3542
158 680
55 996
361 514
973 2061
106 2210
135 2682
971 3183
752 1604
310 1222
888 3185
469 3201
803 3720
42 2841
992 2195
183 1568
372 4473
783 1792
60 4844
308 516
63 2900
104 4887
689 1376
692 2842
341 4076
785 855
831 3940
726 1672
320 2970
418 1327
877 4056
977 3011
669 643
562 2503
882 1690
312 2557
183 3904
904 4189
88 634
179 752
912 1569
366 4025
151 4854
765 2044
257 3035
997 1384
388 108
477 3038
869 4353
597 3894
318 4479
698 4700
120 4723
113 1566
321 1515
806 3250
653 527
97 538
752 1967
174 1990
936 327
781 3422
960 2670
657 2861
460 4010
818 1274
866 4957
525 2678
174 3158
943 4423
371 4197
543 4718
801 1041
806 1156
780 4136
625 3030
732 941
735 2673
943 3376
373 3223
887 3444
713 4082
25 298
589 2326
587 1462
413 3561
936 1387
961 3366
252 4101
214 3351
544 3980
93 3290
461 1767
627 2968
338 879
245 1883
871 1342
269 779
690 4219
767 4668
280 120
579 4617
100 189
788 4727
198 1249
230 3682
944 3025
868 3444
932 719
233 4919
484 4501
264 31
952 4606
66 312
5 2251
478 2471
723 1750
972 2454
629 4037
56 2189
329 1301
916 603
542 2348
965 4437
958 3229
144 1255
414 887
6 3011
238 4337
508 1717
532 3057
444 4405
98 3539
829 2526
700 1887
815 2362
385 1088
431 1204
713 136
723 2810
752 1296
573 1782
764 1121
783 1363
743 2230
989 1468
328 968
480 2530
180 23
715 3299
890 4091
274 1378
7 3249
310 3021
564 4335
667 1538
37 1142
407 4122
694 3361
656 891
759 3756
692 2534
866 2421
193 2850
599 91
628 4993
690 3656
232 2549
932 3418
803 3533
736 4297
765 3012
612 2016
374 683
386 1969
671 381
960 255
912 1261
693 2880
920 856
579 2778
104 4471
937 1025
646 4525
586 1505
498 1392
943 2008
821 850
344 1154
108 2900
297 850
624 979
830 3528
716 4180
97 3384
147 761
986 2994
119 928
762 1559
341 4949
912 3718
772 3415
830 4588
61 1862
646 2552
642 3076
6 4326
651 4064
890 2131
981 3710
854 2437
771 1914
602 2896
743 620
651 3017
909 3541
152 3333
186 2163
345 4896
54 4195
400 402
732 3090
451 862
821 395
477 1817
532 2278
541 2741
778 4145
692 695
791 408
835 4127
656 4650
264 3106
837 2510
568 107
353 2168
941 4782
845 2859
294 770
560 1155
646 929
431 1004
85 4568
787 4086
694 1643
902 2612
167 4378
439 4837
74 1935
246 1224
325 3503
602 2091
163 1226
751 3611
73 4450
976 3729
878 1171
270 2520
867 2510
853 2575
82 1237
21 2984
919 2148
155 998
702 3611
671 4032
117 477
404 241
189 316
844 3960
780 2218
828 1471
246 298
224 2525
631 1866
271 3280
609 3504
858 1993
340 4807
128 2413
424 1014
169 4171
960 3209
415 1194
586 2473
151 3070
23 4053
200 717
592 4210
735 1815
857 3461
951 2342
562 1069
732 3466
343 244
904 540
398 4344
802 4730
174 206
895 2706
304 3928
423 3879
261 3063
94 4872
359 2174
773 242
652 4382
365 2891
800 2819
562 961
481 4005
329 4631
47 3484
43 4008
621 3756
910 3630
430 778
240 2078
558 3407
637 3471
253 556
248 212
533 2596
120 2952
156 394
114 4598
790 2895
129 3415
322 1366
122 1978
277 3020
132 4588
28 3484
893 4457
204 2663
873 4744
797 3177
940 1536
79 4883
440 2381
885 4983
286 4129
111 2556
917 1902
719 2146
572 2133
992 1258
221 1152
394 814
383 3136
685 4935
348 1866
955 2544
580 3421
738 331
867 2202
996 2087
292 3957
75 1973
150 2790
157 1517
497 390
344 1114
636 4669
543 277
455 164
314 942
859 4943
164 1412
432 409
445 3088
54 988
214 4387
105 3434
912 2739
626 396
447 3134
420 1230
256 4505
980 4536
536 4788
531 280
627 2957
847 516
722 2965
464 226
154 1232
685 3083
485 514
387 1174
535 2092
958 4144
552 3456
686 4439
512 2108
754 3856
912 3210
220 4151
154 3797
753 2399
178 1710
673 3867
243 2593
110 2707
898 50
881 635
977 2329
70 2113
882 1008
286 2640
124 1824
439 704
141 3225
397 3676
569 1945
894 1513
806 1629
768 3094
610 293
491 76
828 1647
363 830
10 3415
471 2578
792 2404
410 2073
826 1988
831 4318
81 851
748 2563
870 3226
249 2650
777 820
109 2347
1 3716
586 2420
156 3361
714 3100
281 94
566 4922
628 1599
851 1119
51 2261
271 2530
40 2597
759 1301
301 194
347 2525
347 310
247 1126
653 2302
133 1778
408 1488
611 2076
511 2892
509 4280
440 208
720 4692
68 4537
914 1296
814 4098
745 1258
208 2073
302 3132
567 2420
300 844
656 3926
41 95
144 1499
54 2774
780 2649
60 3491
779 2949
820 2950
312 4466
150 1435
551 4519
710 4283
911 4273
947 3701
665 568
324 4476
654 4351
891 3769
863 1492
553 2727
92 2140
396 4995
449 4592
965 4923
201 2541
404 914
514 557
502 1220
704 3835
642 971
951 3941
120 2323
390 3904
639 2888
670 1972
324 1335
391 342
98 3207
571 1212
221 1099
651 912
112 109
733 456
800 2203
560 1733
720 1685
341 3086
86 4028
975 4126
963 4826
765 115
949 4662
892 2142
618 856
860 4819
874 4488
516 4780
633 1164
915 96
837 2620
964 4418
294 4852
149 4205
689 1675
689 1446
167 4488
157 1585
93 4044
26 2822
640 241
316 3564
326 2791
412 1811
553 2982
699 821
408 120
520 3330
242 4783
13 4960
634 4075
892 4370
895 3621
52 2178
98 4509
760 3433
672 1334
367 2684
272 1400
905 1047
8 4737
892 4491
911 2555
334 1460
385 4394
443 1403
314 1481
749 2870
732 3226
69 2882
649 1242
288 1465
200 598
217 4968
79 4509
843 1458
201 3977
824 950
192 2171
109 4617
197 4464
818 2862
497 3975
48 3883
806 4959
520 2875
779 4038
203 495
249 2826
266 26
646 247
582 2706
126 1672
386 2831
755 419
987 1708
138 2177
224 3937
93 219
516 1076
970 4693
108 1776
803 4287
954 4685
918 827
460 1181
885 4851
273 4472
503 4934
608 786
638 2355
509 4456
316 4290
