931
31 10
16 14
11 7
15 31
2 38
39 30
10 13
28 2
20 24
28 9
49 45
28 7
33 44
38 26
21 9
34 42
30 20
10 38
36 12
1 3
36 9
40 29
39 46
31 23
33 46
45 8
43 31
4 37
33 10
41 13
32 42
10 2
37 32
16 13
37 32
23 2
16 2
27 42
49 49
7 17
36 49
33 19
13 43
38 19
25 14
48 1
30 28
18 3
18 9
12 12
7 9
5 34
44 19
8 35
1 33
20 1
1 5
32 2
6 10
15 22
46 45
20 3
34 45
39 15
42 5
32 24
10 30
24 27
11 45
21 35
10 21
23 41
42 11
7 29
31 2
30 46
22 27
1 30
2 36
49 21
19 49
10 7
3 25
7 1
47 14
33 18
40 34
38 40
44 33
30 21
16 29
7 19
44 24
32 49
18 36
13 40
19 50
20 35
17 34
17 22
44 4
34 20
32 44
4 38
2 6
39 45
49 33
26 28
41 44
12 25
28 22
7 30
19 31
42 45
5 24
3 45
46 28
46 45
37 44
7 34
40 15
33 45
46 9
31 5
9 27
44 48
29 32
39 35
23 16
33 23
12 11
48 3
2 24
24 20
20 12
24 9
20 11
18 43
42 40
25 23
32 27
45 34
7 29
11 15
14 33
30 24
19 31
13 20
16 29
21 48
7 7
45 32
29 16
28 15
4 30
39 33
23 2
17 17
45 31
18 50
8 6
40 8
29 1
13 17
32 3
28 2
45 38
16 35
42 30
12 17
36 30
28 49
6 5
19 27
3 43
23 41
28 27
38 24
37 47
36 34
31 23
16 48
48 27
14 32
32 11
14 11
33 40
27 28
45 21
32 40
16 37
25 37
10 30
42 10
50 39
36 47
32 31
48 44
25 10
18 24
31 9
26 27
43 6
9 46
21 22
8 29
44 26
4 9
27 8
47 27
38 36
3 9
14 10
43 48
5 14
46 10
27 15
1 41
50 17
26 37
4 41
8 26
13 3
6 39
38 23
19 18
19 2
11 10
3 2
26 31
27 7
22 11
19 6
8 43
33 31
50 6
32 16
15 34
43 32
43 2
14 5
16 9
32 3
19 26
34 18
43 38
49 31
12 46
42 32
17 10
35 35
36 11
24 7
47 4
45 33
6 36
26 14
33 20
12 1
40 36
15 9
16 47
42 42
6 49
28 50
11 16
22 28
48 35
18 30
35 44
20 38
37 9
49 10
24 13
6 15
9 46
34 20
50 2
42 19
14 22
49 21
24 4
17 46
7 27
9 27
14 9
20 43
9 49
17 15
31 40
25 50
30 36
24 42
41 34
21 40
17 1
10 5
23 31
16 34
41 22
21 25
42 17
13 41
12 22
19 30
20 2
13 21
8 43
41 50
9 6
29 10
43 1
16 2
21 7
13 23
9 15
11 49
33 38
42 41
29 29
15 37
41 6
24 45
11 44
10 21
21 1
49 12
29 30
23 6
19 49
25 20
14 14
38 20
3 20
13 4
27 35
28 41
33 23
50 23
9 32
27 35
15 14
18 10
20 39
26 39
50 21
45 28
1 49
41 4
10 17
50 48
24 10
37 18
26 49
36 32
18 20
29 43
42 31
28 14
47 18
11 10
2 32
11 1
18 33
33 10
42 14
49 16
39 23
48 12
3 4
10 3
14 50
48 29
9 45
37 19
41 20
29 25
43 41
23 10
12 19
1 11
15 43
46 47
39 27
16 27
44 39
23 15
39 50
10 37
50 1
18 44
22 29
36 28
30 23
35 5
3 8
36 41
33 29
26 24
3 40
43 33
43 25
36 48
22 44
42 16
45 10
19 26
50 4
26 26
23 27
31 27
1 15
14 18
38 37
10 23
47 23
1 34
4 20
14 13
31 47
10 15
35 29
18 1
28 30
20 5
49 3
43 42
37 2
18 18
45 42
24 47
47 46
43 25
16 12
6 22
36 1
44 16
27 10
22 50
26 45
28 24
6 39
10 22
16 38
13 28
28 8
7 2
34 11
20 26
24 49
43 37
25 43
36 29
8 30
15 29
3 47
48 32
6 37
38 49
49 20
43 42
16 23
41 25
35 1
31 40
28 45
41 35
24 8
1 27
16 21
10 27
26 1
10 34
42 3
36 41
26 47
27 31
37 2
28 6
40 43
27 1
18 36
40 9
31 5
31 39
13 46
3 43
35 17
15 46
25 50
32 49
33 17
3 37
36 38
31 27
35 37
19 3
50 26
30 35
21 8
46 18
45 8
27 37
2 34
17 20
15 22
20 50
3 15
42 22
23 48
37 12
50 30
45 11
30 15
37 39
16 27
33 4
39 1
8 26
30 27
12 37
50 28
47 13
6 38
39 44
50 17
34 2
21 30
12 8
3 45
8 48
42 37
41 27
27 32
6 33
22 38
44 47
44 20
28 32
35 31
38 13
28 22
34 37
23 32
32 11
43 9
48 4
29 13
24 8
49 28
42 45
15 44
16 17
4 26
8 40
40 23
12 50
36 27
50 6
21 10
8 17
13 37
16 36
6 19
9 23
13 43
2 48
19 13
34 16
29 14
45 38
38 4
6 36
33 2
48 1
27 34
39 1
28 33
7 47
25 37
27 19
39 7
15 24
29 25
42 39
2 17
39 50
41 17
46 6
12 49
14 37
50 26
36 26
50 19
2 26
31 13
34 12
41 46
4 36
1 20
22 10
35 44
31 32
34 16
15 3
8 49
25 9
29 16
48 47
41 42
1 25
41 15
29 39
26 44
16 3
46 18
27 37
37 25
45 31
17 15
14 10
50 42
30 29
28 12
49 40
23 9
8 16
31 35
49 7
3 15
27 21
27 47
19 31
32 47
7 11
21 47
26 8
30 29
48 11
1 18
17 35
4 9
11 17
45 13
30 8
19 5
48 30
7 37
19 24
26 29
17 5
28 6
9 40
27 21
35 19
25 15
6 37
6 12
15 25
31 3
4 42
49 39
10 49
33 20
8 11
23 34
10 25
37 5
21 18
39 24
40 46
47 50
3 47
24 4
7 35
48 29
12 9
47 37
5 32
16 14
19 2
41 10
6 32
12 31
45 17
5 29
47 17
44 12
1 14
5 22
42 30
9 16
25 38
14 41
12 31
21 34
26 24
31 5
25 30
28 16
12 49
46 12
1 10
3 32
24 10
14 12
37 14
3 43
45 25
36 44
15 30
4 44
29 21
17 14
17 24
27 23
40 20
41 45
45 24
45 11
18 38
46 37
21 3
8 38
14 48
34 34
34 44
11 19
29 16
38 28
1 20
34 14
17 5
23 44
25 40
40 45
7 34
26 28
49 15
2 1
5 36
27 50
42 26
26 31
2 17
2 48
31 49
27 25
9 15
41 3
9 23
34 12
33 44
34 10
19 32
50 34
32 20
38 49
40 45
26 7
17 10
41 11
50 3
21 50
28 4
46 43
11 23
25 31
40 28
26 27
2 12
6 27
7 23
49 6
13 36
40 38
28 15
17 6
34 34
8 7
48 12
5 16
25 35
32 20
43 11
3 29
29 28
2 3
44 26
39 22
32 30
43 31
46 25
47 13
9 4
22 19
44 41
25 16
35 25
38 44
17 44
35 13
4 5
43 29
18 48
38 31
38 47
11 12
20 21
25 31
36 47
38 3
42 16
25 8
5 24
5 1
8 35
6 3
42 36
29 12
1 2
2 28
41 22
2 1
36 17
32 49
13 29
32 5
13 28
41 14
17 15
41 31
11 10
17 5
38 9
28 28
38 8
41 10
42 14
2 8
34 50
2 23
16 14
1 43
45 50
17 4
24 28
21 37
33 39
14 17
49 45
43 24
36 43
28 42
40 16
33 4
37 14
5 41
14 10
15 35
38 7
29 46
50 35
47 48
16 43
26 6
13 19
50 7
14 42
25 45
10 28
41 1
5 26
35 48
4 23
35 28
19 30
33 36
17 15
46 15
5 2
43 32
2 10
26 35
35 13
44 16
41 47
37 30
43 17
21 21
45 35
6 48
9 16
36 21
40 5
33 11
44 24
18 3
11 43
47 46
4 28
43 28
35 15
39 7
2 47
46 6
41 17
11 26
14 32
9 30
21 39
35 1
41 40
15 47
27 26
36 24
22 41
14 10
10 48
43 2
26 48
48 6
38 37
44 18
39 18
39 17
22 30
24 2
46 49
29 26
48 34
