946
7983 7998
6795 6866
3953 4026
6006 6031
4574 4611
8746 8774
5387 5394
6692 6782
1778 1833
5796 5849
4417 4484
7065 7153
1258 1272
6245 6340
3039 3044
9525 9582
6970 7001
1378 1472
9126 9180
4465 4551
8346 8440
8796 8887
3462 3492
5570 5622
3510 3541
5710 5745
5695 5793
4899 4938
3411 3428
3109 3206
9919 9975
6272 6299
3750 3815
3989 4060
4784 4798
7719 7789
6571 6604
7302 7339
5389 5466
3032 3117
2713 2735
7943 8037
8571 8661
9736 9746
7517 7538
7225 7250
7862 7941
2948 2992
9495 9549
2094 2177
8095 8161
267 344
3057 3155
7096 7117
215 315
876 973
9810 9817
7025 7084
7608 7643
4576 4670
1685 1785
7167 7253
4920 4974
1420 1460
5739 5794
1072 1131
6968 7062
3881 3955
7922 7973
6710 6785
1020 1102
9152 9169
6723 6724
7928 8025
9742 9785
6504 6527
3855 3939
556 604
3413 3468
4499 4580
6305 6336
6634 6673
1472 1524
8454 8467
3553 3637
4197 4215
4063 4135
6298 6306
4888 4895
1346 1375
4766 4780
7587 7597
6848 6858
9946 9974
8892 8985
8124 8210
5516 5614
7062 7065
1819 1842
3901 3938
551 619
3500 3594
4745 4842
5890 5940
2039 2101
2198 2274
7848 7884
5282 5303
4362 4403
3961 3970
6558 6655
6951 6995
2421 2459
5684 5719
6113 6143
9500 9600
6804 6805
6793 6814
2295 2310
4893 4960
2183 2267
5045 5085
1134 1195
4679 4771
7610 7710
8043 8123
8934 8950
6565 6636
9043 9104
8306 8344
2023 2116
9783 9826
7747 7810
7675 7714
8375 8443
4166 4240
6227 6286
7116 7180
2209 2279
3159 3192
2882 2893
3456 3546
3407 3443
3749 3799
4018 4082
8958 9029
8906 8991
6260 6292
6980 6999
2450 2463
3011 3034
4956 5039
3797 3848
2947 3040
5551 5584
7097 7175
8357 8412
7633 7662
9159 9198
4200 4247
9009 9101
8947 9028
612 629
7072 7118
5420 5515
7061 7127
7697 7701
514 588
5175 5180
8402 8456
5696 5715
6831 6930
8756 8777
4302 4361
9432 9478
4604 4681
8565 8590
8884 8962
4425 4477
8706 8794
5715 5813
7275 7339
3650 3663
7516 7554
4195 4280
8237 8315
7529 7582
846 926
8065 8132
3930 3955
6809 6856
839 896
4132 4169
2251 2267
3882 3896
1281 1357
2049 2141
5649 5742
31 75
9532 9533
5064 5079
3581 3675
8399 8498
9397 9497
1046 1072
5514 5535
4177 4185
2532 2621
6801 6884
5558 5587
6865 6905
3865 3955
9626 9689
1356 1401
8666 8725
576 670
1390 1421
5728 5756
4370 4374
8059 8062
6858 6874
5819 5883
4251 4301
581 623
2664 2669
1318 1401
9941 9956
8437 8529
3570 3652
1982 2055
6329 6408
5152 5187
1464 1473
3744 3786
482 509
4483 4543
502 576
3943 4022
1673 1741
2257 2277
7485 7511
7364 7401
6565 6648
4106 4156
2748 2771
2536 2604
2607 2655
9888 9931
3054 3124
6510 6559
3539 3547
9040 9065
7788 7841
2442 2444
3210 3228
2210 2219
1210 1296
8288 8383
7062 7148
4972 4977
5021 5080
151 219
3012 3072
6262 6313
9273 9281
5200 5240
3664 3681
3352 3424
7130 7202
936 949
244 294
7286 7288
3793 3822
995 1007
1826 1829
9375 9423
8433 8486
7858 7877
6828 6855
588 607
5903 5998
3886 3986
9836 9897
4000 4017
5449 5517
6387 6465
1877 1907
520 579
3477 3567
4210 4232
8258 8350
8000 8073
902 937
6229 6293
8832 8860
2633 2653
1412 1435
2821 2862
1429 1478
4623 4657
3354 3371
730 821
8903 8929
3438 3504
5941 5984
7950 8001
5665 5671
1305 1308
7783 7833
9424 9445
6482 6567
6963 7029
3967 3979
2086 2129
4904 4922
5878 5900
5973 6070
4784 4884
8842 8936
8268 8292
7724 7801
4984 5058
9626 9683
5216 5301
5986 6018
509 565
2565 2657
3169 3199
8969 9004
7489 7498
7609 7689
938 998
6451 6472
6955 7039
7118 7173
3979 4065
8250 8261
4229 4258
8700 8717
7758 7817
8029 8122
9242 9284
2432 2487
5751 5837
8428 8505
8281 8343
9523 9544
2723 2816
105 108
1022 1082
3022 3121
7094 7117
75 174
2194 2215
2374 2411
5154 5190
193 220
3455 3515
146 234
6733 6827
3902 3975
3535 3544
7314 7376
4076 4146
6217 6273
8058 8059
4227 4287
1645 1740
9810 9862
490 537
7579 7652
8590 8670
390 468
7598 7674
2352 2364
6912 6938
991 995
564 608
4635 4639
7274 7290
8070 8145
8733 8736
3094 3123
6411 6506
8725 8732
4632 4722
9030 9108
5234 5303
1964 2004
5405 5441
7824 7860
5546 5566
9153 9215
1026 1074
3807 3827
2975 3049
4814 4893
8015 8083
6437 6518
2690 2755
4988 5027
1826 1926
4440 4493
1800 1874
5578 5652
6361 6388
4460 4517
1099 1161
3920 3978
4811 4842
8440 8488
3208 3265
9755 9759
2469 2526
3143 3154
4485 4519
3844 3848
5181 5207
7484 7522
7402 7443
675 699
6462 6485
2415 2433
1343 1405
1022 1081
2012 2067
6723 6764
8310 8405
5535 5555
9625 9676
4836 4889
1933 2030
7287 7340
7092 7155
3436 3501
5287 5310
2557 2602
294 369
5585 5650
2299 2334
2927 2995
6533 6630
2100 2134
4940 4964
3255 3327
6604 6690
7237 7268
1517 1544
4515 4573
1059 1093
1229 1257
6365 6417
2497 2593
347 399
8705 8781
1863 1907
3177 3264
7417 7491
2848 2936
9120 9127
4728 4793
941 957
2341 2354
8912 8967
8400 8410
4219 4278
5352 5420
4892 4901
6702 6798
3334 3354
4931 5018
5501 5521
8911 8989
8206 8252
2612 2704
9698 9786
2793 2865
7180 7254
8643 8689
8723 8798
7611 7697
8495 8534
8624 8694
1922 1997
6183 6247
5212 5311
306 329
378 434
1183 1258
9114 9195
5708 5734
421 423
8979 9007
4146 4195
2497 2579
1826 1907
1719 1781
6677 6773
7651 7662
2689 2776
3001 3042
1252 1339
5790 5888
3671 3767
7131 7208
2074 2112
295 319
2954 2957
2473 2504
1773 1873
4955 4970
616 630
9674 9680
8234 8256
5665 5740
3092 3183
6457 6463
6947 7001
2719 2785
5465 5562
6648 6723
9118 9178
228 279
5548 5596
1590 1631
5798 5896
7890 7920
5242 5251
3191 3274
3130 3178
4312 4325
9263 9309
5242 5269
7689 7759
1786 1789
3163 3184
3384 3430
9582 9681
4483 4570
9191 9271
6453 6470
2706 2707
6404 6465
5514 5557
3505 3567
6673 6757
7296 7312
2427 2468
7703 7788
164 235
9358 9393
7936 8008
8358 8384
2707 2778
4369 4422
2230 2243
6678 6737
5418 5472
5833 5849
2421 2457
8309 8384
3710 3739
6542 6556
3153 3166
8051 8107
8342 8390
9805 9825
5072 5091
3746 3778
9062 9134
8751 8845
2335 2390
8635 8661
3963 4032
1062 1115
6254 6265
1743 1831
4798 4824
5654 5730
5432 5528
965 1030
2515 2585
2037 2067
6064 6150
5325 5411
3990 3994
1075 1170
3542 3638
4648 4665
3590 3624
8431 8449
9448 9452
5269 5339
9726 9802
3478 3483
9008 9046
5798 5850
3562 3571
9218 9264
9140 9174
6817 6890
1240 1261
2481 2494
6517 6607
7283 7309
3041 3072
2461 2497
9129 9201
194 203
8432 8468
8222 8231
9732 9750
6703 6752
9762 9849
9730 9826
533 590
1433 1521
8473 8496
1374 1444
1198 1209
1974 2006
9208 9210
1918 1925
1637 1674
8045 8134
1713 1803
185 257
7250 7253
8504 8568
6197 6238
838 911
988 1017
2218 2241
6437 6497
301 316
3370 3387
4948 5019
9860 9895
4729 4813
4119 4148
6718 6763
5182 5204
5949 6023
6873 6884
3801 3829
7470 7539
2202 2232
8139 8201
6591 6649
4773 4785
8893 8910
6213 6218
9554 9568
9070 9128
5232 5308
5129 5197
3991 4084
146 176
3132 3200
6723 6734
3923 3949
3511 3605
6913 6974
8570 8643
5828 5836
7544 7591
336 394
4716 4744
6256 6301
7023 7120
5985 6057
8117 8154
8538 8574
9538 9592
6834 6933
9658 9746
5906 5940
8146 8217
182 201
2958 3028
8488 8582
269 367
6861 6914
9809 9835
601 688
9188 9222
5311 5331
3192 3213
5282 5304
3891 3974
4611 4709
4554 4565
1282 1333
5797 5880
9941 9972
7013 7047
1385 1434
5682 5768
8664 8691
296 335
555 586
3334 3409
6644 6692
735 800
2527 2572
9534 9599
2897 2910
765 822
4839 4846
4057 4136
1291 1301
6254 6353
1880 1906
8941 8950
6588 6616
4057 4154
6770 6791
557 649
4480 4513
5314 5331
8081 8177
2562 2632
8803 8854
3053 3117
5889 5958
5742 5796
3593 3637
594 643
1510 1600
4031 4128
6771 6871
7760 7852
1047 1052
4202 4275
2584 2674
7303 7393
6260 6261
4258 4301
1595 1680
5141 5161
5476 5532
2847 2913
660 737
1576 1648
4058 4105
8647 8727
5017 5085
880 889
7527 7622
7447 7513
9385 9479
8839 8915
2991 3042
5762 5849
912 966
8880 8943
5662 5691
1484 1555
110 207
7590 7683
5606 5619
5325 5368
5214 5253
3705 3720
3948 3954
7115 7179
5464 5553
4188 4219
8864 8958
8811 8812
8407 8481
9869 9914
2109 2152
8786 8886
3011 3025
5040 5100
7980 8017
3991 4037
1515 1520
8610 8669
6541 6619
175 183
3991 4055
3013 3043
7711 7810
184 259
9120 9185
6093 6120
2235 2245
1816 1853
9570 9632
3244 3330
4685 4728
1860 1959
2561 2653
2274 2331
2898 2940
5974 6019
3649 3653
8006 8029
8297 8312
3555 3618
6216 6217
9444 9510
4468 4488
5914 6004
2256 2291
7623 7720
2859 2877
4456 4541
2980 2996
5720 5739
6388 6436
3910 3940
5149 5231
9544 9633
6626 6713
2292 2339
7680 7711
7779 7833
3729 3794
6860 6898
579 649
9954 9971
1331 1425
7410 7459
6582 6670
1736 1739
1191 1283
9401 9431
5716 5728
6571 6669
507 516
3444 3526
2367 2392
7154 7246
3445 3509
856 926
2757 2806
88 151
6897 6946
637 729
6338 6412
8301 8313
3267 3322
4138 4217
880 883
3791 3844
7520 7568
4927 5024
7691 7706
4447 4545
5960 5962
7039 7133
7239 7307
6630 6696
9319 9366
7572 7605
8321 8376
8051 8125
7503 7533
8193 8227
7071 7094
727 744
1033 1079
4390 4446
9721 9800
3706 3741
9566 9588
4423 4489
3743 3790
6454 6497
9233 9308
1014 1093
2443 2526
954 1033
8484 8546
6035 6123
4233 4328
4865 4950
99 128
3573 3653
9336 9409
5245 5320
8426 8443
3016 3061
6719 6773
3888 3921
2969 2986
5089 5179
5550 5574
2150 2236
8012 8016
2550 2624
9648 9671
4253 4260
9799 9831
4213 4224
2762 2763
2091 2168
8083 8085
8941 9001
9721 9750
3690 3774
7289 7312
1 6
3618 3678
8830 8895
9769 9808
1622 1698
1773 1858
4632 4701
2342 2442
1636 1651
8465 8519
1933 2023
9208 9219
7931 7974
6253 6322
8448 8457
847 920
6439 6458
1248 1273
3716 3795
6495 6520
8254 8344
6838 6841
4647 4704
2185 2216
3163 3237
7137 7174
2225 2316
8108 8137
356 440
6162 6176
4608 4632
2350 2414
5833 5857
2442 2506
5181 5195
6623 6647
8623 8686
9571 9666
3133 3186
6822 6874
8055 8094
