955
5939 6023
7822 7892
2140 2222
7463 7563
2224 2301
4411 4486
6667 6689
8396 8423
5155 5160
6619 6658
8887 8917
2740 2748
251 252
7960 7978
2498 2549
7427 7496
6716 6739
5180 5189
3661 3701
8948 9021
5447 5542
5289 5343
3391 3459
8110 8169
8638 8715
9908 9984
7621 7721
759 834
2410 2478
9813 9832
3204 3223
5462 5536
3086 3097
7232 7280
3461 3559
9603 9622
2454 2502
7161 7247
7892 7982
3021 3116
4942 5011
2933 3012
7498 7515
8494 8581
7579 7598
7515 7595
3747 3772
3375 3464
4079 4093
1509 1523
4452 4464
4958 4964
9568 9609
2659 2736
5098 5133
5518 5579
2340 2354
340 422
778 815
7181 7197
3654 3666
4012 4048
6149 6223
5652 5664
39 112
7425 7432
8561 8612
342 397
9372 9428
8653 8695
5814 5842
5583 5677
5216 5255
387 395
6568 6575
9051 9149
3316 3410
3076 3172
7738 7766
9653 9730
9165 9238
4088 4164
6577 6669
8666 8758
6920 6999
2600 2672
2910 3005
5617 5711
9582 9633
5951 5974
2199 2257
440 531
4953 4984
6842 6908
7912 7914
3695 3698
5776 5811
1891 1970
8333 8334
9373 9406
5905 5961
4842 4914
5637 5652
9396 9417
6443 6530
1818 1845
9564 9620
2245 2345
5 77
2280 2321
6765 6855
4927 4976
7648 7678
1719 1759
8860 8875
4948 5017
4517 4583
6681 6703
5571 5572
6536 6623
6277 6372
919 1010
7401 7410
6986 7079
205 215
3678 3775
3280 3329
9387 9462
5676 5746
8328 8376
7490 7515
6830 6920
3373 3386
9073 9104
4602 4654
4638 4738
1593 1637
8629 8700
880 938
5132 5219
5399 5483
4870 4944
6102 6110
5760 5852
811 847
4555 4560
4874 4951
5847 5866
8565 8572
7172 7223
5414 5453
6368 6373
1386 1420
3876 3890
665 729
3793 3846
8054 8096
606 689
547 612
5338 5341
2514 2614
6589 6597
4327 4418
4557 4596
9059 9061
2995 3048
2824 2919
3644 3741
9407 9506
8539 8555
7441 7478
7895 7977
6240 6290
8941 8962
1400 1439
7606 7694
7959 7998
1842 1919
5311 5329
5816 5910
2537 2633
7903 7917
9021 9070
7955 7982
3675 3728
6032 6126
4483 4548
1043 1085
3154 3202
2965 3034
7575 7599
2385 2468
9633 9710
9826 9885
3634 3677
9903 9970
2425 2522
4326 4350
5336 5403
8884 8966
1876 1934
4967 5011
4628 4651
3170 3179
1687 1775
7085 7173
699 731
3742 3759
7945 8040
6800 6802
5609 5674
6019 6057
1388 1478
4140 4186
6007 6101
2348 2423
3512 3580
1094 1126
9501 9550
6469 6568
4652 4721
1025 1026
9022 9039
8465 8466
8229 8329
4874 4941
443 527
4492 4521
1696 1725
985 1066
765 797
3808 3825
346 432
7536 7602
4626 4704
6097 6152
786 874
1518 1583
4427 4522
2379 2406
4132 4159
9809 9823
4818 4892
1224 1231
77 163
4033 4055
4960 5003
7518 7580
7603 7624
893 951
362 430
8200 8279
6164 6165
116 118
5491 5560
4962 5021
7293 7318
1654 1714
5771 5852
2145 2211
6992 7070
6443 6510
3364 3407
4954 5035
5426 5430
1386 1414
1936 1939
4975 4978
4124 4187
8743 8810
7358 7411
6922 7011
1524 1613
7787 7835
9136 9168
5645 5721
3218 3307
7347 7410
660 739
4487 4522
381 393
1369 1446
5872 5876
1771 1853
7339 7433
1410 1474
2552 2585
1141 1200
5969 6055
231 243
4003 4027
3804 3827
6653 6724
8869 8945
7462 7509
6491 6536
2815 2833
2397 2418
7564 7645
1677 1692
6534 6632
4526 4589
15 66
7827 7866
5596 5693
1507 1546
9686 9688
3297 3348
4789 4828
2673 2694
9544 9622
5159 5184
1839 1866
4607 4680
818 911
5748 5835
9329 9423
1624 1658
3399 3499
1199 1295
6503 6509
2105 2129
8001 8060
6561 6636
5745 5775
1083 1092
3253 3283
2842 2916
5745 5784
6364 6436
6784 6793
5910 6009
7753 7805
9645 9655
2795 2822
1776 1809
5054 5121
5155 5173
1765 1818
4625 4715
6587 6602
2637 2650
1616 1704
1254 1342
7960 8000
7339 7387
6909 6927
5580 5581
8000 8054
2112 2136
2240 2294
5534 5623
8218 8304
9139 9141
5641 5695
8617 8687
9651 9707
1322 1333
5579 5631
4133 4136
4941 4956
7273 7316
5663 5719
1741 1838
6061 6137
9504 9544
1923 1976
6554 6564
9526 9541
5612 5664
7266 7295
1933 2017
85 115
4565 4580
8750 8825
388 400
6515 6591
694 735
7337 7364
3154 3253
9515 9531
2866 2877
89 94
1495 1562
8075 8116
6235 6304
347 386
2279 2281
7948 7993
9241 9264
6139 6196
8426 8468
199 249
5168 5232
4639 4730
4278 4333
8270 8300
9179 9209
200 223
1190 1209
2729 2764
9529 9578
7223 7225
6280 6311
4552 4600
4202 4203
7748 7833
9068 9121
6290 6373
7783 7809
3674 3684
9740 9779
8213 8287
3532 3600
7490 7574
3097 3114
225 270
3130 3220
9303 9387
5554 5654
2669 2691
1445 1538
8035 8066
6218 6219
4888 4908
9203 9278
6895 6992
4603 4677
8799 8807
2378 2398
9122 9222
7125 7179
8686 8759
4618 4684
7229 7255
5865 5951
5088 5109
1799 1895
3391 3453
9118 9197
8988 9078
1051 1116
9820 9865
7629 7728
5343 5344
6484 6490
2680 2732
1271 1366
4968 5058
4202 4216
1960 2006
2791 2828
9371 9410
5043 5070
4901 4977
9681 9706
1935 1940
6875 6887
9833 9840
9644 9675
8143 8223
8083 8181
7192 7228
596 666
4545 4573
8163 8219
2366 2410
486 534
7516 7563
8136 8183
6428 6441
3478 3498
6159 6164
1184 1253
5037 5120
6818 6892
4295 4394
4997 5093
2838 2890
4797 4888
6461 6465
6038 6121
9899 9915
5318 5395
2513 2541
5133 5139
944 994
4861 4918
7151 7177
707 803
3333 3372
1320 1412
1694 1702
9698 9763
4853 4923
4836 4852
8262 8291
1472 1509
3074 3139
9619 9717
5445 5472
7705 7727
2044 2089
5672 5761
72 130
4613 4703
4323 4357
6134 6219
5565 5644
593 674
3144 3203
8266 8279
3134 3180
8775 8821
1673 1773
9739 9755
977 1014
8944 9026
6846 6851
558 643
9946 9995
138 206
7715 7785
4310 4378
9109 9111
9437 9480
228 279
8539 8595
9972 9980
3459 3497
3930 4013
4868 4961
9641 9642
3782 3849
2632 2645
9163 9185
6500 6564
2622 2708
2542 2599
5882 5886
675 693
8700 8786
2253 2325
3883 3937
7025 7041
2085 2103
9173 9253
8613 8647
5057 5089
907 926
1997 1999
1457 1506
9687 9730
6258 6276
1296 1390
9048 9096
3931 3949
8298 8357
5508 5555
8300 8308
8503 8515
2251 2302
1271 1360
891 950
1512 1572
2763 2840
345 386
5562 5629
8235 8282
7281 7380
1036 1063
9612 9695
6736 6790
936 994
888 917
4559 4569
4856 4923
5769 5796
2890 2922
5822 5826
9276 9336
2489 2587
1969 2026
3139 3208
205 231
3151 3182
9117 9199
8922 8951
3602 3643
9812 9859
7651 7723
4073 4131
8321 8362
4395 4420
912 986
4873 4895
9233 9267
204 271
2197 2262
4547 4572
6274 6327
1278 1327
9584 9619
6354 6454
3073 3155
5236 5319
3017 3074
5965 5995
237 295
4866 4873
8368 8406
4017 4101
1149 1209
3439 3477
679 765
2458 2558
7267 7323
9451 9458
7621 7681
3659 3727
6281 6344
8173 8203
4660 4728
544 576
5252 5286
8501 8562
6297 6306
9762 9853
1154 1170
753 826
5653 5737
5631 5700
5351 5426
3143 3218
1843 1908
455 531
727 801
2157 2211
835 901
5285 5328
3757 3773
7396 7482
9685 9745
2221 2232
300 346
1177 1275
4976 5076
6848 6868
1980 2026
358 427
710 766
6522 6527
4006 4077
4399 4426
4602 4624
3129 3166
8232 8238
3853 3862
9427 9504
7733 7755
761 807
3632 3652
5982 6051
820 902
9154 9193
7680 7758
1416 1431
284 361
3386 3429
2841 2884
9319 9409
7345 7368
6577 6593
73 168
8964 9041
2703 2761
8096 8099
2214 2313
3184 3241
1017 1043
5158 5237
8835 8914
3671 3692
9037 9067
607 650
2048 2137
4789 4845
9200 9201
946 1019
3146 3232
6159 6210
971 1021
2040 2071
7159 7249
7903 7914
1392 1450
426 431
8120 8168
2463 2519
4213 4276
9541 9597
4942 4952
1064 1096
2411 2490
1550 1627
4576 4584
3955 4008
9522 9611
3681 3777
9897 9915
9373 9393
2067 2128
5003 5084
3603 3696
3327 3374
7716 7782
5517 5543
1397 1430
1244 1337
6786 6847
1729 1751
6127 6140
7776 7842
5616 5674
4442 4531
7577 7605
4227 4286
8408 8427
8029 8031
1078 1143
8841 8849
3098 3160
3019 3105
6265 6357
9919 9929
1972 1984
4996 5062
5549 5620
7801 7862
3779 3805
369 435
1122 1167
9848 9896
1531 1533
1660 1745
9730 9779
701 774
4818 4912
3401 3444
7499 7569
3331 3367
8162 8169
4452 4544
1350 1439
8459 8523
3522 3572
2909 3009
1222 1290
4799 4889
555 576
8235 8266
1115 1182
5905 5934
2392 2490
1004 1067
9715 9753
5857 5875
4398 4438
7046 7070
4244 4343
5505 5545
758 773
3086 3172
5786 5842
9208 9266
839 865
4878 4913
7888 7907
9456 9498
6658 6683
802 834
7240 7286
8498 8590
2380 2457
7112 7137
8478 8532
3258 3274
5527 5596
1620 1704
4054 4075
100 162
1883 1925
4042 4128
360 448
585 594
7714 7717
2245 2277
823 889
6263 6302
9505 9530
6010 6085
1784 1811
4394 4426
15 50
9654 9729
7554 7612
666 685
1105 1141
1328 1406
4336 4430
214 286
3067 3144
251 290
6067 6112
1066 1158
5486 5572
2937 3025
8447 8521
4828 4916
7630 7643
456 551
1461 1535
4143 4157
9506 9597
8378 8430
8120 8144
4987 5061
5861 5863
5280 5323
6713 6717
3189 3282
2102 2116
9323 9341
315 319
6069 6157
1264 1353
2245 2281
8350 8444
5633 5703
5305 5343
413 482
5464 5516
8936 8959
9545 9570
5425 5445
3655 3682
3157 3186
5142 5236
9566 9611
8895 8927
5725 5804
7808 7850
8027 8065
7299 7326
6576 6595
8596 8630
9759 9764
1076 1167
6884 6976
3438 3442
3740 3762
8100 8134
1810 1818
8359 8394
7089 7134
4881 4926
6788 6877
399 439
2750 2803
362 399
3769 3852
674 732
4664 4677
1212 1301
8499 8562
8256 8274
3363 3411
8972 9020
6224 6273
2335 2417
3203 3288
2935 2979
5776 5863
3286 3313
7582 7682
5016 5101
7933 8007
1546 1600
4286 4343
7569 7572
1416 1500
8038 8069
2636 2664
2299 2341
6357 6393
8938 8972
3126 3211
2667 2755
6088 6125
9818 9854
2749 2806
720 740
9425 9523
3441 3479
2118 2167
3083 3087
6287 6361
7170 7221
2981 3076
383 426
7120 7211
5802 5865
6072 6162
1152 1193
8602 8668
244 258
2273 2333
4164 4215
2704 2785
1524 1568
2366 2390
5223 5291
3760 3856
767 802
947 998
223 311
2506 2559
3473 3543
6726 6780
9586 9588
3867 3955
5505 5534
7916 7949
2887 2924
8946 8980
1569 1575
3141 3173
4768 4850
7438 7516
4887 4950
8573 8591
331 374
3784 3804
607 705
8379 8469
508 592
5138 5215
4200 4267
8222 8244
8562 8581
4622 4652
2609 2701
8930 8995
9163 9206
6253 6299
