963
2775 2831
2161 2254
6992 7056
8846 8852
7377 7392
2144 2201
7925 7993
2634 2730
8824 8879
6895 6989
9166 9244
4301 4309
3330 3336
3322 3332
5770 5787
1740 1815
6796 6866
801 822
8701 8744
6912 6916
20 86
2413 2465
9018 9094
3574 3589
8561 8608
5205 5218
1403 1430
2202 2281
4110 4197
5901 5992
290 373
4562 4623
596 645
8043 8133
4884 4921
3334 3427
9407 9427
2207 2234
6365 6373
6046 6117
5967 5973
3998 4001
145 229
3575 3675
356 412
7807 7852
8438 8500
5337 5406
8251 8274
9362 9388
4744 4748
5194 5195
1600 1674
7888 7980
8579 8642
1494 1525
3317 3415
254 284
3392 3436
4264 4296
7431 7484
6463 6535
7713 7737
3758 3768
9216 9217
9484 9544
4424 4504
9405 9489
1866 1936
4656 4738
2663 2756
3475 3556
7035 7093
646 744
6828 6889
8324 8375
3745 3834
758 805
108 193
1666 1740
9557 9613
4890 4950
4454 4550
4627 4707
4039 4042
6396 6477
5879 5940
3149 3180
2616 2689
6501 6530
4190 4211
4627 4716
7181 7183
6381 6443
7891 7962
7570 7638
5148 5232
3301 3393
2519 2594
7984 8028
1751 1819
6276 6286
1265 1297
194 237
4532 4572
8514 8602
1457 1467
6012 6087
5788 5803
4604 4686
5273 5348
1635 1653
2635 2662
5944 6041
7066 7085
7186 7239
7245 7325
7973 8036
1626 1662
166 260
8626 8699
8796 8872
7397 7449
5155 5239
1880 1923
2970 2996
9398 9462
1758 1854
489 559
8559 8654
9331 9390
399 476
9141 9168
5908 6007
7653 7658
5180 5268
1429 1516
2132 2180
5271 5306
6441 6488
6192 6269
2353 2395
3835 3843
2224 2281
8056 8057
1374 1455
3346 3386
2456 2524
6843 6913
7025 7042
4666 4674
308 321
4376 4454
3617 3648
9137 9161
828 854
6748 6761
7176 7211
9744 9820
1338 1361
8804 8844
6196 6266
1678 1704
2568 2612
1757 1857
3877 3952
6237 6285
9399 9404
1325 1418
9236 9288
7970 7980
6128 6149
1798 1876
3969 4053
3298 3369
5418 5464
3338 3414
9251 9285
4721 4749
6532 6574
5212 5243
2181 2278
4857 4875
6164 6184
5913 5946
2481 2576
7574 7625
7794 7857
7766 7786
6115 6151
4371 4465
5127 5144
9274 9283
4978 5012
7954 8004
5572 5634
5302 5383
6924 6991
9792 9892
2983 3060
336 405
5495 5567
2657 2670
9537 9602
9304 9391
432 531
5285 5321
587 661
5468 5522
7126 7214
3186 3285
3900 3949
7297 7352
8826 8863
5998 6007
4080 4154
9515 9610
8516 8566
9046 9122
2780 2862
5042 5050
7400 7450
3273 3289
6584 6616
7483 7493
7668 7767
3933 3969
1164 1190
7444 7492
8327 8352
5717 5755
8527 8535
8637 8657
9065 9104
5667 5745
8126 8200
817 862
7477 7516
9787 9790
2428 2433
9396 9478
2206 2231
9065 9131
5687 5741
3027 3107
8810 8841
2275 2358
6628 6682
2858 2929
2799 2852
6631 6696
4793 4826
6389 6436
9722 9773
9893 9902
4257 4348
112 139
2849 2947
3694 3704
7790 7859
8928 9009
596 597
7323 7350
7683 7742
6783 6820
443 522
3482 3561
3483 3526
4373 4397
9445 9491
7180 7279
453 535
8435 8456
9323 9385
1148 1195
6426 6448
5178 5185
1114 1211
7004 7071
6325 6374
927 976
1459 1474
688 703
6244 6309
8776 8834
7916 7985
3600 3647
5896 5977
6578 6581
1210 1282
9150 9188
4869 4969
4718 4809
1699 1757
7476 7551
3652 3666
590 661
5502 5546
5236 5256
5594 5629
7011 7097
1548 1560
6633 6647
7846 7898
8888 8894
5643 5679
3573 3661
4482 4573
5896 5954
5357 5429
3377 3457
6268 6271
8568 8571
3401 3405
5666 5766
1699 1734
9026 9120
3032 3041
6328 6392
6381 6413
6310 6371
7309 7387
7252 7280
8388 8460
7304 7327
6350 6425
3013 3045
3530 3591
6513 6568
7712 7786
4441 4522
8232 8328
594 653
9721 9812
444 467
6288 6297
6368 6415
7664 7736
7788 7790
2238 2276
1861 1862
335 398
9345 9408
1480 1514
4946 5026
9046 9093
3299 3389
9436 9535
9544 9626
6381 6399
5439 5462
8211 8237
222 237
7710 7726
263 284
5462 5482
7932 7937
684 695
4723 4743
3149 3230
1820 1884
6430 6529
734 772
2385 2407
290 368
7961 8000
2155 2210
5282 5362
2453 2550
9892 9936
4117 4124
4080 4084
3936 3972
9145 9202
7839 7867
3163 3249
2185 2228
5256 5327
1520 1564
3058 3065
7872 7873
7188 7222
2837 2917
8044 8128
6998 7089
3050 3070
9337 9399
7556 7636
6309 6378
3811 3815
6716 6765
2498 2584
3447 3520
1631 1687
8868 8929
7989 8067
5582 5622
5109 5182
9552 9570
6081 6092
3082 3144
1665 1676
6081 6101
4585 4615
3563 3569
7433 7458
6261 6306
5095 5122
9030 9094
8703 8736
8161 8163
1575 1657
2887 2895
3437 3466
8982 9072
2426 2457
72 167
9293 9342
5334 5412
8876 8892
5915 5961
1748 1813
2365 2437
4454 4554
109 189
1486 1584
1740 1818
6098 6171
4348 4414
3479 3575
4420 4430
5383 5399
6948 6994
801 825
292 301
1975 1977
5172 5215
6658 6755
5301 5338
8181 8241
6140 6173
6069 6131
1654 1680
1773 1869
9125 9187
5715 5737
6054 6106
7143 7214
7494 7548
9373 9428
687 695
6937 6984
5843 5922
35 122
6926 6956
7926 7974
2874 2947
4825 4883
2336 2387
3847 3871
4994 5088
7437 7526
5490 5502
2460 2539
6008 6102
4678 4702
5400 5456
980 1042
7187 7262
988 1055
1402 1418
8416 8493
4787 4856
6057 6134
3283 3286
2782 2827
873 943
8431 8509
1681 1763
2668 2753
8832 8853
8462 8496
7802 7812
6411 6482
770 850
5322 5383
8413 8451
9832 9861
236 251
4082 4142
4786 4860
4597 4606
3544 3582
2677 2685
8147 8188
8453 8523
8944 9008
863 925
606 702
8366 8375
5495 5576
5244 5338
547 634
967 991
4905 4987
8558 8563
2516 2587
5619 5620
9629 9632
1162 1166
1116 1199
2292 2312
7028 7093
380 404
2678 2765
1338 1419
5260 5309
6593 6616
3451 3475
7718 7808
5802 5839
8321 8345
312 376
8642 8678
1420 1485
9070 9125
8945 8963
7072 7126
7597 7676
5521 5615
3220 3319
5783 5862
4753 4803
4232 4314
3308 3310
9901 9974
6043 6096
4955 4965
8191 8271
2027 2031
2655 2741
9355 9391
7417 7422
3163 3220
4173 4273
9787 9799
808 813
7372 7441
3621 3626
2769 2781
4418 4446
5766 5805
1040 1065
3018 3067
9538 9607
5436 5530
9029 9083
3009 3018
5209 5222
3519 3605
7342 7373
6549 6577
4322 4356
963 979
5102 5105
1029 1064
6860 6875
8158 8215
2513 2531
6013 6045
1823 1846
8483 8509
3602 3648
5032 5046
7073 7086
6722 6761
2773 2863
2992 3041
5983 6031
3974 4023
2341 2433
1294 1340
8272 8331
8191 8257
1832 1909
6002 6053
4289 4291
4009 4017
2296 2309
9655 9675
9051 9142
1713 1808
5865 5913
5606 5662
2098 2144
2228 2281
9135 9230
1830 1844
3709 3724
928 989
9350 9402
8129 8156
8890 8892
4959 5033
9037 9100
1806 1892
5412 5424
3949 3998
9667 9752
7700 7759
333 398
1802 1867
5219 5285
2069 2140
7143 7176
3903 3967
8993 9020
436 513
53 102
3421 3469
2785 2841
9802 9814
1134 1215
2157 2198
3984 4077
5766 5777
6497 6512
5248 5275
2937 2956
2564 2640
5626 5635
7579 7590
6946 7012
916 1001
9258 9296
9218 9232
7735 7828
7608 7635
4259 4281
519 529
1688 1737
137 235
2687 2710
5986 6045
9287 9359
2177 2212
8996 9048
8158 8187
2995 3073
679 774
2970 3007
548 601
8819 8863
2844 2877
7359 7424
2980 3048
4121 4194
5509 5589
3692 3779
3893 3921
1265 1276
1221 1251
1234 1270
4771 4833
6063 6139
6334 6355
2504 2557
8494 8541
1985 2010
5164 5200
1083 1146
2245 2324
5985 6048
8703 8791
1895 1973
160 177
8086 8148
38 108
3579 3623
517 591
1447 1535
2000 2013
2099 2135
3799 3873
1138 1203
8771 8772
8689 8730
1651 1697
914 928
4261 4312
2673 2752
995 1031
9242 9306
9663 9717
8874 8910
3524 3561
9834 9864
4604 4660
6443 6504
9361 9424
9704 9754
3933 3994
8995 9065
9807 9846
2285 2364
8094 8138
4135 4208
6935 6993
1570 1592
22 122
6828 6876
4406 4470
6856 6956
6118 6191
8547 8645
946 1019
6709 6775
1248 1339
762 771
5930 6000
814 818
322 365
5760 5808
8162 8165
8791 8880
151 217
7950 7995
8740 8816
5259 5315
9577 9672
4862 4923
6779 6866
4321 4376
3091 3152
6214 6298
1912 2007
5145 5177
1807 1823
1525 1570
8575 8577
8324 8348
6686 6769
1654 1748
1836 1886
8929 8953
6185 6258
4259 4266
5313 5407
9315 9406
465 543
4680 4686
7836 7874
7060 7086
9220 9254
9129 9145
352 355
8290 8328
8158 8181
5040 5096
6938 6980
6078 6140
1854 1876
8142 8191
1362 1432
8652 8689
8181 8259
4591 4613
8599 8683
3183 3212
9521 9614
5673 5682
1351 1413
9600 9678
6155 6198
3815 3843
2683 2764
4943 5019
5364 5430
4514 4604
6954 6969
4234 4330
4223 4293
1736 1767
4986 4999
776 822
3344 3431
5962 6059
3345 3405
7243 7328
1443 1532
2209 2234
4247 4287
1188 1251
366 416
7108 7158
2008 2091
7338 7345
4745 4810
8178 8234
5589 5651
9647 9740
4331 4393
1551 1577
341 359
1612 1682
4882 4892
7109 7113
7599 7633
4523 4554
147 237
4052 4056
5797 5847
3675 3679
355 361
6953 6991
9242 9282
7620 7683
1291 1385
2233 2294
2253 2272
9470 9545
1491 1577
5905 5929
8602 8701
1772 1846
9187 9202
6594 6667
4498 4502
43 130
7207 7248
8492 8569
7005 7015
329 362
8824 8908
9157 9197
7915 8008
8775 8866
5140 5155
2307 2382
6258 6308
1090 1125
1317 1405
978 1045
2838 2912
1361 1439
5988 6075
1632 1664
6088 6162
4370 4446
1766 1771
9784 9816
953 957
2362 2421
7572 7619
8710 8778
5512 5593
354 396
5692 5789
3086 3135
2607 2624
7963 8053
9673 9737
3 89
4995 5074
1757 1807
425 474
517 548
895 988
8408 8412
8230 8235
7952 8043
251 267
8979 9015
2968 3008
6516 6571
1857 1912
2097 2159
7598 7640
3916 3997
8928 8960
3640 3684
1318 1365
3506 3604
9000 9092
1163 1180
9720 9799
8558 8630
5891 5966
447 461
5487 5495
3157 3163
7040 7134
2086 2112
6376 6407
9193 9235
4643 4730
804 856
6207 6220
2986 3061
3886 3955
8465 8542
7590 7686
5484 5498
247 283
5048 5053
1357 1441
4948 4975
4917 4969
2736 2778
8488 8534
9459 9516
1667 1746
4542 4543
2721 2744
4042 4086
1417 1482
5329 5426
5911 5943
9557 9651
8359 8398
9127 9182
8101 8112
3499 3578
6550 6573
8611 8708
864 897
3884 3923
3332 3428
3014 3020
2856 2910
815 842
8613 8664
6334 6405
1778 1838
2458 2500
9488 9529
2657 2709
7407 7425
3720 3765
7803 7901
2209 2290
7857 7881
7849 7877
6426 6524
4222 4268
8160 8175
7229 7275
3748 3774
7297 7391
1590 1634
3340 3391
3382 3406
5551 5604
5448 5530
1053 1137
9780 9831
4241 4308
1853 1864
7432 7472
3762 3794
3351 3427
5024 5059
6043 6090
