207
922
270 957
276 1365
883 918
471 517
404 920
1184 1214
990 1421
916 1025
675 931
114 197
827 1253
230 489
515 1276
92 462
759 1172
822 1343
1259 1378
1018 1372
419 927
385 1084
928 1421
185 330
529 1405
1294 1401
553 902
40 1335
238 323
549 808
292 445
534 699
181 1236
348 1138
721 1126
41 377
187 1229
472 625
312 906
577 1285
527 663
258 1352
495 1272
599 1407
47 1145
78 843
723 1171
505 1312
34 609
81 1303
770 794
1365 1423
308 1144
873 1153
475 1018
667 679
112 1433
1262 1357
254 1332
346 768
13 303
377 1249
605 1211
30 1242
598 866
355 744
84 1312
476 878
806 1206
7 978
293 812
199 487
103 455
41 151
157 1436
1100 1106
171 1181
834 1365
42 1032
382 1377
999 1246
875 1288
824 927
194 1019
320 1036
421 1163
524 845
54 590
466 1383
548 1300
229 535
281 643
365 1225
253 437
374 652
53 487
132 892
104 791
65 1404
955 1102
530 1365
794 1363
167 766
539 1113
58 291
255 323
826 1154
362 741
454 1411
434 769
24 1277
3 68
501 1164
39 1401
407 476
856 1411
251 258
273 1204
778 1054
295 993
10 1320
24 912
5 1325
415 1407
301 863
535 1106
906 1369
47 122
143 363
531 847
245 1221
1192 1423
984 1188
366 1021
994 1151
610 1178
894 1103
1287 1403
954 1145
743 945
1009 1082
605 930
913 1313
626 1384
670 1387
515 1254
987 1200
1215 1323
888 986
1199 1256
137 1233
88 1046
700 784
434 603
933 1179
256 934
329 876
590 669
591 1378
371 700
1248 1359
395 523
356 893
319 949
713 994
149 447
351 1405
261 643
1061 1359
334 1395
204 507
492 1092
1093 1240
205 842
171 1371
721 1430
893 1159
172 1027
536 610
594 607
629 852
602 966
254 1034
601 603
11 1338
688 1028
354 715
704 1193
136 1037
293 1262
257 644
445 1020
175 1358
228 1077
15 1330
243 1377
148 1438
1065 1420
581 1009
99 502
1300 1350
317 916
605 700
789 1346
520 1172
750 1373
964 1147
834 1029
796 957
1016 1302
438 579
713 1069
59 853
600 631
144 1267
1008 1056
89 321
513 1316
247 471
925 1009
186 1057
157 400
666 1102
343 673
1235 1407
181 1009
872 1096
440 464
611 1107
48 117
396 482
90 887
735 802
1004 1048
416 447
240 1111
765 1120
694 1194
319 1281
1308 1357
471 935
267 393
59 1238
646 686
170 612
468 1062
365 752
136 955
846 1162
1059 1062
294 646
603 676
497 701
686 1039
853 1232
982 1331
167 967
566 1340
381 1382
1271 1348
900 1435
889 1437
439 836
514 894
128 220
849 1237
1145 1268
695 1372
142 1414
456 583
351 516
540 1297
65 521
477 600
228 862
195 1346
14 1175
835 934
460 1171
195 287
264 598
64 1226
32 281
147 154
428 1028
376 756
36 457
752 923
772 1129
223 225
1163 1253
807 922
207 1180
425 636
209 956
851 1301
482 1028
583 769
494 958
232 1101
512 665
456 1356
19 524
712 1377
1151 1418
717 866
778 1187
100 410
185 320
145 405
386 873
423 1267
127 884
457 768
245 712
354 1263
488 1080
1067 1312
617 850
542 731
91 445
751 1062
53 98
470 1024
528 1402
234 1395
542 1426
144 356
782 1196
685 921
1132 1237
908 1206
132 1116
199 411
207 1090
654 867
471 750
911 1371
1006 1232
146 629
589 1307
77 253
270 1103
587 1024
885 1007
412 607
481 1034
555 595
857 1173
652 1193
998 1436
168 259
55 378
390 1279
325 1365
74 945
898 1197
510 788
15 1223
833 1162
338 522
1056 1404
629 1397
820 881
742 1224
180 206
1 995
569 1366
32 1068
247 367
171 191
378 957
748 1364
948 1386
36 564
254 712
695 1425
204 756
256 787
1122 1350
577 762
361 870
183 381
214 1156
266 1059
1173 1409
259 278
549 1341
660 1339
477 1291
751 1079
762 1197
771 1087
430 922
100 904
175 1284
173 961
1023 1031
1329 1387
1084 1425
1230 1239
53 606
157 1011
738 920
796 1391
349 693
503 1159
765 1314
341 1039
922 1406
380 1314
64 1412
982 1172
648 1289
912 943
835 1420
44 223
645 1132
469 645
376 662
722 1017
107 170
70 990
73 256
1000 1189
872 1069
750 1287
339 1287
1064 1076
154 1430
52 349
118 602
453 752
872 1415
811 968
327 1424
121 355
64 1116
1083 1414
512 881
138 580
673 1357
28 124
272 403
66 1387
429 1241
2 1095
493 1426
1151 1279
540 956
610 991
1152 1294
90 925
1236 1431
693 1103
196 199
483 598
484 604
1163 1438
285 1275
133 1397
224 594
107 599
439 1233
97 1185
1233 1434
417 846
231 452
570 1337
291 391
595 949
484 1020
589 1013
132 1402
1188 1371
1098 1419
553 1370
384 450
241 739
515 557
371 1308
1206 1415
90 1000
555 1439
891 1377
323 357
719 860
931 1409
639 1300
186 665
162 801
1168 1200
467 1438
520 946
251 1435
1231 1434
310 552
1174 1228
1256 1394
519 840
1007 1115
1358 1389
271 1075
671 988
330 1348
889 959
1044 1098
150 464
90 128
181 1040
243 261
467 1439
66 103
1294 1324
250 885
947 1268
474 855
595 742
319 1356
164 1376
452 568
271 867
1238 1346
598 1209
1045 1390
1040 1387
1155 1371
27 115
1035 1329
1323 1372
63 478
291 832
540 1017
119 1088
517 1248
154 861
1125 1164
340 808
877 912
606 850
520 917
437 754
660 859
603 877
893 1294
24 786
200 1148
64 1160
90 991
115 1252
290 996
623 1330
327 1340
513 1244
356 918
264 612
489 1234
549 676
522 641
176 796
401 977
951 1282
352 1205
250 588
48 956
276 518
745 937
486 501
684 902
661 795
693 739
512 825
522 538
1017 1321
16 1344
1159 1329
83 325
267 1322
471 940
380 1116
272 891
148 258
506 756
801 1339
224 1078
324 879
8 22
240 622
240 275
362 865
513 955
653 905
332 1364
2 149
103 324
215 1148
305 1333
670 1206
594 633
545 751
395 938
349 1009
222 760
712 1019
483 785
1061 1371
594 1339
684 1181
335 629
135 1062
1226 1285
384 429
349 1382
101 122
957 1368
275 989
405 768
64 986
919 1195
147 409
834 847
691 859
1066 1173
510 1076
624 1373
333 738
1142 1435
258 1393
426 973
414 659
382 389
637 855
991 1318
359 488
597 972
577 1088
279 1406
16 957
1271 1285
542 1025
553 697
1101 1409
679 1165
470 1321
250 628
51 467
110 650
185 897
182 531
326 1263
786 1260
688 1267
545 1272
97 788
588 976
196 558
367 980
161 365
616 1192
926 1128
1248 1254
152 392
889 1089
343 569
165 555
543 1080
847 1415
265 691
1067 1303
1159 1174
1027 1379
16 1089
192 1089
920 1000
116 1006
137 952
180 930
1256 1399
511 901
581 852
1270 1327
1008 1174
847 1072
340 1283
307 1088
607 1309
95 424
1232 1364
277 583
844 879
887 1173
831 940
247 394
155 1293
282 448
1049 1207
13 123
10 24
745 1364
588 684
1239 1387
360 468
24 1346
603 1378
666 965
647 747
840 1274
203 1284
607 1219
79 283
968 1370
544 1377
138 877
496 1128
204 1139
835 1179
190 1108
482 1199
292 1412
785 1184
381 920
744 1250
52 1380
264 1402
713 1285
164 263
979 1378
835 1086
474 722
207 758
158 1032
511 845
49 1352
570 976
889 1115
297 1195
370 610
440 733
708 1232
239 561
512 1396
250 956
206 782
451 505
417 1171
97 1047
25 896
596 989
507 949
42 1184
340 1099
1309 1357
445 1006
344 539
232 1283
730 1186
676 1017
954 1086
217 593
235 610
975 1140
277 939
724 1263
39 126
18 986
828 1364
942 1239
760 1352
795 1112
661 1039
176 737
18 850
516 993
383 589
165 1343
53 130
460 642
1122 1162
885 1236
143 1426
285 510
699 1149
338 870
273 446
6 455
397 806
1105 1400
279 760
738 1247
766 1207
811 875
1156 1340
259 1417
995 1278
118 1429
1136 1180
105 696
560 1234
218 997
927 1240
964 987
297 1220
1049 1365
307 1265
208 1240
885 1331
987 1356
840 1044
281 1109
921 1254
515 1154
906 1033
598 1046
798 1179
169 542
779 1413
415 630
772 1434
533 1029
963 1316
270 462
78 1430
1074 1284
915 1247
287 496
17 588
20 70
644 864
43 175
527 666
853 1342
183 1035
1287 1410
259 698
816 1383
389 1167
182 625
144 682
592 802
464 685
232 395
1202 1294
367 1028
328 1419
75 1308
342 664
1051 1367
1284 1324
742 950
345 698
931 1288
911 1248
182 1292
190 738
493 1214
117 1035
776 1408
528 1436
1179 1303
403 512
555 928
22 206
871 1155
135 513
954 1137
292 1281
740 866
639 803
32 496
370 410
123 181
23 1355
1201 1424
76 87
822 900
713 1253
225 652
154 1062
674 974
10 433
929 1334
696 786
47 994
157 1225
179 867
857 919
724 1403
794 1293
1186 1355
850 869
555 842
197 1081
680 732
289 660
228 567
96 746
154 443
613 661
315 403
314 535
269 1000
463 972
1105 1365
906 1022
455 643
576 594
840 1203
64 225
364 655
272 799
71 357
313 702
385 921
889 1334
41 1304
225 1249
1039 1310
96 176
5 744
265 699
512 539
293 620
441 1272
42 1249
