924 916
64191
70624
76875
74658
1489
65378
8340
48149
52078
2059
53638
38295
90465
55703
54423
84173
94114
92852
15864
83922
18068
98073
12650
21633
94989
7000
69912
74204
17788
48047
32251
41352
93882
4276
89081
9358
84037
67979
35865
40110
49159
93538
50851
15993
66144
86249
98835
36083
52503
13528
93901
2557
6757
36261
22736
11479
42752
46925
58292
41573
98417
28463
3451
46547
819
44982
22452
23010
28839
10257
52010
96369
31526
44037
76265
22729
40181
29335
93508
8031
14185
18572
40336
41792
94531
42166
85085
58008
52609
98558
54041
96517
39402
54868
66426
8949
26511
66389
56601
26635
8721
37919
35591
3381
5673
64119
77143
69905
92253
74404
25101
39386
55940
84069
79004
6079
68590
31707
89969
58432
14861
27608
422
42088
62630
30589
39769
75808
92177
67989
65733
7445
3765
67220
13297
27947
91806
79446
14817
29254
376
53406
49147
59092
84987
49596
12760
82276
59962
95274
47604
30540
16279
482
21482
75935
44501
91987
73773
29115
99197
59752
91826
96664
70397
43961
12889
90394
90573
1661
11385
1662
10949
6349
27726
25622
42710
43680
67556
69381
38175
80556
63638
96431
47358
70099
32733
45322
65973
85890
22609
67526
71461
43231
11597
30600
93760
32918
13284
623
25279
60894
8111
39161
9672
14773
65631
74131
90583
54021
18148
29818
33277
69793
77255
33144
29574
87481
65800
75351
39412
49764
49908
6960
46931
26293
51587
56456
59424
36916
12470
94202
19566
5725
14263
44171
45891
53816
69482
15628
80148
37023
20206
41533
60788
24846
82411
51885
65663
99907
27768
89238
56636
49326
28538
99985
40449
6904
6825
56323
71205
72331
45046
11262
83683
97042
19848
12106
7601
13124
81642
76620
7759
77363
91422
89785
12669
677
10681
28621
70313
14203
12612
94157
39399
27073
49420
43153
80019
23519
29059
84900
71126
75662
2629
79122
41701
65507
93284
99903
66749
18163
83796
73976
68580
53863
27795
74730
33516
86193
12196
40881
55892
47811
21169
93386
91672
8670
11199
32685
320
43270
14326
17691
35097
64062
91965
9746
35879
24381
69625
26492
66909
44141
49721
3873
36787
17443
1109
72084
47416
70218
57555
88168
42652
59035
30161
62274
70752
64380
21536
38365
87171
91717
11681
11661
45938
84049
14022
33725
73623
72774
46732
44605
16239
35617
61156
78522
37638
77803
55981
21720
25266
84531
2415
24570
57919
84693
8000
18842
1472
35589
37942
53675
8399
28117
51482
99535
74882
29876
78002
54122
573
50469
53277
64085
73029
96723
52258
15796
16590
1784
49187
37945
76549
47561
14734
84781
77543
48353
48873
47793
26962
2631
64112
47344
55623
72292
96221
77666
23972
1010
80231
66297
43715
5916
62992
60717
95734
87397
85766
83926
63616
27207
51139
31497
87540
39188
6667
23192
64308
28368
19197
82769
14692
14949
45932
44255
35380
84281
57732
93118
34557
19519
30885
95985
88921
65569
84497
12932
35008
49736
435
38133
15334
97897
47386
32543
77877
81841
62927
58594
46989
45383
56057
7937
5708
38061
60880
86296
74621
72314
2848
12053
99976
10821
9313
41295
50958
22040
1491
8023
17617
71901
96892
18976
10770
11185
56237
17289
78170
60158
52051
42551
62364
94805
79375
74781
62647
30894
9883
19498
74503
45877
69132
56534
39878
82553
87755
5927
77569
42093
51850
87315
84429
78009
17295
4405
52472
50294
98010
27658
98905
85185
95826
22169
96239
98175
90202
44886
99470
37970
98758
17281
6745
87794
60644
80195
96028
22942
60592
36838
66223
30716
40158
66170
66244
89150
55149
9677
9005
67902
54402
10579
84283
74781
57465
66638
41560
83643
71989
34703
11183
40912
36037
51279
71348
99349
44693
19385
65334
97217
42936
94419
63906
25305
31801
64107
56191
47767
51286
53661
31583
9852
96048
25478
1124
62437
59547
67528
59523
40893
9947
24796
77463
35107
54853
44392
72434
26628
2275
58330
20435
88511
32576
77318
40187
479
33816
12244
24751
84078
27506
21017
64345
76043
57742
55221
85947
45410
14713
26207
51821
64231
55143
63801
99960
67764
40875
83432
8147
7128
40901
30886
92893
55777
86788
92611
28406
46165
18157
36689
73123
27476
9805
3979
38787
76672
9043
23039
65989
36662
87228
36310
15262
82093
51394
36261
45764
55474
42480
14583
4041
86790
11012
11582
5380
40054
34169
78910
96705
49992
9077
92475
16791
19086
11063
66444
24308
3605
3535
36972
92096
63408
81651
16103
95461
84486
77143
61499
71635
42556
96551
56122
63590
62000
78032
8829
85943
34171
44360
15083
56860
25074
65733
21496
59320
63479
83386
92458
597
85569
9780
45006
36876
72442
72145
46142
32853
10527
28098
37688
92876
8611
8936
20204
50120
81988
58888
5860
70719
75803
93992
167
22444
19785
23741
15133
2149
80394
5345
203
27549
38923
26836
68141
8050
95639
56401
30832
10331
23216
62137
88207
71681
28429
37982
32341
64498
68733
27152
68586
69711
38640
86944
3155
45597
1626
92475
59560
58949
5339
95387
46088
70130
17638
92130
26810
18306
14399
8341
31214
54754
97857
58445
18086
86894
58519
91997
44485
60962
14366
44323
69914
86902
73634
52529
69971
21978
31351
96937
58590
69657
86747
46914
85415
33611
63701
34446
49698
65606
99280
79684
88728
58755
52963
7231
79410
74733
42253
53786
40435
93049
67651
73271
45872
65563
32117
34659
74178
8963
16618
85573
50283
22362
55495
62228
38634
43307
10007
14642
20094
21388
30919
87677
67397
3270
68652
61503
17973
27122
67893
11136
31659
52771
83747
25225
27348
39676
48794
2160
92504
71800
67936
52192
65648
19945
69328
75650
9582
1357
12541
86865
97924
90498
95758
51140
23373
51235
19442
2304
63640
7355
38020
52259
60828
16129
96341
43009
50973
55957
3740
49820
12981
79368
39320
31058
54533
27747
451
69072
27603
81020
60131
30647
16190
64207
54730
2564
32930
99623
59052
49017
69371
19080
28461
44878
50801
87167
6521
44974
38746
20880
6951
93573
82226
58729
13440
45337
5962
56304
30569
42460
88503
44065
36987
23442
49860
95863
21586
62207
25766
41316
30482
78564
90123
68776
78701
13647
23802
52687
56415
6087
45281
58734
40866
40647
88692
52112
37212
44311
69844
76864
89590
73074
79162
47270
69078
42112
43199
79539
43552
64866
72035
70201
72574
52040
28614
28426
16471
66523
36843
94092
96849
49484
72734
73889
87526
83724
9016
24666
57187
98545
11577
20739
71135
92235
43046
73759
3623
23799
70736
35752
62823
87597
71157
3827
47658
27866
65608
31923
57846
89197
37826
82825
99370
59479
50472
4734
42112
64126
39356
34588
18578
28705
79938
98192
56595
89773
63763
89517
92087
99250
98336
18329
98693
37967
84291
24353
53534
14834
69722
7402
30390
70465
64960
55102
22409
45432
40655
60392
50533
7314
5233
59171
68454
62791
34662
38366
99213
39481
70810
51000
46211
52559
81372
17270
69487
74066
89735
27346
50093
66828
13858
76210
39422
39214
38830
42079
9505
45474
89078
45455
87730
1858
82168
80449
77533
37856
75711
48929
18739
43948
38615
97982
83143
48982
73016
94352
4116
59169
35364
25420
32207
8194
51073
48600
57174
48098
90274
24950
89260
86568
35741
35105
90487
80336
72231
46546
2269
72497
93629
16470
57861
41456
56932
56327
80673
39005
57093
67638
20842
97449
92089
66137
95756
12744
78795
56352
37699
28800
16513
56973
84509
82771
35869
68382
40976
74492
77599
37346
11846
84396
34121
40402
25557
78078
60594
9234
43702
84193
7763
12701
52072
55654
49154
79953
36129
11397
14734
63830
36698
30080
66713
51687
9978
77883
2675
67451
17219
92392
60784
48148
96931
92260
7189
26920
72886
89092
66841
54368
69437
69181
90682
81958
19125
7770
26292
57135
99537
31584
19911
70987
34385
60655
43725
88241
78300
53564
85925
66264
61592
5672
52499
20136
88456
6901
37007
57701
22213
96364
80740
96160
92049
52142
80868
71533
14509
88739
67851
4457
27695
59322
81029
76067
5020
63658
6231
76770
23626
79109
75349
15129
64891
93062
2748
64683
57041
50451
57605
81145
57668
82996
77347
7753
59403
98398
22714
46922
33527
62853
4243
92161
8453
46439
57158
66518
41771
4870
26940
86955
57309
58410
29750
48339
96544
59307
92056
56594
64161
48226
60028
69698
39312
57573
93617
17673
62554
65799
20592
96741
35854
41818
34717
23700
10877
46498
39359
82603
88195
33070
91125
4834
42654
63964
17810
21241
57577
90556
87002
22895
19193
45627
86058
88500
47077
47135
39974
69508
69627
42938
15870
51573
50237
64482
35965
50312
5738
59365
49859
66555
36254
56059
65064
20583
35159
37047
69596
80762
95499
55778
36508
64085
49466
65087
43158
48307
7602
53592
13382
99857
5080
1888
26683
72438
78514
58784
71118
92523
91758
22835
17212
42494
62226
39390
35890
36611
75934
8602
2644
82508
72591
26581
77737
7231
10879
40175
80723
97411
39384
6762
76925
50215
34013
57064
67508
53980
6102
20283
38467
11963
24309
71503
78059
38229
67517
674
54477
33130
35315
4827
35137
51217
22398
58486
73908
66293
76221
54266
11713
29552
98787
36269
937
61586
66661
92037
28176
79750
54091
49907
51609
92696
94359
90306
13964
91693
39822
69100
2832
64553
96973
16127
4365
90801
41225
47042
48735
82489
67298
58161
10239
47095
55102
59089
63039
82047
83846
57240
37526
96926
91443
61021
37893
239
6517
37558
11960
42223
62930
99090
67938
78770
81272
60493
52492
18179
5880
23689
38719
77043
97357
25152
28867
84122
44238
61534
38217
95170
24967
31072
85906
30628
62664
11159
61269
83430
19001
80333
71116
2939
8371
33404
21502
44121
65573
92580
61649
92594
12010
49767
53535
82242
34946
15560
99543
53883
9685
41370
21542
32366
26466
13980
51441
31697
66746
90414
88865
27299
20113
80403
86769
99070
93695
28311
80039
94596
93462
38814
25804
48560
94528
9945
45997
33616
72942
70392
87542
51099
86352
38193
5294
10697
47839
87390
93546
56401
52075
83615
73021
16215
11643
83311
39521
59269
77358
38409
14133
97970
94161
64320
80276
99121
31598
89653
45693
78357
87443
18694
12566
18241
18575
81955
5505
41354
48867
80414
81155
99508
77827
26560
88897
79209
43659
7084
45024
75653
84558
7795
9954
11667
68124
13012
19512
59650
92011
45634
11309
10787
59717
40273
95569
51778
5652
52111
24322
48645
92240
39294
3394
57537
15428
38624
30429
40882
47051
80993
95033
24471
21793
82151
41595
97238
13642
51619
12744
73792
96347
48886
36616
27525
67630
79339
65724
10790
26849
45362
94312
76654
61606
12472
13928
42961
20698
11500
16740
7045
91169
74095
45010
19772
73555
91396
37601
10126
43130
41038
55687
95551
36413
75752
17372
74437
26491
75906
11170
29918
87611
51647
87031
50480
45862
18830
11132
4485
33121
18210
75448
42799
16620
73728
2025
55782
19716
23219
76377
55667
90585
42463
6257
1751
89743
59730
88835
40516
62949
87568
83751
86381
12351
22068
5955
96903
62250
17915
75162
21806
61700
74754
52903
60431
58355
86873
84302
36570
11311
45125
89626
13932
65793
81012
88975
36664
5386
56660
82093
28814
79605
49722
34877
30714
59518
43294
18813
95649
36203
8494
44541
58197
64567
54412
17242
22708
65143
747
81038
46673
92162
45289
32546
80936
33670
1944
45655
2099
74147
70191
23131
51797
45939
9670
67876
27637
50053
72191
52198
60832
54247
59774
40820
92911
23449
3003
67765
96497
5008
62544
48933
17377
81079
48806
83776
18870
80324
35579
72146
68314
67923
89561
8123
85049
54792
73803
47888
86312
29091
94350
15844
19249
56629
17059
61619
68512
48028
32216
77561
4087
40862
53050
37904
55187
36258
68439
13507
38852
46734
16504
47353
86299
93485
90860
4283
88996
19481
96393
77196
80006
86064
30062
24847
