9222
15645
80123
35247
5749
29645
17760
57253
83140
20062
99806
97473
28127
96331
86124
57109
89428
16772
9198
10689
28061
81638
53409
23647
13707
85101
85822
1646
19937
96121
15550
9651
3908
30960
32629
70937
88684
66843
83851
13056
8257
2703
3699
72319
44064
20369
36151
16213
67018
52368
34077
50863
184
27678
52513
29510
27195
92951
6901
99512
98260
60937
81491
34672
69171
33073
89569
48682
10116
58961
94349
63999
52351
79464
17621
12548
99371
55406
24873
26075
99122
78115
72919
54960
70577
11219
71336
26803
42430
81704
91551
48367
59883
56689
65063
71868
52345
17680
30663
63844
23162
34923
25622
26653
78363
96235
88735
60574
37637
96694
4160
49580
61022
13132
70956
7842
88523
31313
12080
10839
87846
11231
56466
18563
96888
78709
65471
66651
4735
59785
30135
27368
94937
67354
73617
78352
24083
94841
73669
8359
75031
54698
15007
57867
27156
57644
16749
90346
28559
58701
69254
35455
51212
55060
87674
56672
54976
89824
54989
88582
81262
2904
42470
58708
93157
95936
47745
29919
15172
8453
24080
73252
2139
15930
14155
18703
84690
76236
475
75375
42566
37406
67215
66525
22027
11558
1530
23523
86850
16819
15059
1929
53927
32420
91542
2001
94
70005
34003
97674
48048
92648
94773
82422
59665
11302
34383
48276
91620
19148
8880
59644
31115
47764
45991
77290
88113
34276
54613
47625
49881
94620
17056
18596
14899
26345
57278
713
87564
58948
54482
28717
69713
82473
87518
63275
38428
18576
87142
69707
41792
72708
32982
44418
20831
75284
20206
46023
23951
60424
764
75225
21287
66989
47503
86834
49846
39544
69820
27414
56690
83669
86551
9260
24547
43144
4526
53791
15267
53075
8968
50034
23538
11624
98163
30769
14161
12474
35764
31199
66141
16220
34116
30472
92636
30822
49184
98067
34346
97827
70060
17350
60107
96045
50881
30762
23141
26659
62610
40231
45216
39632
81543
41087
96028
26282
68380
58538
49578
71431
60549
81178
42521
29122
43408
15137
73071
65778
95141
64037
4819
8868
32105
36618
29961
29340
49249
31762
77047
69946
15163
79084
53214
38686
13484
24893
6441
33724
72283
50775
91473
32032
89540
66968
46854
19510
26137
71275
82554
40165
23180
33288
31100
30881
17814
3604
59070
21752
2751
56543
85604
39810
19579
28102
36432
20605
39963
55623
5343
13498
98503
77270
72192
12739
16512
82799
25865
39670
37884
45236
35236
43234
84788
16827
72016
18460
49211
38052
96133
34271
48718
52177
74306
47549
52792
85625
98560
6308
35320
66376
211
75671
50096
35992
14507
96191
6421
38661
71695
89518
76916
79300
40997
23857
63143
80138
54049
88146
40001
46656
27168
86189
84681
54258
85629
7769
74749
39202
1827
85809
96750
27246
6488
86966
7701
18358
17708
19240
15629
15014
90709
1492
60969
20914
75045
79357
76546
94535
58191
97345
9261
64075
74024
85266
65908
85626
49439
32555
98252
32727
31872
86092
3587
76138
92193
12950
63346
3944
71795
64147
11141
11095
32663
64607
92764
80298
74317
12045
89075
38884
20822
43659
63769
52574
35005
20231
36844
65773
84545
1743
56998
98443
36743
32072
81186
14119
5043
76793
78257
87872
24686
97676
88906
49713
68088
1015
40659
83302
90354
73991
34857
86186
84730
13657
95039
2558
9947
95431
65137
24089
10412
63185
6260
1999
30293
61330
97566
44763
31565
33421
15586
10525
64780
80519
66083
259
41726
19568
18423
84833
29410
1521
10577
15465
94860
6842
63303
34807
15808
73139
75349
18169
54548
92973
40831
86859
74979
23163
13149
35967
63633
17095
25182
9912
54264
14291
76538
54381
86610
75607
1680
83934
98047
7515
14033
85227
5901
45037
734
50871
51318
82212
68830
86117
15225
92537
63130
33934
74808
76667
51825
95165
48862
58819
48980
36385
70950
18280
99693
52567
53388
72365
58956
37247
23086
44812
68457
48639
3706
66013
80347
55635
36472
95474
80839
51651
580
26874
20403
78500
37076
59408
6273
10683
41273
18800
20753
38780
98099
36072
64305
43625
33297
58793
48753
65533
85558
14286
23503
99276
54517
10751
90720
11024
23732
86188
79836
4786
78783
57950
8391
21343
97884
57574
72351
73758
93324
43631
44529
53860
90383
84603
25190
90300
3765
23029
58220
53242
11777
30800
88059
91455
76211
38180
32059
34982
96491
9440
41770
54164
23673
71713
95786
23687
78623
40599
17871
50646
35669
68311
62997
45844
32606
53759
60202
83380
43568
37672
73007
50313
94106
80430
84428
47454
67941
5347
54898
30291
98004
88763
37639
75947
59322
17855
66851
8487
56988
26260
73999
34986
5688
94449
22752
93131
25762
7931
76185
50319
83097
72071
55589
18580
6993
49631
44412
32438
65843
79612
59569
28491
11822
35747
40638
15688
22284
50239
71694
67614
38073
19159
65021
96217
14616
80736
88010
666
36994
94897
33383
55811
96478
76907
47723
52474
131
74937
82960
96830
2050
64771
55752
81144
12189
25187
16174
79833
71087
87472
81684
65550
92612
51600
23618
68447
45587
52213
70544
23997
58058
80349
43884
76795
43842
4727
48952
8125
48770
96060
36809
63236
65537
91581
74930
84627
44191
23390
52462
69158
79359
50413
54313
42345
55331
19310
60154
68128
10243
15527
60995
80516
99563
33392
26937
46926
40730
93522
34992
11984
78771
57568
8209
51010
70936
78523
99625
99352
44173
57934
44032
5467
90224
69588
41217
8036
32683
66541
81044
2466
13920
38915
99210
8008
77425
32358
51431
44794
57962
59815
21612
92843
36364
63784
4884
17557
61324
46578
53710
19518
55713
28187
25869
35181
4022
41120
23629
15331
72649
45518
62625
12778
48286
45256
18500
48295
22312
53592
21575
25991
45271
86082
63885
67484
44045
34834
41470
47588
40933
8618
49525
73329
56382
59014
43764
7158
99798
53267
55250
62562
58837
56198
6100
42927
8982
8587
90316
92748
38552
32050
80497
61514
62083
96377
84468
76028
34323
51934
31421
58762
62574
44168
39770
1583
28784
48757
67171
4171
23684
30204
83823
36222
89705
58607
16333
91749
92310
31497
65659
59267
55706
5098
54093
18862
9346
48185
42926
52636
36718
1698
54481
53872
61382
44444
30649
84425
43194
56448
22242
85743
39537
48203
39722
34731
5964
81923
58444
64469
85775
80371
79703
72558
98795
11887
38591
25179
11829
79619
79648
93171
26360
45645
51322
42763
58085
39545
93474
35596
91186
31512
69670
512
68192
96961
16698
47432
5439
42631
24088
56918
51912
86277
18446
87912
26249
20706
45307
1167
42733
77008
10159
28276
13784
76418
93700
41566
67998
4575
22723
80562
95597
29820
59326
62354
77232
2510
49682
53101
41516
24058
73012
42030
80898
40347
45851
42244
18241
71748
12672
23521
12980
94644
78455
80416
5561
82215
68755
23614
63245
17817
36078
61978
49358
71541
72233
35623
35576
91533
57707
17888
37335
93389
15269
70425
10587
90976
1111
40188
66778
34261
86639
20606
47550
25235
46818
88952
71775
2407
3471
6845
3097
68171
47070
42181
97268
49799
42904
94107
95119
72933
50621
74202
48375
79872
41534
2157
19498
72580
98680
26529
46498
46465
3198
39464
8498
79849
85099
30415
27152
38667
44544
66217
3943
15933
55690
85059
26342
13365
97616
42230
10500
88434
52825
56217
67921
25900
4438
33926
94044
34634
65155
86355
2470
55166
37145
6661
1348
67108
33067
40129
62900
97028
50977
38413
79250
16382
92354
67031
63350
85394
68093
66972
97302
4391
15169
24589
61023
84382
1474
37263
20646
87602
93875
18848
30813
16966
71547
85397
25199
5367
37244
53942
6384
12388
27813
28236
69138
19778
78521
34079
61327
1767
63500
62572
20866
42428
73732
12335
54670
30453
61020
29405
47865
89323
56439
80787
15875
64116
10267
72242
81033
43618
10804
17093
83954
79483
40754
45897
26754
8135
43089
22718
33503
13574
75247
12774
48624
3932
60520
41865
84478
72930
34460
45134
16145
18880
8859
59693
73006
16711
75978
89114
69079
92328
71244
47104
57566
1651
58103
22987
31372
52582
41599
72255
55745
99353
39370
3686
72082
84126
24243
82941
83425
80383
89928
24221
27111
76167
49989
93574
58094
25268
15432
35266
61258
61306
51080
49928
92535
89082
98517
12895
50567
917
38039
87929
54863
83581
65918
3999
76738
41051
71925
62709
55371
97387
4599
30653
58197
84270
43644
40922
30231
80000
92729
35122
13797
78721
96156
10391
52752
29982
28629
37077
92241
97257
66729
95696
585
29159
32878
43100
71461
28441
59730
59495
40342
96058
40777
97769
54040
20759
36566
44303
98259
78818
12083
39063
95523
51535
85820
83183
8820
44639
54994
63525
5614
49117
29855
14587
49696
88501
76425
65181
61963
87102
74487
85831
98845
77944
72369
16160
16010
64604
46661
59954
8959
40269
58249
94625
59966
95515
64339
77074
43976
21023
79241
58664
91284
70885
97082
3859
66772
6487
82402
87156
97077
54516
87379
86485
66417
64874
66731
31674
62501
22430
32465
56708
14636
41128
70651
40684
78056
4636
46139
21538
67372
46965
13238
19074
41538
58339
41294
44669
6887
24646
24453
71441
50197
73787
51385
47651
91973
46353
90460
86106
27701
89188
91953
21365
30728
57496
56250
17139
56682
73408
8009
32482
10209
13402
31091
99648
39517
84356
59897
61558
7213
54869
57311
98388
29354
51156
22184
16111
48623
53952
17866
90305
58342
14091
31639
85392
91259
14639
91852
69464
66434
59497
27831
82462
15618
23293
61151
89938
34883
68921
46838
54428
15687
14406
65733
93832
18538
64900
5033
48278
42086
15897
67931
82884
47684
18045
75393
32831
96821
38557
47389
59537
96242
37527
68688
60823
5213
37715
52087
88249
3069
52077
96570
97047
15233
94085
18028
28369
62549
31825
34461
22773
9314
67489
37950
80422
74486
19375
18810
74004
55449
63342
10458
56243
74668
50382
17806
60883
65961
84091
21794
95316
33575
62658
29875
93664
16127
17924
86903
6072
54339
92859
51875
9027
61149
72102
80928
49313
79564
10503
4686
17800
1296
73154
91706
12656
85057
72333
63765
54269
6296
70645
12281
25336
86772
27324
62350
66774
17275
65873
26672
36806
62902
33054
54837
41066
2357
63618
80314
6641
33470
13255
54686
97118
35786
59472
91201
53477
59875
73560
64979
50675
39795
94913
26521
85587
65068
27804
97352
23248
94992
86177
65401
19936
6611
9192
89308
98955
94494
74684
89228
63678
13319
93468
94414
419
98449
90981
38360
71990
53943
77946
72232
37131
82882
80727
39313
46047
32779
1393
36323
12081
38015
78986
57704
93743
32362
39075
99885
53110
20034
8878
61234
82019
61605
21269
24336
77985
11016
11367
80284
89965
46339
37782
48642
83536
50059
84965
21852
24240
12118
65872
32357
30340
4831
55538
74068
74968
83926
40700
18608
31540
70548
97370
49453
21107
30177
17065
11898
42823
51136
5056
13418
24825
46694
26438
34455
86538
44827
84124
90002
43447
61317
37112
28315
84504
58878
15679
37260
22694
14411
8991
95489
20705
30085
65680
46313
26493
95260
39336
95306
25909
32649
84042
30922
88082
35628
15752
96055
38391
72096
26668
61416
51303
92615
41513
84569
22101
56487
13006
80645
13234
43846
86383
12417
35865
55924
89545
13137
77651
10153
73369
27399
42220
17399
3850
18095
35479
22634
43873
27693
71229
91598
67655
27490
64209
58825
36782
70875
62958
65246
45657
50645
25067
72927
67324
66421
47827
8212
85408
36277
86030
17369
3741
82505
95175
45278
77144
77684
7087
84895
32836
79424
62011
12526
37708
47861
13354
90594
50697
88403
42392
60239
80403
17766
69473
38612
7689
1437
97957
43942
4365
60303
16183
51610
5555
1969
20741
23030
20170
60567
34521
18561
43975
84553
20889
6134
33136
99033
44415
1269
48162
55802
37926
33179
5783
21332
47576
62106
72669
97783
8127
3057
31127
32704
32303
66826
56655
58622
56252
85468
96931
82301
29638
40153
8972
45390
24480
25641
97722
45942
10797
12718
19701
39871
21605
55598
8691
13423
59619
97627
72786
32576
39484
44295
85122
90233
39636
37378
48931
2542
42299
18617
98588
60313
54450
23186
55144
56654
73688
34035
5900
80918
20797
112
97723
74436
28254
87792
5628
78811
53353
96974
27144
70301
96288
53628
62503
96809
54560
14072
26631
40219
55277
73451
83249
62335
99966
28704
76862
17810
90873
99510
44073
28322
2907
60700
55630
57640
8927
29862
30597
19376
63162
26794
45459
69845
41979
36456
14606
14162
41877
65831
34451
6098
4867
10672
94706
18874
8402
163
57298
28553
92767
92814
39185
70917
31262
23434
83596
20448
32763
34044
70137
60053
35636
5415
331
73711
23511
98975
51811
32220
87934
84791
15332
11277
36765
55455
83494
98830
92322
98146
98032
56779
12751
67327
39742
26525
5674
4241
43635
9825
82098
64568
4257
94938
14870
60031
51555
5544
15871
84824
18968
37371
268
74652
7136
18916
34341
23718
3149
69337
8165
1312
25540
21223
64670
62948
55338
13338
68028
35366
69577
36513
22236
46289
86011
40475
67836
49278
86350
18377
43440
52799
65457
94762
45005
94751
28360
42902
60691
70562
33263
77068
54835
52549
81172
64458
90892
34713
66069
86916
61229
6015
57429
37041
71580
29605
30163
25104
25605
63829
63404
70967
72983
68822
44145
916
50655
26028
16488
61640
12246
81526
38922
38029
57858
21232
81848
93267
15191
80927
46217
25610
36478
9467
43244
20088
5095
49285
21262
61982
36412
75958
28756
61131
42869
87031
54173
41245
82431
44693
27867
53134
95868
82486
86793
30673
75482
21139
77633
5910
3760
42620
80910
58340
16131
98296
99927
86928
71747
41000
69612
29394
33500
1307
77030
50650
99922
28528
16716
52585
8879
23714
24917
91683
26048
72691
72394
10258
28103
27731
1589
64752
44748
34151
7597
48014
38412
84970
56652
63899
39558
16553
19239
43872
94944
145
43709
63898
23922
19418
42251
5592
29583
48673
430
33331
58473
41968
4634
55903
83095
39140
32406
76351
41305
30828
71173
42249
49320
15238
15903
51508
40944
78827
12165
19160
57191
18203
41997
28785
40929
3059
48761
29544
78011
85018
31819
68241
18961
83872
66116
18295
95201
81360
14829
50509
96096
81069
91387
30965
37504
65114
94598
12008
63168
78937
96979
37463
26316
20368
55052
86308
58422
58500
21897
44884
25120
42870
72660
15211
83972
83136
55120
38533
53661
17447
94453
15307
19021
44012
39032
86260
65558
76142
656
19323
18163
28390
3526
40950
10712
79156
80695
98261
5996
35051
61410
33565
79915
42998
66108
30715
93849
11021
73564
97654
26325
18433
5568
59224
86219
15326
32254
23519
62155
42324
19493
98793
92883
21305
13914
3020
92021
33652
72772
10972
23612
61263
81945
30032
62316
89031
50343
6858
3886
75837
61798
81259
94947
69704
7138
85251
90649
54142
83120
73325
38709
69768
44698
70696
89225
93398
50564
82091
69127
1135
26470
22104
90122
36916
76929
30627
2459
70805
53234
91502
91283
84989
11041
43701
45961
58790
19353
38657
21927
67116
38054
18565
84684
1514
57770
95155
75571
32587
90684
23917
44551
12451
67566
32372
53436
82771
93058
72366
72815
10679
78386
69821
4143
20765
90658
58298
53433
45569
35212
81223
85566
69170
64318
65397
4381
74259
44393
4572
17808
33277
26774
87018
41189
44621
24558
25202
34241
25002
32639
80470
20724
91769
71383
78943
81357
35323
46164
78643
65461
41089
65055
11941
13695
52915
69567
11328
29276
23773
44470
98365
18430
91715
99677
80465
60383
61391
3032
21916
14656
1101
53297
3574
5945
86291
84254
40365
44657
5517
18453
88449
1426
35585
81754
97180
69696
87110
16952
22996
64126
39031
77816
6584
12524
27160
94185
50269
75508
97306
9747
66343
72422
20026
99457
80447
81021
94803
93763
88994
82522
23870
30687
75326
85341
1765
57681
94982
78205
34313
35071
47884
84896
16929
40639
85389
97530
70098
26558
92822
87014
26593
48580
46590
26752
79812
97933
13497
94770
82850
26262
82444
56175
63164
27743
84073
3314
54487
59506
11374
82036
74765
30020
97442
55656
46786
3087
70307
29471
46254
17071
82650
2352
77371
86706
45526
35195
73124
76660
41922
11318
68421
91704
29103
47434
87338
14822
43687
44759
90866
33924
65368
22082
86599
5535
34238
95362
79338
53287
85904
20736
78781
30683
91404
1800
81074
28377
85286
15979
757
12764
18958
15426
64346
59660
67690
19062
1022
6809
6691
9826
12126
58745
79481
65947
25208
11389
20894
12319
42459
92777
60900
90661
75348
42633
22882
71767
36885
91478
97459
92871
37416
90381
17117
98600
9406
68479
15255
52762
64713
88865
84719
89023
51148
17572
23456
46930
89115
20304
68523
63089
20586
2100
49614
93809
12892
89206
68335
86536
95042
49372
62008
41542
98921
11987
29416
66304
64945
50513
45769
9409
39811
64789
34514
56625
87716
8667
27666
90461
91113
24757
43844
79895
52552
76303
22542
82184
38102
33382
78280
76356
28209
50428
56778
62621
73764
74104
31088
43172
36427
25323
32013
42642
93393
67541
54012
85239
95552
25034
46135
74515
71832
80100
87829
6178
48590
25581
2972
94907
46735
33339
14705
39828
57469
98150
61815
47590
99416
53447
23579
27157
99167
99547
24661
73830
62675
69451
24780
71205
65674
58182
29561
5944
19304
70733
35460
33408
92735
86324
18624
85160
57875
2207
19424
6079
78325
48683
28435
24484
42501
66149
9446
10708
47667
73726
38705
89163
7425
74420
2276
58352
53294
56912
50161
8542
70787
11174
97444
40457
44342
10667
65678
69221
43370
40352
43206
30458
55027
81502
33807
31930
83460
88852
15165
77637
49856
62836
28818
51069
26854
81498
18807
98661
42968
91433
50927
51557
73063
86362
26945
10675
74665
90518
1301
53175
11853
32628
44894
26245
19516
37475
70871
12513
69397
23214
59861
27953
87578
83589
40662
64281
69376
55161
38449
34546
98492
26627
62295
1045
83472
66609
95457
42364
43103
38777
58382
52943
79904
80854
16190
50805
80345
55915
44146
21560
35547
54099
83459
23486
25880
91446
49191
68226
53118
57923
44937
37250
24353
10261
60725
75390
16818
82519
74897
38122
54979
61883
69020
82922
1127
17487
2631
14334
63493
16533
54846
41308
51339
97648
85810
16258
23796
95709
50146
76333
45260
11629
24337
5015
32475
54123
31281
89038
39700
68499
14234
42362
83497
10219
35876
65289
4201
96819
31443
69106
6262
24189
50924
86624
87917
40079
75080
7685
30634
57959
18144
53734
59575
54051
1130
4311
6906
95204
39580
4821
39567
14595
51657
11974
37616
34012
93904
42393
99472
35661
71453
69637
46030
85209
19333
31415
72867
69388
4590
55920
22204
9847
21819
52356
59015
93166
13783
97522
68545
69479
7638
10658
42082
37438
10211
33323
35108
19592
78605
73333
67667
41304
54735
99646
9102
81451
49201
13962
21759
8306
68927
68229
72053
86021
6443
75946
33273
99237
97240
35960
81005
31154
32474
19362
37744
43956
17584
78316
60703
18723
73972
42548
69386
43595
40748
31174
15106
25493
62171
47715
83618
2172
17630
19999
97754
55852
32768
50926
96338
81944
85255
59274
80413
7938
12224
99925
14851
97720
33092
56375
32909
64917
87220
31235
88982
53073
45223
13148
93449
71974
12544
59626
83857
12195
84770
17913
4805
69246
45339
10630
70048
35265
61075
1230
9325
32927
2912
45826
62329
70854
91130
44052
44351
73773
66420
83050
51225
63433
23201
37386
53685
49335
75018
24038
27919
10296
36070
75559
52640
93631
6036
70064
36500
74321
71447
12160
72434
9018
76711
98369
67701
99190
29674
26264
46480
20932
88588
21855
931
14303
79831
48784
8113
52352
79132
48611
52250
61055
28929
59945
77635
3759
89795
69405
54327
87073
26278
51232
50156
48924
40262
55496
16882
92198
50530
36848
86063
2293
4210
13348
50242
86907
61005
23121
61840
84328
29463
93342
82456
24185
34379
45750
18213
86972
36553
47700
96444
60622
85955
3718
8748
2812
27179
99313
59684
60465
26834
6090
59321
23621
57999
55112
97994
60149
61596
30398
67758
18084
60246
54750
33221
7872
43528
7368
75419
78831
39040
63758
86201
50807
22023
16853
12280
48337
98144
10315
68501
97657
74010
5936
98235
25682
90783
11681
29619
64079
66878
86789
67393
76340
41897
91392
47433
84520
25495
23457
9927
61132
70703
83862
11627
56562
3798
79643
96352
62216
29283
39889
64230
39264
51928
51114
41890
62321
13561
66344
92263
77381
87972
66123
67608
84214
61724
44888
21396
18164
55809
22655
26174
95387
74248
16969
37109
84757
47142
36018
63105
88663
36880
37780
86199
80547
39944
73714
65651
60530
5286
1350
2338
97980
57480
10862
27493
61423
39731
86832
42704
73776
90208
38708
71007
68658
92129
96042
29622
41135
18981
22851
89191
23262
57249
39241
60259
7436
55999
64999
15061
10854
34438
57378
9614
75937
79274
22286
80873
6559
96164
41671
30046
27734
58237
72697
96103
98151
95019
20176
31544
66566
2881
39989
28554
9101
27925
37116
21059
26440
70828
10375
34354
59780
41262
70717
90643
60613
74042
11396
65036
46477
47996
47504
67525
80353
16438
86592
53741
68711
76002
9272
53841
95441
4452
34124
53434
53499
99384
56327
10241
79170
68875
80743
88152
93722
81509
92005
40334
49950
57870
69879
34601
31562
90627
82579
75768
51873
51463
59324
40956
2887
7784
86965
16435
85808
24067
55591
64592
88416
77106
40263
52536
72279
1635
77601
66940
43622
30856
9417
489
74840
15202
55990
30700
91722
10106
81511
13832
84145
71359
4529
57489
70768
16225
20376
86286
41616
15094
92187
55263
59260
355
65955
67335
37151
84166
41174
28950
20585
15730
55680
13475
8524
87596
98806
64174
48421
2690
68348
11435
88556
98699
88617
74048
73648
89765
4407
71844
60544
49826
31725
76519
44955
86111
40320
58068
32829
72361
16760
52073
64356
60550
26697
74311
67369
60038
11576
21854
61681
61524
54922
36276
60866
18771
68208
36833
44900
29119
83806
49930
89089
72949
45619
57229
33413
58847
31012
45495
7598
89921
65746
24516
88384
25714
46379
14154
89644
60132
25348
92407
71338
10110
67117
4959
66118
5486
35201
68167
61107
45334
30835
12209
41701
33319
4465
35735
28571
30564
83240
27392
66994
97882
16536
80429
96041
5633
84516
57545
85832
53268
82337
51871
66065
33184
32936
47671
7408
99606
58511
71530
45319
80865
54321
90730
66776
98018
95021
29015
34527
23786
65440
72711
77041
52823
58006
38818
29567
314
72383
86244
77936
40586
31445
60003
1841
7670
19056
98519
48694
79003
46674
34705
15998
1088
91908
62533
42734
71264
17832
12747
27755
53420
89550
48352
33072
79916
33902
90807
94909
90438
92314
74582
755
68377
53658
46947
18184
51518
20048
3029
97731
54614
38324
4354
70114
33035
33235
3002
42306
49866
66883
87864
10785
40416
62884
23590
26003
48562
65556
72077
58735
44754
2633
41544
8677
16116
19090
69272
87681
30877
20457
13723
99920
54416
73076
123
90580
42218
74984
33989
33261
35959
17877
70735
85314
17770
9226
70282
46883
91429
18849
23436
90882
53861
71039
59867
71320
78571
85347
33149
17013
55268
3
27271
28733
69050
79642
40435
92410
34610
12570
75634
58587
37709
73173
26222
33731
12818
73858
62978
32053
27036
12053
20455
97896
12651
60683
95860
98350
89161
65610
810
16581
34744
55669
49672
51742
17100
32426
34520
95352
83696
75075
16060
37130
58174
87804
36245
60355
32867
28469
13371
91013
80481
62349
77465
76060
4332
46948
1097
93739
86041
68246
23060
58445
51054
5111
79467
3105
93938
8432
58848
77589
22165
93200
33994
61015
65163
68993
16593
65179
91700
83621
19686
25548
15736
67318
72325
71882
82099
70035
89523
69339
37662
28179
82286
14943
17700
60996
44633
95125
79827
8041
24807
93621
19997
11122
24681
5746
55918
9611
28639
82829
70322
33281
59876
50125
87724
4874
46635
23006
76332
36768
56729
79192
46615
66148
55049
6416
31806
38846
18830
90339
21089
61344
34532
9356
62145
47092
83073
1531
25572
5841
21196
81170
18891
3678
66214
9939
1831
16419
25717
32140
81621
33248
15748
57537
47885
60307
22650
18047
20566
17270
2854
98192
40742
37918
73561
15668
49816
30362
35835
39157
38277
97296
83395
42756
22185
2498
424
91090
44583
93445
44928
42003
42043
19119
56931
96219
55404
64154
96031
5619
11409
61723
86698
1973
13009
54904
69553
2367
22340
89457
14179
37407
51441
27648
74780
21137
57382
50236
60063
67549
37887
66361
33123
81616
22731
97468
85729
77423
82763
841
47396
12900
51291
28936
85054
23205
57915
3111
91845
67481
76320
3482
73705
43024
10681
7255
4083
32392
62484
74661
1862
65691
70594
41241
51735
1717
75731
92723
36370
68505
46732
25526
6551
59591
19930
25847
95439
92329
21889
87960
19512
88242
62722
60076
29773
14193
17950
79963
35077
44620
59542
94065
50773
13709
48287
88607
36366
35227
84816
38772
57003
10967
64420
51879
89643
59128
73539
1210
7230
67056
45416
92098
11088
29135
38577
71340
35461
92165
6762
32279
40163
98434
30576
54733
44070
14680
50656
59809
96432
46427
33586
73916
14882
28702
90545
62853
32178
3768
94905
25517
85508
66036
24758
40744
39691
79602
43680
15012
96208
89948
10231
87916
14522
64328
51155
49558
95453
51217
77279
18003
74924
79841
94564
48248
13441
71011
80961
31881
47730
74336
69347
71220
42690
43793
82332
70570
68148
6156
12741
28959
27187
70243
61587
73014
65754
39204
59369
7961
22815
15277
22672
40514
48581
75589
13196
60874
3948
88370
93980
89818
49213
34470
71848
14126
83406
24879
28507
10596
23947
46774
28398
70102
75529
67910
41937
37275
1866
16401
53656
32624
87905
25003
57614
15980
74005
17921
11986
53560
36567
23804
95911
30612
16641
61370
75064
63467
54025
18305
24018
11796
69354
76377
80443
40873
22481
27653
80273
8324
18409
6491
36225
52436
9645
17643
22427
10240
32715
39561
78973
81741
35464
36622
94076
81055
69391
30624
96797
70357
46648
41524
93102
88391
54208
88305
25518
5772
10626
30388
78858
53654
12115
45205
87004
8119
57509
6935
97005
89766
28191
30212
50894
38971
76117
11205
46980
17887
55516
42371
68632
15926
4038
90747
88531
38071
64611
69617
73278
49171
13237
7056
51475
3570
29531
63690
45703
77569
70525
79789
50241
42755
40136
95593
18836
54075
62990
16685
94364
76762
69183
15937
1786
64613
21195
37175
5283
95116
38223
30279
33003
12148
14847
4989
41454
66693
81008
95150
96457
51334
50085
88540
15704
9183
31765
56078
31553
85013
90500
87055
43484
95698
97472
96403
72756
46337
59586
71910
56077
5142
95391
36557
56809
81092
30693
6888
13593
24094
43494
21156
70321
91590
79802
25965
23996
91354
35276
38321
90307
82121
49018
36770
35696
56572
88760
56505
83329
93814
37440
93404
19962
11428
54216
95799
44172
77153
5845
19708
87560
53711
37324
77052
99905
2809
8413
72134
10273
58862
57024
93786
46059
80537
63038
81563
76464
69535
9142
80943
95392
96619
19335
4722
28470
89732
13491
81342
73032
53276
61276
98968
75973
10697
88817
99986
5468
10124
49051
68750
20770
60568
4366
29458
16187
51258
33229
87076
72814
28335
46827
64692
77263
81382
47578
71208
77046
64464
14806
25679
51830
92003
21769
8398
78959
90905
493
88066
69520
78626
42133
16879
44101
29538
85876
27484
9301
51572
86415
93440
7650
67977
47636
62819
8522
21876
77899
11675
62423
10226
46440
23056
94608
15829
3333
18472
80513
6199
31800
21734
40099
81152
19357
79139
82185
44199
84065
71722
81188
70879
38487
62502
89608
82563
10017
14758
1211
2862
55000
73519
81921
36639
36020
48556
37502
59701
56425
76912
15089
4742
23001
55618
61611
36392
83442
46791
68623
17646
79419
7361
20780
77983
313
16379
91570
16898
78728
16100
69310
82995
80096
21688
8430
35457
55363
86616
45206
65639
79034
24070
79382
22961
47449
81446
89633
8180
19637
91894
69615
56191
7349
49781
46742
90458
86287
44505
49364
35231
99912
6997
72045
34757
46419
95505
28965
41399
39458
56015
39548
61858
46209
93545
23553
64186
43671
14669
16834
14802
70233
66275
89584
55761
78816
76997
83008
686
44834
51714
24091
92673
67969
44423
70821
56854
71825
72796
15031
94758
10174
74555
78362
33592
31325
15546
41446
90596
20485
18317
30466
95525
61868
18255
84962
56426
12164
77540
19613
2892
11773
41249
24153
82090
43278
54509
42931
76087
61232
3395
31419
56896
50465
27692
7175
88855
51567
12307
95324
4552
92834
87634
26312
19011
10856
37140
61517
23416
76212
25094
36690
61867
59853
40812
72357
54719
86083
46564
8847
47660
35052
43670
6999
89753
14759
71884
67488
60057
73741
16723
74822
72679
38241
1556
18240
65100
2769
54636
26152
55284
80236
34942
17848
69959
83342
36675
34153
62868
31736
33682
78305
64703
59258
90796
88205
21856
56085
3469
11466
71940
31201
9509
63170
1874
34925
82964
49440
78
28582
39386
38295
29365
26947
30743
63311
48827
57842
38204
56711
70736
18677
74028
69791
99694
12897
96373
56075
42876
22461
80788
79119
79124
26908
78923
85087
81639
26194
83869
52022
4025
3465
52328
91628
40519
25414
66580
39421
5419
68857
16247
81967
56513
80501
52901
84869
24059
65445
52560
44607
6246
91656
9174
30775
47169
74989
26000
29279
13886
16571
54892
97211
65717
97690
1975
18187
20515
29713
56974
8131
57605
60127
61748
90296
28588
64218
94339
47559
22673
50157
2365
85047
43526
62927
43752
91851
22050
22147
7353
34214
95024
8951
72217
45478
91746
57971
8428
49844
15984
14661
85015
55325
81997
41860
53598
20919
55409
70877
68925
7269
76734
13105
19541
40836
65850
95267
87210
768
97774
20001
4587
69030
73482
25456
48522
14230
80784
39144
51760
28956
78213
72801
32516
96827
9539
28418
15474
92521
28732
84146
71247
58773
95502
25194
15053
45979
79653
87204
89479
70541
12820
62020
74257
37985
95803
12228
81692
91777
19446
98898
87451
62887
75945
9496
84176
68273
25700
88526
98999
39445
19704
1690
94320
99832
60191
83195
99299
19033
56119
64717
47542
6361
69807
1909
75456
4005
21608
25611
21590
45932
14719
69036
92809
61233
88848
73162
35923
25589
43506
93236
80670
3717
3667
83974
37835
67278
78138
67748
36064
13426
46889
58732
79997
88285
81169
73717
95188
91740
62631
86931
53252
18729
23126
40535
5598
56199
10647
59492
48777
73461
80010
78852
99298
57633
61280
12408
5687
47612
42723
91998
11354
59666
15330
1981
7473
91938
13501
31124
14984
99462
94283
82686
78275
24154
71605
21084
61115
72148
87279
90362
34831
89631
7881
32761
4017
78928
81134
96758
60067
11398
75854
95145
7169
62129
74447
397
86250
83930
4783
48057
10127
71943
46842
99822
28980
11152
12962
19202
72187
61540
47814
32170
13427
77443
62344
63206
71362
97347
82191
91362
60329
18518
83476
84511
57419
53022
79657
91151
94464
57155
99871
55799
75560
34701
95818
68503
79187
71434
90129
50040
73510
67813
71488
94128
21177
27772
93223
24978
45117
56756
42128
84137
76152
91328
47062
92907
21497
4875
71738
45881
76438
3951
60420
94509
26147
91025
60374
16217
32036
8094
88518
27244
75596
85316
97348
51920
56842
67757
71189
78041
46822
27799
29443
23965
52951
86646
85020
20916
25845
84743
64523
13671
68685
82277
18512
68346
49169
52061
39835
79796
6769
94521
56282
95951
46812
81767
78794
23067
76544
94675
27080
51895
4592
1113
25115
38306
96296
36606
67886
21216
41084
24613
17777
53438
32634
54430
47826
69091
91207
29938
9556
48871
80674
509
42187
95883
77205
48697
66879
79248
53478
96325
12557
21767
97970
7998
74857
12925
57115
57078
73895
25222
30636
48313
53285
16560
13700
18570
45140
49063
49579
3786
72900
41903
90849
51139
74791
21157
46862
99252
33595
82020
20995
50037
36060
29564
11345
64546
56849
63933
66124
10123
36814
56747
85589
83922
20464
54940
82950
8219
84302
40617
77495
10186
75374
76507
87367
24255
1910
85416
6668
68679
34020
80600
50415
24667
83424
61134
29589
88725
40297
42958
7166
10320
85708
16159
76086
14521
9061
71215
38774
80825
70994
91331
1261
15860
87287
76756
45468
2564
38844
41882
16558
15141
58634
26582
35771
52920
14897
17849
74875
428
86982
44024
93633
38528
97824
87835
36727
53669
23012
14589
90551
76764
61296
31954
77727
30522
43135
93366
10606
67946
66086
9910
52546
32657
93838
78097
3954
52523
35162
21461
53917
49275
10663
88360
67182
40246
73319
33980
82646
33802
10731
34529
56329
21412
80823
91400
85744
15123
86891
83567
48451
18718
1414
10832
97801
71778
44853
61383
28744
60891
13852
60578
85801
72938
96365
42863
6570
13201
65602
81436
13532
34502
81673
8628
93532
86857
82298
11249
30455
51113
26706
9744
64706
17946
98605
58536
39396
11746
34353
2013
86872
33735
7619
14078
74109
53273
72057
51614
33295
63355
36616
79197
65500
17180
31687
99533
7964
56065
70192
9735
70263
78792
92519
27682
81098
95401
76105
47134
88093
14128
79760
28177
74550
26793
4477
17450
31230
31503
33143
33278
19067
62606
42102
59523
57464
8088
84041
49075
10409
43529
71545
27489
28609
58461
44706
86673
81835
45835
1873
27556
28821
4852
89012
96514
23702
36237
6582
72180
55137
65683
58548
71499
65158
93123
10168
18846
43479
54276
72337
18096
94736
60270
96625
77659
62342
99209
45142
48321
47610
62210
88388
25906
23606
68133
24062
17689
40421
53393
55866
90812
40119
63337
406
96941
99653
5203
56139
25899
42338
61004
66829
36063
29288
57157
79094
17851
27821
51562
65206
4324
2778
52738
91475
89942
6157
99534
49030
90327
26362
51472
44791
17128
24848
71953
84292
35790
51264
70018
31089
36317
71734
78061
59459
1851
77722
91753
55178
7334
74966
51476
91983
56619
19007
93991
32067
77467
30568
27564
76877
70896
33688
75811
82721
21938
42378
13840
4178
63178
18818
54993
33058
94935
3304
65792
412
89088
29222
47914
70535
52773
41452
18579
29985
12203
93527
45618
84197
34230
96960
19607
77274
69921
49611
21798
45349
63550
26274
93811
60500
44333
57740
16570
81111
8199
23654
10931
53431
21006
48913
77634
89621
66058
20754
29461
60496
16479
75842
21614
93761
57267
79138
28168
8616
50374
78396
3064
93456
77576
76025
98391
71689
64222
65962
1177
3582
49475
3026
98053
6527
66321
49178
42069
98981
47281
85225
76372
21454
52957
30478
35105
77859
67386
9395
75423
4584
52997
8765
64483
64883
88822
78998
74461
55082
60109
64849
73485
52127
97368
78407
43836
61662
41417
13811
27886
24143
53571
78355
30007
71134
22685
67244
37014
31374
57170
39498
2683
61400
60835
1594
10553
55274
58698
69755
60044
91618
34310
64110
84273
78787
8852
59724
44490
29923
29367
52178
37904
11154
69870
9170
56374
29818
81300
33875
22062
25214
46057
28427
78210
26848
89966
56204
25718
80280
87778
39904
89410
78982
37562
22563
44733
75128
49413
8789
65985
96240
10431
53518
88289
35
88292
32598
93434
38935
42044
75820
19413
84466
27093
79918
10554
66917
29726
98938
87770
90950
47473
97573
58913
72941
53646
14934
3441
25272
8253
92363
84785
44362
3576
44808
22283
16782
29219
74608
21337
9239
78492
59908
83194
82936
94060
58967
13993
72882
88266
98238
75506
68899
43011
10933
78836
57070
55758
69775
63471
15913
47023
62939
59095
11127
79272
57383
9176
33411
30242
96676
35342
45743
15570
57762
23009
17248
93963
36641
16407
92061
26898
6059
68605
50280
56058
91808
94957
93382
85350
20043
17083
86532
37152
59692
18663
82538
24477
35423
67229
59617
4969
51130
46600
5875
76815
73365
44782
58886
30196
68629
42679
76563
95938
29484
28026
77894
9989
15993
1491
15149
77506
83698
85354
60095
30530
54573
48077
27845
55382
68067
3917
78847
12355
55350
86940
45422
72098
61277
72619
87786
43856
93454
21901
56237
2660
16141
19655
7062
94189
80904
1294
88542
38877
39556
2321
76123
16101
6173
14393
40708
21899
60024
80041
86660
5514
53488
96192
38110
33340
9009
60384
39661
29944
77155
26005
78137
87637
29246
8111
83101
5532
16392
48977
50883
14297
42941
14681
19739
99066
87699
84795
21672
30849
72497
26286
67883
49530
19794
30710
41080
21837
85134
69605
17194
80301
49033
66183
36324
61009
15453
78393
28711
43824
25252
89140
36264
9135
85981
72039
58227
82072
13038
11753
87248
89747
16004
18575
3118
78561
60295
72727
59601
26288
92004
21501
18999
8834
26131
33084
40455
70926
32827
48405
79807
47734
45630
17726
53001
48589
54437
84378
73922
47918
30963
86889
14341
17728
41658
51554
59588
94365
70721
8543
89990
97913
19649
81229
55047
24142
21322
78287
77793
70895
52845
52308
11236
64862
83341
16833
55489
7034
44130
41345
46548
49918
14148
46369
17809
49351
41870
14210
37513
93351
62733
14359
63974
33923
47118
72768
30459
51438
5352
42609
1189
66909
60470
18716
47923
65270
92125
76700
80216
38649
66583
52161
68131
44953
41287
11875
97232
45162
73102
60893
4470
23146
88505
75683
51181
62843
1329
10934
90932
54764
12688
76272
69968
48564
85424
31402
38808
1188
7172
39690
3378
14046
32671
90314
72140
70356
54162
37051
42268
10224
87440
29478
8703
24150
14385
42047
24503
49005
11012
34983
84959
96451
87036
64632
3891
74738
41056
86007
71137
19977
86974
68579
74094
37667
92739
66364
77758
91441
78697
22075
97074
41567
31647
64278
33463
30151
53760
41021
75696
6314
78837
72344
87218
50701
31025
53580
76427
23626
7532
8994
4138
84103
93291
47126
95983
89363
12875
99286
55478
64081
91534
93872
60770
49315
57651
56769
26844
40000
81124
19885
8326
43863
18271
69894
40522
49605
16378
40274
17526
22450
61361
39437
18937
75246
37793
5726
11288
23623
24719
30182
10150
82406
25397
58010
59639
84821
54726
23104
46859
63515
167
92507
41556
78279
52085
46127
67398
61675
76561
41133
10784
48853
95739
67574
51837
53907
72552
60993
86459
96166
5530
23851
14441
13245
89972
43965
30207
85461
6846
67007
82073
8404
46150
30958
38469
80829
88494
15501
21275
17102
90115
51902
692
71442
30681
91381
3049
56037
89316
7345
99092
56737
5465
3514
30842
86389
39800
3365
21994
49729
47274
42277
53010
43367
67722
43730
20197
28350
30678
52463
39754
44016
72507
29707
89416
61777
28865
40118
8433
27794
28424
72609
75728
54032
65672
22314
67576
51396
51172
21472
16724
2625
97181
59287
97020
35031
31234
44959
18287
13096
32149
10998
97815
99560
42692
50449
50979
49639
47925
48342
4997
91759
91959
61427
64317
30839
761
44011
61808
77730
37029
74572
32274
74113
72832
75792
14645
95816
12252
88818
65202
72397
28690
35937
31270
62760
71636
87863
71450
71622
95905
32101
41115
71627
82540
35418
61765
94856
40668
35241
8263
63149
27536
99238
47805
507
20053
73486
20611
5361
83562
50577
18272
27771
19246
29751
78231
564
24737
33
90439
89665
56094
26961
50390
12207
44386
28519
90277
50306
57804
99170
46496
91215
3433
40572
66574
82370
63509
21803
38172
84578
74688
61802
27194
6330
82148
11583
46950
63498
43127
58858
80617
53901
14327
32735
77059
46808
61090
86898
81459
2435
52040
27065
34595
98161
12502
54503
90038
22303
87749
52666
37064
58080
37685
17415
97861
98170
44002
14442
25486
81153
47332
56474
23320
39729
61158
54140
70942
87456
83173
52850
80420
36006
80677
59503
39233
82300
20050
87303
91996
84675
51683
58210
71492
86823
30924
58200
85126
59822
47421
7553
32294
83400
71685
37213
94491
75034
61340
28774
27225
17170
30252
68121
40852
82383
99808
8973
302
17910
40059
29787
11069
55907
91353
60804
65877
31597
48205
72306
71928
91547
50726
47746
13183
83995
65756
63513
68100
54294
81095
24748
71583
13330
31827
35633
69896
2694
29160
40107
4493
11615
53354
19693
41736
78047
58906
28720
27104
49569
44767
70085
73670
55282
91680
42320
1559
9304
29948
81271
98880
49260
62419
69061
48340
96077
76160
22691
21
79043
63937
17389
90166
84747
21126
84722
57763
53465
89817
51838
12968
67167
87583
3138
91262
78472
43812
26679
22969
83060
2527
59788
22964
37535
28654
51370
85774
7782
88129
85089
64197
22246
22190
58446
34021
88877
38070
2307
64285
64682
48975
59208
77547
99799
30486
3204
94540
5512
32980
28738
47390
15533
98990
31942
82078
64748
60396
50366
45669
7880
82066
40963
88373
84021
61274
94147
42595
38362
76894
29891
29436
36977
47601
40233
50566
86176
96056
19887
91623
52336
53176
19472
62012
40155
17539
39896
47962
754
7465
16055
69525
63444
57046
70890
68869
94889
78197
76234
41835
78158
8702
87766
97948
53644
52023
7878
70167
75915
86289
9720
22221
44747
79820
752
2940
51415
12860
69359
95586
49656
25400
78788
74748
4804
71493
27008
8448
86815
15110
90251
99262
28269
71412
87509
75572
59301
13987
6152
27601
61639
69422
24329
28982
51817
99870
19896
69817
97099
39188
32875
18690
12841
94612
92949
24285
22651
40467
64685
32755
76302
25051
29852
76066
15438
26061
91498
12288
7929
64095
18643
37537
40171
93629
36356
182
84862
82482
12566
1305
73470
8345
69811
91648
77885
23531
8808
56900
74673
78268
15591
10381
40732
61204
11549
49218
72155
3905
41269
22113
24296
74741
81996
26969
93780
56163
21537
36576
58054
80605
69461
88737
85543
25339
67981
97845
35451
41695
74492
70668
10651
7634
44043
77135
15232
8548
84181
52316
13946
44384
82350
9059
18720
73416
80305
20803
31177
23558
82233
18251
14253
89694
74230
78676
47149
96700
54845
74894
40248
66872
49726
75041
6125
88214
59198
54784
12346
75137
21055
54249
71727
57577
9471
13143
58140
89565
41662
85674
45707
53997
45548
456
45112
33855
46099
87697
10676
9387
52590
99060
67812
22537
26042
83677
6230
44786
37332
25419
32154
5757
84669
26901
71353
81614
6114
73513
40691
63672
98120
1501
14397
16142
3063
4124
9883
58087
12867
94351
29138
73562
11498
55014
61137
98969
50762
84506
59926
93002
60976
23439
54562
11058
93805
99103
63915
40221
12814
76166
58954
46344
67692
71682
2376
95566
68949
26878
74531
58755
81316
99024
9462
15037
32846
41220
34260
18041
41025
99062
12901
25702
39312
84278
2998
81323
11707
10343
25585
59577
15028
35154
72000
64031
3488
95540
4099
37155
96761
76826
10701
47757
57542
83819
68183
59197
72595
92879
96705
99405
95862
12760
98483
60181
64200
7263
12687
52056
94989
67745
36050
897
45597
34161
81567
36167
90165
80566
94094
36543
1633
94898
48095
33391
13682
26186
35191
19398
28646
32805
34766
74255
87169
26995
86068
18912
24250
39320
76534
42063
90101
33635
49034
10968
33550
1061
4653
4399
6644
86202
42997
99393
83820
45712
91197
46475
11347
96485
66128
29343
9740
44127
60640
43823
33518
10196
45434
9784
71212
46705
81562
19961
54434
56317
7108
26088
24572
53184
24756
98571
33478
85172
39593
61238
1782
7806
74713
18935
39564
10056
34590
88598
41772
82041
98724
63495
71446
31126
63080
94355
73296
11259
53018
59646
96955
30473
29717
69633
52993
33050
33713
10427
81913
96076
37121
96150
8500
72837
52654
77337
55863
67725
90851
13073
55132
95113
80328
55212
43028
68768
16143
39449
43137
8709
89448
4389
58038
3639
54877
67439
49429
22572
93010
83233
48021
74433
5857
48764
49709
37758
57274
7121
20137
69406
2241
40068
14381
43472
38914
98837
71270
93287
29858
16630
50593
77001
55461
96187
58636
86095
36559
90358
66918
19747
67792
82827
98379
37020
22279
89208
19095
91221
65939
94164
17238
8802
84772
16368
64618
13085
39363
36949
3379
47157
2548
65745
28174
44558
95639
85459
12051
80419
76663
41661
89179
45033
74152
43330
14945
28195
34216
89507
51000
11492
70324
744
37178
61175
15130
51705
74785
8883
10052
44688
64387
42736
1459
48088
43563
72292
26394
62242
76643
87532
87420
20215
65299
48176
85664
5261
97923
81926
55916
21446
90393
37696
24193
77421
26764
64004
13062
70922
15368
82675
60431
8913
56211
22753
49511
67798
77333
37434
52836
37607
14484
92626
93047
33352
46134
25752
21383
2377
63091
94141
82495
58017
11842
55115
57868
93070
51260
75525
20927
90113
11888
16367
83328
61053
91160
10434
29688
49987
88887
20934
46345
1425
93708
13771
25429
52312
18313
74610
97800
57250
84186
92450
74374
54722
98133
92608
79356
49567
1610
77646
583
77055
83246
71581
1884
68155
62286
949
31921
36209
45799
88629
10155
21812
2250
68111
91316
8261
31514
96313
32386
90546
9504
86858
11920
57163
65056
80325
17813
24684
85024
21699
52057
71202
34147
47812
7275
70369
17470
30216
45120
89203
11725
38664
78898
15620
41917
2331
92789
48508
92778
29839
19027
73957
96212
36080
83867
42790
58744
30462
18905
71681
36004
40288
7311
18204
65611
33834
21153
54800
26389
60141
19760
47033
9839
15348
93958
10433
38139
40114
55480
16825
24439
86743
73600
78894
18426
98204
83852
75069
60718
79800
82514
72240
17049
52772
31551
45104
54958
57167
7323
16020
90879
43886
26541
72719
35198
95445
88477
87265
77931
57891
70100
26273
8521
97568
3164
4658
72612
27153
70680
3743
11670
10562
31587
66785
20116
55874
89470
31382
70795
32743
99777
34390
69816
4290
50192
15129
79848
67542
81284
93182
74396
54336
60949
43038
96181
23699
22678
17762
36526
71603
5159
5769
32759
11757
63007
82664
2826
32488
67665
31832
9843
67646
61920
88474
98414
50153
1280
70318
61789
46003
13397
62681
75164
85127
14414
10957
21668
86327
10252
8354
32378
58673
42839
47191
99046
12055
68329
62237
34499
72075
63310
17601
78477
73224
38862
77081
67202
4765
3522
82156
30125
37896
75151
23462
76183
25118
3308
34638
70189
42075
87262
59599
3883
3578
77464
37972
1638
23568
46855
42819
98361
35400
2096
88635
18778
36460
26890
51980
77718
61657
4533
95667
79106
24927
62785
49299
10011
38343
46200
82681
31824
74872
10047
97454
53404
19368
88081
5212
60767
39149
7794
28563
57075
68104
59845
88382
18113
7036
52186
13291
69771
18681
75863
64498
54593
97487
14421
28419
50363
12592
36173
22488
84629
13081
7222
38586
25215
65153
9072
20199
48528
96020
54704
29956
5485
83983
62386
92273
68601
94330
89594
30424
58646
32331
21709
93197
39744
19990
63830
22499
58719
33369
29625
95402
44335
34027
27315
46296
52157
91383
77602
21215
44682
98873
39272
41320
10512
14564
21065
82470
13449
77696
43123
70744
69402
63870
33356
28219
61910
39159
29518
99543
97581
15892
86498
76254
96201
65131
6722
54219
72030
19502
38995
63620
93305
63226
60734
8232
8103
52282
87820
69128
293
79675
7404
32237
48880
67940
63295
8016
5093
23955
9359
95077
98183
46095
10981
57316
23051
87160
84826
27090
47470
71335
83077
62951
33406
93004
969
70670
9171
76482
3746
1962
32113
38587
47286
54419
8734
40501
97392
11828
71072
4169
37117
43966
97597
25374
1435
35220
34322
24051
62678
57544
43197
88775
23540
77949
1818
32095
1776
20140
90749
62353
69236
53236
13293
4941
54101
31505
6323
13591
28689
60249
58215
69072
80291
98059
86990
46495
70610
65327
89018
50865
33747
61960
78294
65646
56453
13472
99749
95152
49937
27072
73965
96109
46216
21348
47594
87361
11684
3964
87580
3419
91764
5663
66827
54069
41414
74643
28999
87455
1316
36056
41098
58788
85155
15681
78032
65064
88156
24942
21536
40258
61499
32619
6095
67826
85458
22293
20125
61251
44986
12256
1457
76730
13127
36780
69485
2588
58169
36153
73227
52747
86200
78502
53107
71213
54231
50220
10403
68932
25972
59737
89375
88058
43149
16883
89968
35942
3837
39234
67247
28257
81084
19860
31074
51998
85701
21511
79336
9472
75237
73958
3146
1952
82220
24537
77813
45311
77874
6426
15132
15354
60546
63152
33420
10338
44837
5215
10429
30810
2109
80186
77121
36440
31053
2803
56203
37429
53100
19339
86917
57324
31732
24224
81963
89094
50660
14055
59093
51345
33530
9977
50642
59870
49874
42340
56567
82265
31220
1957
6053
2560
91507
80771
50721
54375
86950
23246
34156
13603
56071
87914
56696
93570
52559
91463
69122
79324
23700
13725
56973
98138
26261
2976
96977
68156
2867
29272
13823
5744
76612
73134
65105
70893
97314
58000
295
98095
98345
93773
43225
41113
36952
80212
73977
14256
30439
12878
69301
25945
76051
85531
47859
5147
62327
24171
2805
1490
67763
47722
77822
83167
77890
86419
77375
72048
1850
76635
12804
48231
87406
21328
84769
20380
6974
31172
70723
54090
35502
19690
42004
15783
57237
73631
30124
60298
4296
94619
43029
33201
67724
93444
78461
39293
39997
88490
96611
75822
77779
28453
14295
29251
67807
24282
98722
61035
53042
25245
13296
43314
50136
10703
12959
23878
36433
71839
47978
14644
87281
55910
80461
27608
50275
67325
29
863
4815
3795
15647
11906
34718
9897
24325
24765
80258
12857
50045
49543
26721
54885
34510
6267
21008
93333
21373
14505
18532
66753
69480
16035
72372
91982
94781
9946
82188
80014
27754
16430
23726
87366
55775
47886
83046
32138
57483
91727
75094
70911
15822
9013
66564
1733
61752
22115
22029
78505
45375
26421
26770
65999
89223
49623
2144
86023
83543
32419
73443
83429
99815
12628
25095
25997
71112
4968
23529
95109
61314
67553
43294
42882
72284
50653
29290
20153
56876
38925
46559
75619
10316
55437
55883
59410
85419
47642
8917
10970
42477
28793
59750
38170
81591
66810
59610
15422
3736
13
12018
64987
55151
55174
91434
61349
33425
40349
77836
75171
24731
49851
95568
23374
42683
67170
68203
23348
14513
51997
51189
10247
26712
71809
54740
52551
59494
51323
13633
20302
1488
62700
65472
23525
78599
16001
64567
41352
40191
91882
79133
23543
5161
29834
49526
18125
44623
51191
84677
70699
56716
62072
96778
49809
26576
46687
22497
43566
17366
3033
91466
19597
28141
20431
32511
70554
18357
49060
53369
92892
35292
39739
35649
72936
66262
68891
76999
29776
93505
18410
28364
54789
91019
76608
96320
19633
44691
68419
49203
763
66819
83858
54549
58895
12843
89197
8588
83902
91577
88013
65438
54151
25621
67150
35802
72713
40549
47538
44116
50264
8379
49250
87666
42247
96842
36530
78726
79296
84159
34589
22555
11115
11922
36498
27929
33760
8826
88739
29949
70711
57550
84155
63523
26956
87930
80065
7649
6635
76505
37697
70331
92584
60364
65952
96606
30187
56482
23050
84799
25781
88491
31078
81831
12812
34821
67362
31406
16495
51118
1144
58062
43134
41016
3704
63472
31098
54492
1546
6763
67211
61778
98171
41003
17751
65971
54755
51408
58736
55587
8401
89198
35881
679
92169
46293
83701
70973
3726
65595
32518
85107
25255
55967
96053
34691
80739
54654
96635
1612
74234
55283
25176
57289
25928
50186
50696
54344
69524
79237
28760
47213
85061
38723
16574
97191
75695
21567
64841
55079
13419
17724
45972
92294
83257
86318
51295
20745
51450
8137
76421
29509
12833
63416
61213
93115
28709
210
81992
69417
36657
43385
80243
13585
93363
60609
78607
21370
34726
81076
21646
50873
64098
26699
87591
73121
28823
74694
17548
7068
3075
3681
88463
42355
94599
86384
77597
7753
36309
7412
24360
32040
54754
6561
74411
797
13976
69739
23098
84460
34786
23271
31515
61638
49420
45796
80684
67990
96097
71508
88675
70070
31150
64367
80806
11334
38520
30331
37194
90895
62144
75023
3179
69409
38441
55844
79364
26809
45523
21303
47903
43855
59399
70041
1940
6590
23260
31933
77437
55838
24672
13798
76829
71196
53327
75920
43087
54970
54111
20470
37724
32495
18101
15574
15192
50255
95919
36868
83237
10363
58496
51402
25566
56294
94467
39201
11188
15356
8307
80630
79508
81595
41313
87389
60020
88768
99779
46572
94993
44275
92698
56943
47105
64586
57266
73261
74787
10987
40637
75679
78358
59721
32868
45087
22516
25387
36549
55314
82728
60006
92661
8038
19610
36168
11217
760
47864
43634
63407
96151
69275
32783
81338
49884
23378
62085
73419
13606
72500
79583
12421
86513
14749
63366
51898
69609
44965
40378
41375
51661
76312
33664
24446
84092
26787
68036
95723
42921
91414
67545
27312
20740
11799
89185
9831
63842
61029
85830
98764
98159
19748
5781
33239
58779
66057
61165
40854
18173
65352
16787
41202
63879
37769
50429
89073
29210
61922
38068
24300
17802
89158
39685
32126
93590
43060
15977
59675
10637
68816
27211
54524
45071
77505
18328
33740
93717
13256
32975
16397
6706
62355
95184
6474
7143
69154
89393
28543
34133
62742
68682
18914
32607
42686
56526
97868
59350
75476
61501
40996
14349
78216
67507
94651
31135
12027
79581
6786
20630
33800
2111
54107
51014
29344
21167
49498
90291
46149
81537
70195
34146
62794
46604
92596
46535
67771
39388
4142
67838
97225
24794
67299
59310
81274
18387
88926
72189
27609
25282
68725
28727
90384
35027
85786
12311
74821
29989
2815
89464
43761
59290
98833
4780
63558
88027
46744
98016
64299
27055
67834
97618
38579
47924
2717
26651
51658
74858
62220
61207
39179
22997
42909
1351
10205
36052
4577
92461
48181
20731
90201
45588
82443
95513
92719
76283
12399
199
31788
66573
99845
52573
82210
37412
48537
31995
87066
87335
98266
88912
5007
3803
17765
42688
1685
58015
85914
71243
23038
3291
14928
68352
93112
58725
82526
26435
21912
42399
31547
51956
82637
55029
47546
20539
62266
74065
39892
37283
32443
59229
63593
89380
16839
79697
21814
71674
3664
22367
93695
93762
13545
55715
70630
71387
81575
64720
62006
88963
1025
41119
26941
91566
92650
66248
78226
94418
34784
55308
22722
23061
1103
82105
7266
76082
98836
42593
11611
66779
81454
20183
69328
99128
6245
53817
84632
1395
6598
66930
47688
19751
84975
10809
29362
13557
12462
23414
51294
62899
50855
70681
99781
14008
73719
97250
47108
78310
92225
66430
37809
22353
27765
76781
73675
78993
10935
34688
68303
32176
40057
34619
67430
19723
40124
36229
66087
86210
38373
47411
45532
31517
98627
80980
57851
12041
54802
94524
19404
1591
9080
23081
91795
56684
79082
25449
77099
68617
8889
27391
552
63032
72254
68369
37467
20963
33159
97025
65902
94358
28763
13438
54483
88969
26735
4047
44422
70221
39960
86866
79378
90537
35901
15820
53849
43933
3366
78403
66295
14356
330
69177
5443
18951
81254
8174
49834
90504
44909
25014
53634
37615
74099
562
47912
74330
54166
69143
8592
86750
50030
53904
38673
47238
92938
54889
86086
18450
99748
47741
32749
19478
91992
94532
82966
22071
68050
2299
7492
27059
13082
37208
44307
7801
75809
99333
23866
38693
25030
68979
14110
50590
37714
79440
96427
21979
78036
4933
44908
20373
15731
8499
92828
46195
43815
24914
74724
97733
16172
27278
88097
38443
62992
85068
39403
24934
33079
52720
44425
26547
76825
23134
82632
35688
23319
42303
33675
47604
94814
56795
44846
73254
22006
9803
55390
27384
28520
19087
70903
67485
44670
34004
62300
87376
11476
44893
93606
81506
76103
56772
84246
93865
99239
49081
16384
34999
60759
55658
43445
17490
56733
88774
5822
96559
11916
17776
1143
16112
28789
44499
15230
37074
47018
23624
26531
24642
75265
22936
85081
12422
17110
7567
16795
45049
86495
39113
42034
63645
61942
51794
20615
37464
23057
76891
89422
31943
25905
60196
60503
26112
56188
80532
49099
7897
6588
21433
55973
91282
32151
31015
54968
33011
1287
90902
90188
88621
60290
31814
77746
904
37994
66454
97436
26968
60045
82711
36934
15237
85114
29042
84141
78329
9053
90944
56855
4480
24905
51311
35300
69955
15658
59632
444
25987
69547
13656
72235
56930
47804
20301
3402
84071
24073
48043
41449
44664
37801
14782
26561
63084
83833
30524
8635
92052
83493
63920
70747
50389
18383
68475
21952
96672
93506
58302
16893
79367
83357
10192
27933
11286
69000
332
64322
73442
91250
41019
36853
44795
96529
97484
54985
27635
49019
94166
17878
25516
98957
65772
30209
49897
17799
43925
36117
30961
76543
89739
30130
32688
36943
36207
24342
19316
20105
2843
64462
3142
42105
41827
59072
26663
40713
86941
25730
90665
36603
69430
19395
32252
89112
96868
12117
88337
82987
41086
8928
63029
92433
57853
65667
96549
77058
88745
29912
23234
98733
55494
81385
79735
80025
83855
64148
23711
1478
72181
31158
90692
18054
57969
40878
75641
74744
65596
51843
18907
21867
58905
59589
2612
83186
95724
5981
35818
87469
25638
22047
18340
21909
89337
65317
29231
89054
88261
3319
69638
4283
18651
97098
52558
65783
12750
50821
77161
29253
48298
16572
81610
46726
28788
79469
28167
42654
20427
23693
90998
47882
6667
54084
48317
41938
11270
89235
42868
3344
83671
75563
28101
52862
87710
58395
72430
55397
2418
53240
74591
22410
368
48854
26039
78174
56332
31843
16061
77451
62650
9793
57678
67989
6825
62110
38901
36717
44027
44367
89313
96390
73803
6923
5708
83149
56560
92549
68625
76776
18075
63017
94951
28272
46505
70410
68809
39791
24895
40867
3742
40045
56438
77466
68240
95982
57348
11044
96852
76375
95978
12271
72769
7024
8289
50421
90800
72942
464
72381
91300
8424
19277
35058
78113
88833
37287
18079
98712
42881
31912
14519
5325
95542
46207
11158
62930
20174
80583
2037
28445
12035
41289
19245
61177
82390
97311
38317
61831
21388
65015
89865
3394
95020
75141
56997
93544
24881
11202
39036
94296
728
50025
56173
21792
15488
74179
77579
81027
24462
9322
85021
21731
22692
83827
10201
88430
82793
78992
25887
23683
88404
10848
3148
29012
91986
5177
16865
44453
19585
30713
80127
23920
12109
15219
47403
39377
58055
13046
5076
60797
93038
87557
60389
12465
52628
3609
36114
1854
46136
2152
56076
28703
1129
82839
3021
119
45973
33490
96230
98650
85158
10869
45353
67015
58926
83158
80107
2159
44901
84472
55747
63196
27419
2802
88427
47659
9733
87345
23459
82864
6585
26175
10297
7467
37005
57207
24779
42625
12618
68855
45473
47915
80150
45386
64565
80126
39559
53195
26072
49029
53516
83552
19322
84102
31134
26084
97109
21141
13097
52973
16940
13189
61857
78468
86134
50510
70953
81743
28613
34780
37538
18099
90770
70704
73251
8228
73879
81215
84702
49876
33120
45647
90612
11835
71384
39224
7626
84765
86846
10014
60897
38389
65228
59186
5886
39771
40429
96327
67885
86910
96459
58423
95317
38926
27997
21862
23074
9148
13023
69300
80048
51850
39617
80336
12029
19827
58551
46575
66046
83205
34268
30044
32018
97000
55131
87177
30812
84535
40763
51097
51424
13637
24458
89083
23504
36902
13571
80718
5851
68890
82209
72119
68206
56508
35107
52865
47800
71474
35652
56124
82026
83000
14737
71921
13845
15932
28417
64836
96255
36260
55017
53500
32964
29243
80357
92443
53581
23694
87908
39510
14346
29427
34082
8984
90565
77801
81844
23869
46617
92481
71624
39579
17303
50079
34613
9799
54865
93779
4051
14402
18929
27747
26586
36095
