9812
6136
76469
9350
21482
89070
34401
61923
38053
87686
12177
99055
86366
23518
54135
80229
99712
90082
44578
6016
91490
32731
47788
38583
51585
93235
21162
52874
85831
83029
30247
37847
31373
74610
32165
41136
32370
61143
14216
79728
77057
37014
23584
34629
34006
34662
79463
23388
71386
7273
32703
60940
47383
92341
25286
64779
6165
1443
90611
51732
79677
45632
3460
63090
74114
46292
79619
63857
35749
16866
26189
50032
18896
35381
89454
77480
43486
80286
13267
63988
73507
604
38215
77883
55420
12817
50149
61013
34244
17444
84318
86627
76200
92177
90959
77940
23889
13620
28191
12384
38436
90873
73597
42880
35369
64758
4629
56026
17053
83339
58239
22378
45722
80114
7733
71205
7356
62779
96169
37038
27376
21980
60370
53130
59899
34744
58585
75401
49959
45021
59710
4236
89303
77619
4789
63097
8684
69588
43510
19845
31771
93621
10912
74224
49417
84198
22740
56298
18984
35068
48851
86821
96525
535
23530
65396
10404
6350
37150
2491
6584
13547
82508
46837
13415
91849
26373
69739
79840
44091
95549
8716
71267
57428
85724
75455
47633
81412
48552
92932
76344
4488
50577
10425
22723
84161
42482
94456
45214
49311
49133
42540
23216
71311
51828
22297
38888
91511
10766
81500
77723
37331
9562
29941
10646
24648
70439
11435
37251
27962
74926
63575
87921
39563
69499
72132
74883
31842
25433
95186
4247
83008
61656
81725
19950
75844
50812
30806
4768
39333
70690
43365
54154
86139
32355
3970
58197
35834
59690
23526
50533
54917
68375
99614
39374
94497
47683
9986
2223
75552
37323
98657
60558
46050
69556
77328
46492
35789
18623
53836
60665
44665
98647
55374
53611
58605
66642
67268
17368
73510
80673
56137
63039
29394
54441
96684
93434
69135
35422
75326
59025
46771
85278
2887
82289
59970
85893
7524
48836
49340
23501
81194
85811
62806
39699
26876
10322
89386
55588
72926
68037
76620
19690
12990
98285
8298
4411
41889
71596
43772
60746
76127
58295
12213
86860
46315
5639
90700
94316
65626
78731
8425
71864
99429
41101
84259
87599
47135
15042
64970
19027
18994
84670
45273
40307
2019
24321
42101
74203
95821
17047
75777
48407
13189
52158
88024
24249
99031
53139
35054
18611
50999
56716
82003
88628
4964
39809
89679
54642
87035
62652
46879
11377
73938
70664
98634
5860
26269
89838
62053
48234
74524
5096
13283
25513
31964
90870
2206
42901
22149
73174
5961
89909
38561
3928
97053
81156
23840
98266
33062
56552
64289
82875
98516
58972
41441
4955
69419
82893
51572
97881
65788
6765
11602
12765
16065
20050
60280
65591
93252
21580
61313
72181
40861
84642
53362
85221
36418
30007
61981
94372
79512
10824
67959
12845
92166
26399
60956
49582
70813
52580
5076
15188
23859
81891
75486
62129
22834
11758
239
71751
86080
52242
49537
90433
11028
86327
3199
65999
18469
3023
94035
85970
80894
83887
33216
25685
34465
61124
44354
39291
84666
17594
64447
46547
74032
13059
21874
69293
35144
88796
11832
3568
25381
3428
31852
56901
96924
52226
93047
28069
67800
53514
3191
88795
43739
27464
92262
61383
18391
66371
19220
78489
62509
22786
82091
60366
12048
81291
73995
90351
73589
53746
69171
16566
41389
85585
9806
78275
94514
4583
99210
99043
37247
29151
66128
19531
50557
40503
58788
271
86596
1415
71472
19684
41379
33653
71074
77353
13199
16855
75959
27699
91154
50119
91529
40143
19615
81227
56907
4856
23555
29094
28396
92933
51880
40707
16944
9368
75244
99335
5499
11480
2861
73820
36256
2420
45333
25569
35206
53222
78219
74562
18028
19124
21822
66192
75154
87799
65177
28394
50929
18170
29162
54253
17078
35379
12193
55729
36501
31654
68820
61046
32700
71887
26123
79810
2464
40239
72654
19633
63597
69134
34447
70920
50513
41733
26629
45458
64749
36772
62350
31615
83632
85470
59792
13299
93752
97456
29444
82342
21736
29603
25186
33733
57819
57998
51083
69265
8323
28449
14467
80616
81781
14954
36730
14139
73789
95093
89822
44213
67453
92979
24997
73843
10387
64059
97237
99845
90569
29794
93848
96418
55504
38599
51387
81052
7826
18229
9197
4230
55801
58580
35889
7775
51168
30889
83658
51965
39881
22083
55929
97648
96148
97433
73194
81352
24111
41297
36215
96859
52525
20627
63146
87832
9147
29805
78669
80874
3901
32291
80671
90801
51581
25395
80807
94566
67411
37627
75635
76863
21347
60824
5152
9787
45138
84347
87413
70320
49865
27046
31501
65881
90159
24130
64124
59480
74824
56507
18657
90579
80002
1992
98027
32123
50365
61998
90503
48523
83819
12899
9702
2079
39261
73360
93330
61472
38211
57310
7751
10593
11620
59476
30329
40288
36286
64685
1233
45453
57381
26255
96401
38445
64856
91973
98752
59394
5455
31380
22143
70553
64280
58960
84686
69852
56190
11319
412
60664
19387
67016
5760
24377
19278
12304
34825
40553
66021
6519
73742
45224
10929
35529
81400
48567
57041
34251
87783
89017
2187
58650
6955
90669
44433
89840
60113
87253
36294
94315
69070
52913
36061
93604
52493
60982
2144
64888
13307
72247
31041
65110
75823
35679
69257
53277
90178
54265
88854
59342
73594
94945
39857
52033
76760
70751
43351
74583
94962
96674
80925
72072
83924
37428
77976
26506
59377
97775
50900
58477
87944
3361
73492
48271
51932
62670
26908
69797
98649
76979
40620
70267
83978
99612
53227
34931
57336
84936
60374
70273
37758
28791
35965
38200
85994
1223
36948
22456
61161
45010
56091
60635
62549
4703
83542
82478
13864
45872
5645
57544
57571
51275
55261
25753
79579
47263
76731
15783
89849
36056
93222
94491
5825
45299
19510
23159
27083
13097
57769
99598
88523
71512
38618
85260
85016
55061
73315
47154
39225
68579
67866
63267
80025
56444
32867
68293
90248
49463
96954
36460
56705
5364
4862
98460
60359
97669
25923
71772
2191
36830
72727
527
86088
51132
78
80696
91851
1193
85123
65259
80196
65181
52356
98216
17006
6231
28706
19829
78053
71138
87297
38170
23881
29699
72273
41656
61718
53304
96775
39612
49185
16378
38806
5003
15969
94910
28141
94868
83372
34129
42909
99154
84389
55837
21175
5186
35276
38650
50613
34114
46906
38958
93627
34630
44765
78705
60311
93324
11076
16711
38989
22826
1137
1082
2396
8720
4901
85668
87849
49392
89635
39042
98618
33188
64371
17688
73729
85869
27745
80845
31926
74867
75926
78099
95915
50745
73997
63562
81840
40989
31398
40283
35156
37770
57920
64421
83407
71524
34669
93230
78575
34611
41391
46724
83144
47005
5925
89736
65165
79698
45557
59287
89102
28575
17107
11570
67319
12432
21946
12665
85399
76506
75842
97043
31092
18745
84289
44590
55034
50512
63753
36551
83616
15985
60954
77061
78033
24393
34443
21685
18662
83474
9057
59848
10224
57258
86154
48908
41335
21235
93013
59427
19567
35931
31714
12676
23037
67885
23585
97151
21422
90740
71218
95946
16376
32210
90966
24911
30331
94998
34772
34425
91859
51826
1181
96472
61862
19091
30866
174
64507
28199
18829
9764
18274
16151
97568
93675
47349
61668
85568
70222
19901
69800
6548
84759
99030
91874
11887
56006
36829
57847
39507
25979
23893
66488
76416
29023
64883
83033
59442
47598
68662
33020
65174
50801
13856
90680
75163
19932
89227
76455
78993
27163
34567
8181
64121
94176
91331
58691
17648
52013
50400
84693
4086
71822
14980
37334
26481
217
40051
87313
24385
3699
4128
96931
77290
34928
9518
17164
59514
30742
69475
88694
15361
32519
58725
88794
13340
90568
97952
69161
64170
16801
19509
95820
32645
11482
43979
45577
1344
1686
51486
57051
94501
66652
95194
83898
79440
90250
24136
18087
31861
9389
75443
94849
81757
34627
93250
31470
26059
81758
80991
63375
88396
93323
44313
77461
6106
22728
66739
9076
32066
75183
18548
83957
95551
85294
63404
61971
14222
11656
63508
498
98193
8446
63332
44908
3609
23718
93001
19264
81914
28057
68342
79313
74220
38821
77821
97306
93468
17036
69726
30210
96880
79818
82373
42079
55106
35803
57957
57325
43136
90887
60099
45062
5994
66691
94373
76052
65007
72706
63247
65378
35712
16911
87814
64408
84726
19075
91957
31728
61917
90379
79279
92586
19292
12896
81842
17942
62564
72091
90381
41657
97279
8080
99897
63907
41884
26386
57215
87542
88067
3462
77248
68996
64163
23577
16777
79617
64103
78515
69317
9124
2832
64812
66246
10160
13529
77949
78029
91499
99094
70367
33949
19855
89829
41643
44226
83238
92737
756
78345
91622
4962
52373
64989
58364
96609
3780
87869
72440
60586
37137
84588
171
41048
72152
92137
88533
11891
47933
33107
73289
75649
14468
38104
11845
11880
68308
13766
74735
88716
90523
34400
91631
32389
77905
4226
82072
65551
60994
44564
53070
62178
78997
8990
14929
26226
73848
17633
20801
57185
15116
46762
20609
43180
22176
81277
27129
86909
29312
54452
76423
20909
99535
3408
14729
34449
88086
58171
77184
62181
11401
26211
18402
51347
80181
95907
74986
25179
22258
41743
37129
15071
95273
48732
10955
37766
14575
19456
60895
69778
16346
96369
42296
75429
12672
79655
3713
12707
57169
54650
12386
81017
16922
90390
40866
15411
46301
55949
80014
23670
10794
4371
18933
9934
32111
46069
46729
85361
64155
19121
1442
78464
12986
5972
86761
52742
88375
96293
2557
11153
54478
54294
97023
50783
40186
90971
75200
34692
63832
22528
48898
70194
76124
32019
24994
26155
47060
38029
15480
41380
20488
65328
62697
30812
92071
52093
29938
27460
56113
88218
95036
17825
23546
53561
87501
82745
96213
23552
34593
37370
71580
56910
75428
38323
76824
61303
46970
58407
39734
84712
88054
97289
75060
95741
16078
11467
9827
69467
74308
92524
10139
37920
60262
95255
45446
28134
76448
91236
1349
9640
38365
47965
55844
31904
33606
36009
62872
72556
1810
59530
9018
26528
34032
92592
36802
93198
59486
67188
84600
92432
70278
39178
22040
54171
59668
94840
86585
25895
5399
19478
14813
61352
82360
44246
13525
70691
95285
98347
14866
32654
25920
2161
59997
31350
93293
98673
3263
22337
27659
60181
83752
55833
99861
21064
16828
81784
86380
20932
32722
43918
33271
10012
29594
55621
58370
10180
22078
22021
30766
51173
31043
11258
80260
26476
67499
56860
33597
60594
17255
21663
84805
4961
82305
91178
34429
28171
80873
36910
4744
95595
39445
87534
15159
2325
34860
82318
77903
49139
470
58570
65585
80309
54468
49351
59389
59628
52003
75367
97206
24095
55671
67127
92357
60966
57482
51074
99427
7258
56588
20818
58567
62650
66140
78835
24270
29031
21321
27521
3868
45343
87430
84763
36760
21272
69864
86992
73451
18608
16771
53086
58507
28552
69141
15891
47718
59845
43750
72976
85100
60979
74896
33506
95871
97668
82768
62776
91422
99692
40703
43061
58070
38176
99752
20417
91007
74200
67986
1086
12548
98555
75623
59349
90592
96728
15387
83493
86428
55168
36484
1300
51921
45052
87219
95066
3879
16625
36719
68313
98519
21365
85263
22577
44767
2487
64345
40870
70888
51431
55425
1658
98638
61486
88174
49990
64011
4168
23631
98567
52066
35818
80077
27484
69855
4820
51507
86653
8841
61698
87396
92176
6517
9714
68809
22891
19842
92548
515
15628
35004
49994
3771
70467
70832
99909
73986
24158
27359
80084
74587
54698
4577
98868
13710
26304
79268
20016
75617
9694
2597
87332
77818
79188
24722
80203
63075
65366
3071
74278
19610
26222
70511
72860
11681
77707
2123
21031
90725
73349
65716
55424
81346
42277
13459
13882
26159
30191
84220
22814
30509
95082
66205
1967
72948
31137
94018
7030
2050
19746
5581
48269
16367
74543
89147
95094
9381
75875
95756
97018
43262
50763
28674
20770
58970
65828
89652
16817
42306
38443
30510
24492
93415
46723
4239
10097
23671
45593
77756
27647
2985
38566
14425
34413
78008
68814
96158
73300
40067
44966
41213
50055
67354
98721
68132
83841
62727
26977
31872
65304
99226
37120
25054
43178
31264
72687
8594
56117
25263
81466
93746
18684
26356
1760
56115
54884
81720
52390
5754
30763
14315
82586
93756
53980
51620
86979
56822
89514
15386
66478
16504
20980
1939
33380
53608
92010
58337
66515
21850
31562
25266
53869
72099
94731
5442
53646
38453
20707
2062
44810
78207
57344
96482
73776
88302
84751
57206
56105
49278
89933
34525
62368
40198
36435
54830
43728
43825
49071
69314
41234
58344
41580
58878
44953
69931
61399
16144
85467
41652
39610
79042
71112
59402
34553
34685
15535
9783
75780
12229
69740
66522
89373
60358
8434
73536
20100
89176
79226
28746
8426
15614
55047
72554
88213
96261
54178
11159
50797
18678
17659
92305
70402
29203
70965
1740
48786
20443
75627
46832
63824
94568
92253
57584
76534
55278
72877
53219
20728
14836
3799
42303
86679
17534
3721
42844
66445
86650
27202
45229
76354
47161
82351
22501
89641
9778
17546
51421
23861
65865
75051
10094
85794
35332
24083
29293
65696
28398
82076
65438
28422
60941
47325
73180
21095
10068
89408
90325
65
48621
42547
43857
46366
87521
98952
90498
82884
47255
9255
75130
99670
89743
38519
71797
58853
29013
80694
10264
15666
68793
13910
57886
1340
71190
18166
54459
33433
75313
94782
47474
31467
99701
33422
57134
82809
97112
39395
24536
26839
35401
61554
9066
32061
34271
17399
66836
15760
52496
13102
99849
13734
29196
76407
24924
20277
35597
27732
35499
1015
69788
83796
80341
79565
63350
29807
41168
67857
18137
65879
7027
12180
7401
87765
82216
12286
30295
66201
91922
87830
62481
84048
12743
77822
40923
34885
48246
90994
14437
27593
84906
23801
67065
80010
97327
79775
4505
87091
66808
27627
13812
97007
18251
60117
99239
54551
9900
39447
95245
10668
77820
17219
79401
64900
57272
21344
3644
24547
60119
52265
22932
20688
88677
83365
80338
85859
49997
79675
58002
66857
10647
66518
37436
66096
75053
78456
96216
46137
93733
70919
50363
78566
55996
52404
46614
41757
76625
75820
57240
234
31448
38634
86592
12735
67738
76405
73003
19440
65439
83902
94999
34415
57155
94957
48139
55414
45393
49682
60755
44871
26242
71891
70665
82071
37111
47259
20748
36096
3903
22843
53552
55815
23726
48808
41439
99674
29372
38403
69695
12940
6763
56709
98863
81348
6246
87145
28277
27428
58093
90232
89793
66675
39537
20566
60692
13201
1833
56097
68653
94522
36588
2391
25039
80743
39893
13049
98241
45332
42868
99785
53142
79853
19053
69278
63559
99212
94524
78516
91959
82424
47838
21007
87529
74789
33989
23785
1643
73273
6577
98518
62819
39408
32837
82661
30358
36763
51728
82645
49342
9210
39251
85238
61578
85781
66644
2581
19729
11104
25218
74811
43600
68976
8773
68108
93966
51464
50509
20871
76996
86007
17089
13040
98205
81084
67888
16902
35843
84635
46097
2261
56430
39722
84983
60597
36680
76184
4278
80456
73859
63837
22714
27101
11639
30389
8126
59549
2198
60001
23992
14809
15722
18741
56956
45304
19830
47731
908
11853
51779
66237
12187
387
76388
82141
78384
48985
483
45004
62279
27997
59011
95009
85617
54944
797
12532
72010
96820
38598
13762
33804
78760
34430
31910
78480
26097
92461
10558
88949
16752
37168
59193
20081
23551
66309
53074
29924
17554
77415
77748
18461
97411
83265
28941
5136
43058
95073
67154
29038
33324
93080
38111
35976
79555
23850
49854
36151
11615
10776
94478
72929
42650
14356
19117
99352
96725
52313
2561
20426
35050
58165
51185
10527
31567
63115
55287
55014
58662
17947
83858
72353
6859
10677
25468
76031
13847
65858
10155
6831
39861
16569
79345
58026
70188
42402
48600
62345
76884
28362
84021
78986
59286
19877
68262
64287
95101
82551
81674
15340
51082
17443
5738
19843
59312
71632
56379
3999
48676
86839
87934
81359
40236
78888
17887
43632
40036
71821
94355
96286
79473
65027
44561
81933
56053
98441
51459
49059
68742
47053
39624
75178
66295
35131
21854
83768
12002
28703
30945
59040
70795
93460
85318
16912
32802
9747
7203
87893
94423
37092
41205
778
82801
49409
32006
86404
47037
88167
21114
46113
97733
69448
10568
10126
72777
92347
11544
23185
41390
47509
49815
95776
4975
64957
36238
49801
43916
19115
72818
89012
62056
4381
73214
31894
55901
64192
30467
17668
97215
9688
10721
82459
34321
13145
91090
43023
18134
46655
84990
59651
51436
6187
2733
78628
63208
48102
31090
7874
98471
49951
42264
12448
82604
76504
26501
89230
68962
37869
53165
15138
17190
50117
77301
31047
2120
7155
15877
29216
20842
31091
13374
87131
84903
5900
86125
93097
85481
34040
58968
39813
20723
290
36466
29804
26639
51516
72751
70722
62526
3695
92167
60089
76995
4843
95724
81158
72164
32768
96003
79482
25973
36440
19253
71454
20500
58625
3177
37495
52245
44069
93213
81694
16111
67437
81447
50498
61759
62208
73864
12939
44639
90738
75344
30136
78134
55035
59246
73619
39808
41709
88865
26731
33016
72005
15237
53266
14627
77515
4103
8247
53511
67681
71041
57838
93580
55548
13507
92387
46671
75911
37576
25547
84367
65773
66609
39089
75661
40046
99630
43304
87378
51329
87763
87762
2096
53946
63887
77795
21240
28686
89516
64147
20031
11222
82787
14218
78812
47344
28473
99568
49952
71291
32962
70819
99780
93700
70060
64382
63992
84410
64048
70783
6909
36397
24423
34880
94378
52951
29021
21069
17564
87202
9864
60836
80604
41962
60455
99381
60826
37146
2534
74421
55428
41475
28338
65207
36537
26594
68406
9700
91037
1770
87232
73375
10771
65607
19666
61861
75014
30670
49809
7835
82870
86542
84561
38442
87649
85773
52269
76518
56599
68371
56701
45244
37845
4189
98003
64697
72461
43233
78040
51639
63107
11716
76145
99797
48413
71626
94534
61927
54939
21177
78533
90783
5317
45384
30393
70848
59294
43050
32324
47117
76720
32814
30264
9290
40925
18568
54949
41223
7710
5771
41783
64531
88666
91893
27059
43275
31066
89272
89875
30474
80177
96545
55484
34003
49266
68916
30717
71794
77687
40729
85658
40782
46850
98859
81135
47681
89136
99726
67662
8188
95321
16241
12921
76348
61692
20618
30110
40593
11990
24320
13735
29416
17010
9833
44755
82460
53122
8792
8737
69557
66867
81113
38819
89874
44377
81438
14859
30307
8156
75402
35710
65247
41378
36349
97854
8500
31441
1907
98440
32030
98668
94
58764
42416
42705
76233
13434
48959
36928
38605
73020
59583
68947
61004
3309
62230
63946
80206
93172
45278
64082
36959
57060
374
63234
72990
55202
73740
9392
58956
50014
78973
25080
87081
3680
56747
47849
12288
58417
48322
93992
95772
27748
15294
42423
49361
67020
13848
53311
50540
28250
41553
19435
6658
86896
66746
36328
81254
12358
6759
30306
65102
77535
61940
78408
10451
37573
61577
21642
645
17383
66552
13949
89482
92879
1908
85556
69616
16577
75851
19350
57210
74994
33510
13037
85824
49941
14070
76691
40976
57330
22398
6212
35939
8141
78929
63970
14308
29265
70675
13588
46707
59782
10733
44252
68050
6737
39501
5801
5286
30878
78391
42161
35349
41418
7627
37266
5406
86009
31497
55083
44351
58496
74841
96935
55804
85788
15389
54705
85149
65324
66894
52402
16262
13473
82209
59314
2815
88043
17184
5679
95799
48503
23411
73819
35565
81690
48007
4691
69052
45398
85244
9335
42527
93299
91488
85360
49308
22305
43616
61439
53180
23307
31524
98652
11626
40999
74724
78298
52722
77035
52358
89108
27245
37878
91661
82982
72254
93844
19881
48531
78071
4642
44370
29936
44211
94836
17162
3011
28656
29320
2853
88115
86108
7987
76741
93799
7014
99994
85332
3590
24716
30415
65579
19839
36863
31239
98815
35656
43046
66541
47771
7250
76962
78286
21750
23867
83370
96673
467
36685
79378
62714
91542
81988
93703
28855
5386
209
90270
99533
63049
17936
80031
76610
88487
75941
62858
71623
77195
70252
67566
61349
21502
50288
21130
26490
42636
28135
8201
95951
27661
80034
4077
98031
98251
2859
38798
49154
70126
86825
77598
47738
87572
48425
86875
40949
38531
39674
32788
13144
20453
19059
6122
19368
19575
84691
23998
50612
68785
47618
53208
62386
14500
44815
49741
46073
3700
68150
68152
49529
28164
36289
70141
81857
76129
55879
82655
65423
27226
12552
79477
73236
31389
82654
72884
95797
67273
30343
5926
59851
94653
78630
93104
36724
75839
47845
79958
69294
30480
25239
29295
64690
73284
75358
55814
98195
93923
704
16594
84052
64686
62832
75771
42085
15264
86030
31362
34664
30365
28115
34403
54219
45494
371
93559
74805
15781
10390
11116
96701
57049
23865
83331
85779
94467
40612
34738
30289
26950
7140
76952
88663
17097
30769
24260
59278
8208
28462
62173
23054
74565
56700
19958
51954
77576
28372
76064
57028
40842
97937
72480
67806
18618
14905
34667
12383
91804
33014
13112
28020
72624
75504
4790
20141
40512
13132
83114
93185
57575
11537
24293
38421
72662
9316
33896
20446
84135
53590
45707
78050
52041
48263
11479
65387
88875
68069
30076
77072
65745
5169
93540
94678
54517
78865
1696
47631
7082
88070
10640
19050
18645
24319
36949
86303
71144
21202
13716
40081
10755
45326
75668
97727
98589
51601
65386
5622
59273
65153
72492
4075
24855
96839
57507
58864
24335
76400
61086
81402
903
89930
47830
85326
78829
57283
51765
18305
2074
54421
69917
15356
52698
52794
61941
71719
8506
20302
69045
84969
48032
79399
79478
69321
78637
63706
40586
18001
58349
82154
37074
61730
27354
14359
72224
12408
96392
38405
80315
72303
11137
35555
50848
95136
48275
45397
35775
36403
94788
7495
33633
21352
86816
11265
60770
27424
68072
33060
70821
77929
94834
28539
6572
94828
14910
29675
61348
42779
87554
34714
27360
45231
11684
41311
31249
89255
65804
51178
4541
25177
52802
62751
20145
44630
9524
44735
1510
89782
25526
24479
75747
8525
44688
43038
17747
96751
7408
78648
41485
30860
74163
76359
46616
65904
11922
9899
46605
97929
62277
14981
656
58472
79729
55298
37467
19051
64635
57578
52928
16626
99471
36441
87923
33474
78141
94706
16470
19623
79361
30836
25791
68967
86003
21495
6631
13426
1386
632
89203
5629
20113
76071
26365
28094
79075
23212
27293
47413
84607
88046
22756
64154
98183
9964
58569
2766
15478
6053
26905
68566
13953
1069
79672
86015
11573
95325
1308
77377
27154
61712
49515
30062
2647
96721
34028
48383
51225
31766
98386
66199
36166
13559
29899
41166
43480
98805
55370
23876
47833
84227
75631
13092
62357
30438
72295
5584
78914
63330
63491
52900
73911
90702
93554
25711
51104
60882
32459
93063
5362
90723
95167
1272
58771
25840
9796
16132
58085
33402
67227
30891
68033
57501
5447
56794
6440
53357
16704
91882
76087
91692
63130
76432
85493
99998
96120
80136
53167
985
988
40359
96962
11175
74241
15501
13837
67208
45646
24618
2692
85708
82039
16672
28333
86031
67313
22578
51716
37415
20993
83378
76690
78861
48115
91262
21326
89095
65627
25738
39646
24511
39814
27578
26794
29833
86617
39906
67195
91897
74027
59197
45590
2457
77743
35657
42305
61716
74559
43458
91469
98209
75813
72954
5948
20903
62527
64502
3161
66099
39313
57287
32239
59288
35955
26154
57420
68685
14584
20938
33400
64261
19283
79877
48945
67136
84215
93190
90853
35621
94386
32843
41462
80185
81612
45225
23028
27991
86086
65019
20498
96541
93759
92248
64921
92542
89071
9977
97861
5131
73818
44647
33011
54955
33695
18692
91790
66398
65337
72046
83547
70309
15749
19268
98828
13786
5023
28426
67674
33508
73402
5124
62558
38387
89778
70464
73670
94486
94901
99460
92909
4932
56673
66048
30829
77094
34014
41023
30690
61233
85249
37456
38575
23074
14206
18483
81505
13829
69235
87802
1803
16600
5709
10537
96748
73108
79586
82161
22034
66988
47454
161
41222
42198
84057
44157
84322
37407
40554
59406
23797
70345
51945
18828
47323
50410
1927
50430
46543
80595
77237
64470
75626
9745
36119
67334
25251
12498
87936
35076
89205
69461
37421
40267
35073
65017
91720
4420
31565
55005
97442
5428
31673
66452
97803
5671
44506
23831
15331
71543
37200
60383
57314
601
77268
62036
45095
32381
83529
304
82277
8449
47879
98490
1885
33817
38091
75935
59635
55732
80598
76204
68688
98077
74881
47227
92711
7052
81687
1876
93795
88880
21581
79626
67604
82975
40309
26283
82157
95018
59094
16473
2359
1497
61268
79799
16768
33561
86208
18377
25854
51568
43337
9840
6336
97188
27714
56601
44875
64388
8899
45405
26734
88792
18778
88548
5006
69379
28310
60248
20544
40594
25417
59068
26467
94286
5028
38001
96316
14817
70033
51239
52254
80000
30902
93451
21856
23512
9585
76113
46960
66579
99714
54817
64597
36770
58173
3489
60461
23712
73766
71159
24332
51607
30317
17024
20317
8778
32640
61340
70065
30042
58993
93715
10434
99148
3205
28480
20852
73505
76865
14643
69485
48874
72908
74014
41918
14088
23015
29393
47948
65689
93051
13741
5255
73680
77698
57693
56546
65440
75809
36825
29779
10952
20278
60403
46657
74933
82722
24551
60542
49162
85453
34456
14224
35380
12302
84677
54425
2607
56703
93491
42595
35316
40204
72134
27161
93057
32130
22492
38981
79798
14424
49400
93349
6813
46953
14491
63582
87707
480
63327
25386
82104
9713
94824
90437
54685
56273
69472
33026
60733
75914
85488
4568
15682
9108
46931
82516
43192
42072
76535
78465
2014
74217
3946
52966
48779
72299
73530
97446
39742
35291
94088
32418
68974
82051
78255
75516
78793
27675
97610
60334
50291
1395
89342
46682
11833
4816
37069
48668
9401
82106
94861
25894
98810
72756
96022
26473
33480
7141
53395
36317
31711
65192
1766
70299
71962
45421
93767
62151
71491
62355
41493
95492
79354
49676
29035
89574
15341
32715
55336
38869
32981
37017
67048
22499
11907
34578
87844
20465
98749
61956
20014
87483
88125
31727
87451
59888
3534
51995
89725
33876
41162
80861
41607
93907
30082
26368
2006
11506
11882
67213
8987
27437
56396
82578
16565
96909
32480
74316
31260
18807
91396
23750
61357
50043
15151
86722
32277
99437
37175
75792
67678
32932
83956
17487
75760
85448
67231
77338
65178
71016
94156
98110
32036
41188
42379
65832
48069
93445
19144
22789
97056
87218
54056
8377
10717
92534
97882
95487
73903
59663
58668
49883
53090
78511
53574
37513
61929
97295
92092
66815
17911
57168
30967
13111
66527
90007
69224
80036
7154
2878
49984
87684
20586
33983
92527
12495
72799
14994
68131
87753
44192
98091
95314
15204
63502
18830
16370
72538
48343
56978
40233
19177
98706
88209
73796
88230
10957
37719
41702
37950
53075
49384
82308
5464
23142
8353
6724
88962
35864
43621
14479
53235
72364
89427
47414
49912
43514
66873
64334
79330
95603
17980
10348
91350
37177
31772
89026
28868
68388
6387
99058
63670
43974
73055
15459
59901
64071
20854
15033
32937
38456
71434
14394
18840
72998
98940
43323
44027
35317
52883
73634
28056
5678
96334
68323
24971
24036
41231
22418
17142
74124
15266
46351
4807
96040
71003
16697
44151
38600
48328
66607
87924
80425
51196
69192
77482
93956
57307
18880
96241
43370
29307
6104
59795
37784
8494
37880
46103
32570
4072
14863
13729
76032
8092
97227
71226
7325
10559
57759
79173
36415
5840
65072
57047
67332
59857
4879
39963
50788
94104
93894
28955
12564
50534
45242
57997
38691
28867
60748
11180
58656
49973
3854
51211
57955
92955
29193
94681
58772
3574
41574
85713
82491
82135
80547
15551
8696
58592
27664
4091
252
97790
87445
1418
32204
86401
7786
44601
76193
58811
24161
86296
47374
31599
85926
68596
2005
59324
22002
82092
15315
70001
75330
21068
81887
99183
64785
31690
24533
83311
15574
90150
5817
58217
64383
76397
57081
62507
38263
5737
23562
13141
60502
58747
5847
39810
96918
67017
98651
13516
74639
78471
87456
54864
73941
27317
84276
40530
41693
95052
72438
88773
92770
55850
8224
37003
60745
86474
66473
87426
14787
58128
61762
53459
36391
29166
63116
30679
34245
47017
47248
47888
6029
28936
80183
31540
74719
13635
39106
20526
91307
4398
22123
38865
92106
35085
14322
90812
15162
33441
96371
89397
59911
18881
32429
81718
72300
6672
60833
87912
14751
77663
9804
74684
2475
12085
583
55141
27399
37078
11619
86103
6082
9331
35667
49745
21183
37622
35958
45144
89764
56759
52661
87298
83367
55489
70107
53781
54822
35720
70736
12125
49864
31698
24239
27014
13499
66887
80050
55960
98785
53068
61391
24022
59669
21022
86854
18987
79787
92753
61267
44835
82427
36577
87859
89032
49855
92132
64258
34487
46615
74417
58334
46982
99769
19856
89563
52022
24499
1684
69175
93284
95673
76864
79212
38871
90684
95380
75596
90277
63080
42733
93356
94991
86040
8202
39523
78768
27791
5833
18506
21745
99465
77833
73693
76549
18703
37090
23675
45091
33875
96033
26208
16365
54894
39217
89656
46229
14889
62096
4475
53370
35328
75160
10610
65456
90271
92589
5298
59692
14538
62623
41868
79994
15415
90722
78249
45716
47191
29420
37796
24042
18164
28380
15761
8680
15748
42120
23855
6415
53936
39140
13552
6405
54125
56252
28724
90328
67306
3696
48006
78951
97635
57643
67389
27579
70422
8483
17686
71129
52014
63533
24465
15846
90440
13326
93538
80859
41253
35331
62364
98548
92022
20561
78187
9870
46253
84258
77108
14865
17362
21030
9537
32211
32483
81544
27296
32936
5637
95942
62091
14137
54021
28436
21688
63022
62778
46738
68805
23735
62646
67834
20893
78284
17134
79765
53282
13119
48672
54800
78016
78781
15278
64326
18062
57510
58467
54095
99886
54866
26668
38718
71883
31303
11706
59259
40148
48232
69195
54148
87494
99813
88920
69833
10586
51422
46821
51147
82693
37140
60844
45271
59375
92458
43697
89795
42697
11793
5367
48160
772
55158
30387
73743
77652
15533
32126
31060
3993
3947
73592
66165
54381
38283
87210
21228
44143
57086
20486
10487
52989
90845
93753
36492
74580
94062
86716
61566
90555
53306
10688
82994
93742
64687
61030
63063
68092
52637
13970
10799
62347
79447
15236
6660
34577
62660
43217
50837
37757
3964
28246
56596
4297
24187
50072
11734
21264
777
96475
56880
53305
65891
87593
66241
48353
40956
76696
71354
49254
8727
47059
39922
8942
67116
66939
69817
54962
45765
24255
21156
99411
6537
93841
16086
96969
1980
26225
32213
57088
7256
18989
52776
58159
76892
93811
95301
53560
66167
33604
78734
95565
16050
75931
93237
21213
78435
17445
47953
75954
7254
73654
40975
27924
67743
84544
59788
97117
97988
2128
39101
34147
61510
59621
93782
87326
44602
19039
26318
81269
94471
55538
73237
26445
60980
97190
61455
3731
46284
49979
42295
83027
57300
84836
98355
78421
66811
93794
54689
96046
82725
43041
68320
91122
98142
41634
8049
86422
36399
16118
33522
19597
6708
24983
44275
62250
46431
28750
31504
55858
61714
52728
39209
72392
25378
40962
54484
89684
22937
46495
15926
44207
18882
4088
80259
46132
96719
90252
70549
60088
95033
28602
3077
99501
85412
66256
66863
33694
26442
7935
54262
28639
76201
47958
66549
53515
49844
56951
66943
46127
98616
22318
5835
54266
53150
46746
36861
34759
58235
50954
15430
37308
55968
71850
15911
31279
20820
8398
2112
3241
2788
95423
90646
64964
44741
56961
63082
78425
51192
44891
7268
72410
62223
78644
79954
59764
35247
60058
26700
76593
72959
77553
43417
17523
83660
67487
22455
19262
82780
82866
40297
40685
16110
26468
42686
10151
20606
29493
93021
28392
10265
19625
72612
75336
25257
424
26598
74327
159
17987
98282
47682
60381
77977
18014
77399
87487
13707
61847
3787
47892
39253
14037
70055
62603
54585
10177
48527
27869
94685
18914
31004
99658
58928
48681
80258
58259
92826
23081
71849
32902
73795
92302
1752
37672
68749
93951
42930
59905
27363
67162
26042
59589
22315
93138
81900
62905
24777
30659
54246
52131
71707
96484
54609
65909
32037
6948
58983
17923
43953
37222
22597
79931
22019
12726
41492
94557
59032
11972
21384
36427
83846
75340
7797
54388
30342
90501
98047
39870
36158
36225
97167
27677
63560
40885
56573
83761
4435
76761
52691
87866
95096
27952
97586
22114
60158
49410
42742
18862
47645
893
8256
81006
12741
84709
19068
82461
10383
90387
24731
68926
68407
31243
12848
60147
40468
76551
99761
72779
168
17245
9022
29113
96297
13215
2523
56411
24275
66915
72176
46233
20290
41575
57321
20367
61644
81053
55824
86626
75127
92813
2571
8072
81936
73401
32335
51960
91000
18844
36812
76295
76938
4255
57902
41694
20195
42904
64143
34645
89062
91235
34370
30817
71157
1410
6378
13546
2270
95430
42242
17730
61087
94107
57645
18000
98495
87275
45558
53657
35280
10897
70611
22841
63414
18096
785
32105
28330
80131
92606
59867
54241
90970
38861
24853
51399
90483
7585
19774
88906
2386
56237
73407
57380
40216
45392
82945
76765
95127
13055
71163
96074
75849
56605
12491
78443
59202
57688
2981
75211
7143
43531
40520
62293
77180
71476
77520
80346
7049
51718
64429
27535
31184
25418
87415
57135
30472
28341
23956
17751
30784
54853
72469
76940
74843
47705
52232
44364
60404
69951
36671
65951
50382
95767
99520
10377
62732
42734
82280
32033
81973
26740
59226
92839
4295
30008
59240
15815
55582
7828
1859
8759
42168
19414
83079
91696
71240
48772
51922
79803
60686
98942
92699
99746
93738
22103
29012
90758
11814
54727
28863
93607
50539
46725
69919
26789
20131
26891
49857
54159
75925
98037
39155
80718
89379
67466
3254
46680
11058
28640
67840
35925
56955
7450
95930
32903
90476
5128
36971
69890
25993
16484
66705
5305
80467
69395
3674
75961
34035
57589
35613
80472
82574
79924
68347
8648
91082
63145
11051
18686
80705
89246
71510
11438
4030
30724
54366
52239
28743
20680
5567
81790
26694
23921
59071
91024
19070
22571
54694
6816
68490
62875
22989
14237
91820
87111
48185
48412
33907
41449
34864
99665
25074
21435
16637
98446
14420
99284
73642
31320
46662
92091
11624
32887
58234
77813
2317
17828
86583
79258
74019
28022
89869
37492
65748
19234
68840
86188
95600
21292
9690
20563
78144
17394
63196
66124
62606
43622
93306
35290
62400
35637
98278
73788
96612
33735
91903
4660
38699
98368
43219
29889
90015
21440
98065
1392
33143
71048
77097
55464
85769
32725
29578
49363
89691
25533
27486
83261
8404
8022
63964
12269
39194
89682
48379
99510
83120
60783
26989
87442
71696
56570
29187
94700
55966
95080
60809
99303
28818
93816
1000
35945
92424
53300
41647
92983
1888
90625
40402
69948
10746
8701
92273
67070
49583
50142
73103
83041
74707
26347
53323
52171
71258
61800
5252
37857
37748
87970
62474
57138
38107
18187
59169
47860
18710
99270
20615
80301
48150
33541
52601
17321
58908
74526
21224
50378
39876
43720
63319
68414
96772
69828
56793
33209
2308
79479
32943
68344
96602
69859
89748
91727
15084
96884
32245
13502
94360
51162
97942
30363
85004
60519
1321
70014
6979
94821
50852
90962
15109
64941
67462
62863
28573
27803
29301
37760
44666
48887
99096
53772
7246
80501
9960
21159
79789
93710
10780
29402
53098
81902
84695
23666
79138
84753
90777
17312
71057
41376
81449
91917
73824
59527
21655
37607
3824
77207
89074
47889
72256
219
17358
5711
17317
82873
54641
95011
33739
87787
82345
91119
2118
9406
59933
10154
9053
24119
78123
13338
52256
32676
102
40165
17500
73886
65320
16218
72434
88945
53587
64067
18007
67402
30353
23160
2629
88521
23377
62088
84517
52183
5397
89142
31602
20686
21047
16203
2474
26858
65467
28039
93605
22681
52311
69090
41018
94028
70248
77696
6601
97105
74461
83971
15048
53716
43775
27417
62577
37458
14454
3183
77917
14818
80562
26884
40277
36776
69312
81282
95967
37211
6841
41034
22602
75836
139
88157
24800
29008
25686
19377
70153
23768
71629
34280
16747
86145
82708
32318
20071
57658
57707
50349
26752
98731
12017
15944
67613
46995
32935
96696
32575
97744
99929
45589
60092
98163
1134
46418
85107
76773
47091
140
10396
67823
80306
83838
56455
21001
40224
70849
12799
46590
29956
58306
26728
75213
86511
31557
91189
19769
39116
14212
56371
16259
43012
4275
11588
99251
72798
82696
88696
92284
93184
52086
28088
55082
24843
60065
90287
36100
80509
75161
63045
68195
71671
1225
39143
15592
77325
43409
42434
7199
84043
53066
69477
95873
42022
45416
20398
1191
70750
68955
96128
34872
15129
45320
76737
23298
60863
36201
38637
67444
56007
33479
55742
42126
5371
30515
16580
46815
33339
11540
86648
89066
81740
55094
38161
79890
20873
45065
99904
80249
45693
4729
57752
39347
1632
69541
22875
93735
96733
76563
9409
13818
46600
96301
81178
49229
54773
54723
29189
22080
88706
46793
86540
9661
95418
58886
2578
17563
60364
13053
2395
44393
3066
53667
11113
85591
68226
3625
38090
63043
19064
32053
62405
32673
66150
48983
99635
11487
20711
88344
23540
29538
69308
33637
50475
20447
33736
14388
61742
74788
70260
20120
57161
33755
99304
96129
44430
90442
85518
5432
84176
30837
23609
43546
89361
14600
64654
82824
27560
71812
3853
15943
84956
17764
10508
89974
9442
15593
11205
15360
17256
47607
33027
67542
3808
43318
79251
59084
47553
93233
9972
92748
10942
4367
78649
6284
85564
24294
9720
25318
30780
60722
3155
33316
65175
82338
80800
41154
12420
32020
65761
5129
82838
24091
58729
13862
33407
37893
60449
40464
10815
55361
92066
37332
89687
87336
78411
27877
94500
48147
4361
71249
15998
26433
88798
31517
34442
9446
12807
43494
46629
62341
85185
58200
40352
58741
39986
40693
89463
27976
80981
29139
65506
62180
55032
72056
26117
17155
95755
79638
32989
41860
87661
54048
62371
27162
72114
4409
65557
75335
5705
86957
23026
87316
87518
78564
56595
55197
83987
58260
74451
17109
43911
39226
1271
34924
90733
10047
44868
36748
1515
74199
92405
94616
18758
53420
25818
16867
22717
1038
18443
85173
11789
3273
59532
68557
81812
88811
18094
78517
11740
44434
61851
29126
1743
45281
14129
53882
48715
25929
20720
59330
64159
13009
43770
88712
15741
34635
11425
47822
76459
92067
28340
64890
4567
14104
58736
48978
37353
55320
36583
86784
19269
1260
15774
64362
9355
69058
76542
72515
75620
18374
36666
1031
17005
21491
58178
15883
85509
94188
22031
48613
91254
79847
20806
66063
88719
60726
83496
33728
42870
34149
21515
54807
48182
47109
91205
6062
91418
42420
66765
83981
15198
48624
32628
65810
79527
74756
75605
72039
20550
56603
34234
94448
21764
74728
64506
69334
27959
39855
29686
40439
30019
40416
27784
82317
22449
72320
24967
90365
22494
83327
532
54497
12892
96968
91635
11779
72111
55080
50484
33349
22121
92761
33259
77927
94922
64963
7063
35796
22324
26973
56427
98553
31223
23068
1562
51184
38714
24272
20719
6681
30486
40326
3506
1387
91022
11879
75899
32583
9749
4644
49161
83135
49236
89470
3770
19696
38417
278
7712
42429
68497
45866
18705
51564
97418
75949
30773
55917
60759
23812
72600
97851
46882
74402
45715
85063
52166
79306
85630
57042
1059
97202
5346
23558
36531
68209
73803
1652
10124
21413
41040
9126
69876
85372
68416
61565
30687
67668
3140
24669
33004
54415
95446
15055
17281
63291
67118
2416
20516
96186
3734
90349
59790
46350
15368
13295
80902
53335
9388
17257
79123
86684
17628
454
83007
73565
57286
67964
45535
75910
87606
25882
51919
69643
72674
79548
16140
56296
57383
86238
38769
64465
97208
6347
61449
95440
61417
6879
92293
21037
55292
19251
14097
16512
9634
83380
61680
12873
43901
62643
74174
15473
64248
26770
85225
39363
12673
53749
69218
32436
9693
51306
94858
95076
18899
36334
54606
63394
8970
85269
60698
54763
87854
26771
72197
78193
27330
33219
33090
31812
89124
69082
91754
55192
7846
14541
48871
54829
17081
52262
42140
71099
69957
13747
71928
75311
77453
50537
61988
86657
78440
39263
98560
82440
20243
27904
21336
14612
92417
24449
84020
5101
2940
25182
51508
48087
35428
87486
63448
37659
38847
91297
28866
45719
67158
25391
62515
51360
62931
58810
91758
29495
77519
75063
4991
82038
44335
82955
4872
89527
35556
88835
12249
86205
52768
81765
82145
47884
60211
30952
6138
54966
97527
68564
59639
68385
68771
88969
80236
67994
2851
48521
87089
332
21583
75537
26926
12630
44541
52640
85394
55774
65258
91970
25546
51479
44413
79227
96073
81998
26207
9758
90297
70421
19284
12393
28005
91473
47593
84798
94964
96029
35001
11766
81573
22509
46595
97111
76092
90400
180
29995
58511
53178
31965
40442
55290
98406
14719
99562
35696
14154
91003
22475
88451
4665
50046
1247
116
90496
52337
67575
74803
73115
20346
33466
76086
61567
16655
93216
37705
78183
36756
69249
44219
8559
26065
29721
68096
88148
20111
78133
93124
91787
54469
29839
63499
13555
23288
57529
14266
94665
86488
5295
78466
73902
68667
57167
48040
9043
94349
70688
86720
59024
64224
46804
21959
2923
54473
77242
69284
52062
76470
45972
60859
31731
5423
12277
5192
91444
51348
13080
40391
46337
26969
2090
86458
20361
75646
23100
45190
66516
81045
33796
69130
63948
58607
94238
26634
4352
95458
4840
60011
24051
20073
50991
62256
46408
15339
14096
76605
82386
75845
40819
88145
92264
2173
99470
51388
1957
74412
33321
42077
45036
91126
40286
31979
46217
1084
50324
38467
20892
57666
60301
20568
52222
67953
3476
49896
63041
3535
21599
73154
80932
68842
13115
2558
26673
83760
92450
77291
12877
23623
72336
34837
10720
52752
21860
96446
31037
8166
72021
75867
63725
51616
24149
50661
15564
51614
11839
55645
43461
10612
40285
10060
98118
47813
37914
58735
31484
49575
57306
8968
77779
47113
91356
37543
36535
38795
10779
59199
1309
65030
42337
38937
59743
58954
34874
74205
38749
95226
4215
78380
76060
11798
29677
20835
94985
46014
71814
87815
6740
40599
22943
78767
29204
46141
83034
82523
46244
10883
331
92431
46851
95323
84183
58941
72985
97622
95227
45055
34996
98434
97793
39776
69148
44799
63494
20557
4481
2759
3948
77014
39842
16088
1872
92269
45074
72331
99395
79428
52979
79001
30712
86396
14488
54088
16527
22722
72123
44344
31008
88887
81148
36687
99125
85018
52196
86098
58080
33289
71959
82108
47302
671
87062
90574
73668
42122
3791
64967
50895
62691
78944
55430
23810
38305
10826
37178
66012
5702
80635
8744
12617
35860
46171
74096
65963
965
58848
10181
68554
24133
9593
10282
48773
17004
9523
45576
89570
68162
9922
27051
31700
58402
96023
75693
12100
99702
53365
59372
11376
64919
80457
8096
34074
5780
32850
42287
57794
31480
10936
96133
53605
35902
27173
81907
73396
16027
21310
1579
57257
73639
77272
57341
15265
26099
41218
12887
52562
23329
52739
93411
85165
59700
28260
80397
74399
53004
95927
41079
28447
5618
25149
78534
13725
2867
44750
96861
83516
60583
6919
50516
95302
79965
4777
76108
58518
76499
71201
49140
44924
35972
83538
40371
4313
69025
91365
49127
61665
86718
19194
74002
91074
40561
25205
51924
64720
37261
23879
30783
13924
28794
16773
36850
43977
24976
24021
80608
16581
69288
81479
63665
87177
61797
43491
17562
19334
71944
67333
51740
44537
48151
58009
53977
15606
90565
72362
12622
70100
48819
37628
69435
59266
22924
77428
73837
25456
32394
7402
91472
76202
29026
87960
69459
89520
15443
10547
4880
99885
34332
14281
95587
34090
25862
56933
53840
99236
1404
80860
47163
79906
99784
79366
7673
78442
82914
97979
25457
17883
58129
69004
26805
59447
37824
23845
29009
22054
22820
51513
8143
36602
40552
60512
76178
50278
56713
70346
63129
40423
57524
41377
14552
38825
54584
93224
59172
46482
69245
98057
9375
14796
40762
36821
86510
94015
86041
3313
48911
72528
6247
67603
35282
88990
39355
55431
32729
36659
82146
56324
92107
53192
66636
10873
43660
27215
3596
96276
54972
28747
33472
33170
83437
8914
54610
94597
56318
97697
87
7224
88946
29723
64328
31811
42494
77188
58240
80323
21820
86024
77536
22165
76059
68304
51080
23869
59678
27810
5617
30018
66984
78697
674
44460
24157
70235
94065
13373
98825
89542
88247
85375
39680
65864
85538
82339
23516
17378
67470
47810
8173
96512
43406
1101
64969
6322
73876
79328
87587
6287
86096
25860
70191
90177
98181
96550
72718
86355
76524
66144
94644
13475
52733
77922
45930
22505
60631
19139
30954
72195
78106
73956
83636
37917
97392
29225
62619
38529
47066
89412
63558
43131
22701
13430
54753
78257
1287
2765
7366
25527
40365
90073
80676
82918
7236
66865
44501
89158
88346
53662
29178
19768
83093
99935
3484
69725
44522
5647
80583
81292
63089
97073
39828
17251
81639
82220
10169
83199
44006
42576
95808
91666
58780
67812
98432
31427
81762
77972
44391
74983
78126
44838
64049
94728
99809
14533
27482
88654
26303
87824
44633
9230
20464
73469
4811
13365
47046
45373
51490
96951
7252
10903
67574
78025
8348
84952
13833
89365
19423
15949
32199
75478
68626
2326
33750
95571
96803
1421
25836
20693
43203
73913
60683
48224
85683
66567
96669
36972
84855
88752
59077
2860
76609
64298
71746
60508
60857
73107
55552
85177
35521
93534
5843
12082
32321
52762
50728
47882
26911
52120
41629
7651
95563
53338
54324
61452
4429
14455
32044
56899
45990
39264
19994
40810
16551
47478
93506
51033
14899
7291
39001
48233
40213
57663
90290
30464
72750
345
79314
851
52223
36872
32641
31782
17766
2373
46719
82534
45008
42944
83229
54868
13216
69454
90819
5548
267
46033
47078
30080
24591
76402
58944
77413
80996
31998
27910
92968
73338
9704
99895
21308
24920
24485
27614
30037
42029
11929
38235
39315
94063
99636
21731
68199
64304
38495
51442
64299
52830
8444
51807
43223
55545
45360
47241
25647
3434
91655
39518
37071
99061
24412
36346
65643
36722
7841
72933
86483
11305
53691
43057
93925
54560
5297
54490
87884
19914
38113
29325
38826
86221
56648
19698
36816
3272
52839
94196
60543
73812
6030
67680
5445
28650
43955
96116
67377
46535
81289
4894
12739
1091
65752
16168
21266
31882
89611
47969
64293
88100
58699
38556
84261
92735
45720
13437
14764
22375
3951
96468
16224
58542
56236
51106
91399
28456
47353
65623
53463
12364
72557
67784
67649
88151
5974
78288
69634
71810
22088
14902
42939
13522
50112
97644
97041
47192
71101
68240
77717
14632
57778
63492
37265
49554
54094
1994
68544
77472
41009
4395
43325
25281
53701
26656
27242
57712
7394
34604
12771
8861
16109
31589
53939
13435
21122
84362
90243
35396
28371
63470
53412
15792
29324
87562
2277
81379
30557
84662
4020
4957
11767
54283
74236
79261
26281
78291
79912
47963
97457
11781
12546
63956
24367
29777
68531
10784
33182
17250
60605
655
86092
48868
46279
52406
56266
61585
38971
60030
17698
48965
98915
26179
60014
1433
12469
14892
16042
76642
45826
70734
63419
82953
62949
13431
58148
51752
34521
7540
83066
99642
9999
30429
74801
48982
2601
73554
56765
82851
46510
2456
39309
76848
55636
97549
31871
24250
15269
87809
56269
21633
68306
47320
42021
28378
48429
79163
62926
14920
66236
66695
97463
10725
38995
44358
64054
38541
63517
41383
3443
51651
14410
74537
7090
3216
12852
90054
40156
56201
80430
81057
99688
14300
51035
28308
95717
39067
76153
69872
21765
8747
52473
68986
56763
68338
30758
32691
69105
18360
72490
54058
53889
28786
75932
29566
46364
26436
32427
92627
87444
86937
57515
6692
79171
62182
70657
3906
68592
93011
37658
38337
20183
33526
40876
89751
23878
26381
96997
9521
17588
46049
64329
67176
10770
43540
37924
48344
75855
75962
2736
99478
9973
58392
1054
73665
59875
10023
48894
77948
73960
56929
92506
16629
45310
63142
25687
25752
40655
27947
17799
40944
77060
27624
67113
47489
5331
34834
38156
20009
49369
46684
20522
22961
38744
34379
71343
81250
68844
61181
80222
11688
84912
63663
89830
27831
59641
11074
6931
38779
7189
80489
99650
31346
25110
81204
82744
13027
10328
62172
80934
42574
81636
44625
75492
42835
31597
85366
40666
54989
23947
42551
90752
36039
8752
56770
43253
48623
17805
39014
30962
77269
85862
43571
92911
90127
45260
96065
62030
67973
71331
3651
75531
53193
38540
35200
7595
10833
75680
20866
45740
53876
89343
31338
41113
4372
82225
65559
39341
15170
14808
37165
65758
3629
58281
20279
73054
36663
33576
32460
28349
26576
28800
33396
39998
16994
43831
70676
88544
24188
48309
178
92620
31451
56310
15971
95250
53799
41990
54825
98011
91271
44954
23408
59124
97865
12124
27370
36962
16744
37790
59343
6018
84668
22845
39431
79809
22823
74449
30465
97619
95025
4630
79772
42956
36828
86817
93895
26539
7292
93482
98741
99678
70133
71346
88555
11375
16460
26475
77457
13861
68705
5973
31284
20521
96664
57679
25934
23629
47811
22686
49126
71014
61575
47028
87274
96355
73757
48778
68408
34168
53163
86300
35158
94854
20247
80758
6441
6506
24824
39819
72808
95413
15466
99312
56300
19009
78779
94940
71181
97864
4678
80892
61118
52673
9118
24468
94122
70113
26823
74442
45467
46791
62066
90674
6538
49270
31657
31928
20101
97119
15812
58108
76496
35463
9567
15384
20090
30526
85487
70911
65669
70803
55218
92005
48300
85484
67736
94654
97599
75512
4129
32516
41281
49190
12734
67751
13698
49058
68738
12859
38018
37522
91316
93229
25560
57691
24261
29676
24053
67708
85758
32954
3720
96296
13171
33646
20199
88144
40514
57099
22257
2132
51950
93048
63195
55111
70942
39342
60105
83955
56991
32897
66145
67999
16341
73410
81223
99842
43842
63976
69005
92459
61640
62004
35477
47725
95699
16909
13005
53354
86263
90604
75038
34793
39536
28327
37603
53486
60876
47202
82987
38034
85
18325
49739
11576
85463
9194
3110
62609
20766
97242
26070
663
89581
14947
3937
46813
14518
41892
49209
65913
26118
73357
58109
6015
86085
92411
12930
86203
56143
88242
41153
79858
29138
35345
53485
85287
56223
14173
18854
38437
88805
87247
25438
41438
58006
39579
18281
99787
69285
39381
25202
65898
49437
69336
8833
12159
35250
77511
71384
67792
95346
55616
5462
22413
4584
46620
50917
87155
970
2238
34489
62229
4845
64225
17745
88101
8524
75234
2219
88846
63333
34347
78695
85845
2210
51603
5956
35594
37438
87180
84230
86390
21625
99751
3384
68197
77379
74720
77946
74139
83286
88896
73238
37767
62448
5344
66501
74582
85456
56856
24390
60437
71607
1962
79373
7438
50136
16967
50528
38401
90173
55644
44707
91118
45551
84765
54628
93467
87182
19236
59336
35890
3898
39688
55632
42099
31880
77802
2843
73321
57850
39085
46013
1235
71280
12040
31555
81193
48305
4121
49476
67793
86249
41869
85405
7963
12980
94733
62149
88588
27921
14890
19111
74611
39939
2914
63035
80494
33079
33915
95790
99945
26966
14659
94929
70764
95108
57459
40145
35456
10107
39736
70144
27916
26958
47040
89804
52175
71531
93883
67266
42300
74489
97985
11501
13352
21926
36727
69849
39658
19252
75115
96370
50684
16528
17211
98069
88412
1814
81124
87443
36967
67688
80097
25925
75173
56625
78850
19319
92124
75785
39790
43736
75788
24338
19351
62266
7855
52732
37736
23346
11262
49183
56316
38067
90292
37142
75279
21483
16083
85723
5437
89997
66276
32316
61764
93589
84010
77739
19857
79011
56742
47733
47335
5178
18719
5324
33780
13980
60730
89720
48991
23616
76340
14911
32038
14972
23583
16530
586
97349
50931
31417
82148
22290
29239
26053
83062
5161
57977
49786
7762
28912
38038
78117
60953
73745
90213
74020
53601
4312
31449
55908
88155
88841
98572
54032
17351
23917
30202
96069
76823
29893
34266
43425
4838
78497
29428
34639
47400
20995
64046
36669
40855
71180
94157
58420
50988
95091
22974
71113
92389
39525
57313
14784
48426
95978
70123
18929
36696
92709
70673
79166
69414
34311
53283
45399
46975
39213
73650
29750
15410
65367
27505
37477
29963
26089
73702
89061
55294
13601
92143
98531
10279
27357
31503
76255
18974
38004
68368
79444
63442
36765
46245
1837
7936
57815
58422
42993
850
12494
44668
40920
52587
52750
5127
36774
98194
93473
30752
32742
6249
40489
53202
44406
84621
1557
50881
29395
71646
2653
23013
39087
15364
44795
79420
99889
96736
46230
55458
63020
55010
6468
2366
92109
2072
36040
34307
36156
18971
44833
60204
64840
58704
5018
28699
90201
20549
56950
79050
24953
10298
87700
71448
76581
60750
75067
81189
86231
27040
73348
59696
24760
72165
52976
59952
90240
55556
71431
46270
6796
31181
82503
45859
25122
30453
91252
55185
19119
46195
56012
58573
58489
82377
55304
66956
43294
26573
71929
56732
32875
26623
54887
42708
60647
14469
15057
90878
56609
31549
23758
81750
86490
97232
71025
32163
51805
38647
90529
6930
22655
78158
77032
64017
17153
28283
96234
41428
97771
34968
6145
65023
27203
66215
9487
35934
37780
39865
76048
21024
64788
80727
29787
90175
16165
53621
6738
18595
77721
7986
30702
92706
82695
1355
75280
27349
50707
84771
82678
84387
78834
55459
58460
58030
75030
30261
76243
39296
49808
82582
16943
90318
768
74072
69381
59399
96125
46379
10556
46623
41529
38582
34093
38902
64907
58101
76678
28043
6888
77266
22465
59934
95334
6671
69995
69775
8542
12847
50229
37192
17824
97010
58818
11412
96343
87229
71620
34742
93893
57094
59144
71084
70258
82763
1399
91717
14807
75356
51365
12334
53856
77877
39856
68692
20157
48517
68297
17167
42352
51181
49730
99685
39241
50235
2748
60608
53262
34708
29197
6929
77992
89356
17641
93805
70647
75758
70358
34070
95705
87104
1278
60724
92925
24227
75403
91574
25532
95718
35382
76706
37356
5238
64640
72205
58709
65621
62596
15310
61344
16555
66094
66310
46152
3320
22185
39371
78067
45787
62799
38932
24990
63198
36509
23940
29096
95379
87183
36434
18942
84279
52956
83322
73277
49097
95209
30099
7957
20343
11926
1149
64070
30678
58164
64833
69428
89722
84991
31685
41017
85941
44263
18505
59609
52207
92645
70192
36185
20511
99633
76285
37856
78136
72543
96983
24605
99070
73550
23302
78521
34902
7170
70035
33244
29838
8409
69426
64977
49070
20587
44684
17896
15182
40853
8123
41932
57209
38854
93783
72229
44171
5361
31387
66059
57322
99600
13200
86981
44287
52377
72435
4243
82786
1584
14821
39433
47451
49041
53291
7152
21089
83683
52466
85998
77630
78293
79737
29883
84310
74717
91055
34212
17908
33174
98240
14783
7411
35792
18424
49838
83419
16105
79913
27704
17423
11191
9834
98627
37915
87059
46627
41644
16077
24226
35666
68975
41971
80564
83665
92315
73226
96162
38506
89663
90920
76363
2076
54314
55759
92784
33214
44893
9583
2226
4027
42822
67910
10659
62241
61662
72781
29378
70585
5354
51210
74221
38055
64484
49293
97407
54559
21439
46585
6869
31650
81855
84845
17864
17467
54326
70846
8113
64380
19757
89900
56169
15141
25832
38379
64901
90332
15370
1674
37
89369
82464
25029
32556
88069
89831
69094
36592
1532
46761
25157
74864
60681
83203
51745
75816
4861
98522
19587
83235
85822
87917
42102
24135
66844
21319
37126
41451
58357
11227
53973
34791
63697
9361
80369
30015
67161
8873
5998
48455
35623
65187
31344
55931
56179
35542
84598
63164
94113
71024
35071
46318
12545
24687
21476
83560
34661
9776
63431
81580
51085
83164
88525
44789
30566
48944
9284
51282
21424
2461
93201
10248
53770
36624
60974
60270
49856
32558
46873
62830
9603
25435
95027
41138
70326
72395
9868
79122
63763
45883
75432
93393
20527
55301
25143
38151
94540
63388
33022
79916
8641
88274
72231
56577
11849
77546
65717
77132
65490
68991
91201
52440
76177
3554
47134
20269
15972
99119
2021
44729
16823
27332
20676
49516
46079
54179
2145
88641
56389
69430
74877
27879
73641
92612
4036
98199
67308
2842
5686
35870
69248
11345
38171
58739
32594
34988
73540
86341
23805
92834
54430
50088
22580
97677
55921
77443
66498
88757
86319
86889
25972
93439
22
20133
68721
91601
65238
67460
71063
76548
70578
42489
59290
86960
28325
76366
21701
30281
41458
30141
887
34118
81384
49323
62471
6523
31709
18612
21196
26350
23822
43054
14066
33914
64241
87582
7042
84530
72602
37480
37412
31849
3683
18801
7299
52019
89820
73393
24129
46515
71655
27038
47494
75321
63432
55146
63746
65121
13539
95451
66634
13294
85354
41851
67197
5310
59319
10902
83824
58588
9272
4180
72258
2348
79362
35877
62491
49572
63302
63870
23818
12021
76543
77521
34141
67593
66910
6717
56291
32970
95281
93960
91383
3326
6480
85639
89630
25585
95635
35857
21070
44675
89826
96178
56964
33487
47345
96787
50108
94724
97194
31986
58724
43227
79433
29533
26219
28027
58198
7745
57267
50436
49444
10460
7593
58911
68730
44830
78754
36881
53253
79158
26906
62025
50070
88118
61904
32452
11133
25332
13758
7794
4267
15776
14276
91908
3748
47158
31246
28564
42336
65967
9236
55585
47211
6594
32000
5684
54009
55667
84937
90987
37012
90869
36301
34587
3550
23393
15894
42985
25988
85870
22599
17441
48541
7899
72900
29902
18070
79120
28609
13154
38793
96411
97046
15917
75233
83455
44853
33485
25250
33274
48033
23954
10616
5053
63422
92546
14769
25228
77488
19649
89655
52541
18494
42966
76835
55205
6500
18142
74785
76813
49539
74238
8443
71030
48787
987
82367
25743
95669
80985
77942
34101
79825
47942
13398
68176
19600
60046
97895
81366
39360
28738
3252
56083
44918
9083
61535
93465
77678
80137
80534
63084
35823
36412
14709
86576
86063
52483
3992
38766
59977
50446
13841
6033
71536
4358
43267
62227
3732
18870
37324
20177
11149
26128
50433
27576
85055
50177
81034
7894
74222
90257
47272
43127
27081
94876
34490
36304
22102
29810
85357
41151
80174
74234
92747
73135
90773
34094
99641
29640
58395
99519
87725
9844
94011
91155
77194
38516
81634
67902
91086
90316
51792
89728
74143
9620
55839
79583
62118
65491
18614
10949
80783
11559
63472
70603
90924
43265
49403
65352
15634
62856
87208
62695
8
96360
61220
65388
90378
85890
2694
56598
13884
9641
69234
29029
92133
73287
75697
22020
12754
19171
7092
9445
29522
99953
4538
87201
22660
76221
52723
31044
62225
22336
90061
58378
55222
87341
75724
19195
13785
43887
25712
91817
95807
70761
96058
7473
86454
59676
87743
8130
91408
81063
84292
49917
66587
75331
90554
19315
10635
36188
59371
72758
48801
88221
67047
85395
40634
80502
72965
67366
34467
88782
86725
81633
12974
15588
61500
36367
97975
7225
12228
2281
27636
78236
29016
8365
60676
32267
39542
46805
33603
51938
59554
28239
96352
36874
32682
59236
92837
94842
38788
74855
31560
51925
28890
85301
13453
17584
18306
86603
2458
77934
40412
25834
7157
16954
24103
25089
18944
36344
6996
5914
5091
91714
63498
47354
89947
4322
21169
50041
63351
96453
49364
80633
20800
83582
50426
43633
47347
42330
50945
54563
92326
12870
82791
76247
39681
37988
43757
19799
31164
50198
73851
45587
49607
55314
81667
41867
706
87189
7077
59297
84715
42565
4402
81146
6542
90155
80917
30410
51930
577
35362
49113
62592
67755
76653
79000
6044
13094
41897
38227
9456
12586
15811
54907
29259
92966
89622
634
26888
76751
75440
21640
35663
11577
96516
46567
19865
41618
34209
82680
21671
98070
599
70910
39967
65499
94954
67458
47717
70099
25734
65966
19497
25669
3493
6730
93660
72302
51204
42438
49381
63836
14058
41893
59081
33071
1280
62647
35000
52246
98803
7243
47905
53690
54413
99340
40200
54218
75946
47687
86089
15651
67296
44203
39584
22395
9829
87779
27725
88319
3488
70891
71503
73872
23001
10589
93967
88262
60843
51149
25619
10876
60756
72745
81416
24257
33350
16355
96463
42968
17946
7604
37479
67529
27090
57625
45911
84592
56769
56613
55564
88834
41348
62027
71900
8748
87673
19362
3606
89133
15322
81248
56952
97769
30786
36430
99258
82899
72836
55578
31582
70279
62677
73200
15345
43472
63036
34504
28360
88418
77659
90540
92367
88679
21945
8490
16687
39438
77688
99926
46710
19798
42924
48544
68457
84384
69676
51796
15649
1189
31865
21938
37668
51460
95044
41445
25798
7988
84629
60097
76629
44417
97464
63398
8611
85827
87097
89271
14757
86955
33810
73710
84970
62755
40654
68968
31026
87977
20438
18409
76776
59818
6749
24952
1767
46698
15347
27653
21233
11329
26518
88926
73850
29854
32334
59672
90757
81054
21955
59123
66930
83491
82980
80393
57008
27388
41789
17884
93888
54046
15336
13724
15172
78503
34767
47784
39839
21652
34155
10734
68004
26670
15369
54349
87353
28632
29942
63540
90204
39972
65651
95817
24459
75600
54008
57638
36759
9599
1257
27789
22424
5222
30968
80812
51560
99370
20095
97130
65484
10086
36121
31368
35541
98244
19436
57426
46748
66152
41798
23637
92865
7055
40573
86584
97222
32308
19940
16857
38747
80383
65237
35129
97820
97354
97682
61049
33754
66468
80359
59516
37693
2527
87939
18069
96582
51101
95591
74471
91480
74159
27557
11255
32031
82729
45368
42869
6785
31868
4654
6141
21789
73961
39207
58732
8496
69722
44958
55305
15016
47661
64015
41330
18863
94108
11494
97811
85627
16920
58992
77840
99800
80339
20186
33910
58242
96344
28621
98999
40054
36609
42207
33809
85702
30168
39969
40152
47531
46057
36503
79986
86314
65380
69903
98385
50756
42234
95890
25289
62961
84988
99432
84089
76715
34769
84381
57843
61852
50148
29234
96652
45197
97658
92822
86148
64288
49431
76862
31156
24922
67080
36917
29738
87889
2924
7261
84417
64276
71606
99203
77193
41130
74853
92842
30324
9433
31218
13850
33122
63541
13214
74024
96621
35576
17068
69566
94925
48992
14879
53734
53384
55064
34802
47750
42662
36573
69206
13526
97948
4002
11044
21695
1835
49721
75421
81516
87732
73433
85756
21129
17579
54271
99463
40734
52840
47660
4417
55072
75404
40891
169
91300
35434
90010
79612
96359
98134
26808
77684
86712
10653
37559
88634
74539
55521
26714
69630
74189
21627
14235
13534
18973
71788
34258
79481
42732
83356
18422
51491
88172
19592
6774
64257
79590
31621
18012
50204
59229
58595
35063
26834
36953
98557
23816
73712
6126
23352
51079
36010
36854
63348
95432
1195
76582
15681
75120
76046
76970
53539
37833
5075
21582
60816
16534
14991
35543
65537
29224
11243
97940
64579
82334
6146
93174
72504
30937
42199
19372
62396
65979
80507
1468
62850
