9511
73794
94931
90493
74378
66596
8580
17011
57007
20141
98482
65694
11606
16446
78604
15916
95353
65841
72573
49528
78585
40369
34172
35936
94756
14361
16540
16629
79028
17413
91007
53262
55125
53806
63963
21812
61290
69327
70900
39296
24
24294
15474
33457
37304
90409
588
24266
63660
41433
26490
8079
19228
11826
53805
43953
14241
64381
49703
3275
18939
44147
60791
53416
49345
44543
32860
9714
68389
71796
53694
81500
46198
93486
94753
62248
76431
17141
31748
75944
7820
10491
27535
69254
50549
8465
59831
19816
32345
23593
60272
65124
43009
49505
21453
10562
71211
5713
91607
58064
66783
67511
51647
92311
11171
88621
81905
82952
87164
64541
56028
2206
44601
98089
66562
70287
32246
63294
62223
97945
55052
3138
75225
51977
73372
94848
29154
46115
14312
41821
62092
37635
35105
96864
89818
76886
17662
61206
41866
28617
14223
75555
7050
35364
8725
81005
5701
81611
65242
99480
23359
68810
35903
22458
92148
80622
58369
24481
89903
30275
87493
85497
86544
53867
85215
52084
44094
17260
49038
43377
82336
29205
65946
32388
39364
41085
59944
66887
64606
65854
1163
47207
65993
26582
32919
5830
45940
72885
90984
84689
28787
67322
99593
85102
28936
90765
7248
38798
56874
94430
25676
71295
19826
28400
62445
11797
19190
80422
37186
21097
54344
71754
31541
30868
84435
71807
61651
77432
7841
71336
42295
20526
4541
53530
84939
67346
61750
30854
54213
23622
78136
11582
18826
46427
58399
76571
59172
61175
58055
49798
48144
76848
79679
8065
23945
82812
96148
712
89251
978
79913
94791
63978
99392
80362
57943
40609
20920
12379
58389
84973
6813
82583
28488
9081
82679
60924
72014
64812
898
14746
93905
85892
37521
70998
35834
80486
48569
88327
624
8326
19211
43936
35272
34290
34111
89259
72411
62393
87174
11948
93249
61257
10318
68544
1147
55919
16728
99014
65107
59666
97205
56515
71506
34431
25815
52861
96997
21087
3161
42212
65575
61916
91193
90507
52528
99458
9030
81617
37267
42588
49170
61884
39064
94605
50583
78453
76618
59335
36052
42785
96214
29601
54574
55304
10208
34981
46257
8359
19703
50530
52791
81238
62419
42747
6486
67721
5597
641
42755
83791
5610
24641
77255
77323
7371
49468
95548
40012
32716
27394
81989
15460
65994
93500
507
57635
88248
5640
5724
4803
8740
12950
86582
95296
71556
94266
44618
18380
52481
64601
93273
35659
85210
89738
65755
46722
60904
44621
99858
55075
54291
79956
96987
68928
54492
71049
28521
82435
25012
40874
20833
71881
90112
59535
85919
5587
88829
89597
33825
2840
10498
61091
92276
46234
32929
45977
12643
14121
35382
83362
55647
24759
9558
38100
70540
43028
86927
86108
15277
51372
4029
80206
92060
37561
14945
44415
23269
28925
93306
45705
18431
25917
73942
83427
6732
13635
22130
85894
3883
53766
1504
69672
35393
35541
78299
99401
83311
60402
5438
12364
56144
29675
65507
52195
93976
54524
73184
67726
44231
45299
68505
12056
97700
81329
5504
82848
37228
31241
55600
95672
49302
86254
86009
94661
22833
43842
11320
70783
58243
44794
94898
65683
52126
4202
54511
50624
16354
26472
9992
15922
65479
9401
45246
62804
20817
86981
43367
97750
32082
5390
89093
66340
48486
95666
63173
78481
66950
1921
34664
93581
94809
92911
38126
94136
47309
12856
4944
29893
95193
47654
83769
63651
38561
61794
22666
55890
41234
80063
56861
66473
57768
13726
65405
40755
9079
86480
68567
39572
3459
1050
38235
21833
37288
23227
40685
77997
1532
61803
86780
16187
45139
76271
91380
15265
61927
85496
36179
72510
49601
5340
45537
4729
67915
31122
51124
16821
44461
78515
37063
18983
94080
12404
81406
71249
12853
81219
26793
49913
90185
60662
68245
99926
33534
52134
19780
49834
22921
62779
75796
48315
34328
94922
94339
17021
73808
66586
72491
64592
55217
32344
66641
11602
88017
53225
12478
49195
57651
64357
54755
76583
3348
90296
83761
20947
6465
47605
15521
43488
73680
69871
23165
38607
48238
92625
41616
75368
79750
51872
80628
46028
62643
72318
24221
39414
74610
19015
24191
56404
54115
73206
6136
31521
91196
75153
45448
23839
75991
71349
73480
23850
6
77952
5351
55218
72821
27877
98138
64745
38431
32782
42800
88344
33324
48408
1047
44349
17158
27796
80445
2079
13089
94712
13988
70322
68916
61904
79004
1999
43544
75850
51981
89749
49843
74033
961
14331
81939
67735
42602
22793
8782
6387
19570
2097
4155
21488
46924
47511
99985
12385
96161
291
72762
80894
75618
28170
73707
16682
98868
31237
85062
60215
9779
62375
66858
2767
92114
98988
41625
24151
79907
29929
29496
77050
66618
1874
40121
41477
52128
29073
50070
5858
23579
58447
45696
36282
77407
33749
7105
14400
96744
18292
42034
34496
45368
58605
96106
1746
2316
30928
21355
26414
46129
69148
98980
16655
56001
89000
25926
1488
72223
61449
73987
16881
2737
48678
97261
4401
37712
20589
37887
71294
88858
38569
95026
16229
7633
68365
34493
6184
87268
1988
74894
80271
21036
42143
28358
40805
59743
57833
15208
49838
59781
58225
34439
58006
3655
68830
42300
74463
94637
8288
75432
45053
27665
52998
18632
51383
13613
16695
98446
18602
13251
59943
37601
27259
13732
92173
5129
40418
87431
99118
25494
78938
54094
11944
52372
14042
19687
85843
73191
41794
81506
63672
76944
37250
68852
74503
78069
13857
19260
14707
48539
88154
23600
36831
34105
76688
24198
50813
46746
17381
28352
50784
59313
2410
57908
58260
130
90146
12419
39984
38748
45949
14499
84609
10645
45478
31512
29067
25526
39249
29162
77238
57947
4487
83506
55702
76554
82372
22830
99278
19028
6299
41324
27826
28826
79542
71999
79114
98905
23946
89718
85525
35612
19379
7290
97519
77677
91544
37454
3651
17436
69710
66134
98169
9614
43624
93438
54783
60959
88653
16559
27770
88489
36082
94901
27743
47115
98351
98555
45444
4121
3938
87464
32964
97313
27824
42900
41956
2431
74289
55290
45608
22167
85849
64061
26365
91963
74387
4127
99310
79990
95817
76771
40151
56116
84840
89912
78130
11003
83784
83593
65034
49050
5458
42076
88542
71536
66061
19022
55847
50544
51069
57950
33874
9959
2129
45993
27021
69325
99575
93185
41986
40295
80559
17495
35288
45956
82670
95684
39090
69055
319
39388
22881
32090
69930
32375
65100
80605
65487
87536
52451
38628
69130
33267
89346
8663
31399
14391
79015
33009
41045
11500
84543
6442
28140
66569
5138
42258
6964
70339
19968
64458
36605
14419
30663
78540
14588
48760
1701
69307
52568
65198
77544
47578
84023
68968
72959
1790
24203
87463
47334
32669
66166
37349
5015
45118
2422
60409
31592
32351
96096
88187
66694
6689
40989
76521
93095
71575
66216
42574
70493
22886
5582
59117
54372
5461
89871
95549
84340
38543
31619
56011
22301
7031
63077
60427
6774
27508
64600
3467
75204
21197
41745
2793
75247
66078
18896
21007
77304
60561
91679
51012
88298
84415
86720
99855
87530
24564
38951
41091
62431
17713
68713
79617
87475
2184
27769
9063
40820
84148
60116
52393
43272
1574
27747
57280
44728
31918
10472
73668
62799
15603
26776
53532
79708
97069
5889
9020
21478
50137
52909
48727
83551
36571
15346
73964
11028
71738
79564
18343
49972
60661
96229
48335
44938
55790
65030
60246
66120
10845
80298
31271
97846
47125
58153
89386
49745
61761
20571
93419
57405
82870
76332
93980
35732
7141
70706
57254
89589
85642
65876
18151
17996
75833
56911
70259
39020
49760
20985
61887
3948
69812
34893
35725
64
64414
11478
14893
46677
67091
18720
67995
82032
86465
48225
69333
14013
564
77236
31449
890
93415
88982
98599
72613
19222
4673
21695
39368
32178
22859
27676
93171
17716
9379
59112
92082
54982
27718
73701
27286
99702
6043
86627
26449
52717
56058
62043
5529
65478
4795
13909
30439
19790
13029
16668
45293
15809
33688
25413
14324
61520
19612
23368
72687
25135
92084
77165
19155
63872
17835
99409
11565
72231
35674
44585
57643
36459
18031
52920
28749
76153
46838
22758
21312
68197
3414
78562
58906
38503
48676
14678
72895
41099
12185
30372
5821
40749
4185
81909
10293
16558
80995
96307
66770
60370
98416
52196
41715
91519
50102
95760
41485
58702
71482
35228
46195
89090
71006
67586
70073
52039
19527
1822
22082
13044
22431
16019
13394
49116
19579
60798
13038
74890
56956
45920
17223
58466
89618
8521
75568
83974
535
96938
47107
20647
49691
59698
80352
81502
20173
3653
99001
48103
93651
32751
5932
23239
56668
98189
12213
28705
56809
99365
6992
23290
34739
80822
87632
58982
44220
62073
59546
64663
3107
48739
85847
73417
80433
15756
64145
24603
16117
75517
941
64218
91931
737
18877
65084
32596
19784
68689
64232
92211
23000
29488
92446
9469
49936
65286
36962
25155
12052
84041
55206
90810
94250
75264
97725
33747
20572
17895
65134
21369
43758
81618
10980
24230
23551
76689
79181
43139
79242
98682
59979
96169
56328
73289
34670
22823
91483
7414
7497
71382
75696
59863
23075
63713
35697
13305
48925
15161
56834
34318
84102
55605
54157
21456
16734
81370
29988
30105
90056
59120
93904
72590
5072
86470
83156
68595
21072
33076
27846
68943
38216
48983
59024
79743
45837
78727
75226
20741
75352
86975
48560
49944
29212
50215
42403
99348
21830
24702
1810
38925
38290
7259
16722
17900
64430
74743
81337
50247
63217
22869
91459
45947
55982
78781
15496
85311
50500
23834
78318
9565
99434
22147
53063
81815
64416
20259
54607
46318
1039
75034
8541
39863
29820
97668
38877
47350
74493
66456
36920
49336
4825
53674
75848
22209
82437
74489
98528
62367
56161
36124
52276
45320
14812
56331
63560
26493
46156
77525
97611
83653
79827
75718
44286
82410
51527
48802
13987
14382
52441
69751
94170
23011
22101
64562
59345
96990
11283
12316
35264
56578
36277
40214
44403
41013
46238
6834
56837
16530
69428
43052
65321
41576
48637
34270
35921
80305
27606
93527
93260
99720
12
36128
92099
54748
72019
93715
96019
47620
88780
82902
49836
24143
36992
63915
38170
51024
82628
88770
79802
39174
41654
22843
16733
78920
56016
16944
2662
15125
23554
78720
9171
79951
87403
65191
21613
34519
31977
89654
43240
57783
62526
15087
6003
80793
78276
69006
47680
38514
21245
48748
93386
29526
8934
73856
36064
91755
67814
71262
92681
94851
44829
91588
93345
28676
56721
37950
34876
50711
12096
60535
94626
44082
31133
95446
36455
93237
19167
99149
52632
67509
23801
23566
99375
8637
23721
61266
94832
89924
62832
62180
59789
66715
40091
62813
43689
3856
78404
58437
1573
47814
17401
97130
66984
68779
87864
41218
89799
84888
34969
93926
76538
78012
45710
23019
57791
88231
96451
33811
52431
78252
2562
75942
42996
40699
68104
7138
57580
24915
97666
9771
98911
46933
76127
63393
66577
34605
17955
64892
79132
81465
77040
56493
36832
43825
22150
49309
69976
31351
29525
23617
72539
80637
29109
62836
24767
47194
31454
55014
74958
52822
77005
56386
3934
29305
27840
99830
11412
34153
88202
47066
40720
15655
40078
57175
41919
54567
66260
9225
28024
30988
15693
16255
90012
39883
48290
95084
55535
96031
82934
28671
76803
59181
45002
9904
80811
4106
48600
24142
77737
23986
17365
34122
17379
25664
97692
95003
96848
28972
3399
43932
86919
13921
17882
44274
87528
84909
3515
60164
71855
82719
6123
97503
32726
43152
35555
58278
79728
16196
19842
32469
77912
84222
54404
47956
80714
10807
67955
82461
64970
91179
83339
66736
91348
52389
86703
9142
37183
65594
52770
31398
35632
37642
39305
1061
91457
21785
71970
90480
55995
57299
83543
61200
74222
23223
47155
67113
24192
59288
1355
81022
41406
98666
16814
57121
77524
68229
25029
18173
59980
50219
43173
42123
13271
40965
7345
12129
42553
41843
91563
24955
51425
96928
91738
53432
81416
92252
4424
5234
35067
43790
49003
83759
31420
39954
85856
6459
35812
19812
89668
62444
19670
62158
28405
44851
44656
2123
3251
78792
98214
58296
4765
70822
88357
96844
76568
14856
70298
45059
6998
54175
92020
62143
86284
7095
57393
21498
61298
86301
60483
14020
6929
32478
32945
40956
79527
73449
2288
31543
97056
52004
26524
88458
41215
79204
54082
3794
28609
7520
24407
33431
57369
77318
78182
50510
22494
79762
59545
19564
81856
67086
64031
9986
36735
18010
25118
48522
92979
51744
77565
14235
76584
17174
64251
68523
36108
73789
28799
62977
23711
92855
3843
99574
16470
68596
9045
47909
2274
13760
19724
76284
4784
67146
61516
67015
16736
66387
26459
69697
82624
95236
70021
57142
4435
11378
90659
53755
83092
50415
31327
99608
36893
10906
63797
13428
75773
43926
72853
85142
57476
53606
67644
25927
40364
68235
85413
26018
34018
27309
82783
85432
11897
56574
22875
71358
25195
22265
16144
6281
58559
8318
60572
41699
11512
4402
24734
24406
50966
41851
81251
47861
72447
2452
33143
85324
33514
91646
57387
46487
98280
98445
96386
31809
93612
23991
38511
31536
88813
33905
38227
68798
44151
13127
41509
41548
96223
53237
17184
51441
97296
17029
98836
27758
83203
8962
23891
79471
16122
58518
45419
44826
83144
63856
25938
46042
6613
56653
82991
2861
48638
58512
62111
19193
32677
29366
5307
46820
6726
10237
83411
21426
96361
23124
20471
93441
48389
47637
48006
91318
55415
81436
90959
44852
90791
81293
25434
48406
55463
34637
8382
19460
79876
67868
59491
21605
57346
96145
91855
95266
70652
57704
85218
64757
22462
62939
88110
94395
76430
2785
39980
67051
48068
5870
15796
80315
42879
84728
33532
1230
69140
1685
31867
8089
82294
97610
48283
86388
75294
73273
61618
4607
54134
53611
15209
32239
1769
69787
58509
15352
92577
17812
72274
20599
35286
93963
82610
16457
85891
31709
24940
15281
48331
65774
69366
8019
64386
77856
17847
73616
44252
9278
5943
94058
56816
88011
55975
13830
74740
29201
28978
84700
26756
74027
39701
16024
8090
7492
26672
51454
27402
45564
89747
3189
85646
27495
3109
39279
80691
96078
57198
76974
20281
5813
68633
1336
10220
31226
59287
99696
24141
5198
71887
56994
63559
95098
62524
82314
73554
83849
28745
60680
72358
23788
18131
88290
7392
50087
84407
41186
21039
25127
96810
29227
45635
17838
77945
62707
6720
409
68456
84975
11995
21061
49449
63356
71890
39724
71585
46767
92863
36553
1158
63905
56750
58
84740
13181
72339
38596
82207
5857
91879
92413
94654
16109
5505
53257
85968
7882
27475
77557
44245
69093
70102
30952
10623
1415
82043
30929
26993
34422
11180
38539
15741
39777
48175
7114
19223
88291
86432
76005
96373
56599
34008
14407
36523
36587
616
69019
74837
57489
46512
18002
49634
8850
34368
53073
20573
62145
32597
48265
40172
14402
55151
69217
6840
54430
42914
86659
64461
26892
984
47872
31334
6528
57895
8657
49782
27984
68055
62006
93796
17123
88275
50485
6682
85330
73514
14467
73950
25774
93574
61122
31777
10310
26261
55700
85799
89203
87342
52386
53535
17617
4021
3909
60271
84583
84376
34733
12661
72021
43421
18391
34347
10826
90842
24106
28177
8494
59748
25760
85065
74488
99300
63923
25581
26699
85201
79123
88573
91808
27510
46541
40341
3184
6849
88916
99655
94392
50012
72855
20825
56497
4974
10543
58476
64905
92756
1951
75639
3112
94547
5555
96913
15811
7235
77453
71059
744
89484
7034
86260
63421
91068
16084
11455
37576
83661
76305
16514
18866
14520
68634
46604
70145
55705
59469
42873
83815
34425
25593
91077
17171
75141
73146
26222
40483
65471
74517
53196
3771
89730
71355
19484
45223
2705
56230
81787
77233
77397
88151
34986
23273
82288
18034
35788
63812
86908
40476
18873
95161
52699
78919
84861
98234
94821
57798
46496
99747
70310
79777
4131
78213
57772
93456
51430
80644
73713
33977
51703
31923
97328
484
59202
5928
92576
25094
4691
3036
81412
86656
95676
95177
46003
82086
92
28433
90160
67888
84865
93250
69529
60853
22003
46613
25328
46273
22113
20642
50754
52965
30516
37983
23796
27380
79522
76387
89253
67543
5170
96823
24812
56096
57662
52073
54900
38649
24242
3347
75896
50625
59423
28984
5201
16612
15868
34801
12842
10778
12963
38720
68936
77549
9885
60611
97112
50768
15494
55864
26439
76098
21634
73190
32274
86756
52262
99766
45841
90274
14775
82327
89599
10780
4820
87613
22042
56367
28305
50528
95496
46866
12865
349
85081
19436
80538
54894
44204
74197
91657
48997
11285
70116
530
53507
59411
17981
63380
66417
29505
7786
1829
1468
55448
63048
96774
57167
78330
5360
11239
62104
3865
87687
70373
28071
75418
49277
85177
84685
86583
73817
63136
90817
99932
45936
45551
13189
82695
51793
48550
9373
93577
68421
63264
12165
2689
51302
58002
6147
11852
45792
3183
1383
31203
92265
8441
15881
28971
40235
5135
28990
77705
328
9685
39957
65249
39810
89208
77261
63220
31476
96666
73899
63335
9811
48505
19265
79745
81459
87973
65778
32911
55633
39535
82675
70876
38154
32321
20276
51108
79373
89430
14188
20007
46711
12703
88488
40838
86838
16423
64953
80906
92998
52624
56273
16074
40587
3604
34129
3695
26572
14772
95126
30817
82954
35065
23685
12409
33728
39136
19918
75323
79487
16411
87597
15119
21517
38565
95316
74141
86704
22912
82231
27994
73625
95820
11559
25339
26840
54570
23472
13058
43034
15540
26320
87028
48005
39143
12410
9901
92963
5391
55553
99000
98840
97445
18618
45380
27989
9657
60836
33546
21297
68043
98776
64030
19628
63056
77146
52967
71351
44427
92790
26107
63979
8323
97914
49194
35752
35848
89510
74316
8570
93206
40952
71253
11706
82290
69935
66215
71960
85575
2760
27918
92334
18345
8190
31682
62936
94457
42850
93007
13846
60526
56097
92190
17949
87553
50031
6093
99736
48688
71601
75186
44888
56787
88838
99256
12038
80872
40367
72388
94864
80969
96136
32218
1523
90326
98763
36974
9176
46826
69522
68568
36905
9958
65615
82819
55989
19960
67169
82234
2947
13270
48468
6578
37082
77531
51942
85801
55323
56508
50401
32473
1129
40580
32369
31491
39503
15105
9568
43796
88778
52814
8458
99152
88891
3221
90278
70090
44001
30814
6547
1662
75711
52931
6307
35039
33334
49322
39540
21940
45396
81573
8343
23445
9690
20258
45140
93978
20329
23405
61599
36679
27052
24449
81431
7825
660
6729
67756
76723
99900
25729
7794
52448
3676
8619
2326
83200
28753
69599
41981
82023
80481
43526
24498
94567
97758
92349
47570
69565
43126
33195
83747
54662
49179
56118
65149
31836
19997
43553
45808
56130
24572
44256
58076
96530
1761
65126
23660
72271
73658
81755
21433
35466
89392
97777
93911
65977
20855
84833
13434
94277
9446
53370
93802
12623
67026
71342
81551
94138
52732
95176
9100
49653
84508
75281
61891
88317
63857
62171
7394
54545
87097
30035
57494
72818
89098
50028
82455
11307
96098
95401
8894
18468
58548
36066
75438
22844
95130
56693
51265
95306
3188
90443
74956
26396
36191
86122
65063
8471
12335
16858
66090
87160
89139
32720
18944
25169
67741
96277
68890
36085
19667
96484
11574
40224
40095
61531
12035
18716
32235
55763
74650
55016
66865
57562
7399
9686
67266
29578
26305
86784
35640
56778
40637
58868
62853
90379
3494
29730
94068
70913
31685
66521
42708
99044
59128
74670
61065
11507
48730
56939
57014
32316
39234
39803
20352
78758
71869
83035
33524
67342
86988
13077
10009
81781
3507
73917
41595
32357
97716
4728
79249
86661
45835
45018
31560
70922
76076
32907
61766
98820
25680
70933
65671
7895
59145
40852
38829
89180
14368
92840
93934
78329
87066
79908
47770
66774
32046
34964
15458
71421
66765
2287
47442
2811
99237
24185
70149
93144
94303
64629
56881
30568
75912
87267
90086
20030
15725
56008
36311
15683
53517
86059
86031
90536
39719
89561
11366
77182
50350
95886
56747
74893
38517
22295
77699
67697
90491
91107
85711
10202
63522
66974
57401
28364
67325
92142
11917
30638
44050
95979
24467
12351
35402
42238
70903
14283
33087
29812
42250
20429
95524
89930
13447
56563
2908
41311
50736
11160
20518
17727
70207
54141
83616
35219
67767
41736
30642
62283
77258
1003
46848
66912
54426
15772
65373
18749
93607
51160
6902
98885
15222
21686
83438
77135
50696
93518
59627
88943
47816
68232
11662
5674
84314
97049
38492
30719
44939
6838
67910
63561
147
70803
15210
58241
79310
9144
51713
15235
82739
79973
9801
36754
89637
30429
28835
64652
32848
68301
98615
38483
66293
49624
49034
40346
85764
91930
84919
73224
12532
35432
85018
10016
64362
53146
21954
67076
2472
58412
95050
87851
44579
88029
65766
1169
57940
15531
34424
48082
53015
76239
14038
53922
1695
57570
54049
27683
90236
89707
68220
60267
17438
57525
13775
15855
82094
54212
63581
82351
31069
74806
32634
1398
49219
76772
80158
88311
52260
56902
49148
5657
73099
25241
70749
34573
67670
6050
79554
16343
51070
99735
97790
47799
37070
57044
8982
18016
74514
58972
46376
40133
18330
39870
25580
22435
33205
18982
76766
48152
47843
30806
49166
82123
62239
72311
74897
94677
78730
98060
2381
574
885
55021
81143
49471
13835
11750
99924
86411
47416
52098
53051
74751
53077
24824
59399
23345
37260
52512
92759
76351
45879
63684
61258
84166
14047
32002
5592
12216
13525
4528
1715
82556
46655
23736
48288
20543
32567
29050
76731
31545
83905
82152
52261
14354
58907
10675
84894
33736
67881
47993
95539
41867
22422
4568
50818
86263
11531
34751
37538
30400
24983
20501
71454
22949
14434
31793
65036
5617
51574
94889
61942
14233
66664
4690
48023
24233
2271
8786
83903
92912
62527
87287
86168
45377
99285
57373
67900
35459
98935
61070
16088
78611
35477
90043
50090
15081
19377
57129
24982
80251
26851
76921
90847
67514
71509
60554
72386
94694
5259
55194
44490
93734
79655
39847
89481
72735
8029
39413
13054
35083
12672
79167
40981
72884
4748
8876
81328
92343
31317
87297
11401
37404
18476
78722
83669
56321
1130
36198
89760
71872
73046
85877
33271
25293
81034
58440
86671
51884
71863
79523
54204
42851
97260
96040
87329
11984
21689
58629
53825
70887
38945
50794
96617
75841
82778
56773
24733
36129
40314
76140
51085
7094
1409
27504
86440
67685
37128
92910
80779
63131
16231
38973
68025
91436
53277
40675
85433
60322
73269
28788
44884
62872
51889
959
21656
54431
6234
10384
53194
43956
28985
83869
70491
88351
68186
50460
38479
47294
41887
42551
17342
29000
49664
33385
84904
71033
44648
76311
85510
31893
1496
11078
46783
78271
97051
18438
52123
96999
38583
91145
73760
9386
1197
26895
57734
53831
14435
25455
97294
22211
75111
87245
6429
97923
49448
35077
63003
95838
25030
32877
50000
23424
22235
41224
64069
89796
75376
64699
11460
47792
42020
4406
89533
50446
86381
79869
4945
45217
86267
81205
93838
99259
56701
58723
52842
47045
18028
68341
11062
71681
86587
81131
42748
65869
70946
2933
73769
46269
5826
4612
72763
69008
92348
34915
83757
82156
82712
42705
60026
34835
52006
82150
4712
59217
94671
78750
27760
52614
54063
38032
5831
30131
85529
24248
58001
97912
24313
22110
25687
20692
36944
48334
11141
6091
61619
91374
83754
98488
540
94979
9256
65916
93167
5636
87203
10873
51217
83284
95469
306
19252
61688
91172
68813
95293
73727
62140
36618
10776
6095
49379
46602
18269
36865
6073
87261
27107
11541
77651
15532
58285
5260
67719
45535
83696
81556
17696
77334
20286
42021
49413
97064
42213
36487
92163
22920
91533
3847
48464
17066
61376
74329
28454
21595
70423
1774
62116
2550
80103
38379
99438
97177
52106
31164
92030
17913
81769
82618
32564
17888
38420
76646
10037
60129
42293
15666
28480
66742
3064
43683
9547
99191
17415
12025
95038
13757
43085
20131
45690
93037
10628
47108
46436
9584
56941
61877
30754
78065
44367
80743
96225
40051
35217
70863
76012
30270
57429
24212
49289
63497
61445
25689
2440
4348
84426
73400
36451
3568
74729
90770
17166
37717
17605
54380
8483
72412
6845
45328
20770
3108
55634
66457
51320
25837
70576
60568
88418
88696
74875
87276
18358
37351
78343
12864
47147
15220
92619
54395
41355
33985
57973
23039
84979
93355
6994
54258
99764
14377
93482
81685
2658
96428
43836
85043
92045
90468
5988
51895
26530
15686
27171
4555
13118
59224
11535
28522
65995
25945
70158
83734
85025
18774
74522
435
91051
41923
37441
72467
78315
14936
91616
35893
5139
10922
93597
21126
53106
35610
54624
72730
58355
64486
32184
94298
33399
7565
61760
32402
61738
34320
63612
2989
23200
41961
97272
917
77778
20654
64498
23418
25280
92098
22999
52012
64752
67403
47236
19399
11818
17156
44882
7102
2561
73431
45625
78186
56452
5146
42216
6533
61562
34731
30242
70761
22946
3173
93721
37505
3640
21546
95369
21403
85213
23106
78768
86505
14807
61818
96261
49234
55520
80713
19270
68408
39471
35318
28561
9397
14093
98494
87837
97054
12380
77345
65800
63862
7183
62066
65312
43541
74777
11746
20256
25551
44456
87295
8298
19635
18730
37054
99165
43014
25779
70861
97223
70997
90337
28333
45895
67677
13533
82134
17773
11522
93193
3209
89118
59242
95815
93898
16525
89
75927
12032
79833
89033
54406
25587
8765
16539
74455
46688
1767
18399
16523
15949
9050
96746
66239
67127
82627
49079
9630
43507
71223
1008
35037
61554
81083
6072
42816
60852
35094
24000
19454
43905
44792
26673
99983
8659
98616
7501
45006
5660
93505
12224
72316
16536
74349
55868
33940
65725
45427
22974
33266
89076
76406
52997
34993
523
83343
5357
33252
20150
22487
6202
83550
56410
74856
71053
8246
83440
33550
1322
569
1907
49126
31388
50126
23166
53238
89550
81494
10389
19624
21438
58284
30990
2772
635
50728
89862
95941
76174
69459
3598
56447
53355
60582
68899
39434
35137
20694
32071
87689
52199
36588
53665
14118
2228
92650
9825
97801
87492
82039
89678
62009
94912
52151
93600
86453
71026
11474
1543
80123
79081
61299
32494
99896
89256
56247
76229
45337
80890
96676
51104
23840
19289
6139
2535
8406
79971
38207
75807
41863
25487
98305
85476
63766
90447
38426
17672
3693
56353
52914
84111
24806
77496
93075
73756
41778
50501
67740
30229
57690
80183
50022
60230
95487
5058
50471
25788
23696
15000
38597
78058
95874
47109
15688
28957
41880
22449
40941
14691
96048
89737
841
79537
8159
36224
26061
8863
89601
86836
11364
99898
95891
29301
69413
55734
18671
46635
1109
236
20787
96297
81146
97892
20172
35503
85535
74137
97877
41151
73995
32224
58606
10481
17645
70856
22818
46492
73283
29138
64841
62061
17632
93126
40123
9719
62354
9410
34166
79930
64681
21825
70533
56593
27952
33102
61944
43835
91683
99266
15574
41050
4905
10369
30937
64477
96347
25096
13256
20585
23098
39069
75005
6256
36823
93451
92971
57189
4125
39429
72784
76880
40964
69954
84468
8027
37033
62951
58453
37049
8569
86840
50041
68254
16100
80447
53505
8427
75263
32714
34433
38174
38458
99257
57002
77208
50238
77027
13912
32209
78833
93760
39915
20223
93339
50893
95958
32565
51289
57028
23935
67427
11554
71740
12092
43050
43473
22031
33062
8373
5795
21548
67456
29859
53112
8225
8978
66068
60202
34135
43478
44324
18630
16186
92479
70315
15737
52288
43479
77647
75777
34571
56991
92983
86467
24749
45471
56265
63355
21310
53636
3686
69732
87101
74822
8425
95046
11297
95623
64314
25904
438
6045
79511
50006
79791
82521
32059
41719
68102
9991
73630
72972
33705
34051
9216
31105
41707
14853
28574
46546
17453
29873
7623
91420
76177
2925
46529
12595
2519
96294
91785
46694
81067
87037
23317
69756
29991
45105
46187
31138
6811
46255
58349
22179
56761
61245
93982
61986
44671
94281
7068
84133
29352
47249
66796
71522
80701
77171
44495
69946
26354
86804
82400
67083
7362
89015
1070
43389
86500
16135
39209
63689
71275
72154
85779
97394
44241
37638
85132
90191
2525
3541
5912
64226
91227
78338
13853
91293
76832
77603
6810
78350
5111
54796
46434
72635
78103
5518
74834
62284
78525
95822
8872
47353
51473
28248
36948
6733
60783
62102
75859
55880
80824
92367
90197
90388
37050
20670
65680
20976
26485
71187
90288
84930
83818
86341
13215
71152
47771
92167
80490
33533
74769
65080
24390
29101
47926
6031
88398
3427
98106
96000
89084
88457
40526
69142
33063
47795
30573
53362
57523
24375
6163
99805
84633
19692
85605
74178
76470
53131
47270
62243
90926
63411
69302
70427
95604
49129
67072
36622
23518
22403
51668
13381
88292
36026
26999
43791
25673
67118
2082
62912
11131
36410
41899
51317
4034
40110
85506
67809
51849
12353
92315
73926
59976
945
81024
78740
53698
34952
97727
32349
58326
46625
6358
40063
38465
82409
33279
23275
98006
32077
59528
72742
91060
39043
64099
35047
355
93901
58566
56743
51526
29184
32924
70156
19995
27507
28685
53126
49784
42277
34019
22685
72848
65503
33766
59694
87585
14828
39232
47793
87202
56581
23361
94402
88196
23829
79327
6686
2755
38438
51244
88477
67978
28017
28662
21614
47730
5528
38570
77336
60309
50988
30157
71263
60539
81062
83083
17049
35776
31544
11477
4146
99384
32191
56024
49445
77095
38819
98553
69012
48000
12910
47925
20906
60646
72673
86530
9405
32278
88537
88456
16906
1482
83262
55563
32421
30946
4018
15487
10012
18888
24132
43242
8836
60953
50744
64518
82823
74933
79943
11311
63929
27486
42028
68628
40929
24206
43898
26456
88316
31575
52162
64859
13060
37927
17033
81360
96592
86875
89522
57687
46917
60594
74400
64874
38849
39735
43343
82397
58607
35491
15111
21399
42710
93989
97265
44922
53141
84982
90561
15990
18644
81061
55987
75304
593
40635
69362
58570
11201
67139
74754
48236
68343
48488
40197
71947
99531
50431
94314
75010
32371
73564
72934
80507
59225
51158
6649
43971
83612
82019
60243
16025
69172
55442
92716
96910
18815
53023
90025
23455
35675
12728
25896
21619
35150
1303
80796
31150
81368
95063
18379
83029
40256
71817
72836
42807
64375
27392
73397
40611
10
10463
75547
20185
11885
31921
17821
56255
71157
59725
92899
94278
34002
24524
5095
80505
3097
13744
51807
61056
373
1962
22344
726
71523
49093
42561
51974
9743
412
764
96416
57284
98794
97890
53374
41229
85537
73840
96729
19936
85913
64843
64997
65440
76663
22998
42271
75828
47495
75794
39564
31249
79834
86173
42938
58211
76796
75818
76052
91002
18416
76845
87893
75997
53664
49128
84441
87446
60405
14344
17116
13620
23450
44793
81720
3250
28548
27531
57323
78914
28218
27048
99744
65083
54691
91997
15711
61511
12956
92238
11076
85439
975
78423
50459
51614
52165
26358
97001
12378
16442
63240
61064
96788
88735
67612
93420
44285
47875
56894
21982
88288
56642
36910
97300
82579
19774
26584
62361
5955
94561
84205
24020
73377
73241
41457
4179
89544
92720
95313
15350
99416
98314
44604
88864
53331
54247
65091
85687
97080
16784
79458
59841
4485
52865
77297
51283
426
31642
40867
23941
88148
80889
22320
49333
88434
48883
53560
55131
97008
7275
46423
27058
50760
4882
73644
26441
45686
1058
30183
75727
91576
11644
15493
82601
84371
39732
2654
88590
92203
63639
82501
67293
71163
51123
19525
99072
93855
3013
13223
47893
89782
96832
79970
24264
5594
93131
81960
99999
30643
17722
82480
31674
80542
28334
26038
69123
91749
56535
37169
29951
38927
75664
77659
49268
22075
83503
65773
23749
35946
47283
47616
83218
87122
98356
43691
66003
20919
43714
52155
98619
62740
35730
5086
26688
2466
68121
8561
48212
12761
64495
68005
11673
71433
99710
87486
38702
43848
47614
48271
26228
19244
13439
10353
25483
98956
45001
71428
78317
99652
851
32781
2056
41177
77124
78533
74540
18650
42662
59621
80947
44654
40517
49581
31229
97119
78388
7926
19237
86995
54284
53685
6881
3482
45272
93561
79088
47880
77755
32204
7766
98540
12075
56362
72757
3665
60845
25797
48905
14599
35386
10849
68227
82002
97398
32864
42589
79514
31835
7085
37833
50132
89828
31707
56990
60750
97241
22148
78617
99690
48432
58050
64059
59075
17635
76384
69534
86662
93970
39565
42980
29637
18408
62185
24217
6593
91836
28020
31789
43222
74122
27948
79991
19405
65087
88692
25038
18673
50785
90996
16175
47325
66790
95311
30413
62094
53612
41037
81286
53282
45641
92331
12198
96481
13168
34857
79007
88911
6552
44028
8814
56150
45544
56949
20583
3891
30485
43886
27609
83303
2221
98395
73329
42512
62113
83509
27274
84515
22871
11417
3445
71780
12048
39123
7335
70035
26772
47687
14594
41533
15288
24877
90290
74581
74249
49205
11768
13003
66046
76767
2064
13971
96490
30054
27601
98151
96952
25240
6900
84785
5112
10450
58854
66849
32418
58013
26920
83609
32884
23812
91391
40988
26381
16179
19569
72822
59517
48809
96796
18899
62363
92526
32030
6346
1812
68809
2005
21132
35597
52508
18100
66272
42876
5271
35658
98087
54817
93789
94377
58780
85969
413
28967
78549
78193
80239
67371
96572
26310
51255
17278
55213
12878
23658
81873
37004
7966
78014
10238
44808
37572
73867
84386
23406
17442
95391
75002
56673
77730
92960
91681
98024
29070
1268
77868
92656
58387
49523
61106
73645
82402
73620
37566
93816
47862
53143
68065
85114
57872
2814
83242
89306
29397
64308
95064
32448
36541
55094
38214
31205
22438
43712
76063
79607
18629
40966
14925
94588
75977
97137
60117
6582
548
89848
77561
85262
87932
48598
57524
37603
75478
39586
83648
70311
10411
78361
51504
22074
17147
92528
31851
80606
70365
24972
80832
54675
32413
33841
90708
80855
75324
27881
4800
19032
5716
88964
43376
19556
88027
99264
14793
77553
99214
31106
65581
48378
9609
14317
86123
28467
37489
43241
84497
64267
5195
7839
16347
66126
43419
49036
27883
21472
48603
3214
38740
77642
98591
78155
19191
8951
12713
69147
67558
80494
46724
28856
82292
16796
32510
89563
14905
3514
19568
37253
46390
29673
46258
43662
2058
85125
37000
49584
36996
27485
44194
72813
37847
95414
93599
51861
77077
27942
5110
32376
6851
86443
30756
4571
83173
62903
33752
81920
6098
19262
57991
28961
11784
6668
65923
17673
39036
57225
52845
5378
74450
18887
66372
31486
43375
3531
10086
97572
44340
49404
77552
96158
17248
43247
54836
53693
68027
91409
71698
46410
7867
19695
24273
12575
85389
68160
6051
77535
78542
68966
97002
59759
9832
47226
87600
68953
43740
6427
69773
4918
83710
8720
246
35242
68684
30239
78418
96831
4187
27639
49466
99725
22297
22108
90723
92873
14689
26114
36757
37778
67299
72113
13946
25789
49551
35913
62289
16538
78883
78613
78489
99902
97954
42734
84761
96579
84849
9311
75778
11518
29641
88450
46282
39271
46475
99036
40120
30418
45989
1432
38815
11968
25572
4668
74327
48691
64577
82526
10102
6264
47308
77308
18959
82702
98786
67252
84698
56051
64450
63846
7215
85762
49340
95691
10439
81139
16997
18919
40710
11048
40404
87139
76129
74344
42719
68350
75238
83787
52257
32647
38859
38555
45691
55782
33827
53559
43194
78015
74211
96272
14851
24093
9542
83877
51746
25478
35031
27527
73282
5629
9489
92569
33573
24061
25991
42302
26846
60127
80041
37372
81463
28898
71959
39004
26169
58128
70202
85006
44823
66804
20895
57271
36878
90587
98289
76078
32646
44928
74012
70049
48890
90312
69678
47999
98948
59544
73621
89422
4689
96431
83852
53350
29939
4910
78699
9724
57413
77620
43471
75305
15635
59954
27081
1740
97522
66542
55904
35321
79053
66642
43652
56079
449
89124
37721
86778
51593
40603
470
44347
3157
73253
5979
53409
12699
88140
59448
80472
83681
31175
97330
29536
33967
46998
16433
22485
19844
78216
28573
95656
38940
97873
97844
75681
97374
14607
76573
42594
87062
53526
67557
74910
69859
57133
24365
61695
68769
51074
98900
20596
408
83772
15280
19702
79646
55765
93385
64323
298
64651
20323
89965
9320
96239
34443
65635
32685
82440
70125
39985
68075
82903
50477
46911
44842
73353
90527
20412
94115
47786
58757
88414
45011
57472
48352
55487
4670
77898
39022
32861
15735
88817
63351
13818
28272
52378
52187
86268
3439
33442
30709
72009
73828
55042
11929
43333
67751
8257
12909
66175
80473
92635
71008
31061
20681
45161
8278
2104
22950
55397
98278
79556
49639
85907
50061
79623
53167
18806
38260
39104
75138
93002
63126
8312
66512
52348
26
83657
5285
97741
26486
12248
99246
56868
3106
65821
68230
27544
34531
18061
26931
10229
30380
29731
22288
17914
46008
41724
57827
32627
88957
10081
74850
15880
87169
53121
10685
15832
86316
44225
74125
49596
79579
95912
30453
40317
62659
26725
78408
71215
10517
81044
46278
22437
72249
53031
37749
19039
63700
22529
73344
92959
48713
44722
23259
86389
90035
5227
60385
41787
65792
32794
56783
57626
29917
17398
57516
11526
71478
90066
85172
83788
28875
62972
44804
57834
91903
75171
75945
23874
27435
15262
59455
81595
8224
71610
73598
79609
88600
14949
23318
44998
83226
54886
8802
1708
4392
93693
72865
80153
51073
7964
85977
32032
41235
40129
13239
91177
38695
39783
9466
65716
33317
89744
96489
15649
73312
6931
95626
91748
69062
69804
80661
30309
94084
65443
66343
99994
89726
67782
41076
60546
24503
74265
5768
32797
89158
84478
92534
16080
32254
47210
45896
16875
58448
23603
77969
28395
55844
40955
78218
52611
28134
49985
61013
15959
65535
16537
59134
13896
86438
30644
77556
11238
33655
89572
13776
14142
90792
46787
72580
42991
43491
87235
80200
13019
44399
31436
12617
36822
27305
71337
25556
53483
70004
25426
33536
53581
91781
35129
51721
36440
25706
1867
41164
43799
2225
83294
1934
60292
30339
81467
96610
95486
10390
96174
55930
3570
62998
35070
71732
13310
91043
25614
74967
94929
29940
42331
90866
23162
7967
61427
81664
14563
97420
70061
320
70872
76942
85261
63370
32873
46594
14766
43176
732
72785
10407
97981
7328
23453
24908
13811
35016
55998
86065
97756
99698
58350
19413
78235
23353
58560
23526
35945
89197
81546
73055
84118
91754
51636
57795
4323
5676
56329
81656
83028
95276
52458
29593
72514
70934
84714
39274
62251
73787
86189
87589
52994
13309
43270
29286
34609
50665
25164
70467
68040
84321
19788
80659
98177
56349
46523
79724
52074
32298
77332
55858
3983
13555
23638
72119
80285
71819
46974
96215
54389
71220
95299
70506
83325
92322
51717
71744
16568
87315
80968
9499
1363
68080
41901
11181
81942
82562
23715
49878
58124
863
10764
9118
94348
24719
42183
92027
62378
80812
59540
59626
84265
25506
40963
21895
23184
24935
38548
52721
43601
8904
33913
44421
28955
12854
26080
34533
314
46392
63426
54569
58395
51105
73544
74855
22732
35232
2143
13588
13004
88747
71167
13570
58067
63382
72830
59880
13410
33496
87510
18942
25743
19498
62851
51099
67624
48151
8206
22988
80696
16133
39319
93304
59043
97262
83545
66734
80079
31123
1805
88222
54491
28255
85192
74084
17868
57533
70851
48129
78548
45675
76435
7022
15324
68020
76115
58520
56237
34325
26957
35621
58677
5346
4109
56970
17777
10265
87309
98743
37829
50239
42733
92022
60323
23511
13520
1004
48181
20751
52685
53445
48239
32385
51805
79599
31011
2180
89832
10962
97567
26229
6481
73933
27340
37450
67121
28104
34511
5645
79121
52945
62848
18904
55441
78348
49518
82022
40857
21928
26267
94241
52048
5354
35003
95363
59612
15967
4698
45457
21865
84783
17276
2845
22203
9996
34428
68591
59161
80216
83853
31691
85346
44477
48961
3191
65208
82180
39779
13718
12957
38245
52407
77373
63669
19158
28409
58970
96234
22760
62854
59182
93180
31140
8400
16638
82014
80814
90153
63539
43334
19550
80539
64587
59886
370
87285
79536
37652
87704
51335
66675
81808
17472
57655
35691
68907
70553
5048
25500
22049
37813
85513
89461
76703
11300
99049
54694
44953
4164
8214
5919
81340
71280
97073
34283
22446
46066
22709
82162
5898
60932
19291
61172
9980
85840
28252
14782
91015
87742
45452
27238
66919
48942
19442
95421
13737
29664
96374
7270
67056
74637
92052
71603
47431
56814
51328
75670
38771
95416
78076
54929
72164
4926
6325
68134
71809
9415
29405
14804
73694
37682
59590
32875
5855
88967
60372
31821
45290
41359
94129
27131
98396
59393
41417
20362
13512
39356
57120
20016
57777
12127
22911
70594
94578
37314
90302
99157
19478
1621
2858
96745
72711
40401
6148
62702
21150
79452
13362
7852
69611
91124
10734
84802
64132
98994
35114
13323
43697
46811
10100
4817
27958
17006
3577
94523
54723
71431
1642
11309
74065
36326
64378
64435
4641
74725
2365
54338
32048
92778
59787
25243
62197
24617
17935
75258
32078
1020
61300
16082
37185
83228
81842
69577
56865
73164
71591
74310
52768
43285
34984
89680
34503
96794
44471
48262
3999
38512
4701
17450
37559
16000
56503
30627
53634
14651
54418
79481
38709
69863
87050
51157
94902
26296
33395
17347
92178
39637
54667
22058
66504
12719
26189
12594
85422
38098
25272
81288
29742
23650
18084
72486
84839
27382
98074
89649
13448
59443
35499
56551
4724
45021
73229
7797
45881
15595
54517
96448
74223
13843
13114
84302
39806
34719
11992
99267
36130
85739
61814
86311
28530
99911
71088
5511
50765
20626
77900
68482
584
33506
18149
20831
36595
82947
18910
28112
61486
30577
43092
71594
70217
87606
47977
20289
84040
40179
75986
68190
51515
47994
41159
65279
29793
70139
40559
7233
81437
56403
86576
23528
99549
27990
29395
23428
95806
35035
70976
49237
96786
61170
80104
49327
96366
18985
81766
21588
97367
6327
49903
7435
63285
23190
23962
21889
32613
75174
49132
9727
40983
1358
83223
45547
87814
5277
23439
8060
90482
56650
65863
15216
75770
69169
21160
94231
57462
54904
79847
38545
92375
16374
73837
62486
34295
25071
75158
88281
18423
76204
8669
914
88077
9426
46348
84037
78538
13556
8276
99957
83679
78157
45186
19206
23407
70765
26290
54652
20017
48367
69270
20090
46251
43210
99138
29562
9313
69627
97204
79707
86773
69706
47767
94688
92295
17640
23220
95963
46859
98348
51659
49099
72992
64246
63854
25564
39061
69018
25109
21175
25813
86632
59089
44828
49591
8370
67188
34437
35548
79272
87197
47352
32738
64803
99656
28519
49563
65078
90098
25618
29739
21657
82243
40533
93950
86776
15571
78245
94749
52139
75951
51208
92180
33163
58497
95447
60838
50141
2111
90437
51095
51657
65980
59603
36806
62616
65964
72067
12544
97458
22207
3779
86951
69471
79424
18953
94172
54896
7446
83665
92783
54678
81938
75726
35609
22878
39868
5981
75691
55650
21946
2849
53476
33761
59676
61231
97746
78895
42781
986
81647
56605
27586
92807
76030
37170
88223
64395
73682
79974
76509
69932
58361
35622
73611
7644
50888
43316
54341
42831
8817
67177
14953
95141
7211
53980
7271
72351
25082
32819
47133
33779
529
6252
24450
77693
81404
5902
82044
17026
28408
2256
99219
34187
48519
38584
20862
62368
22050
86535
77861
42374
90632
52438
17298
77155
65882
26896
62770
29115
82087
49431
61798
20579
16002
94678
44827
46116
94918
42361
80788
16582
47575
37915
52490
4582
53467
22029
90476
33458
96678
74221
91620
812
41199
57876
73912
74362
8254
2698
5308
444
46789
83127
29591
82046
97659
63243
57434
13319
38921
7098
59727
6545
81313
71007
14998
44192
62176
68465
42547
92152
76599
19181
13238
88469
80642
42898
53938
90681
28314
79737
51570
78679
38312
44670
88330
33055
88853
79495
83795
88736
93521
54999
97145
7776
1191
55223
49751
98047
24758
81369
10298
35876
49587
95833
92482
6846
58434
84072
7117
3626
93949
50223
84806
37856
64478
76443
73991
42419
38169
21504
74755
79399
11744
87207
72751
98449
87777
21071
34103
92387
75170
76392
13014
6283
81712
20616
94385
14825
95399
11942
50451
17023
24965
85718
76364
56449
34577
48982
77152
21463
42999
56524
50700
80010
56672
9435
20122
60894
64777
25390
32906
91118
97533
81397
42423
81028
1653
78450
73876
5772
96618
5670
33657
92071
51864
62993
45029
44388
16871
25632
58714
5625
70786
63770
94939
85578
43103
33482
21271
2233
16633
70614
90981
53428
85612
74277
1279
33297
48263
9105
28602
90192
99345
59646
62596
63230
76958
45787
87753
12725
35117
7715
12665
72628
52447
64091
85195
61189
46674
27613
52310
89766
79107
29746
81836
34043
64296
84652
96273
86471
72943
7965
59866
17768
68153
80340
24238
9034
85908
12913
8617
81891
56438
85348
35982
32571
26217
35179
64454
15679
49300
9738
25256
91469
2682
89514
56037
86733
5837
17938
80785
40990
32943
87721
81679
49662
59586
15226
82190
46657
55216
99759
74752
68992
3652
95853
50632
11106
59889
25722
93258
70866
31914
24648
86990
17322
55948
22371
12492
35297
58645
84914
66530
271
98950
36536
85926
59295
36751
79435
40591
14540
97026
30973
11718
5471
52890
47898
42429
31097
47764
3270
39866
80320
45991
52750
3528
21095
53924
92753
1427
67569
97248
28322
20370
59961
13148
33852
88827
32452
43363
18891
23851
82428
37224
44555
94092
80359
42608
49161
6018
27217
47118
3278
31976
29646
84198
12805
13696
36359
62724
1529
69545
64580
50903
42229
77819
82472
59704
19492
98583
78501
83091
12440
80744
37781
35942
30455
96526
12800
23684
16581
35381
45201
87620
34723
23524
88055
92485
31840
62692
14342
614
68213
10232
9981
72727
49334
28439
35165
3192
32247
89545
8776
62051
12217
21264
45659
38962
25454
75361
17384
40272
52888
17208
30120
40047
75891
85929
31361
29729
72680
19636
55461
49095
66955
43321
15017
17717
60507
15604
47941
15027
32935
26431
45917
71302
77713
39987
98404
41840
52866
6831
80150
74198
98688
70062
43161
46381
31287
74436
45259
40920
69454
53967
64444
37195
39047
34173
65237
20892
28315
57250
4737
29737
42243
40010
18649
32750
75095
95917
14667
11098
1945
65056
34213
57638
85445
10250
36709
4702
3406
40653
70422
55620
96265
59884
28361
60801
78279
78942
60361
7526
72243
1360
71414
73337
28253
71907
72237
50452
49991
8405
60677
36354
94556
8728
78692
65791
21416
56254
96799
16215
56920
263
53965
17204
16302
57450
69645
11791
74185
20268
7344
88179
35976
59077
69304
68881
10028
82525
53072
69193
13725
76765
16666
62266
38190
25072
8751
76951
32783
30839
82064
35944
5372
15367
76955
35127
9557
70721
56458
66922
68347
34224
82270
39567
31200
21104
51512
45609
20103
12235
40487
77450
20443
29910
70687
39993
62638
21418
47853
15305
66410
70535
3302
14769
70904
7683
14004
15780
71052
41415
54687
7665
49989
71110
23261
52500
38931
97957
84211
7706
93401
99370
1141
5484
85122
17311
86967
59105
8803
43122
5683
33419
31633
51438
31099
15544
96323
15961
73983
30209
73216
52468
69999
53911
3633
59558
18540
24615
8611
97853
55378
21045
57285
3621
43977
19876
44057
29427
7969
67728
12111
1965
10320
21345
18518
65862
52654
25131
60169
31064
61109
7296
30303
29818
15820
30956
57407
6390
82767
47263
89666
80865
88958
29316
4175
57139
19507
39170
65361
57689
63429
48757
53811
76414
69345
4971
45429
33842
76984
79503
30738
96426
20937
44747
19971
18704
79173
53185
52129
85875
46417
23826
9338
85604
85134
19706
45423
47852
58231
68150
58484
50674
83214
69800
10860
84764
14071
80548
3825
55834
16086
48143
98162
31574
48012
60991
31380
59413
39258
35146
18286
94933
96590
88147
84932
33224
13041
26436
27795
19387
55271
62136
8345
1446
79969
62461
34982
80753
57587
99139
1821
96466
45177
60709
99737
84278
96646
65879
57248
76466
70386
68632
88026
7037
92346
27494
89058
92092
62054
27930
1330
69484
81433
44213
83097
88752
74985
9599
23396
50797
86788
95071
75183
14618
84474
39639
1792
16125
54109
38273
78815
73939
86503
12734
23202
91550
81244
11120
18593
49494
8697
64559
43406
30328
13252
88345
26900
36737
91180
73968
81642
19580
45487
28590
34741
80877
85391
15547
92831
42444
17425
79515
74174
75265
17350
93159
77022
90843
29832
30442
52564
33585
57143
302
30169
98317
67653
40139
15767
29720
91333
563
11514
5115
24581
64996
63273
40345
38827
46420
11498
28267
67003
82533
1886
63032
37301
33025
16927
53798
29461
97239
83113
17420
36968
42240
50776
68475
21484
58534
50131
28452
53221
44079
52731
82978
2765
81496
9098
67155
66458
69572
44418
75591
43514
96279
98698
76851
55915
18975
47652
99851
53515
13518
39032
4285
89269
38710
11375
74764
50303
98678
29850
35188
10489
84293
98265
93562
39661
95210
85326
53364
8277
36986
17124
2352
66883
66977
25684
88361
10820
87525
91061
28630
43519
85357
70889
41255
45890
24848
43011
95791
94206
13062
97187
26401
81056
57508
32921
84303
3457
39166
95250
80766
90727
66446
87531
86126
94469
83434
27868
37390
340
71735
34640
77026
3090
67816
80311
35175
85783
29598
59799
18768
56206
43225
38155
93701
31466
98928
58925
52956
24256
26612
46644
27913
93553
42445
24483
15180
483
60080
3167
29
597
71381
44624
42744
57703
79934
73307
95984
66787
4634
343
51689
96354
3337
81662
41205
98705
20144
14694
39417
72081
89626
96527
4469
98241
11923
14994
99496
26343
39541
54276
8513
99415
74575
99907
19445
79101
75242
97439
25334
30773
50694
91461
5213
90568
60900
73108
47594
14589
74745
74724
25811
21824
12834
54415
54226
379
46375
73024
83317
14221
58984
82984
76613
92706
97602
53744
48789
36779
68657
60834
14242
77302
91848
27704
7039
6359
6336
10868
22790
97850
83857
54150
8598
86736
95758
80873
89674
34452
31478
37926
1853
83555
42931
70414
49735
56166
80424
21537
96216
53962
98246
49593
22137
54516
62458
46888
79571
57966
92154
49544
2344
22753
54307
74358
906
6180
63574
90562
83266
68704
69648
41242
83114
71366
82020
25984
7302
11146
45951
25103
67002
5242
42836
25171
38246
81926
12727
52678
93494
57773
5387
23641
11635
5497
45194
94597
26717
33450
10191
83931
56658
42404
1750
67654
63268
18555
58156
70337
4176
40979
13541
40008
87592
77120
12417
42208
58899
97711
50005
82432
67386
11607
41663
42592
1210
19277
19864
1552
5862
52511
16547
95757
96094
36090
13185
64262
32340
1245
87206
34474
27703
75181
20255
13454
78168
23073
43543
2450
19165
50987
26569
54180
97286
29125
32843
4436
30066
58337
84661
46851
86436
82616
83151
49998
92270
65998
43617
3306
94350
17870
41412
84744
42626
54858
68630
66129
37323
34438
63345
74584
39108
28976
64605
76122
48856
87434
53333
6703
62663
94689
14617
80991
87022
94808
4370
29679
18520
35958
75296
36714
94463
71127
28044
51739
69300
42573
91505
36407
8472
20242
38209
47417
52201
4082
19098
68804
58435
1912
4740
3838
82348
5475
98857
28589
4196
74742
84338
60978
42325
12970
4117
8084
9481
7498
73745
30012
7163
97059
33303
57003
74919
98554
53998
27588
20187
39291
7406
36391
30060
79256
43749
30758
43531
29351
19767
68857
38712
18365
83062
68620
97915
98896
325
64109
21176
65747
77845
59305
87211
77368
37382
31886
3739
93175
23309
88510
47286
19335
27765
53271
16013
52242
63618
85832
97225
45486
46760
33820
16448
33552
70524
31075
85802
72382
30962
10207
17287
1057
9529
82311
22465
99528
70559
17970
7023
14116
78125
67999
2130
38389
54873
70801
92696
42930
94082
41627
18621
7756
60374
67877
19414
3075
30672
40239
76747
97593
90576
51972
32294
13382
23864
97293
26058
58744
62523
79347
36522
28601
62587
14197
97949
14110
67832
38667
31925
89723
42100
95403
87195
14880
18761
23889
17070
78990
94179
57688
39078
66598
82448
95952
23628
89670
4864
76368
28571
54843
30556
7132
774
38008
18135
83263
88852
28075
60890
25717
14641
69343
23265
35722
40605
5425
24840
44116
38397
55127
98783
95503
10502
26654
90913
51110
53345
3967
28696
94713
35740
99302
85842
98550
49677
51618
4682
35565
20637
61007
72952
64525
12326
86064
42845
96250
80652
40940
21242
59752
98627
20566
3551
12399
37482
65287
53140
84622
91572
27923
50396
7387
82775
9392
86178
631
67980
81280
66433
38457
22716
92621
41437
20482
75112
72234
10451
63307
70333
62567
23588
44128
30531
89371
573
22352
9812
50976
24077
60999
34697
65815
12855
96420
9791
55261
77384
35703
52480
42397
2871
29854
37649
95483
18577
23677
37987
26571
32154
39026
47099
27792
26560
61823
44373
22705
77648
72053
39814
6514
11259
44266
78475
41603
15343
19521
24387
11270
19809
60352
17439
74629
11845
50480
26253
88993
98754
70476
60101
92240
6508
54306
72950
19704
42731
31871
14523
42786
72187
63896
16365
86336
57897
95688
50945
96464
32177
36692
33866
66128
56213
4441
51333
19368
67458
46097
49863
33737
85259
77712
7859
14776
67421
82569
96878
43742
93874
10768
22188
4434
86409
45750
80816
39366
15562
41383
22767
70501
88133
47406
50611
82167
37385
41915
29555
87686
66896
35522
56849
11010
83354
14521
72333
13165
9071
27536
68514
23972
18197
78516
60139
81697
44690
3297
13733
97673
25263
27777
89893
7197
85032
88950
87173
17741
29537
14550
71943
26532
66666
44170
98600
69896
30807
9411
70794
97587
18167
26644
44957
84343
34241
10688
22643
1630
8041
56945
32799
70348
68024
15148
65211
37116
62193
14285
51141
40111
59386
3242
70839
56007
90167
88874
11956
54639
56025
88705
16444
41121
99883
91278
44232
58776
61132
91551
23178
75581
44242
18304
72907
42929
27205
5891
76121
56334
2668
20389
98228
74153
19269
590
33610
3218
3737
57419
84207
28431
25925
35187
21320
75899
75894
6527
59571
3901
55933
17969
72564
22483
22032
60785
53987
83482
95744
49276
90260
12215
41438
72572
66531
96549
99368
61428
42446
89004
50177
89170
1731
15507
87187
29380
2292
50030
38903
48682
33156
55856
29015
23892
9075
33089
28577
11581
96555
69779
99445
33591
3915
97863
63122
54485
15050
5366
58592
32148
3994
45622
2508
67928
38060
52308
1725
69856
9841
97527
58303
6943
63712
46361
394
19421
77575
21454
39472
12276
45179
87148
92805
47676
84489
9024
66270
39705
30053
15641
82762
8062
10949
40074
50111
1788
82832
78700
59989
98709
41858
76996
91753
71621
17402
21516
86444
66484
42978
26435
21002
91783
23289
70245
57706
95110
94085
36482
17375
89020
75679
91014
4876
91462
71134
79355
96577
36581
54128
44987
9535
81310
98298
44913
80963
41195
29680
92777
9842
70051
19076
91739
4723
53429
46329
91591
5515
84267
34636
53760
70832
86416
61332
18500
39300
37302
36675
95706
4519
64335
71886
32169
30236
32918
68923
11152
48672
52623
98758
70753
30541
14414
41116
84950
47405
2539
72653
84733
91615
31159
44195
16717
86270
301
17302
93781
53240
93610
33088
12487
87015
20232
91995
5440
19946
32192
996
65465
22820
71230
12079
46090
97523
90188
23980
16790
89467
97968
67284
77707
11142
54474
25162
54772
56430
81471
71879
54126
53615
76529
58426
54575
92572
88121
25960
28699
31273
66538
93416
96267
90641
37621
46902
89788
15621
56617
10362
23331
64527
63113
25297
86935
70152
15954
94381
75030
88471
43747
84571
70542
38521
46816
29838
19296
2349
21842
13738
33729
51970
55741
38073
51639
91262
76595
95101
98977
7517
57529
73866
72005
17682
30552
96850
63528
92314
7331
86119
16999
70920
58688
70893
48742
67763
73277
6052
12559
34289
47172
7069
61124
25612
22256
28232
22064
25763
38776
45134
33775
68000
10464
48102
96369
25514
95408
80064
87640
13318
161
86352
13356
15294
94919
39350
8045
68960
99491
88665
22942
47290
82358
73111
8181
66267
33374
93945
17706
44006
29868
73793
76552
26328
80801
93897
94275
51011
87903
46432
15910
47477
53475
94313
22631
78835
66749
36961
25847
58297
32670
52584
77873
10425
11599
58199
97942
63207
14757
25773
25206
93853
21802
33348
69846
72654
9924
99196
39480
19818
90625
74548
86614
7552
83249
22497
12069
48563
83843
99061
22834
73239
63399
42601
91854
60648
87630
17609
17692
23461
64336
86997
74635
81019
9829
26950
59951
94279
38509
20304
6129
2791
11959
54014
95011
48093
51495
61087
6040
74079
19811
30716
28283
61757
68957
53199
42257
67577
89868
48273
93317
2873
7984
10038
53888
46279
68896
7155
27577
99173
1568
15101
14127
42267
51581
82883
45702
25232
14609
66145
7855
63710
58786
51663
16531
26364
21626
17421
31004
71082
42761
64401
318
69415
8692
35926
4359
25931
25048
16985
70347
23156
40836
9069
89241
9853
87042
37902
11598
5238
61677
1857
71019
70945
91447
63595
80142
72449
95627
26550
82223
98109
74413
23494
82893
93201
22342
41312
77585
16375
92423
56596
24213
42337
50514
86162
85460
33227
67463
2232
88629
61039
80534
89136
74207
21394
67167
22348
210
55709
32260
73730
1143
49295
20406
59716
48162
86502
8490
39626
30907
71851
5784
56047
39714
49598
44342
85401
29218
338
84928
51597
15760
18783
67416
82799
56905
84172
59061
58541
55497
45924
51831
25901
17028
3796
66342
78834
1845
77220
56019
98784
68661
33562
82571
32734
86216
74525
92667
88974
41036
4137
66040
32856
59941
35698
59763
40064
52066
85301
62011
21473
58700
49958
67950
55886
11429
57717
42324
25987
93128
76843
33630
39191
6272
46135
61095
85895
54500
74570
49374
92793
97264
10576
81188
64105
61773
5530
68820
82965
92300
12347
39273
17044
31489
88504
87356
95201
37753
76022
38797
28380
27838
78632
10116
86427
65003
50434
77541
58423
75780
14983
29604
74975
23853
28670
7943
3589
55208
1136
95971
39624
99397
58036
98247
16775
95198
9659
81359
80618
429
52255
77920
4534
98324
90169
92078
73030
722
97298
38824
82217
63851
29634
18271
61901
5963
15174
88193
97842
11467
51280
92496
10253
34108
48898
99208
90759
79894
22918
27263
64120
37803
67692
18089
22339
55365
65327
39546
29258
4752
81635
99199
61849
21776
79148
9572
47089
20563
1561
99906
30416
45518
93373
59848
38899
62889
60238
74347
94781
8849
90453
76020
4640
42564
81584
95614
89262
4783
68399
43914
94795
73860
21153
41226
5107
8432
7632
9107
93703
42377
41429
68824
98017
8587
38783
87516
76693
25873
47851
59037
5141
8829
83639
95065
52932
74287
28682
95800
6796
72015
10329
20334
2152
29620
42629
54820
60186
31811
77937
41104
54899
57909
6352
19367
24160
30221
26808
60493
40900
65007
35557
67464
78073
65224
94674
84096
62030
44959
13632
706
29293
7570
98804
85685
611
51272
34855
45340
23667
98629
82407
61989
30167
33599
32932
69550
4151
66400
44202
52990
95315
63903
31646
7198
71318
34611
330
11041
7500
48147
82325
48892
6049
2201
9494
50302
62234
63376
12917
16344
35917
77793
58461
58978
85209
78413
51293
51210
29764
21789
76591
67295
95542
8101
34262
32809
2897
63879
70647
39012
83314
37654
54715
12886
49326
47445
15047
66405
75335
78442
93474
29849
67785
41442
22622
25230
40863
26392
48946
85625
99870
25824
82117
73801
96418
11328
97448
10599
47069
13892
45077
33631
8734
56978
30611
26527
77573
8362
70019
68727
81157
23389
85293
51364
59657
19104
80348
15932
17136
25248
53404
26023
65623
54893
48281
2131
92004
34066
3741
44222
42107
94701
2617
94913
81281
51954
67762
62601
87979
3644
85409
44992
26740
28249
46982
31826
43024
86563
63349
13531
54613
55225
18769
55243
92040
64759
25831
70841
86044
753
2168
54981
21247
54756
98279
77506
58526
60357
67574
41868
99203
45891
5696
40321
28284
98012
27149
40107
32058
45126
91156
32038
90599
47060
76032
80798
46193
10068
61669
80950
63968
69167
84664
98308
91167
34003
91870
91314
98142
36348
70455
51622
9172
53274
24257
65094
84187
69604
56152
27053
57130
61807
14375
34160
32395
82442
16264
70951
37058
10765
39067
91295
80776
84219
86114
14580
5924
33164
7522
12517
95287
79379
88939
76003
90703
62220
92268
78195
23754
14801
50364
74866
60039
10319
29718
56780
40614
20699
42540
6318
73818
22508
28948
23240
38529
68951
43331
25488
46803
93242
49346
26049
62238
25652
56179
79574
86824
32780
89538
7115
62335
78707
32741
53905
97490
51559
64358
68561
7958
41436
44590
38101
9339
52194
95646
65155
16690
16318
37298
92137
9552
90269
68516
31608
32591
86794
18300
72155
20822
72308
69417
7426
10031
5066
860
3366
76806
24382
69061
22247
36611
28406
82995
14206
36576
2930
33255
24157
5941
72964
23462
46551
42791
64298
39919
