9486
7619
75762
31863
9210
40143
80306
75026
94613
11966
77683
98781
54347
543
75008
20788
37580
22207
32694
86670
47181
20626
32017
51480
17050
53893
89817
75417
51215
81931
80230
44851
89633
72494
28310
47661
28820
94026
21968
52842
64078
44432
76479
64436
66921
20954
8676
12713
99504
80815
57501
66096
43998
73061
81461
54828
88220
80873
71717
31451
95631
44476
39207
46959
86154
4156
92157
56489
3694
78557
5270
29574
18869
52515
27408
10784
27771
64030
48201
17311
10440
64760
51562
83517
8672
80809
10956
58836
22808
19046
50719
75013
1135
87549
12585
23020
68945
13664
92429
89608
45857
12002
85158
60950
28569
79607
49931
19740
2869
36038
72351
86800
31885
74121
12233
12336
55084
2321
27701
24563
33215
72731
40326
8005
43945
40432
73968
31597
7527
63539
62284
86033
60843
69989
76232
7095
90646
70463
58195
78530
80581
32427
63462
42345
30787
931
28340
47658
41261
61968
98404
88307
28000
34954
40736
78762
35474
76571
72390
74859
1569
4646
30218
96157
31055
56560
82267
88285
19497
39230
72990
71114
83631
86678
37892
85197
56021
70227
68027
21208
38354
47440
20002
25893
92275
35121
94518
83478
48561
84275
79069
98258
82233
96153
24837
79403
94888
22200
58252
67671
81652
70655
76414
82553
41470
19470
62730
76435
9342
51332
75046
80296
73302
2230
70797
39491
75886
85305
21848
88215
54265
19143
95466
49520
69295
68431
95776
77024
70834
47552
12407
62094
76708
59992
53715
27799
47088
47021
94267
32944
45871
51967
60282
45379
83094
50505
74030
80110
65850
37865
83580
2354
44738
30318
57257
15838
98760
41687
30287
74101
81105
45421
3813
43809
40663
65354
39299
80092
36302
16658
80054
81851
95948
40386
46887
18692
86585
67059
7512
55816
49704
95151
35860
61589
99961
93084
99226
80404
66166
1432
17237
91252
42002
52296
77081
8278
52999
6431
71045
94265
46232
8368
92165
46172
66098
1229
77635
96602
96915
74619
19896
41630
64680
86734
74135
37553
17023
65596
97734
98199
84552
22162
11062
10413
49415
8677
97450
63654
63600
36417
72423
42695
2155
81829
90168
44350
10682
38837
59314
13613
75871
23955
95601
59309
75122
20871
68980
40180
37708
96928
66416
458
74617
98132
41822
69201
34543
30377
92156
86915
27027
54420
58825
24971
13718
14039
72596
52290
41653
65235
33741
70095
68162
40778
16647
13419
54054
94148
80724
30567
32587
67152
75380
29567
12058
28883
89742
47472
28358
23228
95877
49321
94352
75223
3819
3135
17694
72480
79485
69954
90189
67679
48507
57233
79790
98623
32399
50968
35741
15294
94239
91383
79227
38198
30172
6924
39663
93864
23578
23111
29558
4849
18599
12204
28377
5818
74147
4919
44353
67834
12563
57680
1672
46161
22083
73569
12927
90759
92659
61121
16560
87697
38232
41438
78124
88717
94441
74174
97301
65566
59864
71103
23585
33352
83856
43286
49751
48860
66366
88803
4237
61301
17247
40286
15600
80867
3572
31064
56712
78163
77153
18683
25189
53321
12216
62724
85884
56112
68462
49805
4315
16457
27487
84263
36474
81533
11091
41599
14792
75952
29231
58951
70963
34473
98198
75085
7293
32177
33845
59660
95054
13447
4592
58222
58100
71086
97751
89508
37613
80684
91003
96385
47044
45223
16977
77981
35652
87160
30162
59213
11614
50517
94073
93509
65474
3390
85466
53488
26857
2060
38540
60151
5274
90735
57954
55475
8772
66217
53147
51522
40184
49839
28061
35736
42922
25588
1003
31569
66543
52960
99703
16382
23458
82784
46602
350
25054
42537
82567
90048
25596
20725
77974
6236
24956
90869
47793
98411
30613
34036
95865
20856
27351
86833
13859
92268
48292
6120
19877
50963
21286
18846
41589
69651
76135
35888
89203
5962
92241
36880
53349
93008
35567
16766
98805
73919
32188
50865
47508
78447
89118
34141
39962
2575
55488
64374
2650
63890
71296
68472
50090
92114
94160
94780
72838
82654
81134
2976
34872
17781
10923
6598
76251
1114
21758
32333
58588
97190
15335
82118
26063
14734
38008
57730
25977
83437
56837
56707
42115
49155
42489
17303
21738
20805
34985
48484
88596
66672
78686
89084
31231
84107
41131
71656
24335
33164
84713
93247
41056
31045
62936
91813
46748
12134
96802
703
86996
15146
36493
19188
95458
20191
7853
36665
70462
94558
48704
74590
30572
76384
24086
5429
88241
53895
64257
73103
56241
85173
73826
91388
89048
3978
80355
74540
25615
78814
27348
74850
70424
32748
60668
200
34537
21037
22031
86694
3529
68985
54216
38052
62170
54859
42423
57165
96188
79597
38726
84765
54664
43381
78426
41326
8913
29054
24710
13236
71018
39492
65016
19691
44679
43533
65304
89152
74636
59668
10080
57394
38524
82767
27113
91680
75680
92742
36237
7658
94129
75699
73947
4868
1333
55555
60217
58453
59416
72315
24146
13827
7130
75309
38801
42953
86062
19280
1161
94437
39422
35999
14129
7568
11937
12989
33188
3071
24474
54168
96202
1964
35835
62857
6374
65511
65630
22106
88434
91454
52958
8849
82255
79176
11838
77602
84255
24356
73928
48947
2499
83904
5862
72104
43561
24574
99419
74745
22586
91462
93419
92971
50345
13228
99529
79054
66925
8427
5596
32425
98720
62220
14123
63055
37964
34608
73085
92084
95192
69004
92257
60418
22120
16362
21111
25890
55422
28451
42004
58205
60684
77947
29421
24312
15780
13680
92583
70313
66135
39732
84291
97837
92611
6814
9979
6935
73818
33873
40534
21567
34772
63802
51205
21906
30108
71155
36882
95006
73961
85926
88312
70067
37847
85974
55670
29706
8048
86559
32214
50603
85217
2244
220
69791
62316
22457
73332
22709
81038
67394
10637
51349
77734
76586
83596
12648
22889
24841
98009
76865
36381
4958
16973
71659
44685
47987
84720
64713
27219
25420
20478
58127
89494
13632
24085
95074
88687
55995
3211
83051
52164
75478
44110
35753
34817
74244
45108
69526
48193
19784
84516
96516
42247
10119
26601
90335
43922
40242
15957
96109
40100
68693
58613
1774
11833
20471
95206
85765
16308
95689
28105
62930
23985
18813
28727
2063
63203
83363
32440
64590
5229
39400
19650
50180
33907
70050
81452
83004
93258
54894
40304
2080
76761
54742
20121
13103
68479
26326
27240
18968
28510
19234
98197
75896
84747
77236
86772
59802
95315
97638
85829
7630
93493
44109
88860
22596
43267
65587
62056
38535
10320
17476
92723
31555
90721
1589
37041
39275
14115
7193
20190
42586
40847
48218
31355
93633
5967
86399
22454
33752
43928
63631
95047
80150
88653
88344
83388
76310
71277
83310
40375
96371
12103
92243
47659
12071
7572
56129
73909
8878
12495
78811
72966
59849
30776
31510
67070
24524
49658
42530
68421
78398
41849
65945
2348
73314
34864
5149
41306
10322
84738
95711
39183
57368
89740
97781
70147
8040
36840
5877
70464
38014
62806
80265
30241
75439
316
9579
96103
42217
70090
21732
69676
63329
41951
83418
62785
40516
23075
76037
17803
71211
43770
46497
37374
54311
89042
15531
89554
24094
26189
60778
83467
78972
54425
14904
78720
96514
91110
23638
43047
6688
37362
96797
98581
9923
83451
29927
6770
2333
82822
10237
6492
46920
97571
82190
94415
13486
99858
57281
22706
89004
19251
67409
48100
97288
85690
24559
84292
42428
39091
81963
9582
22809
57541
19672
64530
5348
88965
84626
38384
43028
35213
75444
41024
99557
52946
81446
59821
38799
50662
73139
1226
76726
91689
94383
39616
41310
23483
31925
23897
17176
3150
20708
57425
77375
62646
5516
92332
98213
49871
76879
36420
48375
83086
63323
20161
44505
94002
59495
75337
76146
91920
47062
31226
51018
28430
21582
6629
193
80270
63887
90644
28557
74002
52132
82325
2880
78659
80750
12523
52458
91858
27117
31634
31775
92732
13797
63578
85370
45018
15816
69990
41772
86136
58912
43538
95025
27137
22595
33811
21153
62963
37959
43485
48429
72136
11238
88829
76771
90888
83252
96372
86335
10356
97031
15840
42098
80373
24258
16451
7833
10433
37336
32329
26657
66007
82557
66957
1603
42523
4529
12956
11543
58702
2988
13630
43036
69978
24997
49104
12108
19590
83647
68197
97290
63674
38447
65300
70183
68203
47049
96226
24756
43167
89652
59021
88288
38099
9893
17879
63575
91532
12849
7788
96018
87695
28446
46486
28948
24351
98814
67401
32384
97392
8982
14490
49886
45056
39502
3017
60223
44135
56088
5088
70731
53851
4633
71485
70342
80678
40873
55765
75608
61123
33324
80545
2339
55168
73439
48744
41305
25974
58874
26122
46294
66399
76235
30002
25093
65289
23424
6913
80358
23121
86340
6855
77857
39037
85733
21784
96283
30983
46436
52037
78100
41219
37656
27926
82345
43839
72792
90843
1567
12228
81866
73296
55541
2849
97225
8687
26846
6309
70494
64321
9148
87917
37990
37725
80248
9855
86256
97508
76175
15461
36586
14158
31728
14252
58151
79557
30146
52254
56084
98000
56211
34979
41784
12073
86480
11652
60943
38359
72207
66359
42293
8217
52138
69685
77202
2889
66202
81313
54676
15637
86444
92381
83901
30305
87857
56052
93464
70185
5481
3117
59390
53555
25637
64967
60504
92598
18313
39184
41577
26986
49020
11860
14985
49964
34470
71758
93672
70646
39348
81795
66761
24298
13479
11710
84227
74015
68020
77222
94678
92571
91221
29328
69446
72964
79135
49306
42472
95272
62552
63424
64361
84440
32626
65678
22049
2551
84141
3207
49387
43776
16433
89239
95268
39797
64977
39430
15295
73422
3126
69471
54088
60213
96897
50330
55627
77328
22769
30391
16323
47272
38059
76005
34109
74171
29199
83671
20751
74635
80523
6613
70876
28235
96174
23071
10000
10186
5332
79631
97343
87424
98370
65563
76511
26665
29853
73425
3384
62853
74064
79011
53224
87431
10383
86436
69222
66156
50329
61257
31810
52649
89463
58385
27503
6197
96193
68925
24287
65233
96617
92171
81008
21679
51065
6037
90887
50472
69625
16442
56227
57412
42515
53849
10669
37832
66178
99094
95443
77025
86726
33288
30835
79657
46510
21778
44824
55467
32995
20922
65371
64724
86776
95636
73457
64939
61089
20784
188
18121
94673
31658
89219
32860
4
72451
59295
64872
33719
15607
30011
51162
92265
75953
72189
73843
20995
55691
37855
60047
65820
17887
9884
5346
72141
50570
65906
43258
95452
5251
1843
82182
23357
89311
24778
77366
40281
79335
84635
56393
67958
94729
15773
54915
60461
96517
91767
40002
2271
5444
23715
36562
63475
30542
94566
23695
80919
70821
63513
739
37845
27256
18662
56654
86232
67102
68605
2215
44869
38796
62732
37615
1248
12987
88046
86494
31766
81475
63515
87155
58174
92461
56064
85730
921
22564
84089
28142
576
33002
63500
52846
48269
61873
66437
31960
86372
21355
87034
63525
69361
95501
76308
10046
62571
94593
56135
75979
40998
87099
60539
35590
40845
98905
58144
2956
48651
28806
31862
14267
64861
59522
31034
92839
40910
4248
75636
57220
26293
81207
1733
51038
24067
32532
9162
77189
4937
75761
21717
70192
73763
64566
73276
61215
60305
69353
82074
58917
64336
90783
79545
16792
70908
63715
73584
63526
52711
28698
32042
36523
38691
45246
24664
12035
45821
5540
65668
95795
26510
15198
33402
8152
72346
71459
27477
69614
55389
31179
96762
58115
36431
20721
28203
68406
53673
66518
90297
90005
14443
16489
70688
79474
55193
60517
3442
97302
5624
57447
41552
6696
16144
76886
21389
47080
36837
86170
45422
10454
83887
7338
46765
73931
89426
51486
14549
2166
45250
3030
41639
63377
59575
45292
59172
57646
67545
70404
99636
29727
99180
95973
27429
79973
49742
87557
886
20583
51579
7001
71662
65344
95335
70788
65060
28972
30431
24934
85284
22734
96279
6823
48588
3660
1721
53875
12067
5041
38304
39391
95042
47506
22665
29929
43624
6165
11758
41836
36331
93985
19210
92754
44401
56510
93816
58457
37771
9134
28717
65040
60662
37457
86465
81404
9277
80250
23945
76133
91072
80319
19614
26164
81060
92481
36546
20719
84428
82424
49097
21285
91708
25149
73190
74011
17419
12496
55032
67693
25438
12562
95364
98874
7173
6346
53659
68689
26935
33321
31751
53263
46106
55905
22800
13980
83272
98002
73837
6765
36054
55999
31219
7996
35522
22217
13468
54509
2376
42157
79880
38429
44882
75197
17948
28264
65971
90893
5958
65327
5301
52408
80350
24596
37022
31920
66886
94452
78936
51174
43370
44527
41022
17716
72221
91342
80864
71400
97982
55263
10934
55913
19836
9567
2501
83892
41057
63980
4220
86301
46556
88127
41103
46292
71132
63694
99481
74599
86813
56887
94409
27406
5553
79797
70862
24400
38595
70252
65014
46289
67988
19291
97235
73466
1784
16889
33359
5956
65387
97347
67766
67322
62847
70265
94545
82079
9601
70689
92390
79706
22373
25835
68098
36793
49605
33240
58448
26457
75447
8662
78617
12337
80738
4692
97081
82436
96111
6764
98268
58527
43952
73449
41612
24401
63204
25905
38951
14696
63331
20158
81711
72903
25900
12215
50466
66444
57250
92688
67156
43301
39768
85837
13638
12605
65228
21817
72447
52168
92517
33241
10326
63054
8305
63829
67178
57374
94597
25944
52392
5599
62475
66911
60816
38834
31588
65512
86944
67243
58722
76228
63130
10785
27245
98357
98928
10850
13316
72340
42701
65770
90663
99309
26463
21986
5813
77427
48327
94247
24262
66279
91165
46071
90573
6983
36233
39125
82887
19011
31525
76136
99096
51931
26768
40114
16698
69138
5663
97639
5731
59649
29183
21695
29263
55346
45301
27350
27106
99323
84701
51614
3932
10662
83760
69622
30165
11544
16988
54679
31443
7128
39978
78322
4449
58820
36551
7423
85050
70423
40489
94207
2672
96170
45515
59580
33129
67846
75768
39669
5957
4304
4358
71388
4183
48965
83742
7465
33735
68760
6237
64013
92823
87402
72101
44558
45322
26789
1727
13180
5090
79032
23042
13269
81253
68938
80988
12788
49328
93031
37795
47242
25874
55349
97726
87176
71967
32490
31419
20667
3431
5295
49002
39206
18341
55317
77143
36927
89798
89406
6537
86718
26851
3714
67045
22285
69457
38554
16232
95070
37467
32500
96557
15368
22881
39475
29900
67681
10663
72650
4896
22309
98207
1348
70830
18992
89030
33260
70897
14278
39355
99408
34079
50281
75964
8397
83977
89516
59965
50999
25289
68182
24826
72771
95783
89523
81737
78703
69520
5059
39228
4969
770
81228
75341
6663
41618
155
62905
82146
46225
4998
40321
88549
9083
47023
69218
27371
12881
17046
17096
47909
96831
22147
1072
19487
74480
39320
84877
58085
74484
84629
22123
99735
57652
56659
15492
76764
60298
34531
15147
11444
79978
55175
27772
65700
42198
8432
63293
32702
94169
59166
11118
14331
60976
29677
34265
12114
72752
14598
53806
31240
93772
10011
5726
40945
53922
59286
41238
67413
54553
51822
49013
96574
76255
68310
20063
77555
31845
36400
17226
33786
6789
60176
42643
89568
76406
75255
74941
80657
53462
76756
1269
12109
58493
1541
58298
89955
22411
90499
76544
81425
55197
18046
4853
56103
39588
69397
88572
27417
52991
6340
85175
49448
51265
31711
9229
24109
84354
38406
60384
22307
33606
54590
96635
69244
23266
37211
31298
26914
78371
1384
89726
45873
76913
81306
78263
60900
65758
60063
28678
71601
77170
82463
50988
91619
60125
4523
88472
32689
91352
42786
74984
92483
35695
88493
25886
75720
2584
83484
73812
2200
88051
24039
28841
75879
88107
2892
73713
89710
40660
6596
39202
12857
23967
99317
60020
89931
85254
35996
92605
6828
3768
22050
23733
56730
77837
21537
57026
65346
4973
75828
6784
78445
86544
21058
35524
88337
48311
28617
28214
21935
83819
46096
3477
78033
32541
24590
99780
54339
35099
58661
80322
31600
7478
5316
56065
42118
89706
21647
52014
97865
61772
79635
28419
12417
91597
56031
68358
7453
92767
526
36286
47601
55709
25224
58098
85566
27201
39458
94360
5484
17674
15384
24467
153
45590
69383
51171
69689
67726
78135
1633
67180
76921
38634
41397
77753
92067
17175
10736
58135
68489
59130
67119
47820
8360
88927
95902
82493
94031
51042
98987
18653
98303
30009
74111
67382
52833
87
35315
96073
99883
41705
5945
89359
34988
68828
9861
40176
12827
29043
86557
48287
40370
16363
81352
31906
30058
76077
10770
13675
87390
88536
16639
33813
78942
98691
44778
52001
40007
91983
69001
77259
62315
81307
90790
95679
56909
67980
22353
17969
75144
13733
47185
66373
27504
92788
44260
34649
93685
96827
64245
72436
61205
2705
77369
61001
61687
20404
63070
45705
88247
44196
91407
36878
6397
34868
2005
33133
72656
97952
20389
24790
97460
70041
99342
61608
16355
85946
3388
87885
14141
37903
7805
81520
45659
1935
20385
76737
50256
20914
16725
48897
18657
24284
47930
1714
67279
88562
14524
39305
20945
10570
21856
59568
79258
57839
18468
97989
96783
5799
3979
95605
58170
12658
19029
646
22470
79659
13225
49965
72624
96178
46984
66802
48345
27828
66748
29010
29343
39589
16688
76703
41889
16014
1068
97949
47127
31577
38507
72041
79119
62854
81046
1777
57742
83031
57011
38199
35922
53067
9644
62575
62579
78165
6873
88355
29029
36982
75295
91973
70034
85757
13761
35956
21754
87009
2717
32014
70838
53666
15811
96620
802
54544
36939
84032
85724
56842
61936
67298
84366
80680
34980
4267
86613
7176
88394
35101
18451
13648
34604
76034
78123
3095
3657
85710
65561
55352
95637
24965
98569
60656
25614
76429
45167
80211
44312
52406
3020
29132
41512
22816
11974
78397
61053
10814
95244
66794
7877
25301
52425
6177
32875
18686
60333
14047
16112
2785
18051
83297
33491
95914
12353
17288
90695
83318
70871
26030
31352
71343
8815
98469
75211
46969
56159
64487
48085
14409
41941
48857
60576
8670
30874
35965
69586
77310
98912
37584
66631
21533
99121
79713
37574
21645
25059
32421
21962
56333
14932
28011
50422
88327
18268
10295
46295
30673
85142
38291
65138
54528
48080
16221
29785
50946
8621
54571
35415
41694
89293
77435
12435
91529
79202
6954
37134
90326
15190
69399
54985
42302
62726
26592
36457
10049
39145
60192
61156
72002
13898
52974
55988
85860
83825
70973
84239
37833
99625
9487
72280
25743
45311
67440
53490
11612
58745
21585
65704
53927
828
6105
22814
32939
32314
16098
36316
44907
50498
56858
96248
70864
35281
72412
44960
68870
51216
55703
93824
50823
87253
84249
78349
43677
14790
99908
5955
26229
16710
63784
51307
4783
48605
79777
82015
76938
94044
8857
60500
22413
58891
78161
49096
95823
77278
17705
34935
56343
26553
17831
98602
22686
12334
62253
27466
7624
85828
46973
26252
30802
82905
13793
7461
23203
23782
97977
16684
84057
56985
70232
69034
62504
29992
45408
51607
92025
51150
58726
54998
36574
73161
63010
42748
10880
11824
68767
23185
68397
85028
78537
5858
85880
72612
7552
92546
85183
30814
55030
38204
77842
94677
67042
1131
85998
8870
12207
94158
34967
43690
19780
46020
50267
66139
17700
46177
88193
91536
54671
2341
26800
64819
92331
36570
61281
68021
91644
62686
9651
46819
62471
77342
99190
34717
80381
75874
74670
35374
78828
77682
80688
53986
57168
22148
46951
71073
53216
4119
12021
45080
77256
70325
22933
9920
50537
40605
70866
2496
14406
22415
71765
2192
83874
68818
22451
4792
84515
74012
17361
52913
13377
61433
99531
39527
66220
86781
96485
18281
37091
5259
71367
87542
48324
3322
67826
94280
37961
50137
1285
92701
97011
71868
32130
84184
53253
65428
1
17688
19152
17207
48691
44865
71497
24707
72198
13634
92034
48727
7870
85380
21126
5942
32302
10859
90059
3693
32971
98472
89562
57150
26820
61852
46215
92193
55604
9306
78640
93872
35934
18963
2083
67333
49040
82952
71360
10613
72586
4035
65141
361
98410
8412
88608
23892
5531
20026
41759
58931
50535
8566
49715
34709
57192
23095
29158
84891
66048
68344
52778
42442
59428
53967
57847
96728
37464
65741
2352
10138
9273
19826
37776
64236
36339
93109
65179
1410
89185
98724
14285
90020
77499
23790
60795
5378
84690
75383
74115
70165
83800
34373
30325
79558
44242
47863
25998
72397
49279
31792
69820
55085
490
54304
97706
79937
30092
79989
76854
63407
99561
13373
22897
15252
20314
31847
77747
68991
40734
79952
97482
36188
50911
15419
11290
80585
13136
18969
89542
59018
89567
34891
16608
97279
48430
5666
91884
68387
90712
79065
68520
87605
50830
7633
97330
39340
45440
61919
11020
75033
52822
30650
464
45067
29616
79369
64225
25286
59424
18250
9603
15268
86592
61753
22928
38091
34806
2529
95799
4325
98091
3680
4205
69868
97875
64097
7519
61439
77052
83005
4609
82412
66607
27338
21514
79538
57780
65552
8294
40268
22053
82783
16168
63142
89695
2931
33056
68783
30605
63699
77758
67265
80160
69738
99587
84543
9946
10503
53470
48832
23750
65698
78225
33349
12464
40172
56511
68931
8926
28654
10392
45312
9475
78151
19207
89157
40377
78983
19583
55046
25090
50739
39741
66364
76102
9426
77387
14407
2811
78358
63689
89300
21301
48963
4125
24767
98812
80968
40692
16194
95793
92468
58986
42336
18478
35344
79517
59432
37999
63559
97203
1945
84164
73765
52561
29728
16833
53434
73520
19313
57619
55636
73228
88366
96682
25467
10014
98081
21467
33504
37183
74716
6139
49550
21473
43580
23635
19351
34597
43393
24460
59411
5936
74254
30437
82800
21961
25595
82083
6970
62203
38337
2336
13056
19080
67905
88153
24448
67035
16330
85591
55448
72683
33804
35621
41341
87812
70977
6982
77043
70939
63605
9754
99578
47750
53239
72704
31163
31643
12382
66936
75596
3167
30381
56706
80439
6247
60788
44228
90559
17589
77266
39731
27866
31798
81112
7978
96996
73421
12223
7082
35485
79216
13950
91058
66394
26818
95011
30749
57743
1355
1681
93040
4196
91922
82010
7634
6081
86924
78663
76839
5700
74927
68325
85527
44255
52346
6628
64953
62399
98995
65715
71054
32050
86245
34533
54395
47873
10864
14989
11693
19856
29253
36865
92282
78212
18998
19862
13816
99320
27087
46279
96987
38163
70117
84660
38800
75139
38574
55442
59052
79344
15291
92695
7785
65025
26184
53827
52716
2914
54892
76036
61338
45465
56495
93296
52239
73244
43669
86205
3908
50587
43216
67379
73694
45208
11155
26619
74328
48950
9098
79519
8239
71945
32522
7215
18441
48299
836
60770
9075
63962
92328
83365
87568
1122
45851
72518
98733
7086
32562
44556
71754
86211
2902
29669
61517
29652
54914
89512
78060
69781
80414
65893
65861
85428
76390
74707
46157
33956
38752
11148
37851
62319
65452
63307
15110
30997
75268
41794
67362
70527
95129
75876
51954
48821
23779
8398
17544
75625
36134
69139
12128
87426
34093
50503
44386
23583
58645
53089
4612
39135
20726
69623
20294
83097
85924
67352
95998
34615
16676
90221
67390
36255
47910
16136
61785
80163
96720
485
10552
8210
41633
70725
11887
6511
62763
98861
53608
73563
5309
19834
54301
15627
6208
47267
45712
36808
54498
89538
19417
59227
28700
2416
29374
83255
55026
96171
96476
94927
70457
7179
11133
61851
18311
27847
58386
74517
19889
79700
92038
26955
68275
97443
73337
55348
6660
24640
10667
95976
78404
79108
50285
85650
83155
48650
15707
67934
6248
39911
32666
71105
97648
51552
9393
38771
53614
27505
13943
18819
39513
38983
37340
38098
71205
53663
77420
16414
39334
85653
8029
8742
85517
39326
84243
88152
92738
75914
31154
88083
3023
30412
12897
95521
27307
78091
98354
14184
4728
72087
58809
70391
90636
29033
23847
20542
99314
82415
52016
1565
11064
30086
30863
32754
15355
34270
32667
28015
56107
94128
91424
27147
86713
11698
21144
42890
53506
24666
75067
72748
5051
80089
15217
96498
72593
41168
39429
61813
65744
33608
13263
77172
82559
37778
58778
96601
65687
16758
37202
59297
11384
22807
81847
57182
64492
15169
81339
6018
78586
75829
8523
57576
17263
25351
29974
40893
83814
49781
7165
12052
8940
35925
89900
15441
92221
52328
48170
48223
34938
45790
3282
58341
51781
5190
12911
14758
28931
17214
21083
68912
46368
92895
95026
1641
8548
80354
68124
56851
89660
9012
35120
37012
71961
19744
56912
68375
3323
15641
34809
86207
76141
84118
3480
90317
36210
82942
56335
85619
65979
54387
26321
50145
56055
26103
38371
70823
70759
4727
47834
67171
53162
1187
46370
91938
98338
41010
63700
2319
67139
54546
50610
87922
29379
95684
28677
99012
8953
6036
57488
75402
93408
7067
13365
97677
44267
53136
67247
8327
78923
103
49357
21793
947
60009
5627
28408
62761
21947
927
65573
68569
3044
79174
44637
94538
50467
40504
76632
96597
77437
67144
57623
13308
58828
91556
16372
15449
20905
5241
8100
80708
52961
42812
74791
17522
67112
68495
2999
43285
8139
6207
2513
76466
41860
84158
13283
29245
23925
13429
53495
192
17891
14444
86741
26708
78367
59025
82814
47447
64275
57419
48168
44340
50307
2346
72512
70061
86460
39061
78242
80324
71208
87640
33421
63508
6783
11740
90842
81418
96116
22377
16552
64132
64535
92518
96692
83158
25134
48996
97965
23259
94086
26112
59865
8010
64207
2044
9485
37050
75092
99734
43475
85126
54448
66832
77586
39675
12321
82583
74086
96932
58803
59038
99715
39102
96444
61234
13915
1607
83268
82890
21059
28094
33210
94530
91967
17602
10990
29840
74398
18390
61699
66317
46687
59924
12560
56166
93625
47409
57949
21879
55530
6481
45906
20100
97457
29290
83058
31386
53635
89173
64268
86151
16841
50475
94981
3277
8108
43383
14369
34783
37908
24538
75551
653
25137
13496
59282
53813
38735
93657
94484
8114
78747
28778
20564
24320
53570
69606
34562
27628
34831
70906
93570
97898
25320
37011
22236
40826
65705
69494
92117
29570
53558
43743
3791
50219
61755
76427
8534
64079
2103
59446
95747
22768
28646
20231
96969
75609
35565
51952
21396
22191
63440
78728
86161
11703
64433
84093
60674
27970
1961
29698
78988
56549
39487
34799
32505
53782
10032
55857
66405
93297
41734
53184
62513
61259
92153
47716
15063
35422
23097
97452
31475
50062
97325
9841
27761
6032
53181
48296
37877
60499
60663
41213
22536
24553
8796
92926
29434
93530
94289
52640
92745
86449
98758
1611
21451
99641
81000
39918
85628
39436
52390
8416
65464
29035
92654
88843
22485
11497
82447
68915
84574
22218
52279
71922
58913
46014
50081
49925
86218
8684
24368
35132
89981
2764
47301
36607
16827
75316
15075
16374
6599
75193
30698
24399
37648
69023
73748
54324
51769
34636
80779
76595
67067
96346
2232
87920
20483
58977
80466
40167
69403
39386
91160
70831
85468
56638
64280
6102
65447
85407
38706
18210
67963
24500
48322
32133
30256
69854
39039
63325
16169
79263
5415
88210
46592
10583
54644
78333
29281
72956
32076
31857
99301
30283
54799
49395
33259
57519
87217
67609
20218
69703
17908
93310
379
9412
56294
68966
8924
87275
67230
60621
64296
75367
43621
50492
87346
1171
75744
5450
8972
69920
58601
91066
95484
78650
60625
4438
24326
89315
75948
81324
83951
67006
4203
37737
58621
37713
96725
44059
60617
4855
47624
7454
39846
28246
91351
9514
17706
30140
46735
45920
81545
76989
39075
54077
38295
6219
69930
98980
83611
11050
63484
81550
77792
55402
4518
78227
13506
89622
18838
7812
36275
24422
17944
93457
14825
32863
5934
66538
90270
2517
23997
13093
4702
77631
1244
64992
35610
852
42081
32879
5566
79601
99878
24231
78504
13418
34951
15984
15854
70569
51938
14766
33812
75189
55356
50404
15408
75503
15757
55517
5791
79982
74119
17746
11447
24891
7378
34738
88251
92508
76992
85145
15872
57929
47546
46471
60420
56079
43900
48275
80611
74903
38884
78132
29224
16376
95862
16936
68304
41920
32501
53106
32909
44999
46079
37920
66745
45526
34578
91642
91123
94625
36165
65962
17123
90129
24435
764
89963
20123
88485
69010
60441
94676
15130
52688
21006
39258
34097
10773
83215
44339
35433
32977
48795
9953
78568
36875
86752
15256
66760
64744
53457
26318
32131
84610
5196
76234
8619
88688
29513
33526
91126
82758
5490
67129
87866
72942
86163
45856
19321
7129
19654
63509
84159
41918
37095
77848
63883
32424
65030
80943
15679
61582
87792
30777
33582
50589
60533
5608
44200
95609
37596
21081
11900
96959
65363
22239
38648
17384
84387
9308
21375
5163
7509
88185
29431
67718
61763
87415
99385
70595
31958
69795
23279
58876
37522
23178
97565
31504
68691
40141
95800
4102
55949
32411
41666
91846
20557
19466
21056
41136
77197
11661
31640
81641
94166
64155
48883
71499
4167
43149
44146
12426
26769
93694
12160
81606
25794
48782
63118
99511
75119
45532
98052
20711
28560
72547
20642
94107
33960
19732
90095
44555
57206
90485
81910
51023
21721
76959
95706
84338
48815
31773
94248
32465
24950
89334
69026
44781
79737
93990
11541
6697
58456
19618
12406
24044
1618
58543
68652
21716
14290
64972
43718
92430
20344
35798
6392
93145
37250
24665
72719
64866
13837
8987
33098
47207
88840
7787
19802
37742
93044
99039
59256
93021
22466
70512
5730
61940
74354
93774
5281
32608
38710
41048
70202
30809
6048
28570
75394
11322
84293
37103
71816
45665
37261
55225
4050
92240
31940
54541
11732
54287
7152
77690
37858
69803
7154
61385
38356
18130
4532
26283
66698
12799
97471
92542
19644
72468
6465
34535
38508
60111
23493
84792
38362
22901
13851
48596
53141
86681
58234
51118
85392
45752
8811
73049
65815
91475
17553
22612
66594
78197
8366
67209
4714
83689
96633
68583
73370
54365
72310
15776
22190
15817
55899
45799
72416
49426
44327
33019
40565
55074
53905
2127
29458
98906
19554
62663
37105
12834
54652
94830
86817
91657
46280
56419
19055
76070
74969
31011
14894
28769
6054
73878
66250
22730
86642
29584
85960
15897
79683
19159
92697
20169
33626
88881
8509
88768
6698
23844
50945
30780
23882
73591
5777
84615
53188
53650
26736
68465
3713
61740
93269
82502
49311
76642
87988
72204
23939
48881
18827
75889
4441
19958
31195
91471
37454
67024
21901
73757
80321
14786
63193
84002
2987
86255
75518
84527
3250
31741
34214
45706
37599
63993
28110
42519
26799
20044
31534
45386
78001
79256
17630
87307
1669
95409
69094
26354
90699
80719
73379
70737
29242
73980
80912
35543
522
97546
4282
23587
33982
4503
24066
5249
68908
19237
56354
29921
40759
98797
39792
96798
51673
51613
23000
80925
31345
46906
3508
93207
20514
65470
56445
35187
39670
20032
84459
56444
57217
67543
26095
67312
23746
27481
26506
25677
31541
97643
85156
14500
45599
89248
50094
70586
73250
95455
73838
28550
32843
70557
80026
3124
65331
86662
51932
66006
84001
19931
48198
99349
44387
72300
6414
56857
52864
21114
56492
87383
27303
27317
89022
74278
16472
5262
74833
80565
95423
56533
67420
60633
63930
72273
69193
85580
82418
18303
64081
3751
12152
50591
62865
89891
30270
86457
19183
99228
61197
74939
24741
22254
30136
62613
96759
93485
42086
73653
52231
95936
94318
30396
50752
86511
28172
26081
13607
71088
65751
41086
51017
57818
97805
22269
65404
93155
85905
57620
87480
33851
83916
90706
12423
82550
39309
132
14083
58050
6977
13622
21105
68780
88445
5081
50390
81299
70584
83945
49200
60004
74829
17257
56550
49726
57002
28793
78655
61172
17960
70530
86116
31350
88960
1386
89686
88822
28347
26815
14819
27710
69425
59405
10647
10789
99256
67886
11082
28354
99892
5399
12061
2226
5766
86721
82704
26725
27707
77482
63273
48150
94191
17346
70153
9014
73132
99865
92939
44793
87463
98085
74980
62019
59182
61542
45397
83934
82492
78831
12099
19071
82756
80003
85774
21956
45734
28603
67044
84209
12135
31661
50110
45444
60718
8535
87867
29666
71281
68354
36537
97621
61955
72305
20049
80597
2471
57358
1251
88077
54511
7550
3162
95079
20439
31028
2167
98103
40793
80194
27327
3551
97058
77433
76896
7147
47648
68345
4905
52042
16873
27439
49101
62848
10150
93442
76006
8298
97765
44980
16588
26907
1039
73903
8187
35719
83059
2950
45645
71393
86105
45474
41186
85065
73069
27824
85830
95386
1194
95474
19427
21515
92272
46684
19532
50630
25889
73753
49181
38157
88916
37249
35208
54002
68277
62986
32942
41986
26405
36540
54975
35133
98161
19775
78887
93938
39285
24731
5973
45657
21895
16037
71038
66694
82333
50141
85871
78809
92582
83664
86231
37902
80578
59352
99767
54202
18953
48521
51126
59454
97314
23291
71997
70685
55238
61953
84442
18937
25311
81255
71201
45436
25722
26759
28373
95404
70571
53866
70651
49472
98910
31306
48793
13146
64203
5471
77096
7449
86032
80872
17032
31238
64393
35812
66147
80179
9432
57499
16353
69203
60715
77861
25606
11895
17055
38279
54719
79490
22369
94641
49616
7564
78168
82645
51323
71546
30580
40124
6436
6498
86067
17177
25899
42173
59058
72007
54097
26385
32475
25001
77032
29737
44522
17426
35312
27038
46872
14025
38133
94910
87098
93174
58169
51402
2782
56323
24233
21805
52156
74207
63552
28693
28196
19458
22560
34880
24132
10114
46981
60446
84250
7599
90808
21350
82919
96629
53975
63957
15480
62445
59939
97313
42956
34004
9728
65140
10858
74340
37852
23210
29919
50984
50337
57061
47992
64335
37856
33864
9804
24332
48088
31963
30556
91115
45469
85676
26369
46016
30503
30430
97354
17434
94303
79901
5411
58130
56676
62015
37455
99969
14478
61116
8321
79114
48604
61714
89227
34010
8288
51978
70585
81327
59081
47399
13207
9707
64169
97793
68442
5943
14662
46729
24749
81569
78125
78717
88010
5582
67775
11456
77079
56027
79641
30060
91088
46272
16948
83841
41551
87226
97055
479
92500
4100
21047
92941
46983
6922
31930
30299
63820
13971
86075
94102
22841
47497
6794
40429
44669
3316
60202
56768
75827
81444
25960
38737
92840
82016
65805
63014
34039
92326
54280
3168
43753
97067
4250
52248
79045
10329
242
52580
98261
650
83997
28439
23612
28370
90736
42382
2414
90445
70332
46822
15743
41850
13111
83450
25854
92312
67176
65196
10262
74770
35107
7571
28047
98813
38480
82282
71
60771
31927
51097
73731
89748
7625
31839
87145
16192
52081
79509
32552
21016
2614
42286
61611
70551
35529
62842
59886
27893
29905
64240
44471
81869
11481
79157
57872
22757
80717
66052
54413
91336
48283
58834
48518
27550
24831
57748
62320
61211
84863
20665
27811
37077
91952
45284
7620
91308
87366
10380
90820
55984
99175
3021
75565
33232
43810
79134
75044
13024
41977
86348
59059
18246
67771
51131
98531
774
62302
43969
98482
96273
4409
85306
94214
43913
40950
85315
47799
27068
50452
89067
83638
43657
67470
26076
76223
89938
74996
84350
84220
75175
9740
13070
87634
47780
37125
18690
16084
38355
40905
53976
43199
5849
46185
84328
22142
81139
4914
99058
33986
11947
59968
15267
22879
1612
56327
25468
78919
77272
14395
34871
86649
23281
54005
97263
91695
67604
85680
40373
23443
86612
26929
91949
73918
45656
96998
88907
60189
96126
89903
5288
51570
75259
23033
45843
832
24382
66804
96491
6839
60359
81249
55246
14613
9928
55066
82638
69354
77304
15909
13091
50756
68942
48529
91456
96651
15403
14672
46997
25621
86342
96552
1033
60898
81794
60741
7826
87571
58486
6280
89262
39979
67029
92655
83726
52829
20882
6938
3324
97693
5894
24051
18357
80859
74013
93708
24884
47218
6686
7503
53475
14024
27517
71707
94284
56111
10360
88990
19674
76128
62441
16302
10905
57827
82005
49197
97821
18898
44022
28874
60610
86551
70747
25281
96152
92639
31745
48665
52957
69021
26355
63932
62961
67239
39066
81326
11364
60951
42133
91482
96272
27668
73239
34223
51494
72151
99722
12905
66532
11867
20436
39717
73048
72961
98449
33418
12082
7604
66225
98749
10643
74021
98119
28975
57344
71449
14260
7032
66420
53679
70134
67812
17714
53491
64179
23247
78294
30187
35380
82995
91436
72651
88039
96877
53250
80168
3678
87614
3511
29230
6832
46344
39824
33075
85377
34610
25690
91056
1019
66534
99758
32161
12982
42
50881
49264
56755
13528
7781
64056
54611
66678
54927
32842
29408
24914
31520
88870
91979
57408
19024
5077
64980
21504
38689
16122
97218
19395
17116
83777
58371
4026
16364
6286
42060
87207
75126
43993
59822
33792
84179
20359
96540
46975
98614
56834
77409
61897
12439
90045
38989
62055
63438
83477
20494
90282
82587
55567
16255
61261
11352
61442
5620
70833
87080
74504
92489
43328
10389
33575
14615
46886
49799
33996
70366
68459
26059
33430
22724
10756
9060
19211
99113
40438
50789
21339
15622
73604
98922
9299
84772
17482
30294
95133
48893
52438
30771
43610
29286
56722
41783
56936
34514
5341
22831
49377
84942
9404
39830
38195
95092
85893
39247
39131
14684
73544
23380
5058
16624
36604
68451
61495
8952
35044
98455
80642
91919
83296
76914
88066
62437
22336
35723
97834
57995
94950
38158
7698
14314
37673
96968
12888
61402
28201
62017
19886
71555
5896
22400
8652
37661
84824
63755
61931
79296
97004
63718
71578
56281
62662
34810
67267
51132
77565
47036
60558
55143
84260
36344
11158
30088
77019
91743
43453
73476
81386
52144
96404
10997
19788
36260
93536
86387
26844
19257
15910
72891
68791
66891
62097
22931
50033
80006
6194
60138
3141
56953
23269
82058
81914
24389
76629
37641
24673
68056
38533
13018
87883
45300
30043
5114
74705
56989
5475
74963
50481
35792
55294
86417
61311
48714
76064
80987
68953
22079
16724
3368
70032
24084
31323
91022
67435
98625
62235
26190
29747
3869
6715
78966
96336
57771
77230
10367
38790
71230
59984
33031
24088
76597
94491
15431
71664
15691
76798
32309
89312
58793
8223
6806
96215
90018
78976
62455
94320
82612
18059
99862
79173
23215
53730
67268
53246
16987
48440
3309
56993
18933
56668
63842
75363
11395
65907
76286
75732
8544
89808
16444
59118
81017
52578
43629
99499
35228
4033
74234
67828
13016
33433
78675
45487
14130
78055
58616
79515
89997
19933
37789
2262
47630
31366
78044
14751
98416
17892
62004
81343
84435
23419
41236
75168
72260
65748
30638
7401
35780
80117
31673
81628
52631
31063
75619
69418
76471
86790
71858
66707
5547
49087
32204
35328
6408
52632
49927
35629
70370
30063
33053
26334
28651
66524
96760
38306
53295
67628
36911
8531
85285
24030
23809
6233
63258
45977
70999
51913
18264
10205
3560
46559
25147
89325
92411
69835
85211
63160
98465
53565
60765
52080
87054
80908
23459
59724
61238
98956
18957
65607
50303
86522
24285
91854
8790
94612
8700
21704
88053
36268
97250
73033
42575
41357
78662
76007
67097
41748
96150
16806
90191
80304
38887
57036
37777
87464
42430
82265
69675
19293
43412
80869
76788
40777
21174
44416
11453
64015
2429
51062
30585
93886
63007
75237
84775
7138
98613
4419
52608
6881
88878
15690
55603
2533
64439
85737
67622
11505
80976
71557
4236
50626
27652
14609
98016
35717
17880
51750
14486
33604
95676
35790
92044
93909
87796
71023
10106
40992
29695
54858
74992
72410
91286
18183
5127
60594
24359
55479
70142
33181
45224
62682
3395
78712
49239
44140
78574
52079
98
5460
70920
46433
86374
13770
96954
26881
78801
97930
55883
562
46461
13890
3993
71187
80682
71381
24816
16918
36825
61951
64274
53085
23068
83349
1051
16335
94041
26344
14043
29390
20134
81875
93540
85347
86702
19731
69529
26765
27347
68328
44638
17488
90241
19360
15380
17607
58105
34376
91375
98753
10799
42917
36929
51442
97405
35469
23018
64789
19658
79204
27986
4396
83915
85267
86716
57854
8231
15
60210
55842
71329
977
31703
46324
10901
62153
20394
41872
77040
49976
48663
63748
70918
47945
11486
44480
20211
47345
65857
60735
17997
10553
99787
56512
72147
136
32003
28979
13490
40068
48876
10312
74738
82580
24252
57143
31642
42136
91180
54842
12725
3803
69772
34848
6990
6288
99766
38349
64314
88354
79770
28007
22644
6129
83525
41387
17010
24999
62742
56933
74839
70130
95145
51344
143
7304
81201
32550
61741
20187
18866
69627
42236
55304
9919
44231
16083
67530
5558
91358
40960
65102
94606
12972
78416
45347
63317
67507
31258
80716
20887
96017
9828
76312
19461
5891
66988
23559
22707
46868
79158
43246
82533
22697
37451
11636
76684
90969
10355
90980
51246
96603
67721
358
91570
94609
58608
9823
65977
36198
11242
19018
40620
38761
10557
83440
39308
25348
6187
43529
64618
63366
24178
52227
47970
65366
31094
47872
95548
61408
20630
5588
34838
95491
16984
80099
40881
5795
51724
164
19739
21386
64246
99981
54861
50601
53180
60808
27041
42147
89755
67213
10715
68194
10829
13866
2488
47404
20990
76476
49447
70155
14323
26710
38015
51542
50583
94637
38160
46853
76539
3778
36359
21031
61130
98993
86126
67705
2894
35173
46653
36058
70299
76713
82258
47685
58433
46259
11504
15120
30041
64126
21957
50468
3860
54645
51530
26560
72257
71110
78467
40499
41997
66778
91102
26746
37868
17573
39948
27649
15572
7775
26675
64075
57056
48007
83358
5530
35400
17822
55403
90127
67073
5575
40174
68545
70678
67372
47048
34922
28252
66869
46812
65260
67079
62270
59641
44583
33535
71264
2082
96527
61220
1332
7285
38949
17091
44153
11333
15180
49712
52579
34839
39434
95307
72005
10760
24366
60644
53187
19332
34811
9551
67948
13616
41391
56866
73541
15379
58583
1765
16316
76393
13385
14724
37850
92149
36213
58163
44716
66846
85993
77268
98934
87976
35684
49323
90509
12904
81476
5931
49091
21507
88249
24870
28877
85459
44965
84551
79273
99375
99369
76276
62273
42476
50665
13884
17503
52255
18353
95500
30651
43916
76277
4626
439
79111
43231
5809
16926
80831
86042
85359
58713
19296
88291
60573
22231
57544
62209
40824
22601
40110
8056
24800
84211
30529
20138
8589
49263
60833
69065
91129
60865
4747
28115
44979
77715
28068
17583
97862
68546
86627
50642
88743
14077
39834
51849
98611
78011
25652
97275
71259
65713
9008
31283
79311
83737
96447
76710
89513
84630
56361
3343
2561
86474
47969
79359
44233
9084
15078
1351
30090
51920
77038
97149
86634
10615
47902
61867
5113
71488
75495
76655
46369
73365
69097
7578
91701
99751
14929
35154
41746
63766
42895
74499
95384
53209
73768
7589
29724
9287
36060
13693
588
46468
25777
13157
65942
5672
42949
52403
4840
33376
38432
48082
25532
30597
34247
66219
39812
9096
50414
86691
17841
31768
89506
6258
22626
5447
87101
72016
45414
13543
36648
77413
66332
8233
65253
21991
84512
19047
77372
24138
57308
66031
57738
72528
74415
40930
32220
30186
13531
93113
62287
53134
23749
1513
25124
23622
13679
15769
15643
58231
46909
78585
28316
15443
81113
61916
61187
79340
89733
89195
28696
847
55655
53302
17280
92661
4175
42697
22066
14013
71375
10529
57014
5986
13238
3392
16534
26513
73335
40794
79199
47364
4069
21078
37339
55790
12979
37284
82530
74457
29509
39121
40036
37414
40790
58742
93911
11837
95736
69523
46366
61640
94004
2577
52457
95417
69072
42463
5597
78581
93267
30659
9992
66059
87202
49251
76438
63480
44246
53795
82159
25667
78172
99357
8353
53390
78069
47028
62057
11685
41486
60818
46661
77887
29000
62756
93000
15676
85696
96803
73410
64474
88346
62337
16867
54864
26020
17299
22100
97663
5060
60193
65022
31986
21838
79576
44675
85640
54827
46942
60864
65001
20710
22598
14131
51603
10316
60246
79993
60115
79105
45945
98193
63956
18973
76549
94365
33395
4485
53025
67040
78534
22423
60891
50356
62346
87117
86017
10518
51310
58126
96840
57496
30541
38807
88671
30355
23015
51049
14738
19488
64365
49783
28401
54236
8612
60556
25097
23322
56672
61847
46315
2677
12008
40975
52581
27885
75907
96252
62721
3407
45817
72726
82473
75069
66923
6680
17211
22951
16447
28438
49481
12969
35235
7721
65929
12571
10175
36139
53212
69309
84755
88752
94056
4921
40735
32254
59933
47026
62216
76432
9023
17266
45592
19774
85495
6198
91444
46139
68192
84066
8740
92501
1491
94381
32348
91565
81121
64655
19539
25448
87512
22249
10043
38650
45011
17945
79306
44084
42023
8067
54969
41596
54948
87906
25141
51667
4648
63005
11390
82620
38760
76618
85660
18055
11759
85301
70961
58719
33755
38269
32618
64127
68267
48515
96819
3344
32262
43333
2747
2108
87012
65088
57967
10478
34949
93686
92822
88063
70258
13699
40093
9792
66787
93072
9262
19037
76885
58522
18450
69475
44123
7320
29175
17968
81075
53351
43279
70247
30120
79000
87302
7575
75716
60856
64144
18114
4310
44957
42674
58944
44115
91704
82488
73641
67838
92229
49565
23138
12986
93484
10244
232
13929
85616
39666
84302
20455
26346
95789
6634
78441
12155
54876
71755
71059
52378
86961
34631
75375
54257
30014
38105
70794
89888
72184
82713
34437
21860
61249
83380
57815
65148
88797
37289
57783
78715
8921
66384
12621
17209
51033
54419
96289
31486
2128
44825
79853
17943
28604
70946
75054
19127
21151
80136
16063
82615
82788
40139
82820
81954
75885
23736
41468
77811
36221
26956
47557
88162
13099
64137
24346
47660
30282
95350
40230
50014
42616
92524
49579
16819
77044
35490
84807
3
81553
686
14987
59202
93217
36090
87791
55854
55803
69984
93015
25716
85872
90026
76550
91612
61631
61413
6625
93653
66481
64547
24454
22858
11225
13492
27296
91453
45367
2185
98695
2703
35017
1238
33236
97967
91702
33036
31613
97592
30229
13057
44567
97175
79699
48420
76443
89847
79349
33330
61150
66174
28507
19723
16207
9070
47151
9518
20343
46029
65372
7208
62707
48726
31354
55370
16594
18987
78535
92422
96967
65834
11600
72328
87804
94713
16408
39954
14146
22859
25165
53037
77226
12345
16420
40025
45063
96381
65324
13552
47159
71528
76106
16524
75505
78205
63551
63682
41367
41802
96344
94640
20888
1321
91912
37395
77973
97346
34907
85990
57864
39660
31945
57610
25891
82475
88135
53703
66531
22930
96236
67754
57772
43338
86693
25865
85940
95505
58137
33057
6571
57292
91217
36109
67603
37719
58129
60695
43405
39891
29278
43605
51089
74594
21322
76775
88322
70074
1077
91913
14259
92950
80701
62000
61717
63966
81681
95266
82930
12967
28445
44798
31959
91426
10465
891
11069
46400
28342
31932
19893
27336
18260
1879
71119
94991
60481
42916
40353
10562
64220
66850
14029
53153
26892
64780
76166
39738
17403
3536
84600
97754
14779
48505
71756
39011
23167
25329
94847
31430
41029
79229
22637
54584
38488
67881
96934
72092
9149
22798
98225
60707
19500
4255
69153
29452
73121
31786
27063
18625
90508
3105
97304
79151
32947
92299
82798
23534
59353
28167
27557
7806
30606
5918
43717
44440
96251
54354
64649
12424
50947
89233
92917
45017
59553
71169
26218
71487
42649
37096
64773
59322
71981
64940
58148
96756
60982
13405
37463
15728
85011
4839
30054
70760
27647
9752
98346
79650
35179
35217
25872
90205
65730
70554
82322
6919
74995
51651
93275
23392
34344
34454
76016
77740
26222
70691
49737
76717
84894
61482
90855
42204
84773
85190
38404
94140
3080
46799
70783
67593
9457
86921
60571
6428
56752
20859
93602
57662
46328
55176
77291
3897
49599
13437
85999
81987
71813
17981
9304
86014
73270
71492
59861
16719
89827
24098
82231
85649
53900
12877
40498
25512
93919
89139
70820
41923
16066
14667
3043
13923
67899
87706
97883
97386
74068
76035
93681
64700
28554
54384
70266
54243
79503
76678
7373
26149
29338
29093
58292
63371
40165
50908
27698
83644
434
14837
3136
83988
74498
6885
2307
66196
91246
3410
28049
34927
74994
39795
22655
45822
18014
37590
80148
47884
37896
76444
49942
33055
79715
83212
78436
51261
81298
82328
5465
33822
63898
25450
30087
14918
87896
45238
93543
99340
34614
50548
87223
26292
46298
17539
29211
37267
6781
82203
96217
96519
81391
9233
39482
6421
81717
41516
97439
55212
80801
74562
79639
6449
36503
31211
28659
12087
45372
42930
26775
51955
7623
51987
34056
30743
59897
92636
57409
35642
37745
66535
62486
55739
60565
77632
10243
65605
17800
75311
57405
81964
36809
34059
13578
8342
56671
16026
87125
90911
87981
77988
4922
48976
69313
72360
42741
64328
94326
10895
14654
13880
76797
24022
99801
40225
47317
41908
66580
68432
95043
24890
4927
45681
69002
36362
55430
79399
26199
70196
88151
15550
60388
74230
16541
60520
6675
58429
10735
500
87152
79574
63895
65085
1606
7737
12727
58474
84427
88234
96696
74198
89730
97790
69852
32869
92480
91798
44093
27025
76205
68543
85631
12
84076
25200
10630
95227
30707
33985
92209
90010
37316
1255
65539
5787
6833
2947
2714
65056
70590
12816
39025
92610
14543
2461
99940
36683
37815
55763
15269
50355
11529
37755
25427
90232
18850
46119
38116
28447
66201
23384
14570
10035
97872
58533
65094
54901
50927
24520
150
92888
44261
26227
30782
54021
48571
16941
12254
67123
57278
89507
85441
9110
48831
37326
16009
52345
70390
95109
85320
9416
84679
36839
95299
67030
96592
16090
7799
63156
12671
38248
90683
58472
55747
42941
64712
69351
13433
27196
13829
48041
61331
8447
29201
17586
90562
68878
85291
4872
90069
11570
26010
95050
93153
72616
49055
44120
88741
97403
394
66944
90111
78772
33005
33331
81926
2205
77665
44872
81420
46056
21327
41522
3643
82555
2035
82435
29522
35966
34252
99913
86448
99663
17308
47982
37069
1394
77376
77395
3940
30895
97289
33022
28533
23652
56783
99676
44546
22771
54766
77234
81874
31691
24142
13801
7492
80551
63804
35826
94825
24670
63583
48159
53925
2153
14318
19564
86666
6312
41605
83740
79041
30166
8565
16502
49067
90612
82703
10894
51066
10971
74305
15995
19510
81638
58790
89796
93560
48968
24003
76460
32826
26877
59715
88111
19941
48718
58813
5972
58459
44090
96706
54259
96900
59698
59026
11605
24226
93033
60798
67456
45778
52379
95208
20647
29879
77314
96555
39517
56922
22656
1590
47554
83926
93600
69704
33179
50264
13267
6713
46114
26869
40561
22073
23112
46869
54921
28866
42957
79725
27609
99774
88298
46477
73907
42371
89819
42112
43973
67511
37424
51887
5170
87711
68585
97703
21292
22381
14626
76263
30254
55058
57695
23292
96102
42914
89539
9540
85806
11536
59207
80217
42393
56165
84704
57432
13536
48599
65970
40709
12988
49129
49003
55805
77078
39165
54405
45884
79923
63836
46854
70385
79761
37271
72992
32594
75485
3903
3985
16109
3717
7909
34043
74389
7869
9137
70694
93130
26585
73233
95252
13480
40447
31029
6702
46527
21536
17646
10160
60277
20555
24277
88424
25934
17846
68438
82514
78376
61163
22352
27509
53019
8258
93726
47254
5195
27765
10853
54609
49031
53435
68539
28741
46833
24443
82596
31427
45795
29196
42639
72931
12608
10272
15629
66799
76015
52006
60813
50930
307
97682
69119
5512
2438
80380
56831
18042
4024
71744
89165
73447
51272
42265
18793
23938
1750
87461
60175
23571
90066
60870
84116
21149
30167
52110
36823
3204
25991
34769
22971
52498
91523
65107
17173
57423
61243
6140
8709
58510
9271
35402
48415
32272
17662
37538
28175
93381
40346
22666
25969
23889
82326
86543
10267
48936
98356
54750
29330
67055
63015
54853
47858
34316
24338
65986
33028
26343
92644
97871
37277
24648
47919
27204
58208
9152
11327
60197
45020
34190
67737
78796
73234
71236
14353
85021
13055
80620
80480
96864
32596
21496
29142
18509
43358
4088
83263
38592
9554
94279
35769
86061
31313
33103
63364
38680
17686
97868
8425
57719
39321
82592
71784
62704
70044
46485
72519
8978
58029
21104
39801
96055
93191
54184
11059
74572
42095
44974
38742
81583
69670
56618
34605
49076
64264
74549
21603
79308
26144
5971
88763
26004
51194
950
50737
70784
51927
78848
525
52673
63712
1536
18067
63
25881
29220
7941
7187
94206
47071
16145
51000
22923
48129
39529
78594
79771
79970
81311
7932
82664
8285
59259
93877
99854
29973
29028
27612
95328
17067
61329
89093
47350
90237
90276
53785
28547
88550
74550
80213
37477
9628
26722
29603
28441
83352
30093
15830
43239
45968
11977
77645
93546
93330
43728
79362
89086
29470
53365
59273
24786
45529
92472
37144
87284
42585
33596
37816
16904
98104
15784
27616
43579
58758
20057
48586
2882
44649
63254
84956
23546
69769
73811
732
49663
61161
38773
66986
36371
75018
64633
68139
54952
27672
41289
38284
2270
72341
77208
84170
73877
4241
20215
9133
15723
16441
9088
37449
36382
16966
45344
66413
70119
68413
41660
20015
94198
99065
14231
37281
14897
4817
78867
5086
61667
75615
20548
64673
13608
33226
72452
29003
23025
44273
59814
6344
78826
13663
47535
53054
58703
36447
24639
95891
63742
47876
21237
80560
88190
23991
58309
47572
6499
99653
13084
47465
32952
79679
18475
68014
20401
88448
73010
65538
37616
71890
6617
62229
79333
43225
23224
18768
61456
37838
387
93384
63354
95176
1550
87285
99791
41509
4105
60065
12453
73408
46270
9017
65969
8196
86290
38341
22775
8580
37966
57586
83202
14668
76187
9784
54335
96984
31335
59962
78503
70739
5667
69847
33699
85722
68150
98841
86839
47668
13101
62510
86124
26368
78374
18322
54227
66894
91995
14308
58952
69709
58607
60714
4213
629
36401
21220
10039
9535
47493
15420
6223
49818
65064
17452
87878
49823
2625
22346
75195
60403
32935
40192
52313
73515
8632
96266
84445
16179
17582
1970
68832
17528
53753
16760
77390
31614
53660
98376
78065
64038
39227
22349
7547
86339
5155
3912
15928
93501
74182
82588
54566
20516
47095
45152
62078
79426
97520
26961
28606
79763
54050
78986
55061
19801
34865
81036
90320
71789
75219
10090
97090
12023
73149
35544
60914
88560
54521
68126
74748
90906
26284
60828
42285
2328
78080
11314
55218
6342
97777
52553
84134
83110
35412
99371
48475
49858
80114
13102
21891
44763
89585
10301
74494
17099
40332
79724
41358
77920
88788
63412
84040
340
45670
72106
83253
48424
2594
76208
44427
54762
68692
51341
94405
97260
74303
93809
81117
26687
81971
9104
89678
37773
76029
49642
10358
25487
42896
60363
32395
97917
38561
26950
41570
41288
84542
56374
91785
96011
73438
4721
82808
95645
51239
51948
81433
408
90942
33514
8678
81144
99478
35265
52441
98628
24154
21400
91925
71184
58109
81755
61538
22026
32468
50122
82422
90937
36353
38566
53840
7520
93781
3519
10937
26643
43518
18435
97626
85669
94539
6512
83069
97728
10386
51730
20591
56463
48934
39062
16991
32045
58321
28240
31801
19369
11212
77438
37389
29041
87305
7743
68460
41770
80472
41978
14261
67446
84102
1508
35980
84932
57452
93437
42479
74265
83357
64640
96189
91157
36486
26655
83722
16392
37426
10332
36097
3557
37005
57277
25148
67606
18966
82518
66952
25439
2266
10324
67926
82979
22288
20678
77539
60615
58520
98636
95608
14372
59082
54437
3654
42505
1233
15595
7711
58640
56101
33997
84758
7467
15973
73306
22619
53218
23721
54177
51466
53159
65872
79287
59558
94638
44904
61650
47076
41945
32600
63582
56410
79241
99153
98885
53311
71137
12803
98673
95903
56349
1577
36151
60128
9697
14564
29790
93215
26558
17076
86984
64950
1529
11304
82755
92507
13615
81146
88147
86096
95586
73080
36571
76165
15126
11340
94879
47394
81225
84795
8386
22739
31984
84519
88630
88201
16133
84192
98648
70207
75020
15311
24848
84305
23122
68576
95731
42102
57152
39680
2993
81790
31088
46849
77178
82709
97127
58415
73576
64286
77447
45274
85911
78209
1284
4970
25674
91769
98688
10610
30624
59697
14977
74952
94540
94017
8943
50889
5786
56817
64206
32784
92256
51211
4641
24649
46759
62862
69517
72665
72477
85908
79251
6561
25742
25416
33897
22280
43100
65624
76827
14532
37324
66483
77875
66215
5068
66465
42848
58709
76619
87492
12172
55928
67074
67389
42374
43765
46952
51929
50514
92088
81819
40933
11191
55195
5856
70358
99649
63787
47008
33193
13706
44602
23861
37744
30364
78464
16102
17910
1808
88217
79861
50365
31144
7674
99891
49326
76672
98612
21280
31693
15257
3254
74746
45923
30704
42355
2959
69192
76904
96789
3681
81026
29460
988
52105
64643
57166
28366
43992
37497
16055
36854
64115
61477
63206
40679
26067
87816
59359
71867
69206
59108
4000
83599
3630
26435
51213
4411
83522
86955
74181
57149
74574
49214
91280
94778
53740
61496
28918
13271
43065
3915
52762
71022
60043
81084
2687
44066
9929
22752
47915
3453
56242
55688
2671
25064
62962
16019
18974
19274
93766
47989
68385
77995
70780
70447
85961
777
44962
20482
32504
66619
1524
93739
98818
75994
41323
14599
84730
90015
16682
70300
83684
9922
57547
69233
22924
89072
83350
54454
13939
64525
45667
26973
16786
13010
74448
93717
83145
44359
38599
35874
68229
52614
96794
67028
88853
85929
99761
44184
55802
34332
12925
74890
74557
41392
86433
54161
22091
74215
78409
91079
84898
53880
3289
69629
309
29129
55309
76055
65694
39182
89110
39956
30207
57064
95342
29494
68728
70708
49756
77320
82487
89618
12477
53254
53800
92126
73611
83485
83848
39991
98854
74356
9235
34031
97481
55274
74627
7256
41615
72495
51127
94786
55114
17170
12286
40562
33477
23748
79532
84692
7810
23449
25328
80495
7251
67175
14178
46515
40713
67943
78646
85055
7260
32915
96423
83914
15666
37592
6845
87370
95801
47675
34236
9178
34387
23494
48114
4542
36514
18098
60655
16167
69227
3233
1917
51479
48551
51688
93580
59493
46889
68683
23537
17344
56248
60134
89145
7940
54025
87490
37732
33525
67276
96849
89582
46590
87741
1261
81576
52626
44612
5218
55250
27741
31578
51170
39767
21892
52759
39399
84796
29881
11839
66009
37758
39838
88222
76534
78579
4375
35363
91993
12685
66306
74954
15310
69674
49439
17019
21251
47622
68812
12613
27729
2086
11596
76282
8286
18426
11871
27014
9208
49697
47895
98994
33800
32883
3950
22337
61445
64168
99388
16789
19962
84269
62158
82710
61005
5976
73025
77954
9049
83284
2355
41643
31887
25383
71287
62083
25845
51722
30311
78469
38389
84024
79393
74438
54647
37100
43322
29257
85902
79789
82547
66712
92645
112
44092
63643
50941
81153
36404
48326
84917
31509
4559
75326
85168
89277
36204
72995
41277
34471
65471
28275
6903
11907
74753
4189
25479
64661
87613
83320
99885
29842
81295
2316
28138
31379
80008
96569
59707
7164
54635
72753
20410
73941
92267
43392
15344
6607
56292
61069
42954
25494
80679
56767
19454
96067
56522
98037
97118
31246
557
75941
26767
18755
20108
79971
34163
41011
70148
85746
40843
86220
19844
37378
93571
53410
94468
54156
6189
7438
17095
28063
41729
11469
7111
46463
68616
51056
46956
96535
12722
57958
22425
71425
40157
77788
51312
62139
24989
61208
68129
64589
53876
87048
34120
36271
67155
36797
88328
55214
76543
88396
43416
86688
97598
99462
21955
78576
8284
49035
82460
79048
83696
73787
26158
71634
3280
57768
57189
35483
44277
97438
82426
31590
28808
85842
24849
44940
38424
25407
14522
80030
96904
69372
38080
30248
28397
28566
52089
95334
92933
33673
2403
90308
73407
98530
77276
80400
20345
14501
39859
90471
88303
24227
34808
53486
98212
42156
55057
63534
62778
26382
19119
700
88264
84497
64226
68429
33334
33715
72126
95130
42349
4830
3836
56904
50241
40761
59171
42196
63743
72497
35674
36950
96902
11979
54960
36815
87798
14480
62996
3369
72857
89697
85550
981
20475
63246
59079
92597
97414
28944
31761
36352
75594
56809
80001
52953
53815
7026
19150
98093
28256
98931
95773
13605
97256
61735
10915
71039
74835
4149
29464
57840
50387
38861
32256
36885
4140
73860
10179
8123
3522
31191
27516
30523
47633
19624
13087
86981
3448
85330
95325
44594
24943
22460
15636
24820
67385
96387
2177
28994
87371
1396
24909
77996
97604
40318
86367
53796
51896
28897
67271
26826
10258
48802
34635
76738
40241
36799
94167
41524
72970
56569
3776
68193
99021
97904
78763
71224
76533
59598
34606
24200
37129
81260
58407
72065
66371
83533
84163
72011
47948
8844
86758
37763
23106
67667
83277
69720
62421
39314
79223
10702
56870
80285
11239
79614
62121
3222
3262
92182
53259
75963
6844
21581
74136
75042
5115
46500
26923
50608
7715
32621
49449
18058
36317
96096
28085
81759
29806
5366
67829
30205
54814
61907
12833
42984
63913
5334
51604
32192
58731
7171
23057
10925
87471
88488
3265
75821
41230
55920
99839
44461
81347
12705
91848
80185
51336
6727
10230
91524
38222
2125
