9605
51135
68564
24516
43154
61571
42418
74746
65022
837
92389
56181
3395
8332
3342
29208
9215
74675
32240
40524
8387
25479
67351
76529
55347
22471
10808
637
94828
14891
22725
4341
72139
97510
17269
94986
68846
48493
45661
77000
7951
45356
71374
66946
7719
39985
11085
2398
24535
46684
883
48800
87908
91498
22766
43266
40678
99465
56827
2874
64616
83562
91051
35364
43135
78283
54661
10676
44326
75888
66110
90711
6742
48901
87047
17441
50841
21327
71215
23883
15867
76562
20374
87626
71412
9506
34228
75728
84907
14897
23998
23712
58084
18252
6620
11967
84734
44969
59555
2340
50890
19020
13981
90709
51056
98163
88571
84280
67728
32751
12765
29341
2016
46963
81212
36305
61636
68602
90108
14784
59545
53262
73498
48947
86108
83633
29357
76959
100000
64071
90885
11121
71905
49609
78075
40196
63976
59411
53210
95429
29837
92567
1455
10220
97805
6008
21727
11224
46657
46934
41958
26918
20529
50174
95477
16035
44468
85670
65843
36412
97482
55415
72901
91689
26973
44340
13775
64214
20382
55225
47447
87595
68326
80049
58107
26690
59123
75504
718
17378
67435
32782
90498
17214
22994
97556
79806
40173
89555
89811
24665
58569
13309
39498
53828
93964
27210
27763
6308
12439
8950
83303
72629
84079
41956
72653
85592
33323
68195
44801
66204
14964
69530
25537
58849
77137
20975
29428
35752
43236
13209
1750
20999
41045
13661
48350
59469
57394
12376
73358
74347
13632
73426
26183
79588
1426
54133
57399
20228
69381
13109
48178
22504
89003
42454
42013
10659
52320
75329
96173
29502
44636
14951
24158
90386
78043
39308
67279
28786
89891
62040
91419
21164
76259
14562
48391
3093
91275
864
50199
60657
80088
86164
76086
25179
87698
71389
20495
61664
11134
99713
66861
10958
87409
68816
25871
78998
94277
59202
18143
96451
96707
30112
49977
85714
75990
39071
61239
21515
18656
45821
83892
12734
57626
47748
84056
98942
9130
74479
91545
16106
93556
80145
81248
416
91904
22774
12486
48243
69581
36668
76436
50068
17148
5508
49003
85535
97239
55545
64650
33352
95902
52769
14706
11437
4553
50921
1340
19394
84223
1891
5641
92257
17499
12402
57950
461
97599
3584
38166
64150
72345
59361
69822
8390
81741
9137
37449
85260
99435
82066
33599
68067
59533
17892
1430
97478
61317
38914
47600
59054
67949
57539
98525
12358
31811
90659
90448
86722
24400
14990
64288
92823
10023
51553
63776
43920
1831
90511
62748
56175
81816
60629
74547
56724
25947
57364
78817
61464
37104
40680
68316
52180
75187
83411
71284
32983
86330
23871
57581
35684
59753
51768
67098
64720
84737
50009
8366
90826
33957
72327
1537
49152
53348
84149
25453
54919
80038
20146
16349
6676
1525
64187
86850
3306
81045
61480
81616
63640
47880
44738
31025
59926
97653
29400
89204
52617
28094
44312
70234
606
66985
8006
9271
86175
72666
61438
239
25929
78474
80239
48485
19270
29737
35573
30061
28260
91697
39098
14406
9682
50064
94197
98074
8284
2735
74314
56684
23630
39389
69820
2966
88425
3696
60078
43881
88639
20917
43831
7672
50699
17245
3394
23089
34677
56155
37596
46512
15344
73658
11013
14790
67227
268
18918
31735
36748
6198
79768
64606
80987
1449
23959
77401
70586
44215
81787
89512
66340
73312
98845
1674
71732
75529
32363
55282
64358
97232
59958
64626
21816
43659
63049
43370
9064
13479
10619
16581
93062
47057
86140
48139
26768
20128
24504
98154
63322
84451
90428
31956
93243
9045
20658
84770
58882
3102
42577
5032
37904
48868
20055
50024
47645
29693
97842
28615
57634
57497
58845
21317
30740
829
15504
88691
57398
42922
79761
91532
59012
12798
67904
3861
81394
82983
83781
59602
74065
37153
2447
53075
21109
18046
53166
73631
41496
74942
87633
83667
67149
55154
39075
3592
95410
23517
26285
19539
72223
96182
57841
19064
65111
66553
41432
90610
3147
8370
41301
74074
99936
16382
85796
80568
39126
48769
85888
44647
64838
8666
13992
8968
39759
82049
17622
37856
90757
62156
37667
59382
70175
39998
58613
1993
8531
83911
2254
32836
84043
57070
36897
81728
31409
62087
20564
33234
1292
16082
55308
83985
50504
41827
44171
97660
58906
5427
48798
78509
35282
22371
8558
49504
71601
71527
10638
19312
86699
44306
38839
96436
13940
59380
40372
4403
25417
79909
7554
53901
66008
43795
16299
61363
8060
10850
63913
31021
63274
47020
65686
13076
29305
76492
8680
91461
96880
5776
31247
94331
18511
65117
23087
4939
97120
29842
76399
26088
7877
30226
78959
20939
56710
38464
67892
21016
95669
38057
88260
64211
50713
68492
1108
95032
82690
84509
39622
34766
73222
59286
58688
74951
78992
52078
8636
73837
98486
32454
67415
72418
37954
66000
42267
56483
95369
50205
39731
6841
87711
77961
84235
97579
45373
2593
65072
6578
50626
94523
18875
90220
46433
37852
77209
65206
29102
49480
31981
3900
68834
99861
64286
75569
37437
33088
9685
67364
69926
3768
15722
7659
34777
7118
54942
64346
64323
55686
18144
13767
14867
34681
12332
22926
10783
20914
32361
14357
97988
67122
4266
51444
26203
27046
37324
65161
71776
11238
73771
93457
95728
86183
46367
54601
88863
65552
56450
42026
87878
28398
50687
56065
42809
48173
70319
6924
77697
41924
1242
36908
56500
7653
8050
29573
10148
84076
33736
98504
94355
90397
10099
57523
10852
93277
49839
60610
41687
26337
93573
77836
20136
18504
82714
29519
56575
10388
4831
40460
62950
19354
34240
37517
28363
24860
11831
38749
79337
13625
3171
47026
7990
80963
73942
89222
46429
28929
48314
47928
22582
69550
79243
24754
24176
98632
48732
89346
60388
21916
6095
45873
1293
22789
91923
28503
72539
20037
42273
59950
21947
81940
81610
25313
49578
88955
28529
48579
37081
26713
45009
49436
54046
6049
76168
56571
43569
51352
32862
88809
48712
54564
71386
83533
32933
75968
59297
66324
87710
84644
82732
27953
81329
10405
9922
63501
12660
72983
31664
30192
79030
64042
67016
9910
72937
25778
6352
3426
21265
12595
27598
78957
41622
94982
96487
83502
98046
59754
17472
58560
77058
94835
78354
27310
41785
15563
85743
74873
79111
14114
63842
89217
11166
91229
45973
89181
53317
1677
50754
56329
7269
27342
26514
98963
28388
24392
79558
52134
36479
18833
73834
78773
15328
62548
82633
25398
4971
17364
11728
96159
70030
24896
50405
55076
85718
50314
52861
93361
57171
40084
86017
29368
80106
56058
94329
4300
29325
88111
32906
96453
31502
31553
84487
22541
50182
99355
51130
20933
57137
62351
99409
78535
53849
48143
91798
56956
20928
36686
35240
59776
444
58585
89020
21761
79522
71234
8104
47391
30148
85082
80544
97705
65978
29012
91618
1576
51879
63969
16291
50715
67506
26194
77190
4909
59265
53193
5478
71853
66131
34387
55581
38600
76934
3744
23727
84306
85042
30813
12815
71117
60913
63919
88097
60808
4992
26115
37257
48282
48381
74462
61163
68274
40057
61447
32900
98810
48952
37819
7070
31995
91924
60035
61414
38653
52082
86044
63653
7559
72392
20956
75790
64359
33174
78658
10122
311
13030
68193
52487
32843
62173
99431
90307
53462
49512
62782
21910
53427
46710
59575
22849
93433
81128
34614
73428
49996
31778
55523
33473
7080
68001
98880
67418
13400
77051
10444
50481
66043
56411
33479
47418
43614
84891
7496
56631
12493
97469
49741
48849
7923
70961
88454
47262
72001
98113
79925
13580
28412
28968
518
36648
34820
89557
49326
93547
53970
41784
11856
52522
39343
68575
10116
60168
20619
46891
86841
98553
56853
52342
5418
81970
69255
81152
95874
74453
55539
84439
35851
83347
23081
98888
76908
16175
3372
5279
38670
46419
42611
13731
7489
55169
21554
39200
78961
89121
47735
75153
57678
32534
62229
33965
60426
27940
23341
31884
51128
16727
79019
51431
4664
42482
139
88392
52362
69308
90363
53764
34801
56351
20014
76317
67511
58311
66073
80095
78299
30874
85700
92122
65096
75315
70974
3152
50671
27599
64633
92235
4181
58187
98353
90161
91240
57093
86490
73545
43886
37348
91075
82392
57433
33160
82073
98836
51408
57331
23239
99359
51453
20160
87424
26318
95987
9609
48528
44401
48207
36739
98559
85224
39177
15445
49477
1718
51084
91413
84103
18545
40329
28060
62600
33409
55029
93430
72409
45954
61108
73817
8491
97184
14262
14872
8139
36473
95552
70758
36247
65336
3853
4571
25767
92486
10155
91766
24198
71297
91554
96554
53898
41581
49624
76339
52325
8694
90179
11347
54469
37468
40190
61042
2725
9059
58890
13855
15471
21066
98309
2889
22755
51086
8249
86928
95521
61542
57564
35186
57983
9617
79344
79463
14448
99619
56313
99489
74732
30311
88920
3988
44260
55408
81859
65801
88497
4757
39206
77009
26503
8747
97668
12285
87923
23654
11100
63113
55597
60662
96412
42161
92292
27315
5173
27161
52609
55451
21256
93267
12558
71583
94790
85398
50895
59573
38427
60679
97017
6674
92796
52389
90084
91501
46746
30331
71907
39391
15831
53923
95203
67242
96788
37201
47826
95408
76540
23723
77802
24219
76528
85385
31124
35404
99836
72615
78835
7513
10013
75003
77725
66581
90915
6018
99233
48028
52049
525
88550
16050
30341
25411
27070
37280
68997
79899
66087
18885
67221
51984
81612
82130
34818
74375
93816
19421
60495
10680
66792
8004
63860
7052
98912
24855
21132
64291
25138
18292
47048
51589
20043
14292
75661
67973
99844
59729
88457
37320
13720
78065
98265
46465
35721
68175
40946
32418
22579
61188
21799
5885
5693
16628
34349
37471
38024
42832
28714
69890
49962
52750
7921
23241
55999
24084
26986
72913
73593
80613
47959
26657
80998
65840
21990
15895
78088
83154
30988
95283
19591
52576
75911
78800
22977
91271
9516
24974
6816
58111
68522
97354
96607
33316
56371
25605
54938
80811
72276
28317
36324
40469
1114
83246
13192
50185
3314
40198
42017
9855
46426
13947
85801
87328
54182
29446
88644
49389
41995
20004
89696
24
39777
93195
76811
57173
82574
46675
50458
32708
1011
43031
69867
2898
8220
91182
75319
97589
43106
30070
31319
67858
24899
44767
17043
93891
80252
11625
66311
96660
86237
73168
66645
90399
80962
83279
18902
99725
72532
67317
74853
6062
62697
23440
56384
9029
28436
24118
38460
38408
55878
5944
29241
44124
70680
82569
68668
93990
60125
58061
25969
75229
18796
90704
96990
46119
65312
68134
53044
76682
2458
46233
26435
57448
56046
53648
44288
77696
87196
28876
5533
66976
92770
53635
57921
543
83149
15181
44990
4251
40774
97145
38819
16710
18716
2393
76301
40633
54532
88130
20272
94323
792
91324
61983
29228
65284
57788
4693
73330
79018
9886
13499
86854
35267
67434
57318
36371
26426
55023
24877
84803
42327
7605
14845
46967
49533
13996
97062
17567
12931
74632
61085
11929
35389
43925
92926
1554
34579
7857
93645
58397
74993
84485
31899
51820
93796
37427
12180
27299
50235
47155
39834
21935
51050
40687
64507
91095
59398
56543
12845
77643
40073
40103
44985
98735
46741
39307
45076
43055
46884
15954
35511
49204
43560
53562
26415
91891
51596
44516
93905
70695
31964
60361
16889
38032
80698
23570
23724
83729
36996
38595
4523
27243
52232
41776
29942
83323
63608
71580
90276
59049
79740
18099
26040
43869
34354
20162
23166
61949
90998
9590
77699
76674
53716
35589
78473
63329
4472
3939
42218
30458
50803
66596
69353
28622
78096
1566
22780
90773
11566
50963
26863
8834
44867
30274
41710
21663
84342
52037
52682
14435
68895
48468
31266
7665
44616
34824
30517
97784
22830
626
95540
85439
63405
58838
49221
89855
59535
45098
15765
25232
60798
40606
82233
49913
308
59337
49391
62108
11432
79497
88200
87286
18371
74470
33268
97760
18584
2871
47981
41640
88414
19528
1341
13461
19119
26830
8916
28651
71655
17325
2295
11638
72551
86906
26886
38900
42585
18577
95129
8494
40474
51355
51468
98941
32302
45575
49445
24498
32548
78507
68512
84507
80355
30847
99623
8618
18638
15847
50347
28185
44886
19616
78543
99109
68061
35343
20768
43194
71152
46944
8367
7505
18661
14584
28740
58170
98787
91687
44758
51607
97121
20083
56150
97369
17530
56323
6147
78221
82480
60844
88615
80245
24544
66172
25469
3303
9793
22817
23201
39928
77974
59464
69504
20074
22125
1389
2628
58414
70410
92042
50371
8672
4906
80990
46923
59045
88877
67139
83135
20326
80691
93497
97149
80661
14261
8203
21139
63854
32574
73503
8641
21758
72630
35638
23627
84475
56252
41352
23163
38128
12354
69744
42862
70288
36011
63768
5262
55414
86231
87070
28322
77284
32537
63934
56472
90122
50424
50897
26377
37134
33912
32189
69431
58332
77217
25037
28564
86139
41544
49104
51257
96867
86398
69289
40125
83299
9061
48505
62569
27980
16621
70529
16919
48394
97736
47885
34781
3203
53087
45917
36896
93879
77225
83637
12013
94722
87776
10755
24461
24089
79207
30681
23759
1030
76265
44960
74205
84964
32760
83473
66134
29184
65808
26655
27123
47903
31679
34827
11876
52045
70162
51275
94635
69995
76324
8172
67635
38811
48739
24257
18941
87429
86002
29976
25927
56417
17544
34211
31618
19008
31148
35611
40646
1657
25653
18015
19994
24459
30200
12748
14389
490
76726
10845
62908
8734
56514
3172
69880
70345
59261
88614
27879
39615
5507
5608
30893
14392
40772
4119
61484
5453
29099
33942
43799
97454
8713
61320
44396
3680
70433
38147
21159
40256
64609
53521
51887
41049
15138
3239
46610
63566
34151
13009
96416
51770
10583
23940
89055
40398
28335
4359
58165
26493
96714
13422
86877
7444
42716
82044
39027
78313
70322
51753
37115
88829
5588
4071
74791
80330
96798
55801
68090
44011
84931
79537
86647
37862
48363
84877
90516
78272
3190
22223
50247
44765
99604
47549
57727
63994
69869
84061
35154
5230
93026
99749
58152
13714
80584
21213
12020
61960
71523
65477
73346
84155
64520
13441
56945
36570
75133
92450
26512
70871
21555
57180
77492
74930
48201
47093
44561
831
99202
22073
11909
72625
96508
7328
52309
8236
82113
40264
9796
92492
24464
5022
99437
28886
89124
17562
50983
42773
16641
92539
19882
5589
78643
7820
34369
29123
27605
7614
76733
46189
79560
45457
7399
38834
41800
80940
89002
80864
34035
82211
97400
62145
45147
27990
60006
35588
73134
2818
44567
8195
16674
84037
92386
94309
93522
35179
58987
20156
70648
31387
53323
64804
31732
33583
91806
9445
53948
62795
7651
36454
33064
25875
43908
89329
34983
5992
57675
95141
81453
5007
89797
92278
69263
65056
36097
22940
5784
23896
90347
40401
23086
12743
88680
59885
87577
7823
86600
49629
62530
41598
84267
20501
4721
39297
78968
37657
29487
36588
41643
38331
88230
19343
18014
9809
86979
6594
69166
55533
76458
7531
13484
22441
26070
16828
52743
25153
92556
14161
90682
34463
33002
27153
93682
34123
11168
75878
21601
93283
85292
30462
3693
37318
59486
28325
25628
95985
81717
11506
83126
316
97432
93585
75844
92161
2506
57008
82299
79775
54275
90528
94176
87518
67103
80860
62603
93282
91575
28232
99174
34505
49096
2443
92617
91534
88451
74602
46584
29028
93132
58236
35062
56091
68640
64563
89970
90770
58866
84794
94685
45306
24041
82749
65571
45161
71974
21966
16729
1588
22657
86473
19695
5846
51380
66069
18509
47574
61340
49642
34481
32045
47406
47809
13963
6936
67567
24556
67730
90974
70293
21313
39752
78657
59707
82624
65864
54487
9368
63239
98409
18207
11464
90316
81322
34184
98758
44917
17577
45127
77754
99829
19199
90062
70851
33431
35633
48079
21922
39463
52099
93022
78538
43532
47430
74635
81324
33722
35193
66536
56904
52791
67004
90987
59961
22129
45503
80388
49474
98150
95037
83560
80952
5728
23809
38982
44270
74009
67494
72405
60480
5378
36239
43422
61549
96243
29306
20944
71762
72522
38347
27625
17509
34987
94225
21091
5820
64314
74177
9558
82345
76899
81793
50453
61517
47073
81747
17598
33514
849
11275
77436
74626
78318
86501
97979
35369
98207
83442
38608
91642
41941
33607
26340
53623
32453
99136
57884
83483
29391
49265
82109
41009
13790
86778
10053
67909
3972
46658
24111
91059
53646
24973
23694
49858
80221
90785
74076
94053
58930
48213
35033
97531
45366
66778
73676
29947
33436
56287
52915
26341
37376
44726
32986
56457
34207
98881
65525
43080
48649
32996
24010
66755
62388
79807
35018
1189
90440
78155
81730
70259
302
4315
18351
44922
81471
51923
86793
63174
59811
59080
1369
33609
21148
22206
6446
85123
51818
41415
70982
58089
14989
46333
72283
8217
43203
22413
75485
38091
45051
89029
58936
19633
80103
45919
78930
76198
63075
7543
16469
46529
86474
30804
85825
22893
78326
47398
44065
33194
23444
25948
48504
15955
86927
11294
89408
64513
77934
75135
13840
7021
6878
39773
51712
83662
24153
40971
40689
8000
99709
19623
97640
18182
58331
80094
31047
6683
20102
80635
39175
851
44988
96971
20440
70313
82493
65290
66706
113
80715
84110
38498
47277
45169
45518
97675
32870
21163
96914
61021
28839
22045
24697
46662
43274
79752
13878
97704
72148
32326
52551
19359
47306
10425
5698
64541
2866
8124
50382
41017
19287
41540
68587
96163
14255
52759
49380
7759
93001
63494
4194
1076
45048
67353
98668
77421
75301
33954
60877
91013
21054
87723
27729
56771
28484
69220
5643
44558
86459
86808
27666
70798
25226
41318
84025
28023
46832
96422
407
92699
61759
59397
42045
71251
58716
46102
66483
83813
71656
41503
63980
61807
31412
41505
87032
73270
55708
13290
87992
67335
11794
39273
32920
50912
54387
62534
13119
60110
21430
3628
33213
4330
60363
51573
2555
20802
71767
94809
65472
62333
6603
52291
48368
86387
11622
56830
2631
48094
82241
71533
85214
59196
29243
19823
72031
85768
92529
55974
57144
62715
93853
15491
52524
97113
87871
44548
49150
54065
24159
94594
33584
34019
83759
3894
32027
48985
66395
52623
95060
10216
77753
57440
73797
96242
7196
81647
30899
4390
95870
21386
71914
80210
32100
95693
11229
99984
48013
70979
47675
90277
8385
10997
3813
97514
32323
82681
69352
98158
3649
51239
74251
41617
77200
62523
93630
15193
96
93894
82755
3565
52540
41570
77788
25159
54339
94434
70037
31424
73376
30802
27538
46673
79379
43282
48637
23509
89208
94196
46303
28143
32000
39388
41651
86912
15552
73615
79561
70524
29802
12092
15067
52642
69679
47858
40095
2771
23256
24913
12789
14423
65074
50301
36257
23826
98253
31390
52606
73435
43948
12425
12505
1681
5258
21750
92971
16736
82991
80658
19079
39214
60248
67936
51442
6401
98274
45675
60264
34695
21051
3130
61728
73281
10111
4064
73210
66023
62920
66834
29118
62676
6716
11848
86206
57601
40335
85392
96549
13137
57920
96077
70314
30108
15903
95172
56376
4743
64461
40323
22374
35488
6172
96522
32505
11357
39911
20164
62771
1
65935
39568
39874
84956
84689
90724
73189
1541
1504
93400
68421
30036
66456
31301
55134
53470
63895
93451
67841
45377
37029
47887
13028
75672
40988
24285
37790
24848
48664
81432
92071
66170
34938
96391
24138
24678
5786
12244
89518
21014
53031
22709
97878
9712
30222
48122
80636
1179
53631
46500
85308
79108
75555
6808
66876
38151
29009
45694
6427
36989
85764
64047
29301
35805
51294
19714
59347
17087
38295
12722
87265
53865
16688
42100
74282
14474
16917
20945
63341
51441
38034
78380
37457
39949
37403
88819
47191
55700
70163
96712
12839
2300
45906
817
67655
73232
1246
86552
22020
26683
90247
38381
67584
48393
7044
3232
2188
50278
99165
70697
52580
28852
49757
34755
51186
61053
93013
41858
16046
63265
47588
2355
75680
30324
6231
71627
74562
5737
3487
66481
73915
85891
24964
36169
50622
71404
42424
5439
22268
80872
80573
22116
31805
47480
98143
55782
79777
11839
75193
88004
69861
31064
14565
22403
49093
37419
39844
21472
50324
48059
89455
21877
13848
75580
87464
85857
39702
16353
96929
54331
76755
43221
24940
14699
33660
47920
56182
4762
13906
73160
64453
65233
83910
51010
90443
31784
10361
82086
54252
24594
72260
77991
79753
43120
78469
45087
26289
72960
88156
73798
37162
38257
1808
98366
81420
89565
5961
98098
55366
79323
2840
21845
57234
57373
78392
67685
77514
60651
80968
19145
38551
50753
28137
74080
56737
77266
58372
66701
78343
60664
91776
12567
40276
55332
2754
37791
43305
87640
34407
83497
57856
65469
17123
96783
42366
77790
90332
27528
7276
16055
3092
38929
47602
54517
31726
87887
39713
20938
86967
95952
85758
56995
47194
23980
16666
18413
42291
185
91625
33973
71981
62030
86657
73468
29822
11990
42028
93182
53709
39915
97176
64135
33324
53236
96944
49484
64726
80580
7702
29851
20986
53665
78917
16287
33028
69693
56467
11845
17458
41866
20574
38784
6563
35576
47976
27688
89912
84112
60697
61997
11191
29658
47442
50694
57214
33708
38103
40376
57514
71861
59108
96238
61063
25522
93389
76296
14085
43296
64680
47754
11519
61976
57182
44951
9533
25814
23223
75435
76018
99649
64026
20738
98267
66425
64066
54791
15606
74243
78355
59360
21968
26909
61965
35926
85804
96891
7623
75649
66879
21392
64793
34884
98830
94676
37433
79130
42042
97911
80884
79280
17675
97832
71799
30302
15078
36193
50
40455
18310
34898
39319
32107
29669
82099
75925
53203
45038
65257
80018
60383
90738
89262
6688
46850
46956
59255
16561
77645
59666
32041
48269
97921
81559
30856
94962
76915
63937
46728
87530
82890
20056
15525
21993
55181
76212
51139
22882
927
6671
23270
97331
20795
14804
68556
28560
14335
79056
58344
66847
22505
40630
70222
14940
1041
85114
85600
78760
72465
52827
54268
95714
85178
6395
90002
94320
87572
35915
63665
7968
23363
54502
89876
96984
31539
79500
9770
1394
92677
60194
5976
43009
66764
82504
30937
16456
95747
2968
2710
62140
92089
69292
52979
92175
3601
92942
16676
90782
54292
67150
75938
22426
16630
30082
60667
84658
10327
50688
16017
88957
45872
48516
7872
10779
34358
10803
1441
62380
28027
77706
79808
73780
26290
54772
80474
47496
23530
27850
99240
32997
76213
31067
18186
33891
36552
17753
37799
85972
94520
88527
34208
79216
52152
43967
11411
25711
1236
74172
12362
90025
5445
88600
68953
52149
54630
74225
65093
46764
95755
61526
30658
44433
89611
40420
30770
99733
15760
55144
76803
76779
98957
90617
8776
91057
67281
93810
79704
73425
62213
74223
82588
78107
85390
88181
67866
16642
4264
89983
64110
12759
49580
17384
17006
15464
87001
40621
34424
3955
14926
78881
23336
96485
99651
24699
58686
31889
72739
16428
66153
85193
82761
95969
33627
72694
84559
35187
66813
77108
90663
41825
15259
5739
17022
40250
51249
23746
75837
59830
66079
27170
45287
97261
35284
81716
61730
71024
7438
37534
87273
89498
77517
21637
8974
34310
86579
83472
10504
77490
21301
45492
8622
65182
43261
92
37289
94282
43595
42477
10059
94992
91703
72182
74363
67911
98065
5538
31845
38222
4318
10040
44587
521
90430
76848
98130
21339
24662
76591
93924
77814
99399
45331
50805
9390
21127
5906
13263
85686
6993
96475
13060
24321
72883
53048
58975
75096
49112
27163
94846
38525
50840
40498
85549
23542
87217
78118
66799
37812
46478
27884
26932
10391
23797
19858
13388
43170
68830
76424
56099
6631
63037
22155
82518
98608
11426
65643
48532
83086
63071
14875
68917
42925
59574
22293
79831
49937
82645
94903
68166
94281
96349
48179
11807
57762
40104
9668
81126
78651
30736
21238
47234
51195
79400
74648
46727
83823
350
27930
70180
62491
50066
31031
34986
92939
28000
43473
86983
76155
799
21503
8383
91761
49118
3294
27668
30071
7435
21221
73080
47298
96822
90573
23150
95601
99823
50443
60359
21885
77993
27137
50674
65772
33255
69267
68180
25681
62785
12875
70390
7880
25064
87379
20562
67360
81826
99851
65949
90458
25069
31901
40132
19335
24322
53084
34855
44564
54450
78287
34029
48793
22763
30880
50830
97187
52071
13892
50787
65587
87926
52238
79647
45355
54340
72916
19179
3087
31847
23641
88896
43958
34042
96314
30163
25132
17288
74901
62900
24028
36012
93692
98354
34524
91352
62983
59737
96108
10495
66564
31963
31017
74890
77757
31130
76117
54884
95565
9423
91343
22715
66757
43478
98180
80230
83649
47421
66294
99730
75048
50667
63714
19195
17186
46374
11365
11024
82776
58672
81186
92382
30416
62710
14352
49521
41947
41489
4850
85974
52222
40888
19875
12745
55536
70989
61524
4015
92204
95482
28656
27567
64275
89575
93753
94880
10061
91963
69262
24545
4849
44658
63693
57630
85031
32327
61927
96033
37909
1377
72422
13930
36729
91204
27293
96266
53419
82735
52188
83227
83780
14160
2553
50251
22978
3562
28522
67145
80578
55411
4374
72042
98275
67344
61258
23590
25403
96828
67333
25546
92822
55442
3434
66092
4256
1780
59437
43090
20621
23461
43381
53973
42432
44431
29508
51562
90418
26950
59124
85357
57558
63464
68033
55613
49669
60210
56761
35689
8811
29716
321
98561
45463
5093
10371
74437
55906
54935
4099
24409
46042
83332
44251
6672
16011
31585
94856
16095
25240
65645
38246
73287
26871
3011
37619
17241
54095
33202
34710
79562
43163
29919
36212
93673
44615
23992
97200
98543
10617
76206
34655
6210
35319
9387
96017
97852
12216
29023
10543
71492
99981
13678
13564
13168
93609
64638
26414
74715
76567
38383
17429
42563
42471
17375
4146
2078
86152
5528
94125
83252
60622
67371
5234
41842
45737
37720
27386
16502
73671
65794
56872
97452
14873
98204
86650
67461
59719
52705
93012
90291
5328
48686
62282
39823
95927
65397
67078
7597
80065
76752
2718
51265
92349
14045
20192
36492
50853
12724
22820
63998
89324
26295
4959
26601
3843
89995
85594
88293
70007
3197
48514
38777
246
5291
98437
5298
54698
4877
7370
69486
67278
98772
72755
71205
91159
95232
51231
49341
58247
40859
79565
65707
76140
71543
31823
25025
94455
47544
72534
26874
93628
54921
25715
84084
71228
23551
77178
25748
54710
33663
48436
77103
91441
33058
67609
60714
6381
1642
47617
26338
50472
28220
12475
37503
37760
93044
6098
59074
47778
57272
28626
17385
37699
23215
70391
5132
33812
52297
57845
13493
25295
87195
33620
66943
5233
56227
58766
50711
2802
62036
76391
60026
81297
37789
64293
84583
7272
5506
55329
23354
9269
45590
82262
33390
15622
77648
4275
72333
1857
91709
88222
54128
36206
35634
26642
94746
34370
1301
2753
63119
4821
92647
15896
79968
86608
43534
28911
23375
80773
79882
14324
19906
60001
58864
34096
287
60490
24431
68469
6436
12756
42627
37259
17747
98360
45367
66031
40396
32410
75851
18758
6615
57065
68774
97118
9051
21305
35116
63696
29262
31501
50724
63648
26951
66561
55226
94550
37977
29300
54169
78445
31673
49359
51512
27405
63906
38774
96769
32405
5360
16884
45958
90290
6834
85514
86733
85930
78443
96875
27947
29723
82710
572
40852
80468
77771
96239
89428
14143
75325
91711
74408
67902
93193
12763
37238
4815
68520
30439
79663
57366
37179
27431
44634
88283
96000
78855
92131
7225
19456
27673
49689
68324
65984
95063
8714
22162
1175
76441
59174
9834
2726
59661
6876
59055
7676
64474
59387
11419
1863
80248
23063
48323
75025
16958
34252
59502
30046
30655
70704
14396
92233
84741
77306
40792
68242
2636
22048
9613
12899
14788
57707
118
5129
236
60780
36572
40514
69124
42181
24939
51740
17204
79791
6551
47009
53824
12231
78230
69367
46207
52441
43265
46573
48060
45991
38546
33951
48973
60262
90090
12777
91472
74167
2620
14367
71898
56095
14984
64003
93864
28360
35668
45197
64076
87057
66155
60130
79129
78515
73616
15139
51447
9927
27166
76276
40353
78709
40833
46629
4576
294
78984
7218
71708
89528
37698
18346
91748
1423
34138
65460
10541
82425
89468
25654
55510
36334
24345
52472
63063
91331
94057
64225
26573
29654
41229
89437
59508
24989
38968
579
50474
14634
87185
95161
83073
79629
14688
11279
99335
30150
56640
4569
10775
63099
51464
85610
97154
92422
23494
89984
30805
79342
60624
26643
62025
35876
65514
13736
82563
90997
85960
83948
63548
37567
88925
63615
42310
45080
12645
7611
55277
44847
58705
62532
50642
15669
6764
35986
14682
19632
4432
46135
29276
4812
20426
61555
31680
43464
32336
49064
99298
90874
57371
46554
1604
6532
17919
26638
5260
6856
86857
92499
59089
15043
3737
27362
15018
97310
79459
86523
94175
79620
1565
75496
93005
12466
35691
97311
8613
95831
57881
10338
87752
49132
68666
47620
58892
1744
41645
14148
88597
69389
89369
27115
86805
72089
41835
19114
16136
33940
2279
35672
59112
22456
11345
7731
55945
83233
27574
72100
64230
3433
99296
69994
80128
48423
21310
80366
55385
45879
91387
4473
92341
21759
30898
61201
78454
53431
42398
21706
73194
21419
35569
77079
51709
21206
32367
86143
15015
20291
32938
74501
40477
41696
32468
3196
60219
25874
34465
89690
44593
84240
36369
99793
32216
57942
91967
38078
40733
73433
75935
13145
35814
46489
75582
9054
57924
82268
21979
61118
80363
95880
11059
3687
67569
33023
23543
42318
5921
24106
17342
80386
1822
66729
40489
23563
77414
71750
71176
31484
10228
97323
80299
52130
37073
96538
35855
16259
9524
86516
34464
25575
98674
51401
94470
32689
80736
54583
17430
43684
94407
30814
16746
57513
9767
4604
94376
36259
96960
34090
87877
57499
38096
52296
79862
88154
17765
44258
16268
46231
65931
72489
94219
6814
47779
72818
46444
23990
31668
52135
26175
97406
95304
62587
24369
95812
7083
3653
44430
68142
43616
27212
32928
7432
50994
43999
2147
7934
52476
7061
59139
57465
99041
89394
3576
14931
30093
84844
8082
24753
50814
97256
79581
77179
36929
57693
82793
97615
1303
73938
67736
61401
74187
28080
98294
96967
45757
20916
13299
61516
86310
60315
88670
67094
54560
2959
49080
52708
13057
56994
24405
63199
78497
4235
67117
39668
99525
67082
74116
16115
8521
96856
80390
89409
6953
84115
48286
10244
58566
24202
86416
18945
10742
82192
32155
41436
13033
95274
40331
75903
16717
35424
96332
17255
28781
87241
46905
46219
70213
36062
36762
91843
56006
62470
84733
76047
38903
47742
30767
6006
83728
29052
68328
1933
96902
93501
44517
56709
19131
15840
12153
43688
51336
5531
89339
15978
81309
69056
78106
77073
29037
84063
86199
18311
1180
84578
61746
99761
22480
35685
49458
72565
59247
42803
87441
11595
26420
82626
74835
53550
55383
3309
37677
15802
4254
80105
70557
8238
8965
55382
48006
33459
50560
52803
48068
66965
46737
62680
92326
70317
819
62864
59569
58690
23014
76671
56679
18212
44321
51160
54609
31117
92981
61496
71897
25003
78788
11829
72451
81848
88974
80761
67641
62559
48253
58859
81594
33029
14377
24249
40515
76938
14484
22473
81218
39373
56208
46155
11077
34052
92177
78267
48677
97544
31793
20902
32463
61984
12830
36139
18471
18730
88478
95149
38537
68770
48020
46377
73461
94315
51094
9376
46952
52416
13828
49773
69208
70321
86843
36140
79276
12687
68076
74498
62357
70217
91612
91600
95801
23200
22340
12293
2742
5672
84222
43883
76620
66015
76991
90508
18269
37089
50791
8269
19192
53257
19825
54372
68964
71769
54076
1264
58449
64865
21519
3371
17719
18220
49633
60712
50042
44016
11614
41324
34853
60573
31834
22151
8860
79315
44301
45480
86127
71445
89244
88050
43404
10594
10115
30023
8874
48770
75770
25405
88198
24692
80028
58587
16413
81242
52041
72377
22974
10434
2046
88259
61959
13063
19395
93201
47361
35620
1990
4519
17024
80739
80659
83731
48523
36456
15287
59625
90054
39793
99766
30684
31357
85667
9046
58413
79107
95787
3686
54087
21143
54050
32859
30599
42696
55924
61332
99913
4559
29108
82970
57362
52578
91428
49925
68026
76361
89031
91481
52314
59638
29002
30669
19658
63105
30532
12345
78892
95974
37458
5563
10196
51040
3549
59939
39387
90947
93336
21330
97764
6694
94049
33099
45644
45611
1840
80022
24059
58537
51044
68293
92179
18475
91337
18848
13404
87124
5487
62261
9197
6108
13650
19822
62535
80356
83548
10073
66756
60912
70855
13011
78969
74781
43717
82083
94088
15305
88528
17389
6909
221
38428
28091
43610
30884
21461
48817
81438
26494
28406
85128
25440
58825
58021
12476
80178
25894
61653
24095
70274
28380
61560
41583
81482
89593
99841
8244
62812
19712
12372
14174
45430
47114
26234
2572
70193
96026
10640
37183
21011
15878
9946
1658
30839
59518
60604
26504
71401
20001
97771
14399
3723
8760
10337
57233
18034
62578
61768
24517
82007
56574
93174
60568
42119
80538
80316
98341
4335
89294
76455
40464
42742
15705
70516
45105
81095
62302
1992
27577
97352
95799
55805
56523
94987
46667
16346
28639
38101
83018
50470
42401
97762
22943
96315
40640
45232
65971
85134
10792
40960
83459
92532
54358
75637
5327
37093
86922
10029
27901
28539
59456
12655
95147
41886
60167
55603
56349
25344
22622
47547
32387
66200
66604
53403
6706
56230
12205
68766
68771
17558
22799
65996
96076
77978
85346
8995
78084
80926
1227
88368
29717
46591
68157
42540
42376
96379
22012
92017
53409
80904
24834
75761
42983
10044
7747
17067
80605
72691
44855
22307
77880
95293
78411
12554
74923
79263
66613
71827
69253
41644
13289
70101
42191
53046
99970
4713
28296
61817
50889
33112
71749
34624
86920
22999
65653
84574
93192
83356
71036
69469
28113
55797
46345
68167
88424
56453
13651
47769
35833
98657
69503
35528
17084
37341
33105
40137
18830
54797
24014
6289
15103
39143
85945
90150
57215
72347
68968
4364
24037
3929
38259
55460
78197
37068
18670
24791
1735
82561
40013
8040
13808
18103
74976
6803
89803
59640
51197
65453
6897
14948
10453
75265
82680
19614
77047
6556
26931
77535
99051
75357
42806
43410
64743
29641
48438
84265
7888
29605
47679
72461
14267
84925
68644
70118
11033
45023
83905
68671
2759
41960
43353
75820
53699
42344
50093
19734
10039
44799
41208
80543
84945
67044
27759
67060
58978
11195
21031
12174
79825
7718
90512
31756
39424
30356
91817
56102
21117
88830
40448
41551
78353
43954
552
64248
85760
20158
88727
91874
64630
82402
2899
7850
94180
49049
53229
93890
54684
63021
69652
9489
25726
69108
78375
72709
58181
59184
80394
65409
55769
68826
46753
66152
65150
44481
53878
22108
43237
40869
70674
77461
25662
89027
24924
48813
71883
33328
5985
46083
53425
19380
73886
23385
97884
65326
55007
1184
55678
96772
58388
89548
6715
21892
70347
10259
99076
60796
29415
45911
70352
53927
28550
68839
6348
24412
92659
69345
36629
17032
12608
36656
49264
49367
98358
83243
75544
48458
35471
34087
35988
2366
48700
2787
15161
76654
15130
76406
35239
39574
72950
67023
58423
18905
31988
81903
39074
80673
62990
7700
52632
74857
48296
57375
46813
85048
32786
33990
71809
50294
36612
28565
88298
77167
83623
77589
68187
94870
67654
87144
47646
22344
6689
20284
62952
54472
48484
54973
5903
97122
9379
914
19369
8903
70885
55470
48620
64558
84731
6894
46998
93844
66845
59676
45711
7844
69821
40744
41575
89473
27886
19100
2442
85199
32876
89944
27433
69212
98709
31678
31510
24518
25529
12603
64790
50546
96380
28243
71684
38183
59662
74918
37927
3356
49355
33353
93770
86643
91291
30285
47515
98474
54425
65299
64481
42939
41402
3838
31200
31581
84876
86394
24457
23920
56241
12752
43578
52792
98515
20567
84753
49921
1644
34725
25321
1969
91102
5757
8386
77744
78579
91284
61942
51910
49585
4303
93269
43865
68412
47798
81780
72287
25983
18713
55892
50225
52858
730
22987
21033
4735
48475
68699
96215
77704
90540
37491
29806
23122
54972
62533
9204
46277
16667
22936
795
67256
82421
6159
63547
59005
35160
66389
37626
13396
22363
52992
14753
59311
2788
51595
2324
3979
82098
67653
53308
74106
10713
32490
4063
86048
63700
65965
34286
99000
8773
90020
75317
54138
72092
87082
93287
11716
87791
34551
86935
65908
9979
84973
99845
75686
87230
91299
5410
70795
24870
89883
25040
48076
7313
81061
56296
69843
4226
23852
58367
59148
90275
36754
34431
60982
82075
85880
85877
83002
58315
61384
61176
89727
83393
16407
2384
87298
62757
54526
98628
55759
42448
79591
74317
29059
74405
9458
1774
44819
71803
35274
21377
93925
58899
65988
67926
81266
54694
67409
42647
16326
58837
31826
90510
67391
62555
19424
92291
31140
34977
19467
48007
14205
90604
41054
89062
37533
54406
30399
3841
79900
54628
77694
41192
98684
84477
11049
43807
18525
67028
3614
77289
37983
53000
89450
97338
5236
22717
63282
60775
2064
31082
8600
15667
88927
70969
43075
29556
53563
85099
14301
60347
88525
83878
95888
53817
69423
99037
82737
25007
25712
82197
32083
98241
99155
97489
42128
20012
82629
57285
19021
13363
99351
29937
712
36807
99813
5759
78766
95678
60805
85517
30271
38067
78141
30798
52577
11397
43293
50639
82012
27109
42249
47384
41730
99190
25402
14654
38940
22095
30500
75144
62377
26834
28066
96525
34314
28304
22082
78138
66197
48777
77164
2315
22950
65456
40818
31442
36976
4625
70074
27506
84530
42423
80293
74273
68550
50778
16777
84105
80910
99467
62422
3916
10094
67940
21998
46371
61439
25468
53519
79179
20958
2613
10669
2001
52546
74123
85026
74729
7113
13751
61543
23380
30437
32308
81598
44224
69159
18206
38319
53351
57902
35304
82231
57123
68489
71132
51653
13989
9243
52106
9484
8804
46312
30387
18895
7790
93778
18694
43216
71958
2500
26051
72103
81055
60888
54982
72066
46053
688
97224
13225
83856
29531
43741
62315
12792
90877
242
80549
98174
55585
73032
50241
73084
55737
90732
50775
77862
11822
71482
27189
94108
29254
10238
46828
15203
80134
64621
4438
41211
55662
45491
60333
71303
19113
18691
8458
56518
9847
80333
57648
69892
43927
63130
84693
71525
92106
49403
44932
34460
31189
97095
88137
40162
53161
33672
95265
2615
95842
87178
87904
8853
85397
94136
8148
53282
86404
58269
13658
59710
32576
2097
94585
11032
95993
5395
67682
76035
82438
45178
77104
41604
79502
33547
26215
62129
76855
16113
19686
17808
50681
56545
25649
70473
96166
66695
38092
76464
38962
4482
47993
56246
27531
72618
9449
94818
15451
75197
28644
8068
55511
18417
37133
4368
24318
43168
32359
83080
25577
13359
96658
25482
83788
95023
75312
20579
13485
25281
83600
80966
40809
33410
351
14212
13272
25551
49449
38228
54283
55628
94121
1333
54426
57986
68503
24743
43199
92082
59200
12331
53780
30528
53917
36388
60945
55434
69923
24302
84366
188
33003
47568
11235
55073
8093
95710
35921
66681
29530
5971
93166
12599
17913
14708
22919
75985
81021
83839
32805
8464
21026
37841
69770
35028
77420
54708
13959
73549
43988
23873
67656
18496
46335
26758
96974
17206
42689
83390
96342
38783
22964
56900
91563
93075
91297
45967
75782
70578
48560
27463
94079
20434
87673
11907
51614
44346
47811
31013
58019
18678
72520
42242
36555
11472
75295
33572
44281
96354
41888
19680
39196
73517
53530
59364
29396
23148
44053
93833
94232
56520
76604
19624
86348
37141
81663
1559
87319
41613
50075
6780
85926
9947
99838
73400
89951
43461
6464
31755
11711
9583
2503
4711
86360
71693
48530
7754
66718
19763
46391
57437
30877
37686
91212
66093
77347
42845
41733
77630
43756
85937
62082
75389
74542
48786
65535
97522
93003
89530
94357
4769
47730
89350
55312
24107
3334
75592
98651
49315
32264
67572
87886
11392
62763
38338
85674
51866
19976
49523
47774
61924
69588
63582
69934
91334
41564
82150
2749
42252
45622
14636
38352
67127
3733
90624
71685
90719
40076
21369
9504
80699
56051
41921
53837
69422
88412
38694
25494
33205
77698
65819
72865
15083
16565
67791
55301
57861
86882
74577
3065
84536
86365
3992
44979
5292
57778
99420
90232
22154
28037
79156
72141
16973
88781
96770
34577
90842
20828
39799
10812
63948
48561
26074
33295
55345
90644
89599
47727
86187
82647
71314
34352
83713
10229
35910
44869
65591
33517
46672
39592
26764
6680
37634
83974
44791
38599
65762
55119
73418
3017
3313
27479
39650
59114
58547
28711
44368
7465
52038
37486
12918
37603
65729
57987
87421
17560
61115
98080
89182
65865
26553
48545
13723
19059
36663
24559
60038
74101
98920
69754
15801
87278
48898
62724
83749
41863
26832
34576
43751
45039
7359
76800
8698
59239
10814
78211
82473
52346
87608
36926
65105
57183
1620
90991
69787
77061
7861
26604
93131
92757
70804
91525
99902
21588
33144
29444
49242
7627
36838
74884
21224
46121
26942
35639
85090
85045
26073
99741
59305
62126
12483
11346
29348
90756
76315
24971
802
67891
2971
90586
62017
62825
89386
91504
81123
10937
54593
14236
47591
19923
43841
44764
23156
67554
45501
86445
76771
20389
47612
98338
59981
30635
96244
63597
42712
81533
96037
6972
21191
36195
78587
56471
59331
6151
34852
72868
55566
72544
31747
93706
69356
75880
93256
48759
16015
52893
44522
65875
45065
60032
16415
10458
97486
89193
43655
31496
10526
61307
72788
85519
60719
35616
74529
29562
52880
40050
98687
83723
93059
20190
31850
84040
8729
76837
40281
19373
69043
7392
55651
91653
90203
40723
84908
78532
17444
92869
55896
26940
86386
28402
75487
67267
6599
15500
98198
47124
78145
85811
12521
13236
62937
22577
94726
81143
36576
52625
11939
52234
28117
20957
32474
22481
49593
41718
23965
19731
12478
23103
22232
4749
36622
77233
8162
6109
6524
6261
51125
62644
59749
38806
56053
73013
18423
67788
63008
53484
91566
2219
24938
19781
43035
36120
2909
98569
18296
70832
4111
3705
58386
25911
42461
22272
11814
42996
19547
84445
67839
79861
59908
60818
76202
79451
64145
49804
60560
8629
34033
21185
38212
34390
27982
67987
68457
12005
44198
23713
40088
72393
27084
15416
33575
1202
44214
65394
37943
60553
82340
49301
73847
16657
71249
599
20394
72663
90497
34860
35241
45119
51454
7158
5814
99455
58951
7510
9363
23967
48177
94431
63838
72724
31139
43406
24164
33246
45187
71882
31447
94360
79690
25243
62997
16323
35057
82144
85179
3115
3772
5849
75167
13201
53265
20442
49197
38583
44486
60908
8930
53119
34454
37728
50708
58178
5683
90656
14889
43205
2736
99969
57372
15114
70664
40392
25071
91465
73821
39812
42804
77777
95889
38422
66827
55881
82310
6861
92342
37122
95454
90783
89684
5281
55037
44842
69980
51079
65186
46831
56196
58248
18200
27029
56661
14650
69802
76003
2805
20455
29647
4076
69296
16247
77171
95090
19517
46985
7187
60237
1847
42207
10307
69388
97665
83107
65293
98357
67997
14430
95855
3481
15017
34744
71577
71367
1940
99150
70396
83696
82451
9399
93698
75432
55083
57050
48123
19572
32255
60106
32821
3459
69975
97721
93559
35825
89012
64240
31589
71935
98983
52584
37380
42820
80668
40913
17906
83612
95452
58335
53792
80630
91439
37316
61061
84486
15133
78044
60559
33235
12821
80447
38896
93280
7699
15294
80793
34469
54652
17750
18374
95333
74196
91155
40600
84874
39846
34943
90426
95243
6039
82487
93432
9438
2459
74963
64344
47313
65845
77397
29579
13349
95821
73148
9179
93108
87191
84965
75119
33206
51332
73209
47643
43389
17380
27946
9872
63737
93042
63995
71160
79184
79104
19929
15146
11158
4051
8571
3564
29239
80782
20997
61441
59042
64599
93294
76547
6477
92140
46100
55564
20965
77581
40798
72022
88885
58066
63616
75734
86891
81424
1401
44400
61842
41589
94190
97322
2936
72533
55654
85057
90898
96079
13381
50971
21124
24228
27907
1176
13385
8809
92684
97969
77431
50934
90494
78437
9364
27616
56649
75976
83133
91725
47782
31521
91938
75264
51218
55753
73331
8670
59044
88195
33603
83594
96654
28263
44879
26291
11343
71526
7173
33612
69908
6969
488
91099
57768
82254
34636
73308
89816
85409
65076
74764
886
50450
91169
35655
32019
33989
63471
31704
63533
80731
44
14500
26196
96022
94266
37506
29820
71307
65007
25655
89644
69535
62023
82999
75609
45269
8159
84384
99934
69328
80723
1827
73186
2524
50877
79934
50300
7391
54310
72912
35380
22478
80029
82727
33936
30718
47355
43289
60289
64161
14756
78408
57631
22157
61829
27208
27473
23897
69141
49527
6081
87283
27317
45495
54022
31323
27658
11661
15640
14786
70980
12853
92095
14221
85298
3910
37722
81699
79989
36834
19880
12578
51905
71344
8529
88339
96434
88272
2978
96278
55715
20686
8620
95756
90675
65839
13654
64785
48188
64763
72695
58761
9048
902
59274
71123
97235
71405
47141
12113
22628
19338
73711
26962
95050
64741
32365
83379
63187
52901
31160
40887
59712
2153
1055
24614
22141
79507
41140
67233
70968
53852
49489
53027
91750
64017
2748
40613
98631
82084
58996
48052
10026
74868
24748
97857
32931
63660
15395
96825
82177
97334
73739
20976
99450
57332
33136
46641
40484
37456
97361
19895
81836
85468
86223
96078
14004
57472
76626
96458
11910
5988
90119
12364
11685
61491
13601
50777
44464
39334
35942
12050
67093
39125
57850
57474
62243
6860
32803
74874
20596
8453
39825
23017
22034
72346
1854
20274
7334
64922
33124
89571
15482
42121
31584
70137
32128
85770
14901
59088
54565
86917
7772
12887
7130
18793
12780
32175
93173
12321
19457
67944
61311
71587
30236
88948
95527
68818
31764
57938
20817
74726
45916
51060
98193
87481
68143
94620
33201
70005
1391
67787
39136
77060
2642
53618
21695
51953
47566
575
28734
17302
68642
28765
91698
58115
32877
20112
12387
59940
21719
63519
52784
44941
78761
30091
87438
99305
68795
93695
38348
92195
97393
95153
95381
53171
93738
95643
76201
47513
24980
71034
23835
69468
22560
64308
10127
25907
62839
333
43535
39426
26331
99569
66982
35694
93051
86792
1124
93472
47971
29935
14473
19945
25837
56202
89097
55729
9580
2546
94097
56636
11735
52968
4964
98039
38996
42092
64759
96849
37814
38187
32142
50389
23116
31637
59688
70947
54430
5099
98017
53897
73479
49146
48651
14468
96224
59131
45263
26681
6001
34925
91908
21919
5889
55062
88483
19169
58113
40274
68843
15513
95908
84317
37256
59461
56484
95144
64627
47799
18154
25318
71446
60853
64736
16555
84519
90779
37672
57242
31950
81327
25493
43563
42524
58870
38630
23289
80477
84500
93291
59933
59498
44763
77582
15477
83241
29888
65101
56572
37371
80172
50790
52315
92057
97395
43304
66354
26733
86992
73299
73595
84447
49185
82611
72825
49179
20720
94779
67495
45349
80444
14464
97202
71163
39758
97678
68089
62666
22647
91520
3027
28664
83755
83129
37338
20305
61643
28581
30252
8598
30104
47812
5720
38794
99332
36438
17762
3816
66101
99364
89349
48396
9493
97507
97711
6113
50273
39336
94644
84938
61537
60759
51766
54219
59623
98789
23656
32816
90113
76979
456
89911
61749
69205
24085
49530
30621
48183
55589
48835
37757
53176
7347
61196
99216
77169
64387
38281
64706
40609
71960
70694
3612
75147
6357
44858
46670
64329
91050
66097
89353
23128
7490
76903
4742
32936
67772
20613
73719
6445
48866
19
21722
25854
44374
32937
4327
17516
27551
36312
23568
48928
42960
14393
87227
7190
93
70195
19593
25831
9136
61889
94261
64829
39800
53074
38059
71477
92324
76044
16753
40488
89948
90554
91958
73332
3588
43346
13064
54614
78977
5160
23084
64268
48774
37463
10165
27523
81442
56612
62424
92237
1742
78572
45036
78227
57158
59801
66406
19324
96019
34708
37614
61624
27394
81648
41504
5186
68174
91318
7548
2310
75358
90838
43255
83401
29507
56822
34393
86307
50521
74531
64871
40155
88001
75786
25866
53160
87882
17281
95856
68840
94075
37780
97416
17056
99695
39821
82587
17706
14127
14497
84032
79650
17352
41076
43419
74546
14256
76544
10086
22198
65253
8153
60474
65435
44441
37733
37732
15900
25879
48919
51936
43165
40754
7355
20712
99442
36287
11090
75868
88501
36799
9710
16406
77107
27900
87907
17036
99748
13226
65195
17335
99361
7371
99601
24248
95853
2648
28204
49465
64156
33592
60028
59349
23327
22568
25540
34268
86790
65939
67083
99211
86411
98033
5
1397
13622
53056
16836
41447
34592
34851
15413
81372
40728
35122
10969
39099
11803
41288
27998
16089
14689
77556
35571
66784
95595
11441
75430
18098
1918
48638
11456
86135
7447
62798
21918
544
45109
25434
15940
59763
19090
93729
65638
48271
82901
40546
52249
64462
23687
94582
9884
68022
94169
65570
49379
2194
41853
61758
25751
28215
62084
40854
88078
29001
48228
63983
41816
62549
84711
67754
12806
35928
37731
16224
1144
31652
45149
19302
54478
4248
80881
55273
29467
77238
36251
78146
7351
32625
52140
41325
29043
5962
77735
5178
60229
95260
18360
84359
42940
16530
54055
42641
91663
78429
55543
4079
32643
35965
33915
23665
42339
56295
28947
33414
75186
14087
2193
96676
22848
82308
13306
23397
42746
44537
27513
69420
99935
30130
61620
94350
45976
39271
17726
17057
96094
18916
90781
69817
67367
1345
15775
84867
182
42924
40889
80743
36522
40096
15512
30042
24937
61160
54843
83518
74736
85962
92875
71415
67398
57582
83912
66046
53578
96158
53502
24073
26313
42173
52452
26621
84716
30597
20792
50776
15484
77378
20785
18563
86898
83581
68277
87006
37976
32874
19209
81335
42068
5577
81119
8189
36606
33873
67714
66618
71784
79025
78581
867
18010
59321
32482
1539
88370
46718
27127
31399
19600
49220
59946
98778
74600
18006
39970
67705
87325
52520
50813
53861
17097
81808
56473
93915
43303
81732
97814
90666
82429
50352
8564
39595
39119
85053
6320
10575
99350
87437
51705
39303
52276
20874
67519
81897
11893
28257
9992
2052
30906
82076
5287
87440
30761
35109
40444
97955
77176
79312
65549
76351
54477
28915
12024
7908
65490
65183
39380
80314
59970
36903
91777
96060
84251
55340
60546
10635
40141
26836
20027
7238
28026
41400
47906
44283
48870
68848
39930
64168
81225
30333
82004
61452
28718
71893
27689
85146
79486
97954
72670
66621
61279
60814
42098
42725
56867
11267
63643
60214
36936
47519
42508
73989
18289
94592
98588
29475
60086
84515
59210
34375
44534
97951
78533
88826
6491
17114
35717
63524
86852
15379
6575
83435
17487
49650
93408
15302
73021
32023
19743
53063
67614
31147
39155
69811
28116
15129
11650
83167
34516
27662
9897
20759
38645
70149
32538
51761
17498
52412
50690
64373
84732
43263
64802
60931
72974
63118
65691
61167
11941
88469
73632
98251
59259
83040
65523
43421
57849
13453
15350
33279
23211
98217
55763
20003
8377
69031
43599
90429
78591
26985
25141
26021
92223
48618
61498
58938
18703
39063
64999
27223
50219
41922
90152
50162
11561
19106
60942
21937
12808
96787
6985
18380
33927
2239
834
68844
33867
23864
80619
28332
48816
40494
6033
69484
75386
25704
28111
26035
18497
8534
40027
38264
99986
79431
7423
99154
3441
75510
11285
79912
40561
39447
63450
44788
1732
47951
63352
13223
71216
75070
97835
20722
90486
96801
90404
8440
91503
21484
27543
10501
13509
85369
82129
98658
33004
56290
74458
74779
32776
34255
27091
1281
16510
63129
86542
96098
95673
50874
60324
47716
39669
81201
35741
36051
24267
42459
7480
28318
25034
28707
36490
13
92314
40450
82468
60121
93932
13059
56665
92419
34887
84532
99342
37875
12609
37885
62371
49882
73181
61302
22288
99243
81349
6421
80830
83100
17484
97570
72202
74320
44986
77953
79914
40653
94384
99792
42271
13395
20778
1550
3890
27206
90667
33721
91403
89215
4487
63806
16799
20406
51974
41573
96675
71326
64957
17974
5207
83521
34213
38417
11006
95170
86189
52954
49814
51063
64744
86716
98081
90967
94673
45274
21954
37370
9170
62943
38661
94221
51022
88643
6577
44542
63025
50871
50125
81347
20233
43044
13734
36435
63667
66843
46425
18361
52190
94897
16159
57952
91848
70273
19342
17492
75536
81224
1803
9562
79532
28543
16659
60427
88247
72473
381
52753
58653
27077
36645
77057
24564
59912
51661
24275
96270
67068
1855
19387
85119
81558
78448
9885
33715
23629
56855
10226
64498
33261
33546
42734
27978
15529
17561
57260
53167
45415
97687
50968
27877
31245
21886
85453
84272
18195
38587
20663
47470
53568
34470
29926
19470
46395
249
84185
97390
88071
32798
56893
30894
54515
515
33383
18024
38193
80612
20787
18858
97700
62211
74308
43862
51720
70536
22491
66929
1634
63032
81017
53844
87883
11247
53169
55221
56071
24554
93763
47884
34841
53941
80420
25695
21457
60915
32719
6760
62976
24537
91345
88755
40669
49739
97896
51487
58374
47628
7978
306
9924
46821
23118
86296
43738
97512
62461
6093
20968
44122
2811
87811
83043
22922
82495
97491
99886
96993
57104
45129
78165
66923
31205
37383
10685
32926
52666
10821
55765
78884
75532
33047
23574
46210
58390
41510
12201
85121
39662
50155
46096
82484
35308
71325
87446
84116
82599
54948
21456
86679
94682
37888
82125
79453
79513
28374
39582
86957
95328
75203
7115
81720
13414
95014
64787
76190
62707
65528
40738
21692
26772
92336
44070
85867
92941
93461
66081
27157
18107
59381
58818
90662
40179
3730
73474
63074
90840
29832
43808
43003
11952
14955
67786
30447
97781
57459
71353
91911
5819
60170
64209
9806
70562
39365
5527
41939
32076
7184
32849
42551
98021
88851
56624
48834
85370
71071
26487
909
96863
52270
53862
14857
33265
55387
27427
98842
12500
12147
9959
55087
62511
40501
48992
38637
74605
36401
83882
82018
77268
55966
43975
3268
14553
47422
86605
3578
9151
79891
91715
13481
160
22459
51445
70185
77457
21469
69196
56509
48983
23453
84868
80099
24171
86149
80348
91180
94815
21890
71848
80511
6318
13972
48409
7409
51201
41252
98702
99872
93239
24563
94907
26246
25873
11746
34950
92670
53643
55000
70860
82798
54093
10452
83173
45918
93338
97567
22139
78521
3256
52369
44408
82137
36042
3698
89292
25561
90432
57893
44460
23070
80844
8812
4202
62955
28339
9817
89110
50580
47253
14616
59375
99555
82249
68716
73702
41320
76842
94242
85927
41233
83822
2067
29902
49539
21997
41236
32403
84325
56027
78753
17053
22021
81286
46266
85418
29794
86615
96651
9219
40297
71676
33071
43008
75011
86340
44607
28654
17987
99149
59803
26644
81942
51387
14970
98506
32389
33976
46116
58036
65173
79474
45667
23428
27720
82898
67474
40506
20987
51142
85699
97136
47737
54473
73751
40138
52587
58472
83827
26323
29350
14932
61450
39423
34278
86995
28808
22649
32196
27974
8443
375
65956
38510
45728
51945
21366
44131
78337
62260
2714
60220
67807
52507
83523
10818
99519
86079
64327
99624
71222
92231
81691
89314
47641
57538
14740
72293
16308
22379
46104
22791
75184
12805
20716
70539
7658
49059
66588
81214
22036
577
99837
84489
51514
83779
91847
44179
69448
67277
22660
17523
29695
38280
33813
65505
78733
29540
38476
88816
72758
31866
8246
15736
90944
65287
74883
77789
84677
31015
66912
62932
12508
90067
28904
77280
91395
59037
81211
35473
63362
42501
99775
79015
14359
56379
19227
19559
14171
24799
69252
79320
119
62645
63022
63385
48099
20165
38967
36775
28442
17146
91379
16940
69474
16768
71764
30730
66969
68344
50734
65277
55289
20283
47804
40261
68323
34713
93191
24104
80290
43710
57147
7785
88335
79226
5522
64991
90566
83989
80975
17398
92201
86868
96272
68859
71788
56998
80783
84344
70653
4070
62632
18889
49833
51367
71106
9758
10788
98635
54436
33291
28878
50981
52821
16061
18663
70112
30379
47007
63901
92281
86986
73459
50893
52351
68475
40694
53603
83200
95988
1575
6975
46876
7103
39342
19315
6496
9629
10313
5773
98971
91742
33406
26511
7254
56535
95945
86666
17293
49042
85259
34290
5626
93050
24364
85426
70508
58510
61327
16583
78295
39918
18719
18180
82304
41034
87778
15266
4252
1074
25097
50633
83196
59241
45576
28259
44212
45968
66292
94186
49225
32586
42863
55348
72045
53102
58939
92416
58273
87182
84802
40216
76056
75720
49390
28198
2023
25078
21861
23395
26837
3688
5618
14637
13298
14181
14351
57267
61850
82122
95453
4222
8544
49143
57769
60342
63269
26322
57551
82470
74268
35854
25439
28977
3280
70065
8222
78759
18943
11011
11308
41599
61723
17272
9083
39040
33854
79336
51700
3671
47392
55681
15689
45046
36892
90984
3840
88577
30264
32529
28368
2974
117
66048
94275
71323
77603
3276
84645
83873
24929
25256
59833
33806
8212
25275
95189
38534
26091
23
49654
55103
40857
16511
88214
34691
34580
89584
917
55987
31042
68680
84568
66760
65024
68041
59006
49154
25073
31099
7329
13908
39378
42414
29549
80826
64176
27636
5662
40718
38112
55861
50253
40017
44936
93470
78692
24374
42233
33647
93867
94093
95484
3436
75393
59190
68857
30987
42210
18168
73087
12395
30340
18281
74838
4718
89813
97638
56276
93306
30442
38334
48032
87369
30182
58451
40485
32318
43539
81170
51692
99169
20080
34764
23438
16731
93339
82498
52420
2850
20793
90193
61998
87205
30800
21629
19447
71430
55311
71107
34680
54223
41232
34795
58144
45050
67223
99100
38735
95362
47231
7194
21880
62492
29176
95072
50819
31375
29245
47344
67942
49774
61415
92100
42184
52641
15836
19917
57900
23553
47188
45285
28015
35100
26808
4798
72791
29376
83256
25089
20780
85599
18658
74969
44655
90954
21701
38375
69949
94399
92828
82039
27155
92210
26981
59388
88152
8207
90695
53240
28479
65069
71806
24729
72648
42219
87349
73011
57756
54812
8233
12550
96466
46751
25550
41028
42186
40919
13372
70166
2198
70937
86937
94016
54352
9433
17623
73703
46154
75860
87767
35641
56738
69733
3946
32458
95164
27033
12100
77957
65867
75394
94983
82553
58525
63634
35014
17942
27949
11897
46065
5806
6078
80689
45093
66970
44824
57179
653
62573
95897
69354
4083
27259
68094
74592
49947
59041
67429
70843
82675
37570
39283
84465
77796
71715
48432
85382
5066
62622
83968
29113
16118
91131
13971
88712
63311
33493
96737
59335
36662
56062
85885
53583
5908
30122
92062
70595
78562
11037
25218
17962
98151
91214
83270
75076
6240
55806
84718
75841
44079
36496
11957
92271
6029
26891
43317
20414
52801
87774
21849
27711
84847
29793
9844
42137
41016
72374
90146
68732
15438
89623
96945
75371
92199
76998
14390
59852
68291
46544
57072
51418
70472
64418
30410
60868
78505
70521
51290
62672
87321
20373
59440
3241
34869
17540
67612
6999
10033
73778
41328
90979
96925
16335
11303
67160
37953
56199
5740
68729
78338
91651
12306
39629
1801
43119
66775
58241
91226
44078
2241
23875
68702
74807
44180
49873
45998
66249
30497
23693
2891
53712
28525
81961
46732
56490
14407
6959
69362
93806
63706
15790
68543
29844
88796
77798
39516
57134
3809
46299
66949
18743
50488
33129
72474
59058
92230
49788
36756
6918
92975
83230
82412
13900
25184
27839
16258
65816
23392
21897
92854
78023
22860
28597
39740
83501
70481
90631
82175
90064
99899
38877
91962
47594
89957
57915
81383
47063
66071
12761
67671
4135
5670
28469
94515
29714
99203
44773
33439
42400
98134
64377
24671
6349
33282
44382
60871
21144
31182
40355
4961
30048
37444
14649
86496
30732
30982
19401
87676
32542
70032
80130
63303
20470
6481
13151
13560
88666
54420
97590
40627
15242
6964
56770
94351
88073
60187
27352
27904
87818
30869
70825
3493
92574
39085
2777
1270
59598
89697
66396
12529
57922
36904
1278
55998
18654
58284
63244
3975
60618
70309
62967
70225
54139
89920
22254
92810
200
86466
74332
81014
54333
86576
23297
23853
74077
40246
27371
72530
70611
96115
36427
73646
34642
3520
15044
20762
86157
96913
77391
79779
6487
77740
48340
51699
33825
29071
36803
61819
9206
89111
45926
27075
12829
98554
48858
86856
39135
67222
98380
69084
30694
74345
45651
19051
65283
87261
39476
53959
43797
52626
35859
57661
70188
91628
85464
95767
88110
72502
47703
74147
62778
73972
8789
36482
5170
30484
5503
99993
25867
26219
72068
16263
19595
8688
17646
91894
98138
89066
26967
147
18828
10786
70948
90872
5583
57411
32097
50330
30785
51600
57427
13050
49219
4726
41994
39691
35932
6232
30063
88354
230
51673
94254
87367
61826
15108
22416
42756
71382
14566
98109
57871
60143
13107
88070
81817
94731
67847
26517
18618
8676
4958
44557
98387
60783
79313
19596
4130
94501
23002
52890
67837
15332
15872
34159
68439
99054
6659
20396
65756
93862
3947
97081
25671
43606
84878
51669
91728
74985
34392
32101
14033
97555
31983
3600
71248
93877
8846
81623
61027
67886
54134
91346
91373
73128
95343
42738
38969
15301
88929
74539
38610
20970
49016
87858
47173
22215
84805
71470
57990
81653
63166
33738
5701
27375
1519
75913
13886
81718
8008
71689
55102
71053
89602
34842
97435
84070
83816
46146
34075
31639
70887
72967
97332
17195
98756
8737
15240
85497
21819
92501
36987
4799
58536
57178
20648
9601
19217
72650
98697
35205
53225
43235
89071
83895
88279
79962
47720
12422
27971
83377
44363
13487
65070
36240
91423
63233
73878
57879
65568
19793
35310
6827
