9515
2511
95661
65850
39990
4967
44973
5716
2036
15571
51838
2530
61110
33209
63529
59668
89752
25467
56480
75975
64807
77477
45158
61780
84491
25064
84057
42111
67086
62457
63375
93809
68266
75928
89049
17993
90178
56558
92252
46165
79608
84859
48269
77475
28416
62607
97869
47517
78291
38783
51275
14983
79149
17106
95684
14945
1705
49314
51121
9837
1583
61883
27032
52907
7128
17494
80484
47698
61120
82949
77514
11658
51412
66092
66634
98782
24417
68083
29249
41979
38857
38717
61875
52862
99493
94345
93026
19556
59421
52823
55402
41988
17969
45369
78800
64247
52635
8561
24559
79822
7355
93405
39505
18492
27217
45920
95149
15904
32968
51167
79811
43094
86193
18494
18279
18423
17123
3604
93759
85019
78862
68353
92479
72008
35245
15292
92222
73074
93041
14853
53638
91092
83352
23148
74591
97954
72394
41514
2221
91745
24459
19457
36
22824
80997
80201
68892
47433
29707
46995
735
35140
65229
34772
7103
38286
64130
3850
20173
82032
13578
24789
97985
7833
36690
39223
25100
54520
26786
6279
15818
62011
90425
57022
5613
70059
21489
44778
96710
62018
68104
90611
31019
30322
47926
2962
10326
32286
65271
79361
1623
96654
79903
47735
11058
20085
48411
23205
99319
44882
19975
6362
85755
41572
5364
2455
22876
27411
5271
54196
76800
49406
34295
61646
26139
42555
82462
86718
31050
25748
64070
23249
1396
7130
44493
88458
57078
5477
9206
20377
13702
80560
13969
39133
98351
74662
65354
81516
18130
81897
80336
44840
87023
49294
15405
82501
15414
43608
55932
5989
30788
66093
18097
55798
99753
63129
93831
4767
94260
87278
85916
25604
28500
69446
72324
77580
8826
9969
71975
98421
66342
53745
52069
85183
78960
82852
4075
98139
65061
6035
81474
29235
39791
77194
32096
11079
93773
9395
34720
24931
81249
60837
47426
22363
26413
74008
15389
17762
63144
50696
41913
99358
36746
60025
30528
51512
60090
15907
74032
85934
72275
42473
13473
14612
81580
41868
88912
87314
36900
19199
18598
89657
93575
35289
31353
96839
76665
63966
72941
18134
96047
97249
11164
70870
49212
21450
28512
61160
25582
36549
69199
74901
93265
21626
31038
40928
29421
65151
20902
34683
75139
96729
19873
12906
97626
36338
93156
55345
74376
62261
71612
72793
98037
72703
33329
45089
71897
99272
17173
59949
24100
17716
36399
53738
58964
92509
74289
93297
7155
45666
91831
2172
46892
37509
24937
12870
98708
45247
7039
23808
25753
47769
98636
23936
39795
21364
95760
607
79283
24274
63822
91755
61824
33868
97534
54935
37506
49066
42521
69968
15381
66319
22595
75433
67429
27896
52412
62107
37075
27881
59133
81990
52564
93617
60729
19287
55146
43287
48631
55161
43492
85146
78900
25086
80447
29501
97334
87462
16956
88625
72762
92340
6836
59857
6857
31199
5868
85348
93133
43600
56224
38764
60583
82412
7181
55122
49385
88049
40658
96365
86663
99083
35589
6144
50812
5377
67015
21312
8673
72362
94578
26003
35214
62540
1974
70538
26294
57558
74871
1194
79927
44064
18537
23972
27724
49766
99495
12847
81659
51214
51717
63613
21904
49506
52285
32272
73907
12105
69515
23794
90298
36445
58711
87805
94184
65725
45316
35551
45659
60767
22202
24620
25136
21338
94325
77097
69225
46365
5084
32144
99098
55844
40281
24795
99602
89822
71214
20579
97377
98836
37141
3164
40248
77935
24915
6487
9178
53085
49714
86756
37837
59392
3887
27985
83407
34335
67592
36495
96256
92469
79743
87451
83854
14517
37866
63561
7325
36083
91158
39583
90979
80832
49788
87796
96685
75505
18051
1896
91325
21710
29525
39213
80926
19333
46802
1005
11632
50634
35816
19648
75287
7800
52295
73717
75649
92322
92598
94312
34387
13530
73057
78772
11720
96482
70817
47224
40552
71141
88594
81163
88843
43078
59191
20913
33312
79844
73710
55360
83139
98025
11191
11811
90904
4234
84277
65496
21687
2662
27143
16350
58083
60052
28264
14145
85476
33869
49626
49230
64125
82415
42725
28384
92534
67037
50353
1450
29007
352
41919
106
30908
55401
2121
23938
1986
30554
51006
75189
80009
81078
17158
49695
59443
34106
55922
59817
34462
41423
12759
45590
40712
66737
61192
66780
39375
25783
41747
29067
61315
43158
28339
92034
9940
67204
65516
96183
33930
49560
16859
38836
14190
55476
39563
12044
36537
5285
85156
88663
35544
61856
23550
91856
17139
35382
77496
81073
30435
97460
30183
3730
56218
92896
4421
38951
4071
56761
50118
23577
50524
99987
30858
46579
52955
31432
56767
23612
74865
86169
99407
51515
85641
99571
87139
72855
30665
46889
20196
23084
23496
99621
75261
29352
22217
93085
70228
23832
5875
49686
77891
47549
28474
1273
71949
69580
2247
20802
57724
57244
8055
71887
892
97897
58695
66680
51003
63705
30086
63924
63371
4287
68995
44347
94651
14061
14854
21624
47372
21932
62942
81231
46029
14252
48770
86924
56257
58300
45398
76945
77808
57854
99112
18634
16357
94766
36787
20183
710
71658
42699
68893
45081
37214
96483
35552
9652
87891
98258
70910
34729
97798
14502
75398
13183
29842
35410
56124
74353
84614
50900
19939
27951
44447
21318
62486
26268
8792
22287
33485
11005
63155
52776
30936
35785
68260
76530
66562
34405
32666
17485
10813
75892
25349
84980
32626
6583
46597
61506
9550
18193
79833
755
98371
71830
55598
78158
9602
16383
58322
77810
4412
42806
37852
45841
1161
75474
16319
92829
27596
96321
20851
79765
60348
98027
92308
11790
14908
31859
85423
19805
53603
60755
29303
18524
64366
7649
82973
90561
11337
35737
83426
70184
73591
83044
47400
27357
63715
71512
2730
89181
30532
43422
26985
53986
43733
52
35607
61089
556
98343
24956
47020
63995
27475
60929
82369
72560
26289
55609
19138
15070
32278
3988
57944
48430
77687
4863
28375
84542
91694
2440
77678
98991
34015
14137
8030
85569
78150
46262
20088
66886
26031
66520
49920
91050
45723
33241
58024
78727
89466
23028
81831
85697
54887
26769
40478
58338
82798
75537
78576
63877
24279
18311
484
74402
24204
51703
15936
91860
66335
88862
23575
5020
80846
82724
61830
60269
57068
5464
56522
42147
23864
41828
60749
3425
20435
26684
53048
86699
45295
15087
93968
52816
68705
57228
75773
91990
83307
59283
88569
28617
29778
77983
93104
98633
78928
51166
78719
68856
42354
77841
8886
40623
48924
99848
86570
76492
9732
4191
22407
40719
26075
6753
3476
28720
243
75625
52717
50523
92433
48833
1766
65146
28092
45519
58504
93239
73441
38456
92860
62449
66286
97037
76679
10927
89037
57526
21623
76875
15878
19738
10819
40441
67094
78423
98168
56246
90537
64010
47664
67192
66044
99095
68066
30847
97953
61230
88713
61430
65541
28893
65342
14332
92595
24145
81668
81701
26862
23930
10450
73331
69350
71404
41762
2329
1596
48673
35755
80084
96910
69422
98360
90118
43338
48850
22075
45760
29387
60812
38634
95512
9992
73409
57083
51094
78032
83084
3123
80947
56837
49883
39279
35309
33999
74715
65759
44686
1960
86118
82237
95798
45846
67684
55039
57217
88530
65577
10694
30365
45038
60139
8092
89841
13633
51809
68796
9714
5410
60918
85352
44160
43168
39888
92956
85332
34019
9205
87780
78999
36894
91373
42281
30166
46034
21614
2427
14683
16417
59850
71864
83383
49388
27379
95158
1313
27967
82688
96073
98805
42783
15244
73430
54022
51542
45727
14540
17736
56030
75470
60871
63879
35832
13712
58220
31963
58813
18645
88982
21459
89641
92320
21882
93272
7748
83491
76387
49397
63940
98611
79796
51694
6255
52065
99636
89763
45049
60411
87685
52256
54159
11206
39582
43675
46645
46126
56748
57135
95598
91739
82986
737
58248
26721
91652
87166
69724
58224
34189
75600
97700
58415
24750
20837
99614
15534
93010
71482
18184
89730
24518
18664
40561
86427
308
73397
33973
34455
31279
67126
5956
76285
6664
73281
94835
53517
26220
33522
73862
38772
94990
51015
44174
82768
73369
24657
10678
77235
29820
550
78294
46698
99189
27448
72653
10321
91166
72551
76564
67660
51831
18258
1433
93524
95328
60911
6657
51708
46948
41116
87258
13432
169
74110
12127
14027
76363
46510
59867
97867
56174
64649
97413
33100
87587
41281
24411
27712
75172
16298
7972
58660
62959
9473
12172
60010
56365
43660
62405
3395
7919
72480
44303
77815
86038
68941
934
58293
86609
12917
15258
34087
12669
80054
59852
6000
65370
25869
13823
60123
42229
51352
644
48556
77153
64015
65838
51102
96659
41430
29479
48319
69862
15618
48156
64554
64300
56503
97658
37413
37856
39117
51222
60345
89220
73460
79944
24923
25233
6842
8741
37928
88475
97086
61292
44823
25514
97801
50890
75009
65635
75050
901
74160
3428
45820
92773
35329
83780
43454
74977
55104
15464
55590
8260
67377
79941
480
73041
93091
60835
10381
64617
2389
34449
79378
74642
26615
84732
6350
58296
41416
77967
77700
80577
80723
82925
45691
18978
99076
61378
38498
81475
49064
77127
51598
44468
27658
62370
64399
64791
52724
98697
11200
57853
15759
94548
40670
65361
88408
84315
67288
74811
66794
42212
33226
44465
56045
57842
898
19846
41372
73309
45136
19510
32762
25523
89530
95965
62353
9522
43816
1062
9564
11025
92966
50052
67219
21961
23181
60484
88942
18429
80657
29577
16913
90774
97059
91453
97607
74773
709
44711
58913
77336
55557
42427
30774
23524
42713
84841
59552
63768
10911
87777
37176
55361
22502
55491
46537
18867
54349
90356
69889
91539
3790
8097
61415
23749
92472
78497
4161
62633
22025
43498
81287
30719
74663
658
92149
92086
43589
5369
25624
9627
110
10954
65533
55711
57092
49516
39190
45280
38290
28067
59278
18087
30143
60907
33719
45774
96176
39547
79661
79611
2785
78011
20517
20639
3204
99518
93643
84269
1202
19463
6606
21339
77636
21662
20066
90709
70250
64466
58052
80717
92349
98470
10878
39589
47766
42411
2802
78463
70315
79730
86424
54865
16438
93502
37599
28487
97830
14510
84028
43302
60353
54087
44638
78596
8179
6686
77114
84402
67993
72578
86442
36365
13793
99725
31667
49360
10618
17655
50774
34699
72926
2668
14039
49465
38234
79322
7018
30548
4344
60588
40291
62114
38117
96955
28616
4943
59310
5469
89143
35525
41101
29396
87103
2094
9119
87172
45406
15905
860
61827
38616
15834
90718
25758
71997
73136
27108
76986
69624
9699
76060
14527
12955
30681
77753
78033
99284
87463
80238
63825
50964
53274
82515
38731
41025
16368
64838
32910
20471
87005
36624
24574
29717
79895
24803
90506
51232
90607
92865
6028
45059
8134
89456
37115
97843
92309
24338
79324
14483
26727
48529
30849
98519
36144
28530
56890
53556
36962
58147
83803
87391
43689
58851
31208
96246
80454
36836
94021
38844
90189
331
1052
89016
55916
13267
89643
50772
23686
94984
7123
30101
97145
98617
4356
74260
61849
50469
86509
25066
63180
66606
25338
32319
56274
12080
5990
37038
39039
43747
71905
45334
96893
70463
86451
42219
30456
71034
88529
58444
79908
53901
95075
19828
86743
67014
84568
54120
90112
54853
20945
79405
1794
91178
72208
38711
3908
54636
72650
73763
77031
11178
13952
50636
20425
57657
57590
30077
51225
32054
90860
89925
62684
16655
8789
12775
29391
97209
48492
17634
54715
15576
98362
95363
87136
48504
65273
79805
63242
50790
45358
93680
60294
52080
6155
87415
8544
21293
85282
30459
49373
52666
65199
62709
47721
86649
47058
68559
74587
44379
91833
69243
24331
93221
94680
33741
82559
22908
54001
89746
73809
23306
6280
17165
5551
61200
21170
74896
36252
41462
71742
72529
75940
92197
42607
75325
46784
13984
11105
65387
95767
80451
49423
80257
24611
14705
22215
97202
16761
60634
17208
93431
21246
82683
70004
75548
17415
21749
88142
99331
55166
7362
41334
73975
95200
73448
60203
32783
72939
86233
81932
41424
48048
70155
54049
67929
56850
18324
97725
72547
10687
10546
96539
46378
34949
51776
93721
37435
26351
58429
76317
31284
37645
30290
49228
51400
29919
45987
33778
77566
70202
14397
41174
45924
15796
52411
61475
21871
14933
13810
74429
36647
22008
28035
18419
75380
37233
14298
91808
49601
18819
53078
96999
61051
16085
79981
82628
79439
23481
80586
84942
5357
99778
56250
61510
1064
74116
42166
62730
58725
36517
85515
25863
25092
92664
2341
98934
74139
23046
67663
23146
21869
75228
72776
28453
16637
84445
60576
37077
33171
93640
79465
34669
9458
16605
72023
82606
63473
67545
7862
89782
22748
28575
62436
5224
61379
91793
88769
76075
70741
22286
58448
9884
12777
44090
12066
45887
89492
23766
20139
24384
97232
5315
39435
41394
6545
23317
90162
80375
61080
81381
39665
67043
62255
22914
61825
61155
4343
91906
17102
37081
68650
91634
46857
78310
12138
74996
65932
23266
55644
85243
48841
18568
75341
47232
88728
32875
87771
12779
60335
30477
58097
34854
68638
11151
13176
80048
88083
90258
157
61086
41445
18050
38208
87980
38730
63779
83202
62394
18544
37749
16348
60801
20839
43411
99605
74058
98728
52785
55169
61361
4678
31746
62830
2724
11300
40423
76181
52245
54427
43632
9725
73407
16495
11345
81805
28081
54890
23616
55434
48626
11171
95364
77285
71318
84573
51007
10520
93211
91930
99025
71181
32130
85064
33339
71893
4440
99353
86539
13318
53878
81440
48765
26182
35808
28540
27998
80138
46513
38210
54774
18086
28574
57690
23345
57080
72184
19170
86136
11196
67081
7547
40644
17410
45475
11513
82976
95239
32588
48739
61153
68346
73001
22043
38431
583
54814
76533
54992
13854
19453
56459
73529
19864
2494
29979
81062
19554
62
71539
5330
16075
4916
8275
26724
27838
64401
63791
46776
1614
91277
82170
19810
11024
25807
95513
68492
2583
78214
2825
91662
72257
57757
47617
67627
52765
83368
95279
83206
40549
55012
94168
43549
95393
63707
9194
30601
97501
9219
76189
81471
21290
29225
19892
45547
40135
51499
10440
58004
47722
66899
62787
34967
54854
44601
86113
84416
6092
20759
17302
10372
19637
55729
93963
4389
42254
325
75720
93921
33346
81098
63531
44376
48549
33515
13869
44545
98507
45802
51887
51688
2147
41055
83161
80131
97561
22689
60649
17131
77139
57975
24439
52518
17972
77067
64821
61208
30464
14947
50363
31722
79292
18435
74992
89030
36361
21514
75381
82686
73942
56942
35522
99373
26041
95790
83211
28437
47249
24442
67415
62587
78249
68855
56677
67107
18727
75935
96479
33813
97748
71595
62323
87852
26449
59629
74838
65898
66112
32710
71784
35383
81212
45756
56599
32964
49710
12535
84721
77313
32808
7282
71969
85268
49740
87482
11140
73107
41885
15809
34572
60004
17413
52983
64640
30443
2244
83813
8444
48285
72870
97186
40139
12716
94845
78014
9151
88226
11127
59050
20770
91494
70090
63756
82434
9469
40473
46913
22766
64272
93217
41866
94449
62335
53690
26551
43899
38961
59569
17563
72462
77594
36434
46275
48963
92434
3897
22841
78344
55138
88000
98203
94237
99315
26780
76618
31358
51276
18859
41285
17911
13273
66199
88043
85372
56509
17779
19083
65300
90920
77878
64696
19900
46623
93448
33253
7224
22170
23925
84909
78932
18814
89034
19670
29033
96801
62350
15286
87353
322
57239
22515
94987
81491
71641
20840
6796
17456
56363
70363
87965
63988
70007
84350
78478
42159
80171
80464
97195
81863
96373
74293
88324
71455
913
65439
77579
47806
48687
43756
25071
35567
16419
42510
55327
84472
37440
79123
13643
67361
8567
5652
74443
37294
89964
67621
4534
4158
22509
39948
36825
24401
11364
7036
63457
82932
66263
21160
40538
48480
91563
28005
22369
63023
811
46413
75194
69805
99084
78093
69189
46883
57580
81693
20677
97733
40513
47341
79427
45269
26685
22596
97617
76366
13864
94773
64878
62986
66460
12651
25108
74303
97213
20185
25805
56670
50115
77616
13740
72606
14782
83919
1234
10568
64308
71191
43685
8005
26418
94638
27527
72004
97468
27335
20513
57630
67244
58947
92493
56109
14132
16769
38126
69466
88171
13814
3353
92049
82437
94525
85497
15960
36161
3673
98356
23004
86420
41346
41071
11548
90524
29753
37984
74317
52726
89405
96612
87312
26747
44776
23888
58845
13488
26157
99469
83060
3385
86681
74103
9505
41448
32936
18854
27842
96315
15736
41024
73594
95289
48127
73569
64560
9032
52035
2456
95918
66986
59773
10114
54151
97656
41971
56833
23491
89057
56064
67473
87389
6897
9018
73252
85014
23986
44068
55534
72798
63771
7929
655
15025
17354
68968
59330
14150
10375
19445
73677
32237
62150
87812
5607
97416
98256
6461
65891
57787
75097
39737
74220
43316
46550
47910
87271
10070
1689
53081
6009
77280
68538
45610
35373
6541
79550
74129
7647
41039
61173
95057
49013
35641
61726
94850
23981
15352
37809
13902
3190
19456
7300
5744
62074
55271
61584
53495
44846
41261
78409
66386
34686
10158
4949
54067
23
73178
17468
87439
17858
73167
89032
90746
52292
49931
11422
14474
71333
5497
48344
13491
3662
45154
70275
41357
72314
92683
4433
29454
79483
96758
27850
45939
41640
46754
89736
21841
80224
81049
63949
69185
87363
19702
77914
74960
20714
9453
85793
9956
31203
16328
21199
77838
89631
19786
81477
73623
50961
99457
81429
33857
12725
87832
55856
51851
32859
79144
3349
85011
85462
47964
40914
5055
92305
19544
38133
78335
31231
61458
45444
41002
66389
9987
79970
94686
35308
61041
28292
97293
3851
40713
68327
41004
56526
23640
79035
1195
35301
30637
77932
82349
51301
27731
76868
58821
37897
58829
62569
42075
46186
97211
84920
55565
81137
76039
26608
97382
44065
84738
73172
6010
31263
3401
20876
27593
61971
49652
94372
51228
41902
37265
51130
96231
68851
51640
62331
39695
95431
8634
83830
75850
40973
82950
8880
97273
74149
2258
60044
24399
97389
86239
99711
76235
51594
54795
26151
14360
19219
47629
27193
96962
14492
71080
2110
86483
29286
63149
2095
70271
4825
12218
27342
13796
47103
35485
42206
96225
38119
11807
77598
70666
51455
74553
86573
99870
12859
61151
71648
3916
70668
23733
88915
40351
68820
94618
85740
60597
81430
35666
2398
2829
6027
9339
95422
41236
23853
95637
14345
63092
21317
81596
85857
79115
70836
42367
2166
71154
18497
18012
96777
45627
73004
24836
58901
59371
98058
91726
61320
11867
88633
28880
55362
5577
72304
68988
13996
6151
95264
6045
94271
71070
38292
80527
85610
70991
25858
97306
6867
55708
36115
75415
91996
11964
67379
33081
93709
47572
45765
50954
70629
31303
930
30173
52757
66850
11149
83665
32521
79566
45557
5170
57204
10729
60292
39018
67239
68498
41674
39200
49477
28559
76191
27870
12553
70748
1015
14754
19899
77898
83625
82622
99941
77493
11383
27077
28620
53184
61186
7029
96458
14995
45637
180
48348
14759
86379
80908
46313
66753
2650
37560
43175
1515
88630
84663
48580
83594
57418
63079
78097
35275
39024
88987
24426
8790
63604
68609
73636
48029
38839
52437
99746
38264
76897
59575
6515
43230
17168
16229
84832
33094
47140
98174
67001
31397
6799
46521
35032
28341
38612
77428
22206
13866
58745
76802
19215
22247
78899
61900
37166
18001
46037
4885
45184
91873
3796
94049
13653
84974
37175
57151
16678
57301
44026
85607
35350
97053
96226
75862
26306
79112
27302
31143
55770
36020
1698
94630
90838
47421
4382
10995
8191
53224
12712
3483
62805
95216
20008
78128
58179
40328
26278
6268
11298
79370
18257
1690
57430
23740
20158
81917
68644
34382
56574
96504
46431
34909
19673
18933
98631
11810
36362
4941
89173
29514
82017
90744
27156
9962
57755
70925
96941
22321
54972
23417
25899
15119
79745
89002
72743
33321
28446
18039
59069
47057
12147
41225
19191
25000
54348
43515
93475
90209
16751
43207
2672
44651
93032
41765
79679
38947
44150
65599
16262
61766
95681
94864
58142
80031
42900
41848
71390
38496
46514
54553
74971
33215
23657
58750
36037
90905
65841
25366
10244
63344
53303
1146
29114
37139
4879
44186
32165
42207
7935
81237
57429
32544
74523
5194
99831
38474
49320
41748
74248
10201
80045
8150
72113
69578
93391
35261
8356
91639
14088
47464
88018
36598
83116
43862
51944
60271
34724
96089
85191
22878
84479
13795
55688
19674
76350
45701
37155
97172
61751
32390
87988
89683
54698
40849
16121
90017
22805
29944
25888
61488
30253
51908
48533
82292
27798
72026
6359
76432
33005
97075
73536
97903
55008
89192
2676
98076
68678
35517
54696
71108
17870
49890
80944
49851
27872
97694
98031
78934
89778
46486
52112
20161
35482
98688
95210
22734
75211
48853
89939
42318
35022
93895
37447
98269
52353
68067
77237
31014
22970
53212
6538
21888
5584
3101
82940
49936
14328
88205
45654
91096
31087
82099
54516
21224
83215
83128
50063
79467
65794
34080
54354
36191
77698
10155
93355
72634
2294
48190
81508
47308
83104
15089
50737
43683
43892
96536
53282
98138
82880
17968
30606
23817
68572
92351
5068
90068
78617
48146
89934
59514
46348
93504
36704
40444
16578
61648
78
69511
44611
83708
31674
35730
4936
43829
18781
27566
81181
49473
6794
99446
15899
5132
42958
25732
39378
71264
55703
98944
36632
457
20666
91215
38093
17687
83776
58581
94375
38233
94668
67494
26405
34321
90626
46882
23608
36888
69837
88419
88587
34105
96735
7753
83382
90485
31813
14852
39320
44072
47061
71089
97018
6522
21004
24244
11890
2137
36698
61263
48255
58771
12808
79383
17193
7428
60829
84870
37109
53036
26791
97156
51625
41032
1381
10488
9506
53870
12435
68465
82840
72319
90584
44175
74338
69204
47012
22110
14504
36003
81148
66650
58341
21328
38363
97731
98970
26499
12885
53813
29975
49796
15544
65448
94459
2603
7823
42286
60793
97368
96608
12067
7320
26895
38831
82815
39129
54237
44233
78333
39638
2582
35770
46267
47351
24834
4055
80744
56733
89672
50200
16265
4111
74410
68342
79638
79553
78430
40682
70203
86771
15406
66596
49315
41288
68656
61284
36601
73695
65884
78981
92141
41700
98331
96090
66540
84411
21095
24153
85782
89883
24173
37218
71315
3491
79690
89438
11846
46414
93327
30324
71142
67166
1883
74249
11706
6594
63922
70575
79097
54594
56758
66169
30366
26271
85470
16849
89364
33381
54910
86047
10353
45437
64669
78594
7852
37828
67844
23559
58714
22860
42655
49821
97788
16130
42133
23047
21525
20939
53804
78266
5633
33142
79031
52427
41320
97898
59712
17475
59517
32856
24681
91365
5014
4439
13155
76931
80587
55673
34497
10461
88571
44676
60572
98784
40861
55986
93213
71276
90037
46888
36280
31266
17718
19506
89872
71804
63343
13232
34948
95727
98747
28167
32930
27420
62009
29382
21564
2301
35855
16293
32645
30278
20371
64514
58095
93633
52401
66964
72573
7117
27462
14511
76286
31953
26103
33699
12463
86121
7816
82227
64688
38028
11711
97648
78508
62522
42904
60287
79709
93874
26580
76122
71963
10024
43035
77482
10428
52335
22528
13685
27693
52833
32794
79478
75835
44549
2564
27341
74400
81503
64673
97255
97539
8943
34606
58072
49790
16161
60723
93920
1599
26086
52296
52660
78095
81787
40628
560
38835
93579
23231
5138
17656
40408
11849
90225
6855
56180
51762
85998
50538
50963
96513
59630
24688
26466
9560
79247
95051
21520
99830
28101
44925
20565
76801
50743
7640
58832
90106
6635
65785
63498
64410
95552
82956
94974
33994
33581
63925
17805
12459
34084
29660
35326
41770
70954
52376
57832
42172
6371
59207
69019
52435
30668
93456
59114
19294
31594
23003
14950
16145
28719
43897
53012
63587
77850
80298
49181
65081
23778
73098
60971
84795
92088
14489
12520
45990
74413
42753
88231
67421
91374
20357
63684
5503
49656
22764
94155
60129
8739
14777
68302
25
67771
7926
73088
6705
10638
6833
98954
46967
61422
76092
60804
76734
34587
17756
22581
40266
90959
62079
62902
24179
5093
70508
88970
29123
14654
13399
21360
24057
56148
93188
28825
26287
33197
32895
76299
55826
63211
41447
15848
51423
91283
65627
84161
19366
20033
85104
24547
3193
47411
34007
69885
13334
56130
31956
88488
28461
17683
14687
8131
60825
62687
25171
14629
87435
10404
22883
91282
93741
6188
44402
46934
61374
45750
64809
39151
30053
26411
65575
61029
42979
59319
17971
62751
16872
98815
17808
18901
90451
13073
72746
91813
7663
91932
44742
65630
88688
3629
12872
38397
59774
64833
49527
48795
65677
53292
73362
71408
1329
56777
98376
1931
44023
12194
62626
86882
49176
16964
66396
51177
15112
85289
41820
20716
83144
22334
63275
76120
51596
84247
65374
83443
10407
7793
63729
75340
14211
48007
47503
72102
50948
4105
85267
21479
8860
30821
42215
24817
19538
99786
52699
76484
49655
74481
36654
84766
32992
9007
32367
95811
71114
97509
77470
55594
43902
84764
27366
29755
47031
1753
37384
77725
94278
62499
33045
38237
30621
30169
75042
48883
64246
59064
34473
52357
5939
50189
65280
59139
55211
70536
64633
43618
42195
51574
72710
70033
34319
30946
63412
46387
49143
98526
54142
24802
7422
46205
64454
56421
61812
50141
79221
26303
66089
1042
95691
83194
93458
8641
71160
72453
18718
41252
79549
55353
4952
62238
51891
23295
7992
33621
8255
86805
22022
69228
28290
96571
28877
55274
81744
32386
70789
51467
52052
20698
58488
83080
91512
37946
65565
47715
77812
92445
11157
43387
61397
26439
51837
1336
57875
92106
77250
43539
17288
17786
52691
28847
64542
30767
39593
33968
76705
55446
99127
44143
13302
39313
67285
43736
75788
82341
96331
9443
25203
87307
38074
59573
16475
38433
60687
39650
89331
14801
35849
91872
62770
94110
3603
52153
63652
72419
29162
41479
95750
47554
27092
74761
5539
98055
41518
10850
21452
68593
41138
79913
78429
21458
29502
69990
53661
9460
31007
63048
35803
37718
43406
69693
19990
83101
33912
9051
26063
11861
71727
53803
81854
35239
5460
23980
17789
82368
69902
20931
10525
60873
69306
75801
49812
16657
16839
84513
14486
20450
80413
17685
59275
31590
33787
26445
8513
53679
9014
88321
54535
53017
67548
4911
94212
82936
74660
43032
85058
40574
94714
7600
3237
29799
46730
3534
67901
15694
57472
34956
76110
53265
25699
45253
72699
17242
75633
71239
91030
14051
49057
70231
90400
53245
24160
12006
70013
2372
6324
15963
80661
92655
64823
38981
16007
23362
12797
54235
92450
2634
91567
84251
9167
76506
59725
37889
97759
41280
32
20881
80875
84218
66772
28382
26539
48138
26477
31803
51221
6046
58348
47221
13276
74066
32478
97479
50015
81338
28057
20752
74607
55302
96459
89051
53487
56645
60307
41077
94373
2851
73812
58221
88700
56343
31612
68026
50732
56867
41903
77390
40742
84595
803
26902
18720
6381
49733
63629
22961
54834
93606
23940
26703
29910
6195
5546
77835
51770
33374
73337
35185
62855
74120
14108
28848
85935
34160
19512
92166
41
24950
27323
9730
44964
90061
82495
9128
28168
17580
67176
88248
28643
3900
3275
30752
5883
19129
62961
55489
43217
69961
70481
3628
89522
99121
93404
1451
41525
64002
75554
40770
22802
12224
14408
64508
61763
77669
59911
18057
19724
30913
73123
35805
24995
55911
95645
46982
59438
4176
26534
3169
75533
71734
51059
68041
50438
48409
65513
22636
50739
53105
65245
42867
74468
32747
36839
33810
68061
51447
85165
30394
24486
21219
88657
5932
38803
55180
55066
79783
44061
1961
88895
1538
43912
30843
97609
49784
56286
25570
11550
45793
88001
88210
31946
70978
66262
75384
16889
55914
16494
36569
57140
92613
74712
1990
44564
37549
68634
62237
62575
42569
7099
64742
59195
91568
12357
195
21333
1787
39397
48236
75397
64955
29866
30838
64233
6167
69675
55351
12404
22005
16800
81031
64939
93806
21702
59561
83448
82296
16660
48802
38980
88615
63510
45231
77166
83523
6199
45763
3270
34670
99001
6222
14215
16742
28070
32241
60233
23501
9623
62216
4255
62517
85097
19696
27665
31885
24556
68945
69077
35867
50317
80522
80563
81443
71951
84294
98305
8242
3462
19120
13269
87350
67927
98640
30765
89410
99507
43561
56649
79233
63517
5101
56300
28758
95106
64596
35817
92311
25781
89131
14497
97817
96880
20374
61912
14488
1535
91600
23409
2441
56293
6332
92454
54899
64745
46834
11540
19863
7174
23050
53769
90390
23296
56667
60092
28992
22083
78121
16268
75428
13787
86198
60965
39527
83460
40598
14175
53162
74921
4696
15703
62793
18745
22945
77745
56146
20848
23487
4266
77593
41509
1399
34558
52600
45076
21566
8954
39947
22447
50702
3138
73102
83511
61045
23337
41409
83668
13874
51889
63237
33660
40741
46475
64989
55266
18126
54917
22061
34860
76300
18307
50751
38192
45402
21198
8451
57349
66879
7091
83781
34613
45133
95573
81802
32851
90602
94071
24949
24939
5067
23760
31862
39066
9879
21737
36050
94654
71302
97381
22840
69454
58005
33519
82914
42280
29156
12845
93043
38346
8383
15211
81012
38579
33484
42634
54905
73736
72478
60001
99193
88523
58740
11680
72346
81152
12303
99594
563
17945
92299
73693
20482
70255
22546
40300
31104
70263
30262
39314
87080
58335
46992
62679
52687
49529
45921
43987
57963
93179
84696
13499
50993
30634
33511
47486
53788
48468
48752
88632
96155
30947
42108
26094
92755
62562
58242
69179
69666
87957
12795
62073
54398
93979
30518
97976
58726
87692
94138
42014
53243
15132
50764
62496
60250
46157
79200
64964
64753
78726
83753
67667
41037
63572
72933
97133
25556
32143
40220
11722
9519
7867
93437
54969
26906
72322
22130
40427
37471
66609
37693
5957
69557
20325
70181
49945
82941
61382
57479
82251
14613
86458
90492
53676
50180
29500
86437
69953
62551
60066
96104
36067
2924
36352
61014
50199
44887
54903
41773
71948
28225
92855
83567
94683
87168
45668
81688
58646
85974
67017
94623
80412
32263
36041
24410
9253
59108
35710
64325
48496
55239
43469
31006
30300
2191
5714
35400
60666
4246
42654
3274
5117
56011
70911
47186
1276
65674
62550
83579
32279
41300
7795
83750
88351
80991
6475
34252
92654
21848
95305
25998
1387
37803
50811
34674
68316
89304
81901
30863
93339
75509
52985
57698
98416
40789
76645
44153
13514
10431
81013
73913
2376
25731
77631
20710
72438
56416
61862
34531
7504
57863
63992
72047
75622
31352
18878
88922
53750
57883
13824
54953
50592
48887
1857
46472
5261
39914
86585
78610
10031
92025
29713
11821
15740
25080
38561
43164
54236
41642
68794
67523
26142
3613
35127
17669
55153
88522
32334
41384
97714
2466
79048
13673
26196
75440
49862
60776
65503
80112
29405
96128
50836
12233
81452
25737
40053
41054
11131
31269
68404
54619
38810
87156
22007
66203
4416
9605
82980
89463
10391
98710
42651
66375
14217
68048
45103
48705
98838
42370
83939
12673
46281
47641
58340
12381
1411
77541
46782
12361
76859
98053
11660
1188
41523
32772
52482
76009
69819
32484
28930
51885
70757
34889
86057
60910
51630
65290
83305
82945
86529
83137
35020
70416
1037
72919
61541
67499
47628
70043
36529
65127
80150
69765
76218
53234
41990
27305
75863
39281
91488
19007
25041
46030
13312
58632
61126
46726
76198
35851
5997
87202
41047
81719
62538
86506
12760
63297
38805
22884
96195
18000
45188
22903
83413
75102
41566
36952
96573
60869
72947
36886
69324
46552
29716
18823
5237
32397
51481
2084
25063
15542
37430
29624
76527
13133
75162
18224
64831
79896
7959
85278
57170
56852
97303
48102
71091
89372
84111
39890
74053
21858
65283
18578
66463
13241
48775
41892
79033
92989
45332
63309
42041
80782
27012
11858
22091
94851
60842
97661
52990
47671
29475
32399
46250
29594
85761
15156
95338
5266
49433
45173
38193
71578
77463
76386
26191
38889
84465
88234
81983
15009
81837
20953
51725
10657
83758
26044
11265
31787
87788
26198
93075
76841
73501
24678
40759
62915
6386
38635
33954
16966
23443
62489
64205
71161
39848
73972
67634
68313
98759
93185
32148
64298
38710
1550
88123
52650
33578
1918
78765
6086
61716
43751
39730
63158
10148
77578
99013
54675
67765
14964
74898
16126
746
86322
30709
39974
38974
75717
82194
43907
51815
78282
12263
79100
37338
76156
30753
76886
44426
15939
95759
92196
86357
51921
418
37745
12764
70248
91430
47286
77655
96751
73998
71920
70414
95977
22178
55325
51112
16874
99875
65800
35541
61769
82157
83188
2167
63523
59074
14176
71911
94685
89458
15309
63866
88722
22
75762
8615
15053
93501
81358
74666
14735
29780
61302
11998
60140
37341
40330
66716
43557
65687
6357
70689
31739
59990
78313
13540
433
29872
73340
11109
97806
17192
62836
89533
55150
90188
39736
80436
95413
28602
93736
35258
64940
64859
42832
42658
58060
54721
78218
43067
70707
41617
94157
62346
48632
65798
30786
8494
26526
41132
21508
48844
32320
92321
15066
40722
32055
18030
72195
86227
84912
26998
42409
36552
87549
49123
74117
85344
41196
71782
17985
46905
54893
24281
4217
98871
17374
10559
41309
4487
4212
68482
8705
71510
77750
9252
55157
28244
46877
78517
77239
28287
73205
92830
16855
32349
32458
99910
76470
55888
214
13831
68729
79536
99478
37990
8726
91706
36576
93421
74306
47573
98222
70144
14937
87427
4795
50176
99210
36901
41796
46937
4274
40938
59987
9851
97707
14808
71535
26973
69327
79027
14792
46343
96485
5422
81096
57121
25639
21529
90633
82865
35634
14757
82580
66348
13227
23614
83093
17271
1729
13435
15059
79388
41587
72804
31523
80580
27431
13325
61289
8523
47712
48528
89664
415
74860
61291
36724
61147
19303
27453
34055
15561
5191
1278
95579
64126
20597
84802
52390
6568
4995
30144
63841
74949
61392
43980
79523
88931
83290
60933
31452
83545
60702
58495
1333
25880
86481
77474
72915
88145
8476
22326
32759
49826
77465
66357
18421
26982
62180
33645
98016
53199
78771
81294
47041
60955
89371
83147
14049
69008
46714
95042
32333
60421
71584
29978
13606
6816
41354
55991
1226
55524
79459
65862
67563
63869
2559
17986
14235
10736
29934
34705
40090
40717
14400
3482
99120
57181
8206
78717
14268
83119
6947
93612
21270
24280
33577
86946
35390
51667
33417
60600
38999
81422
13393
25580
43350
44030
40070
75779
95667
39549
83042
60251
72371
44039
57608
93328
79246
1592
79519
10085
21563
98090
71757
25591
71851
43643
97538
88441
83767
34098
67298
68934
26754
48001
14434
78384
7899
28256
1858
24140
82082
41166
75815
40370
17111
38725
56433
76787
14761
52023
54101
12093
69553
28534
93444
71084
24116
71168
9743
87969
99363
29132
39029
31844
77293
47724
14341
57971
74741
35560
82095
88157
69691
46496
43513
79926
91550
81275
87375
27679
6425
91324
61641
19389
23095
24351
50034
4873
49521
98802
6256
75631
14605
86336
9524
62601
22507
3847
95555
4281
43386
48647
49888
40602
59356
48137
99261
56775
12430
56220
63566
76992
99192
78306
98294
5095
80570
31386
50507
51449
1511
14077
46573
22695
51
82634
984
66957
24984
40094
49350
59469
5407
1805
52168
37196
94890
6127
51648
58407
16848
86273
61688
77335
95404
25181
74525
57992
96409
72451
43445
74284
21455
69717
9284
45424
21038
45204
10936
50759
78789
11064
22500
23655
20820
81248
34185
84037
49668
1491
63270
51319
22230
56212
36696
22599
12063
43029
13920
602
43827
3777
30014
34035
98292
31916
2133
97392
74547
52559
11402
86284
92923
58073
32963
20671
22468
59088
23176
19736
66632
36002
31220
94862
64996
56532
30549
90915
24234
56814
11355
96566
73805
60853
6859
96510
32665
36748
20203
26279
87476
94566
92067
45743
42849
15266
12488
89154
94642
6702
41786
86325
22605
86360
56665
44779
47104
88290
84524
71140
62589
37078
65276
52176
17290
7460
61495
21517
7932
57904
31090
30818
6385
34287
40858
95026
13914
38187
99313
28189
64666
24881
18299
51045
36832
71428
66426
2516
63996
29492
43877
90600
41355
83896
39225
659
94988
82752
43898
74563
40720
65486
37994
20962
11985
91075
8186
10420
9454
87881
5544
85370
43082
33111
70867
17643
16540
8815
68721
82823
85258
7170
33508
85276
58115
21554
20487
84608
11766
68155
40951
71220
85494
46704
20270
57398
92504
16863
88294
64471
29027
72854
46569
72892
78698
76882
47124
96469
27253
68880
23173
29690
28278
757
13396
61452
43783
11898
89018
87294
19352
77108
19400
95374
31370
78168
14828
25060
63053
38414
31017
14596
30846
4291
32133
69235
24148
64194
80259
23216
42899
34220
41179
12650
5612
28881
96771
92376
65619
82700
23805
66478
54966
6471
86566
86235
45130
39816
39122
77530
48868
45214
26809
14641
44311
30622
50705
82398
84025
42122
63849
34823
6911
47047
82179
77881
52659
50787
7674
51406
12025
22077
65056
9767
38923
55937
38275
88601
53548
12940
62918
53155
79487
42869
21551
21580
62849
56968
31929
64535
14952
99675
98003
76561
35243
82152
62628
18228
72829
94043
63146
40718
87612
9719
97043
2182
49149
27577
39929
7560
69317
84463
71219
71001
59680
21286
37256
6521
87407
76384
25734
74259
20860
4833
18142
71985
40906
81999
87124
81971
29737
85099
33128
53567
35267
82859
96852
24269
17699
44959
96683
98510
99154
43153
49875
79090
12119
54099
78269
90650
59706
58484
94283
47300
33194
92064
15097
16686
54908
59579
67888
23568
55665
38400
54729
20293
87315
26200
98018
29422
76987
49637
64574
35365
81661
99406
51649
41607
13097
67228
98250
16046
93970
53859
23038
81992
95199
1835
92505
97365
94514
48330
20574
65330
70613
42921
50369
82649
85809
9435
19557
27660
64905
89777
58088
87259
21078
28935
40866
40852
23542
36688
48946
28813
6665
70891
42153
26058
37593
37968
22900
81570
31995
19614
652
72144
15861
41706
39058
29051
65469
18735
88106
93630
56188
85374
58196
34570
18109
79411
83797
93966
59734
46972
27851
68472
31599
34537
97068
791
92329
92968
68423
91616
75750
27668
99145
39631
75401
76017
41273
740
35841
95396
35118
435
20350
69190
3474
46481
15884
57739
8559
67084
77775
28345
30269
82828
63082
84431
60921
59198
18750
30559
53159
42278
84400
57314
43396
40612
19447
80592
88307
81545
61181
72934
46647
19586
90953
68440
52893
22253
83517
87930
68863
89996
67426
4687
93460
82065
14097
35934
57760
18287
75834
37153
17163
28760
11076
28289
87611
99664
34639
74173
65228
41398
64000
24435
64866
63152
17592
72625
61952
61165
16342
35672
47314
15824
52522
89305
94393
13098
67843
75728
58738
37862
61481
50942
35025
41738
33144
86968
24879
59753
92539
88648
61048
80340
84788
2118
44865
13277
25722
4780
28173
18407
89808
24606
16841
29407
41531
40769
15192
70087
41254
98219
22032
65948
87421
18204
64525
42429
12996
10231
59241
95719
32195
81314
33008
93986
34727
58624
79406
96032
8743
52332
7146
92254
96948
5856
99215
6972
75764
38818
11296
63548
3158
49110
123
93987
50297
89654
73836
84984
78166
34124
23636
91915
82016
68389
59848
8063
82667
25779
70083
75146
63880
76204
88656
66800
4639
30810
89360
1375
41596
44198
34845
73155
34399
35933
32527
1004
22718
44829
38095
26974
68688
84908
46338
26474
21001
48455
46830
5867
2731
30879
58827
76298
43819
53391
33521
42258
82506
23449
31057
52464
33330
21373
36238
28076
37895
94342
48338
46382
99449
50884
70288
75960
734
66744
39293
66768
31253
81716
15675
64245
6424
11893
29077
87073
86850
8218
68789
26834
74168
72164
50261
40050
88533
27781
52843
47065
61956
87113
44339
9813
46630
26991
71015
41584
64297
35194
32209
56706
5424
25896
47342
78614
32323
93939
29837
30871
48595
84321
3643
17660
84468
42050
25973
85182
54056
39275
92631
85825
99678
3094
46956
48084
27327
13608
84203
66076
48042
97896
42731
94693
95541
27672
92294
14230
80674
80075
55788
32726
22254
750
16464
38898
87218
46605
35580
88738
60410
13646
18273
21051
30758
3373
1395
80139
40843
96312
33070
14314
33913
79956
5070
57065
73784
43943
97062
15704
97331
22238
65817
15999
60931
76291
92453
86769
4183
6503
85975
72485
57051
56497
91326
88266
59300
64218
66686
93316
41983
24187
38008
94134
12248
66726
50487
31615
57167
31275
12570
45523
27011
31167
5115
38614
97438
18736
23564
59624
71474
70618
45233
82598
84712
32661
65694
50048
41107
3381
75620
31313
53854
71192
58370
31040
74296
89942
73823
59860
80367
23770
50194
48205
33099
74236
67370
73188
89376
96472
48534
8349
33078
89470
72576
22925
53970
24605
20584
85136
4849
10147
53664
57096
98660
94103
4794
28537
63106
19010
1049
29269
38149
60668
45466
19794
74054
94217
98729
64625
26352
76124
78399
47860
26290
98968
61232
75579
30161
96773
28707
84590
20705
39130
48151
61642
5977
75052
61575
67616
83993
33886
65917
82596
84538
74742
58476
70863
5608
72141
91068
72046
46032
38809
63806
55813
9867
2589
6862
96905
21210
64086
32371
25051
32707
57805
61005
69130
15272
96096
52101
15096
90803
3599
63190
33853
33597
2132
37237
29072
86594
71490
50852
58100
58168
73485
7710
16946
55854
14020
32723
47525
47283
82021
67155
4872
12445
28205
2664
63537
17134
46309
80104
29643
22453
62497
60009
94776
88838
97178
62726
83839
98240
55619
87803
91268
11204
83823
35893
33905
54664
48475
53643
81611
52143
71406
8423
45682
20365
43612
28635
30909
73925
88800
73969
10973
65408
75285
61963
4196
47586
96477
76925
58106
62430
28356
15167
88207
32668
40455
17348
65008
28008
60284
76976
33983
28090
45199
14940
3393
7063
30141
93581
59005
33567
79809
10213
19193
76648
79329
63669
70849
65744
5466
59660
4023
57524
91409
37059
80213
45308
79656
89230
24913
79003
33622
32649
5193
2487
3519
28593
75484
22223
56991
31000
78988
4653
2536
50979
24477
63527
41695
56428
89634
70466
31712
63104
7634
60774
44305
43929
68972
39252
23270
17785
81285
11041
78741
52242
60920
9366
37257
32685
24502
91943
23541
32238
72223
95193
91788
58416
15502
39927
60977
91005
65733
35079
66642
88053
13591
42762
44641
3062
59011
30020
46385
3751
72444
43219
92657
76501
93022
52965
2488
54089
46757
93904
48654
51734
59223
89015
85580
38173
38204
71472
37261
3162
12540
23558
68255
18794
77684
16877
37385
65642
63997
85397
6212
72777
47346
16351
32940
95992
70560
35740
89949
61134
62182
55377
5429
4866
20238
83454
70490
68145
43062
68019
15672
21382
85701
17298
17545
11135
41450
74789
2763
26839
8414
94358
80684
12565
31394
71029
16599
89280
18483
29692
44312
59352
26203
22052
80663
30659
24033
60445
71926
89420
82776
82037
89994
5905
2040
78782
57146
4249
78079
60141
76719
35176
54876
34465
6492
75789
59336
18071
13551
55300
63017
73510
45850
80017
20329
60613
42027
32414
33715
99256
23128
80806
9486
38927
7097
48422
90747
47098
12762
72251
19687
17804
83208
88720
78755
31371
73144
88110
72559
42164
60555
25979
43911
67150
76369
56823
92740
7296
84994
65206
16278
34816
48810
87970
2754
5022
46507
8601
92756
53692
38478
92207
87790
86700
90405
76336
89593
20524
82789
82771
45560
37920
42495
87295
38967
41758
13005
56720
29366
32309
53494
63591
27322
27733
35797
81113
82994
39983
87483
96693
49715
81806
37496
16740
36180
34417
66060
48172
99951
43193
22218
27729
26852
79718
32268
67589
80669
27073
32699
5012
69633
49330
76513
19429
41661
52532
33402
78685
2162
66929
57375
59938
88981
75776
4535
96429
80668
13504
16178
88200
60298
63170
1347
40257
20313
65738
5038
26639
4820
79340
74161
67153
70302
30254
85666
15354
17484
32439
97422
73537
90690
96774
23101
72896
75825
53231
10395
953
43650
98592
73476
7622
28226
94474
27138
8251
75966
69512
86763
34501
95400
27762
27017
5777
68152
38786
52921
5478
84031
73490
66979
54808
55713
55024
50093
19363
32724
20629
31966
99934
47601
77723
11003
99572
40321
50393
65655
71005
35644
33000
34474
79173
29567
75454
93594
90903
55915
14992
35241
61600
42401
63422
41186
81330
95924
63400
98157
28028
95562
40873
50568
72087
67943
19969
64490
3732
57582
17224
97791
43624
40028
36981
49390
79642
15280
24602
1272
26269
9423
71677
52706
77833
29557
45594
75592
27385
54611
68784
12754
31391
12761
25135
98415
44658
76884
43266
65168
20286
21484
90517
45544
49602
25622
16098
56493
54442
16620
48493
39835
46525
55758
44361
63897
27112
22857
20108
33678
77392
20342
64947
78603
13119
4099
40078
16446
85548
98340
77324
26820
32141
82877
6067
2682
98837
76993
12740
78233
20386
79390
47985
10829
94149
18284
39844
43615
72327
48996
18451
15539
4227
27094
88592
90040
51199
38519
77149
9239
52981
67517
20753
85217
54108
49093
60077
23174
80839
23385
39584
31962
64784
64094
99615
25701
66704
69048
8211
15069
39909
43125
17497
5676
76813
1168
59031
22830
1591
77057
8033
82974
55200
51489
59835
51532
80180
81872
24060
48331
77702
6430
71383
23572
19471
62067
76244
37884
80755
60191
6923
73150
97623
21532
826
49918
18491
65523
47582
73183
27234
40893
16806
52749
89247
43993
81674
97125
45000
36455
39538
27474
34904
77887
74926
46120
6378
93896
45905
18013
49333
26621
34415
85930
62690
32827
92456
35476
67898
83424
77703
75869
1525
93918
65574
32005
67740
8693
67918
23702
55825
23082
49985
28363
40417
50780
90087
10573
19533
10169
83183
65441
18977
92131
43209
52930
8645
8122
11272
27397
37014
55905
79508
93982
70376
85213
46798
68903
20654
72640
59232
2475
72599
1209
25937
51299
85418
84104
29392
92888
47587
77943
40014
74421
97423
61923
70351
58859
95015
9246
51437
84944
61278
15746
85870
67248
6227
35534
4110
44667
15450
49737
59140
8904
87741
58793
56625
33320
47967
8037
5736
1229
59776
85658
5178
61106
4578
22557
71634
65257
92053
95906
4461
28343
20647
20620
23335
15702
79966
18799
47048
60024
55207
28186
90085
68312
4307
72138
30368
44
23635
29616
33941
12328
5630
43340
92101
14874
27719
39596
87434
98151
79997
59878
58864
35060
5366
97118
87077
31791
8288
67847
52829
41171
28645
85553
45311
95090
36492
21895
95261
40183
17987
916
85629
20004
18120
77491
17905
64164
40885
81635
35915
13413
82167
65853
78868
35180
40156
91001
29952
62476
4815
1854
66442
86749
19094
27574
71412
79374
82232
97875
53255
17951
2447
29096
30620
718
68843
2483
47534
36721
74031
97963
66919
79723
39559
42811
77417
73751
74425
4732
65996
44781
34097
13675
76236
69031
14357
93667
26969
73484
85965
94945
82955
96358
18373
69679
63622
3166
71331
30296
42076
36431
56140
83435
87595
27293
19672
97226
78882
37140
92367
16308
27406
67237
47108
20701
61337
54386
17960
65082
83582
91970
60972
85981
52089
22523
26670
52006
69305
76267
35916
71899
96216
35234
98521
73959
9475
57967
31631
54864
56943
55786
32342
84769
81605
50541
64637
41378
3302
89956
36055
21161
82397
8170
29361
68197
74528
48757
16916
5112
21788
87825
3141
5748
78338
5946
45237
17665
30078
76538
84052
20923
81698
34149
64626
16022
5920
75971
45246
54532
25886
45317
21596
4378
34441
32894
8208
72646
80936
64029
85504
74617
71410
85077
65924
42246
91935
27040
56158
77084
62861
78634
70244
59927
81502
20075
62418
77026
37097
77184
56793
61960
33016
82240
10538
43231
46540
1866
95259
40753
86488
1408
23107
43376
24565
75609
96360
64980
20448
52481
66729
17365
94348
22679
49440
2105
1344
56473
37757
47474
83244
16648
75746
79837
22211
27828
55498
91584
25390
7093
60934
80976
974
71229
64930
73664
12076
7686
51317
36186
72456
46503
37207
95498
92543
31547
90022
95762
17539
38992
83703
223
42052
5765
49526
56805
81410
29127
91723
90246
1745
26300
82807
48688
34972
82890
62503
70406
52001
40124
70763
11880
53126
60582
58959
90467
62014
35264
21274
45832
93729
58670
89790
40414
19143
55500
71247
29771
86656
49214
77608
99895
61901
74632
16990
25626
97399
19021
15758
56719
87323
85571
88277
94858
93384
16299
11278
58433
99228
70095
8360
29859
47746
47979
25300
23731
52405
21942
36339
11859
38657
91742
44688
35935
69051
44440
60326
71754
1656
32186
4137
73821
40314
88826
6712
7293
76691
75237
51210
37127
85568
2947
34433
1492
20573
75156
9110
54660
70245
36558
10825
18144
66475
95644
54192
55875
41133
17830
42096
60144
36048
64969
5448
8321
72124
17263
56245
41192
35957
31676
58227
26541
59176
54723
76472
77404
50526
75851
69750
10698
61713
30247
98444
47834
34604
92955
49420
91674
66482
85163
2184
43450
69826
63733
4114
25121
59304
72819
83192
66227
8028
78271
78181
42509
38655
82544
92352
19704
83850
76961
48452
96267
60362
65297
48282
38039
58981
35122
2046
53899
8058
96058
66490
58643
71576
79146
73020
82488
84258
42243
36326
7444
14421
16560
47203
89106
1126
89178
24404
23336
75731
55901
91260
98598
31092
4283
45082
49773
64718
77388
82335
29493
38890
56602
97584
37321
79771
18788
75030
52998
22741
4479
11391
4437
31601
38492
56015
2874
11634
86639
74879
54257
70964
1545
97678
22858
18004
98625
7813
39025
33480
83329
79803
80503
7220
10277
28745
20291
87496
17851
52227
44381
48508
74614
54579
77227
4813
19611
12772
28518
45798
52291
22510
47725
35413
82963
81222
68102
77095
63010
23918
80951
17265
20147
89337
78712
86613
99421
67859
98246
8661
1082
5688
240
82135
48937
97680
63205
20311
21295
24452
77102
12621
21178
99336
38479
54077
12229
19439
66428
33658
47137
24962
89329
75968
28218
13368
75133
49104
69265
73304
12136
88420
98585
12835
7196
80019
11695
6737
55985
47592
17624
27706
3156
8671
57222
69035
95945
63085
46450
28610
32012
4192
64672
34849
35850
26563
77772
76010
55948
1790
31301
88272
7448
25800
78919
61697
68632
31339
341
23576
97805
38909
70465
23398
78417
21690
23029
79143
23792
2099
3948
16183
55451
40077
24595
43425
59077
82472
18026
82286
68062
72222
69500
95921
78092
85640
26130
48625
50400
62380
16136
69477
77155
27220
73139
30538
53400
98891
10125
62041
54208
41075
48406
68477
30741
38609
81577
85245
19454
36459
37136
8582
26353
52336
32642
43298
98951
25928
50955
40725
86287
96255
45312
38075
86296
44128
62118
35757
48199
55944
46102
12801
39878
83394
69757
57593
38298
83355
35051
76347
33355
9394
53833
6902
836
30976
75697
35052
13904
95613
90168
93592
96393
67570
52839
38259
29581
85043
59079
5122
44137
53834
99233
90380
89313
53418
53236
75979
7292
43562
84588
26450
72276
88701
18948
30177
62608
13544
25574
36187
97122
96008
83061
68981
91537
1176
16817
93789
62151
59639
90550
18699
35225
2053
51674
71292
38354
28306
16175
9643
3496
16089
61437
65352
75650
40419
78574
76809
61491
27635
50018
36296
65264
13255
35088
93351
26217
8946
82338
98914
58688
89169
27961
34856
22656
82635
16827
51119
48925
12562
99666
17765
98375
84079
14791
81188
41669
6656
63932
89877
70517
11083
99372
88908
84680
76768
14998
44661
100
2740
99567
65048
2045
54256
33325
69598
19906
58791
18546
74738
92011
95185
89944
23332
99240
47130
98572
50013
85010
89885
17602
74146
54273
95129
81003
81633
53176
63427
32338
51218
23012
11916
30382
61174
8972
85635
39119
17641
36407
80080
77661
71287
31138
15842
68504
72520
71130
51550
78752
35586
91072
14959
2123
5006
78265
67165
48107
25547
81856
48257
31083
54115
27843
70983
11254
46588
90211
77271
44848
15962
86535
22418
39646
24115
30100
27569
62000
4586
83462
72503
93945
62560
99070
63961
70241
47876
97723
60861
57114
30257
83696
45550
71998
9706
60006
4851
55222
72756
6432
27456
71697
11988
68173
53938
53727
99914
91673
48669
30645
44294
21031
32947
97193
29802
50025
26881
80140
89262
55125
94961
14672
27166
57313
36138
90844
84883
21371
94833
22461
6926
92624
83572
72582
55177
45817
52845
85742
86898
72463
28496
96134
79433
56924
50407
74729
1685
99924
8649
61845
66678
41301
53839
27975
77849
33854
95182
69602
84349
47836
81106
47043
24164
1937
57144
89035
34565
97862
7706
63651
78664
299
68642
61149
9500
79337
51260
95815
20827
64830
83478
50361
52385
31853
98147
26452
73714
37034
99002
47856
25272
35861
8137
44322
2226
53498
52756
55782
42084
12001
4280
38679
96088
97835
55648
78491
6574
4721
70047
36936
80341
21989
21817
19715
9026
37310
80605
57988
48903
41612
26335
32654
13517
68611
79791
38473
70082
96313
87986
28515
43677
34862
478
50355
23391
38799
9383
70818
2021
98231
89187
77232
56217
34963
12038
69507
51718
38647
87619
81448
87866
2359
61706
42313
50197
62600
4765
53981
52360
87879
99661
93837
44306
24013
68193
35366
6732
1033
22331
89521
52079
17418
27458
43616
51426
7584
35085
20843
64736
31228
59572
5522
68390
62985
6895
94230
30939
65079
29987
20339
88357
61357
89338
33781
241
82146
73715
69650
35891
82851
10078
48552
63965
32413
60281
58382
57856
50746
40363
28025
3806
73922
3348
24121
89390
31489
27001
21960
93746
50949
73163
231
3753
89021
26457
69606
2103
91956
81432
14380
26237
86359
11216
40158
82581
5890
92662
88760
56610
90448
68746
40511
17175
53221
70705
91848
66195
49068
86308
79435
80930
52651
43121
78593
1124
78704
20065
54850
8056
78241
78076
1172
104
89029
33674
60363
68564
46167
66280
40234
78591
81525
75462
69448
35746
38345
15662
26479
49303
87614
73509
72850
47737
62582
3494
677
33052
9441
83637
98988
23303
24569
8660
60683
97724
25581
74589
75831
79089
43216
72467
16718
71431
89248
77310
52170
1499
86436
93068
70957
44855
47291
16049
16084
13314
51267
94406
43097
21947
8304
1265
78366
92242
6296
40685
61195
3380
84433
56114
50740
49984
8758
71180
77014
99243
95752
54051
6984
41061
57649
33459
69231
23716
55996
92721
12766
87877
9187
82946
58440
23708
32965
264
43727
5367
95230
51154
58044
82171
7445
15928
26898
49892
67413
7973
71384
38333
34324
66628
43354
42905
25784
58251
41065
24180
62595
37939
10769
50332
4139
21518
3440
24936
87984
6026
5169
62372
99935
2689
47871
82141
19998
15470
27399
87730
82737
84070
50068
11098
30561
59196
64068
20883
33203
14826
1743
76934
96370
3235
68318
38770
88983
40704
46125
35252
20830
52298
54659
54556
28426
24676
52795
42853
46407
93258
71320
86783
20407
54942
78818
53267
38529
44264
25298
94925
92061
23706
22220
76727
89903
19570
90667
73755
5408
41286
13316
578
85373
70280
74572
41106
2961
50425
21925
25301
47315
65583
21806
90769
40365
44612
90204
24176
73455
88084
36088
2438
50153
4637
38851
55980
95085
56454
54238
6337
35839
89161
97810
39236
17833
50271
83189
80285
86820
23949
11738
16343
3118
74305
5547
82703
68200
47113
97550
65096
23209
61264
85503
45664
63830
10035
60256
31816
14148
34194
99182
54304
48513
50140
39206
1275
15264
28857
29228
14624
77888
12580
86951
91686
45262
99125
43156
58387
41962
73049
72196
30955
45483
21298
82725
63003
28944
90392
27142
39525
64720
82224
25367
79787
24646
53912
69046
97004
190
23009
90455
41890
47131
63407
56202
84620
59043
97885
27410
77288
19837
55492
787
75084
94115
20805
72200
92977
39743
60738
84818
28029
98689
4801
21771
17906
32016
26301
81190
88259
42390
5079
55067
63899
65395
78053
25022
96082
69318
99128
72841
89315
19430
61175
29056
95835
7868
57173
12196
24758
39196
70278
52304
7730
92096
41904
49999
37999
69264
1050
9337
86072
34881
3492
35930
27758
3252
72927
80159
39534
88168
78580
36482
285
87074
20543
12697
75566
46832
45352
21892
92892
14153
32577
42638
72548
79878
31033
82952
12516
54074
9368
4251
89706
77032
63836
56629
57613
31470
83156
22154
29592
98050
92094
45477
85482
89194
23671
98317
17178
92921
80549
65690
61613
26663
89838
28087
92951
87032
16301
13623
4399
99861
93976
4690
20663
52520
26864
39286
62215
32448
50957
17336
1269
35939
53696
81825
88174
38977
84784
28404
85733
79271
25371
68069
57245
75320
37915
6728
23678
15862
68936
72473
57890
84895
94528
27616
36231
91756
10703
17704
76838
73830
2256
97492
68847
97391
36856
98412
45867
44790
14627
75668
7517
55929
3260
61632
10496
34427
42983
35819
95593
71010
70060
51255
20378
66052
18670
33013
39208
59324
8501
62424
76067
8496
65825
99977
30987
55576
75315
34927
88957
64446
87419
12413
72130
27263
97665
86826
20618
75880
56242
27933
55332
60319
10956
77299
58209
18316
54621
27990
19306
25332
36828
89195
56474
46193
6344
65922
18523
56519
76789
36979
59013
20624
98619
27516
39655
29740
90610
21930
19912
49700
31922
91492
45556
88027
86686
43225
8286
62333
81349
54406
8489
62446
8695
92007
83552
26956
42363
35478
84525
5125
25413
14383
69825
95027
40134
65720
85221
16755
83362
78989
25279
64507
92426
86688
63262
28924
79484
10036
82031
54122
10418
50459
95267
65870
55589
98093
87193
22831
25512
78305
65747
62791
69120
30729
29449
28425
58537
93275
82172
27144
79212
10346
8173
35149
56047
73847
87822
49461
65485
99427
96461
90439
67726
74772
19391
91200
42705
78117
93748
56348
46206
72198
42210
7438
9173
87765
9613
3151
79910
17892
36364
64886
94488
76073
74252
57393
61157
68586
43106
53090
76100
41526
68785
28836
40964
90456
74858
28863
24692
58246
31625
2798
18169
90457
77615
38584
63218
54458
20748
91837
87504
68727
53760
25844
90639
88141
18667
23752
40432
30819
45021
28079
26230
63495
21385
47182
95634
64208
3975
72076
55613
16516
3251
14378
76196
22885
17552
56082
7895
86016
10833
34600
49870
40440
77920
35509
71809
39072
81814
79189
96981
37914
38287
8632
16685
45012
43674
78005
14458
49866
67591
96823
60412
49618
77947
32584
76106
17044
48080
54490
46921
92382
77315
77355
1253
21005
64766
85119
85441
3125
36971
7498
33388
70333
39152
84107
22472
94645
62536
121
18054
72735
36228
79284
27150
5840
36011
32916
24814
99769
22069
49505
90575
1605
94596
98966
66012
37985
1976
67095
54989
46434
91285
55585
11947
51307
32953
36235
53759
43903
81051
49938
30007
64639
15426
41161
62592
93409
42295
39156
86485
69655
53336
32821
41013
58350
26899
46465
24723
18686
9757
90649
81342
17659
64238
93249
77242
64710
19268
30320
6961
44016
44285
5126
34164
38391
19291
9420
32486
89271
33269
22438
16090
12846
62667
41006
32091
98461
34348
42271
39645
63972
16669
76974
71241
18125
86739
63863
32137
81560
282
47727
82867
85833
57725
4580
29784
73046
53828
33548
46412
52969
91518
17975
94967
96919
62169
34006
20603
34739
37122
22606
95882
78519
28772
56642
75691
37792
18562
40469
89501
86702
84893
42399
60894
26558
8854
14054
61135
76545
30135
62310
83481
80438
87121
61924
36924
9778
97558
39853
39514
74502
60748
76137
42297
64131
183
13410
29245
880
58797
29208
90967
71646
51693
37838
52573
16731
79136
88559
51462
39004
30297
31672
9359
65391
82774
24703
83369
11056
9414
19425
37349
23831
54465
20091
67412
28732
88824
49769
46810
24371
44828
55746
21699
13696
6393
72895
64367
99041
67837
92730
67181
85068
2069
71506
14850
79094
45212
95240
80396
39247
15117
21660
27161
58036
66459
72066
99821
38277
10325
11782
39958
73660
61985
88050
24282
2610
66009
8433
83227
22683
85501
39938
33303
94649
68308
82920
82409
81908
60823
90149
26455
32807
27669
49438
64995
342
49903
4486
85510
86923
30032
50623
82511
58749
7729
58748
87842
43606
21189
99134
24031
60254
5217
2810
18620
55988
71965
42962
91570
56889
7228
57082
49148
28344
5980
5319
83675
40521
54287
45764
18499
9966
30035
36573
4145
55074
27371
20105
80509
63184
7939
84644
64918
83374
38464
41433
25637
65518
28170
84362
65208
925
83699
66654
50107
67044
93720
89554
49977
12243
79155
400
6418
24722
55525
3924
80791
74914
41911
1053
15086
27919
39089
33083
24327
90326
12935
16687
80602
35246
5948
49670
51133
61808
65875
19375
62130
96971
24874
15749
45775
55378
45079
45449
87657
19388
90969
72960
37230
48915
66192
15795
89796
40452
25010
73720
84937
48294
10351
20501
29697
67912
59160
55745
97517
34641
37062
91331
12979
79917
7211
48356
25772
95602
47125
47161
57440
9709
1260
37370
9615
1096
74272
56615
65435
92677
32405
14419
5307
47207
36012
99879
32597
55338
69849
75727
18217
32598
50726
6497
54983
4692
98176
2607
84239
77382
55069
82033
80478
17504
7590
86878
5383
55295
30037
7990
12274
70884
83633
53924
39900
87975
88418
29770
72659
72168
29212
49901
28000
49334
81914
59295
94498
4391
