9496
82211
8876
61630
19279
30868
93122
66549
19124
14038
79611
84173
11508
65795
32145
39209
74299
4537
26669
35906
95321
78191
97656
59847
1532
64947
68070
18893
42897
95424
3335
68467
39881
98428
94195
99186
77808
91660
20542
94672
27357
82302
37768
21952
1671
39637
33947
38012
85905
78052
24364
70325
22747
7998
58551
74808
84259
61649
26251
20117
54677
13400
27937
73758
75255
16417
82282
31067
16421
22932
2448
32795
6825
15689
27035
41822
29148
71859
54412
11328
90397
64855
54464
32358
99964
46610
45039
57293
2055
3768
2288
90888
16296
2205
92506
38055
4055
61603
51852
95469
48513
29431
64923
24649
84693
6864
83156
85981
46898
78311
22349
59058
22639
13661
20333
13681
10731
83546
38028
12719
34059
9738
23916
89273
68993
49707
6153
42780
69855
13163
51191
83570
75681
40959
57467
96433
71313
32205
85396
39796
88203
65280
34885
14420
16057
83642
28433
39899
9358
40193
30962
20998
87846
49246
2899
24084
48770
46529
72064
81848
50937
88473
64294
70508
96058
95838
65073
25697
9776
92505
84410
87879
81428
24148
89620
53793
41331
25015
44169
89789
9808
49229
14890
49019
8361
93229
16920
83222
26407
20019
50633
82619
76535
45467
64983
50077
47423
56344
53033
71160
7168
21623
69450
9146
82364
21508
26497
12541
86473
23289
82002
43048
29477
66438
37858
62983
74178
46130
11502
23086
23094
83944
89441
14121
71985
43202
80748
50929
7773
30765
40858
99149
33124
71849
25119
46737
81510
31912
32843
2045
96748
70299
84260
69605
75606
93711
60295
86209
35999
18588
5998
24452
42573
39579
54549
72761
44510
9002
78166
19954
45334
85703
22277
1030
89103
21256
45011
53588
62223
31240
35878
57283
36088
97455
38089
68955
60535
93966
93716
28071
85458
96022
73478
66550
47799
64717
47442
54854
54545
64580
38437
13530
19751
2609
98196
74934
28003
24420
25903
40174
65089
28903
52827
96575
12032
98835
53061
14763
31189
61914
39822
56911
29631
76084
89723
82316
71340
53275
14364
32274
68569
41805
83011
97628
46344
63667
91641
54223
78699
87381
42315
8538
64178
26255
11607
221
42852
82210
43233
46735
48060
1962
82281
22706
2864
46471
60843
76418
56118
44915
65275
21740
58475
25593
48352
65250
89299
90097
11127
51564
92576
67356
36535
56106
88377
65926
84507
21703
11840
78230
19274
79265
4261
69734
68176
99909
40794
73261
50768
19624
30901
76837
68392
10066
89409
88313
9803
49764
52572
46895
47284
9219
84091
53500
75593
79021
49110
53174
20638
28332
46977
44127
33569
44748
89868
82678
15160
61420
68481
84176
25375
41519
44966
3755
52111
44124
37220
50049
42913
92805
91405
80420
16104
56008
80869
43213
86083
28194
27861
49061
5067
56518
23484
94141
30277
96131
30827
28446
10133
89249
94048
20115
96584
42267
64870
17945
78492
70786
66991
56866
72098
94774
57529
76010
93717
2914
73167
14951
35937
94242
27756
32144
33946
38021
76609
6259
56508
32086
30689
98308
71878
12224
88425
4881
12622
61242
37082
78893
52598
3981
23749
22001
88810
40726
22021
82840
7050
47028
94607
14837
47508
15557
68559
2865
87727
47930
23557
43684
69227
19567
83724
320
47607
40144
20589
98533
34484
71164
50519
27659
96708
57933
62515
63657
7437
24892
27953
21982
10555
89304
90609
87615
37841
28690
90155
73749
8594
83865
59456
26837
53531
56735
98830
69943
15294
64402
76488
62740
88848
13495
69701
98936
35853
76567
46470
35407
12561
64959
77255
78327
27480
46927
46284
39
82109
80499
64032
79120
30640
45305
33065
16517
21705
12011
81436
99284
85608
11764
85756
44450
47913
62023
20390
49190
95734
30004
76754
34717
4958
92949
1832
87040
87773
83368
77818
70217
69949
39797
96955
17870
44999
45902
94733
36318
50195
60464
82143
30018
15283
8808
4819
94716
27955
86018
15800
54219
46822
60399
74833
37644
40115
70282
73001
26836
66099
4922
57265
56175
91440
30768
1429
13225
41826
2212
57448
13113
73545
98416
61659
16381
24936
80973
44097
91397
96239
99551
6337
39734
95516
58106
68372
89945
99853
46203
71194
48227
11878
41601
85080
55586
94609
26508
11983
73407
31361
10436
99097
46706
1906
79906
76132
58847
10780
58993
26321
59060
80272
88832
12161
31481
79904
45154
7435
51026
75467
94180
76298
32934
10467
16649
92875
63615
28658
23472
32856
57707
37159
61281
86485
42170
36242
34610
61266
17883
91154
59237
22525
81290
63173
93003
74150
50277
30902
73885
82601
53609
26484
16862
24198
29217
50271
28265
98683
80575
66916
821
76158
1772
98462
75453
55607
2616
93639
67948
70733
66080
13257
91811
44343
61952
55738
20572
36194
70286
25484
71220
43950
29359
17645
76214
75074
59095
63688
7458
24264
48302
9239
98203
64415
75887
66266
50974
73995
99803
3564
74431
15222
99250
80459
3815
26551
42027
58564
74878
12929
56870
6138
34952
52933
49800
76049
53148
33422
48042
42868
60653
22370
3581
95461
73518
70349
42495
91464
53193
4304
41334
79655
74600
36607
32792
46350
83868
86897
45155
87313
73547
27589
44128
34428
60257
95332
30695
45170
63490
44137
73941
67739
16110
77428
90732
77323
203
70704
14780
19403
37049
67353
70203
51651
22930
24890
29293
83634
35335
39324
65934
77906
43911
75256
81033
64719
50894
36580
54082
2161
9349
24844
14900
72327
7265
23425
39713
7350
85098
16191
80513
47906
41851
81230
52000
25204
52973
94550
95949
71730
63281
20500
30466
45722
59806
38816
25923
99316
55342
22225
65421
252
18361
55193
94268
70388
69916
28693
92961
48357
37821
27590
93044
41390
30271
72926
41296
36320
57090
12399
33192
88694
77820
68147
4293
6001
28996
17464
40580
8098
70655
59315
85345
92078
38735
8661
63549
41307
67862
12276
60974
41968
51410
20142
31421
27377
55598
84037
92412
50562
63110
66919
2919
32809
34332
41977
69517
49934
91747
50369
19794
51943
2640
52880
86183
3012
27816
51015
39728
7717
30654
6715
24165
98175
97564
39560
78998
1455
74312
85143
60354
79687
8935
96066
74126
58068
8571
16660
31534
5939
27423
53236
29046
7606
62083
79349
37463
86273
72378
74716
1854
76117
10915
43403
20623
80139
73208
16119
86942
38815
31410
88028
74353
71181
59543
68119
55032
90863
21877
67573
6978
46947
25891
19288
74614
79877
7863
49050
81977
63127
94568
20488
60868
66924
90329
50679
36926
75265
66806
47848
72735
17361
36920
65008
9809
44305
31739
92795
44542
50915
20082
20828
55673
72746
81817
71331
64898
29450
42886
90282
54504
21698
72322
83411
89909
40876
10588
5450
16151
25491
63853
45001
95839
67005
4414
73391
29076
1475
3916
21236
23017
43726
25275
78961
85718
37872
86399
48982
7873
98558
44572
77313
76743
77678
57117
90619
39871
33952
61023
8111
2419
99094
93062
31259
8045
66610
23330
95151
85663
309
81339
43306
85371
1478
61226
73069
87071
58562
68618
43241
60770
94163
15026
23099
33225
57688
34743
90756
37791
56795
13119
29804
78626
45821
98063
72299
32906
73790
78255
38062
28970
96429
69390
53126
34381
49215
87968
57767
95395
95496
54740
19387
41406
68730
53560
34160
54720
35340
60919
27965
28467
59270
72239
55541
38578
73098
46160
63552
58421
30360
14524
1350
2090
6254
62352
77481
46481
44054
50141
7858
13526
47828
4319
10794
42246
84109
52056
89402
58123
25575
68560
92159
55575
64404
76525
59625
77841
28304
63705
19310
25847
901
92787
2862
52086
42417
35436
72505
28838
22266
37734
10677
2100
8564
57856
61818
75212
97823
41768
36871
96776
5969
30324
50984
40401
56492
41038
58930
90890
4754
38290
80057
72698
63643
3250
25318
60451
47492
53562
87640
27353
11937
77944
16794
33910
28309
11216
14882
38553
4133
15396
69263
58779
82621
91438
36249
68092
59366
48789
63851
89315
45927
29897
38084
86150
95805
48898
83606
26205
32467
51951
75376
67649
9415
19777
36486
92294
9453
94289
72353
91038
86997
28487
17628
11664
41084
45522
30283
71154
86973
50481
2575
16023
26149
64578
59575
38077
18359
61345
91318
64468
2982
64880
42756
25682
87404
39965
33127
81853
66324
99415
20564
65589
34841
7695
18869
9203
83558
60721
8768
49803
50185
17466
49202
7103
65453
32260
29268
29415
15776
22044
19306
16027
16454
17773
58815
19265
47243
60939
83607
5157
78864
99907
78804
77570
71642
71364
90506
12185
76915
89859
21671
81917
9045
48932
720
86289
36687
34582
37095
74982
40355
14634
80520
80404
44458
81245
78316
45809
72083
80194
4790
23415
24968
99049
18656
94556
34873
644
35186
87860
18233
44209
91785
94531
63800
81243
53335
28768
30872
89708
99701
13971
99061
5325
18505
81457
7271
27088
43751
86262
68512
65811
17103
88916
84112
17190
87715
40805
44064
207
49578
95018
71277
54144
19168
17176
67198
68923
58047
68307
60363
47072
87828
38874
53185
63096
14805
37970
22999
36819
15490
38478
79936
49113
86900
47878
40381
7492
57654
41448
73608
56503
9485
802
8252
41434
32783
4069
95982
55907
70302
73531
63012
2555
49316
97220
49103
25723
14331
37268
94165
99273
42535
52005
44107
60522
38470
71491
67522
56707
81851
69399
89984
56965
70389
90829
1154
85441
47225
38921
48983
53795
44023
3865
75077
29072
73201
1617
78253
56625
54471
83991
60097
24271
10926
4748
59887
95947
77781
66984
39431
59946
64483
54611
66627
61521
78117
47346
66739
37144
3554
15648
62319
4022
35228
84557
45247
13092
39906
16563
87570
89572
44967
98117
75428
21396
10993
89578
22247
53199
9842
92372
15930
56474
61263
6115
13194
77653
60524
82890
2388
50385
15224
49806
61349
37016
8969
42541
70688
23801
93540
53439
12313
15916
15657
52677
19614
12937
29610
41780
4826
21516
6400
7488
44449
19900
33624
62552
52292
74179
10629
4105
62236
2441
11602
22780
97885
74216
52444
98497
84495
62232
32219
28735
93619
46302
81077
86823
86656
56074
7533
76824
56504
32948
49325
33845
8891
73523
92166
84641
36488
88167
89478
43482
77976
46219
3744
76792
3476
7650
43798
47013
29378
90268
53932
49722
41529
91109
55220
28148
79640
10055
31051
83157
29744
27691
94118
17262
79351
37365
58110
39115
34731
43581
71670
74263
17109
94524
75284
32412
29758
37957
84754
9830
86733
6167
15964
20027
22990
42773
40569
69050
53091
77344
12695
60929
7142
22305
89715
78587
49139
657
13860
31032
79203
32438
1207
43903
84000
64655
19148
42216
83798
43935
55178
84961
68174
85645
45943
65928
51030
90245
48671
84481
51573
19366
6352
22540
92021
1568
52865
64770
11416
71294
70268
38091
41688
35447
96289
98433
84439
71636
14136
28475
13433
86926
45587
48231
4214
21346
58788
59408
25508
54731
39968
22204
32604
39457
83277
28595
80919
81488
12712
78625
67723
87871
98535
99496
3135
19107
54967
96143
6910
26511
82474
99719
8117
57268
44240
75361
56575
95994
38995
51934
62605
79595
9189
42093
77834
20008
12104
33698
69118
59848
48203
56848
39570
12820
95468
99944
96323
71469
40150
69068
77889
9815
96756
38674
18238
408
47764
23054
37233
50799
47061
35814
46178
40786
37336
83709
66243
35030
41211
82866
7000
32084
52783
92873
42420
50125
2070
23366
24491
13577
19033
26517
21937
98963
42165
76999
50079
4927
86141
39303
95163
53090
64936
44689
9953
27703
60036
23750
18986
9856
55177
44792
72699
73432
71525
87757
79315
36718
94606
23977
46707
3394
49963
67155
86637
48916
88048
66875
22160
33397
80287
59764
57051
40967
86844
75974
2933
5892
9975
61748
9540
57904
19908
62368
3673
74695
18206
62441
85954
46030
21866
3185
61413
32126
89216
89319
19851
98968
4472
38961
31978
11421
42953
3900
57041
67071
83376
45070
86387
96351
57160
15631
86869
48381
9841
40519
93573
94151
16160
24457
8722
88304
1897
91213
78206
35943
42722
11092
64245
24414
56197
62975
2482
70208
33894
53367
84831
44406
28878
92408
87044
57597
52176
36599
12994
41144
65835
61877
75749
90045
11227
68223
74868
90330
52237
90921
27736
51793
61129
28015
16106
66655
76426
74319
80659
16888
13502
13483
46096
98846
14045
51468
74856
28961
38321
35582
38433
39017
52136
61628
42046
93749
29980
69730
18078
99300
31540
93368
64601
2958
19453
28026
37204
76683
67962
47457
85914
37040
54286
89386
1208
31965
63630
96320
32985
64435
65782
9790
5651
36190
91150
7359
56967
60208
50230
95055
39459
85135
35072
4373
49151
50965
84283
72030
94477
13925
50658
73673
18572
73507
33991
75781
55155
7541
73147
26733
56345
57415
85455
81922
65140
44881
63374
8951
59849
61574
89924
20754
16259
9370
23387
3423
42857
43070
39408
61956
97373
37022
29749
98784
57980
93811
37114
8926
83098
1659
14991
59679
57104
187
78874
48991
74110
14416
71625
70128
2578
43762
31850
51686
67756
67939
87974
35649
79115
70970
95215
74448
60794
98493
77151
54832
52971
2202
51798
85642
35831
66659
30130
51182
622
47233
36372
64571
73178
84406
98471
9653
77466
35329
70636
2922
95504
11837
94049
78060
77608
66302
39406
43468
59935
42023
9057
43479
42697
21401
92263
91819
62870
77444
58159
46214
87582
3841
36470
18487
78155
81809
78758
11732
74811
55392
44200
75011
99518
7762
3938
99425
74985
19989
14030
64063
41690
98350
3522
77625
34356
43134
72763
18095
12262
42995
80551
66986
93744
26693
73686
44416
29184
84675
83272
12855
2574
75823
16286
19593
28143
20550
66450
4327
66203
76910
57522
13948
20044
63760
33402
8815
58223
68999
29584
40596
16858
89332
3676
28758
35002
10634
36765
39895
77108
81362
80483
11888
20665
54951
72532
25256
31317
75989
24911
53759
86322
5215
92531
42340
63980
32862
73923
34707
23249
9470
41250
31044
28781
23888
58098
57886
82710
92423
99113
92301
98536
59370
73917
47874
55156
82943
97410
92651
21284
74430
69037
19367
27869
76575
74313
63863
7133
23761
70871
15333
69022
47153
66726
81003
22574
22241
31280
4928
26524
17612
72986
23123
1007
80777
24521
13660
20613
46280
73806
60540
44631
77471
70080
52351
1108
45735
12279
34978
34824
91261
2309
98294
7923
43721
78955
8284
24425
76603
20839
9823
17241
23857
3341
60003
90950
42160
52700
7240
54458
23107
10339
30605
62989
74682
50291
50255
81246
30784
61225
12377
98874
38088
88948
40480
62994
70237
51641
47454
32802
62812
73347
32587
5862
96050
83666
11965
37315
44790
38350
43553
46999
52489
8737
20091
2929
86116
50748
78714
69378
12244
55867
21180
90608
75471
3154
22361
17964
90264
41744
39691
28429
90590
57085
2077
65628
68199
43301
75684
66224
61597
73809
95273
46812
91582
77856
51302
42589
65805
45308
64572
15427
2032
27848
63987
43338
87753
41269
55952
62483
177
60817
90558
99182
27595
37946
15537
83880
5285
94765
52851
42104
86244
66573
18203
81959
38610
64331
88852
27109
68514
93109
95801
73869
92336
83035
48895
38681
42193
24987
17169
72817
80944
6199
5075
65861
42906
23798
69107
31958
85354
76500
58968
14097
79652
98058
79183
54890
55076
63848
37853
50863
68470
54012
95013
47268
20635
73424
9870
46161
43082
12538
29733
58962
80619
5972
66061
92090
80447
93294
53482
23885
45341
79775
27068
18160
64380
59036
95092
27857
3488
24292
53654
15775
89457
96661
57721
12949
38512
99887
16005
17725
91328
33186
75320
98188
39476
70607
12324
23476
53635
24927
77031
86043
72180
65993
75969
55379
48314
60039
79567
58877
75131
29295
57502
17203
8763
22652
94068
2108
51669
91222
86385
16423
17699
50366
95466
94553
68644
2624
95827
85297
91296
95645
50293
74273
67559
31696
82273
79659
85948
86133
39382
80819
24574
71618
98256
11521
23633
1382
79982
72285
90606
94865
93761
16679
50140
86691
6383
75971
18949
94511
64672
64669
34374
37026
94302
11941
87062
9726
48480
51952
46336
75723
79821
54328
4867
32423
83522
45354
14383
42889
81220
45976
59390
9695
79894
56823
65518
78910
56515
70537
93143
54338
274
53611
6609
8458
81991
54061
19941
13651
86745
68285
97626
17056
31443
56926
37014
45997
12408
65633
65202
71300
19589
14885
99494
99516
75027
53625
5881
74295
8773
45103
14947
35635
42097
68377
79379
92391
68127
21911
81997
31756
46310
52616
2509
82331
53047
63491
84231
57615
13943
23124
12123
80223
26625
55060
47540
78014
13288
61397
69370
9620
94594
82832
6456
1664
95638
99741
62508
47210
13955
85124
5323
94417
82751
78788
93468
89869
97059
86810
85235
38901
34658
89558
54506
89828
90893
64623
80386
24221
94598
19531
92479
97463
25465
16209
49216
27571
95765
1796
59941
4588
98527
45216
46196
72192
62214
47679
72943
37350
34991
14883
73325
58976
72575
9350
10787
23833
27194
5109
28749
57363
21926
81485
15612
39061
85862
97481
20152
80764
17928
10958
33311
10231
96760
63014
7055
86542
82078
45892
12172
22271
42263
68324
41236
47673
71460
5429
27155
8127
49244
98971
52139
18414
61303
29591
76468
93189
1106
47307
47248
4541
327
76095
35563
7646
8327
64488
53178
37451
18089
78772
39263
20376
48146
84598
67039
89042
94771
26741
52258
17893
25361
99793
38388
25362
37885
85863
26556
7224
91069
80255
63243
38352
74377
77307
45570
29656
19868
45923
65025
66773
4334
52867
80657
95714
5416
7969
31874
33803
44327
33342
75332
41410
75712
1262
12642
83206
68463
98443
25933
43500
94361
58300
80329
54335
39853
18714
39848
63199
8525
7282
72552
30028
50441
61439
158
67196
24470
61259
42196
38625
3403
20461
43926
37097
88352
92817
51342
28548
66083
4321
98415
47109
21494
9427
70002
67925
47601
29480
38833
90051
38727
74440
36137
69656
66171
92155
64182
74495
63332
82170
42567
13099
17878
19569
38662
88462
126
38311
55972
10918
98825
27187
415
85505
70897
56659
2116
54505
46607
98804
57943
56301
18428
61147
54861
23874
79604
41523
68153
25821
66567
20669
97730
70899
60067
99715
68349
91019
45920
29106
68749
59499
87614
63969
35275
90796
61834
48010
49385
93039
37075
64304
34521
60071
82691
57948
7660
74125
52770
20305
63997
84385
8901
45027
99504
77654
14857
4269
83563
42073
74229
6170
19655
25463
35473
11697
40345
23533
43819
51614
610
96297
84228
7341
43015
47623
95539
14956
38292
61725
88287
76862
46646
76697
921
81211
30132
48067
26041
28777
92775
22662
51457
13528
30128
70581
23407
45988
10457
47309
4210
26171
22664
50828
45942
3452
48700
91375
88151
263
69640
92669
18234
14591
27134
97693
70370
62948
81030
27385
84202
47151
51999
46916
37174
21434
71931
24749
10781
85987
68836
98570
9997
58961
60343
47757
53045
97574
83316
10369
38544
13
34662
67678
93255
70097
92516
40436
67009
98173
21114
9026
20442
98861
38326
87438
86388
45613
90237
97433
15316
22043
5445
27623
53967
65508
31495
97150
30357
20000
75584
76342
55590
44028
18968
93925
54966
22716
33964
41947
6360
33754
98901
95655
15606
40872
58785
82818
2674
4954
26380
87854
61588
80455
4982
2237
48170
31121
61088
2649
3632
6185
10399
99999
95828
55196
65850
91812
82313
57832
79772
89845
40724
77694
2007
56645
34393
30121
90381
5980
49652
66797
55495
4920
49456
46547
3939
44483
33823
77806
89606
74132
48914
27534
46541
54795
634
93790
45924
96771
77241
77482
88771
95550
69602
17293
79955
5004
86378
72580
36821
48435
4799
97953
41004
92986
96735
99635
81639
33955
16981
58966
62053
77883
49716
66415
99896
72727
76434
18662
55168
71956
27101
62046
12603
41348
71012
18565
37580
929
15118
94071
41299
16776
11743
98135
40227
57499
6586
19061
43568
46165
68854
45021
80683
14087
42395
26320
60962
67968
3603
49987
18647
43648
8095
52099
34883
28118
37800
56622
3389
62748
7213
26910
53525
51119
12098
84548
80502
95616
26686
36551
17600
49627
53594
68910
73308
32894
18921
15958
34514
92126
14472
24408
18862
77666
2105
67584
97688
15905
33634
11100
6537
75529
20842
61278
23256
91921
75508
18825
89614
83490
37941
40973
14434
97335
35824
44034
12708
67392
2807
2567
78390
48430
17743
61569
55840
51962
17673
15840
48122
8833
85650
59999
24316
39878
4722
55743
5203
82522
97907
55116
9580
22473
54636
99047
71950
53338
41656
7181
53803
97423
33873
39259
46170
53727
85810
86814
67226
20972
45526
50357
67835
94129
44293
29249
23872
64396
19911
80661
81996
79679
38772
465
79890
35933
4480
28550
60103
4135
24092
94512
50976
84741
53197
44424
56440
6648
91316
33160
28335
6995
2639
42537
75759
48595
27291
7243
65554
52771
33691
1888
46933
81132
92526
3694
37877
58330
66293
4329
99696
87014
88206
57175
73626
84907
13368
88198
6443
83337
79568
44964
35601
67687
20664
20503
21457
29544
21415
33696
96639
77175
34867
48663
53659
22960
41006
83112
38938
55450
48309
75798
33509
32965
58851
46624
53688
32763
22724
44484
93695
65185
57759
48711
56032
77388
99885
98800
40448
42890
76504
27404
4523
54167
24515
39238
98641
99400
30373
72052
86963
81532
7891
82462
23514
36416
2164
8766
50284
47434
24455
36972
38361
40125
86764
51838
96572
16576
66118
30109
43386
19830
52481
56172
33682
87251
22940
38733
49997
23446
30275
92987
30599
37149
45980
83417
96542
67633
54715
68639
34166
23818
68877
4581
20609
12904
64267
6315
10504
95707
55959
64405
63903
95842
20189
23673
76898
96533
18492
70828
13277
57054
28409
99436
30684
90447
1722
42612
27072
34611
47419
26496
23305
69241
50355
42158
51658
30169
27855
23455
59743
56390
97228
53767
30888
25636
5721
51066
20660
59480
19846
95023
95326
77541
20034
33499
70306
76526
88925
68604
84826
2636
69306
93217
54055
14187
10106
42695
65193
27390
73697
19806
6619
62369
77772
6137
92211
99613
98418
63402
93935
65521
40202
38533
73734
3638
16603
37279
10295
63075
30302
5978
56780
59744
91283
7555
16887
29503
51332
88674
81285
91969
44594
58002
88719
72150
52842
94062
56213
93692
9126
44351
86843
5533
36816
18934
49584
6415
61002
98147
14068
22481
77331
55946
22441
43076
99872
38339
37521
80129
13411
2840
37274
83886
87301
99428
24290
19397
57523
78345
66374
24854
20647
2320
55899
11866
54178
99835
27027
15830
45455
42641
72884
97925
28971
52761
52592
98467
34877
89625
53108
8306
53883
39462
88107
77071
73057
94814
86729
38759
19119
66759
34556
40157
62333
61193
40709
95061
6374
36596
98029
10361
81750
28321
51974
81133
48029
86119
55146
58312
73323
81664
67197
72264
71987
40395
26197
98167
40831
60057
66630
68650
9134
89951
78535
10529
48644
30533
19765
46230
1946
84539
72331
56990
83019
69804
3930
92690
73958
90028
36257
66317
29721
31457
52512
64645
74061
18399
2739
16216
22005
67190
36183
83369
92207
49536
21713
13098
49763
37032
19546
23504
47250
47051
18790
84361
10576
77981
84013
13852
3737
82181
40200
38847
55520
66888
75208
35003
23282
89772
74067
7589
17201
25455
27981
37125
77895
87683
48535
47138
49380
33695
82294
94755
64537
17027
40018
88300
50595
56464
52146
38393
76470
59345
36094
99742
64723
14617
89212
52011
99219
99799
92119
52541
53279
74905
83836
38767
46987
81516
68943
18391
1133
90951
19076
86904
77613
14162
2773
12530
19811
67527
59520
48008
98456
72108
11891
66506
7613
13707
9516
11604
95762
42538
20600
81514
32015
46154
96040
69455
90443
56487
48594
14638
13331
99819
67087
55066
42887
36248
16334
46820
21611
28099
82563
10701
73803
45977
24031
26946
91465
8436
30294
25618
12466
1401
53742
64348
23729
7260
13248
61988
9165
44439
60857
2781
92893
79806
33084
73059
95692
38345
93068
44926
6704
91761
82230
87533
55994
54554
80243
42875
86134
54664
66763
69614
16123
83478
33984
62279
32014
55210
98801
1099
7452
80759
61283
12117
8913
78083
66772
55937
23043
69859
94329
22178
68105
11656
73563
12289
22818
95409
31959
71130
90812
46305
11927
9913
38626
5878
66500
58463
45994
34605
65335
34911
92674
62386
50540
16235
39199
72162
7884
34200
20160
15919
51485
30085
12863
22850
94720
19169
58528
65413
29575
28303
33354
22169
72459
18150
55919
97866
17939
27076
27740
65304
90222
39308
31458
30855
86195
54011
97545
58361
6791
84969
31346
52917
5465
21970
44563
39775
3245
86738
82484
32681
19460
53470
3019
38264
6134
58669
13349
9294
25751
54777
63626
69051
31452
99348
7665
34956
73556
64361
83440
48073
76339
30871
77719
91358
93543
18735
60178
28741
48883
3895
85829
75821
13136
50777
50082
84113
69768
91219
65195
34722
34557
86112
67076
60614
3434
35351
93201
17443
50306
71515
22053
85938
12621
87116
64745
51839
37386
76806
51754
16253
23290
57693
48181
86099
17517
43423
24984
85944
21932
25347
28147
89425
73143
75596
90770
83102
98191
53598
57531
58235
92413
33357
7286
93679
7946
38122
7833
38909
68001
74782
7357
9787
99200
34190
42628
92731
40468
59873
47410
86612
86591
13911
21020
11513
3970
54727
30738
81969
81297
10801
47829
39131
35867
70520
97191
75690
6701
22950
87466
35756
84742
82589
24428
79943
86940
82733
34229
76088
87094
48799
30834
49558
30096
28427
35724
58750
45230
44842
55676
67705
73798
82381
59317
10313
73736
43332
29814
24502
63346
41430
38497
59310
44149
40502
50319
63293
17006
94658
12890
46982
49350
91699
91075
16456
90253
20540
43906
57515
62355
84645
36836
47896
41559
68472
62786
92693
43540
63576
49649
39399
68608
52799
8708
23373
32912
88520
44384
31375
46779
87547
53655
76928
59649
99244
59254
97031
54518
85296
21060
35489
72994
99916
94661
41745
71631
98201
61113
28411
64485
72377
2659
6724
83745
47988
27471
13797
46806
43614
11146
13508
65205
16146
90374
80054
7951
35298
48755
955
6525
44890
51604
49401
44546
35836
86086
6361
40099
45306
75357
380
18550
72215
17674
19487
33617
97660
42020
90046
70478
40733
8028
98313
8326
30278
57270
41247
83398
66589
81318
19891
606
28086
15132
6427
51709
18426
4164
58904
18074
40285
15473
9
37267
87190
98534
57127
2801
40105
84981
76601
46631
60952
9139
43261
15388
71150
19446
27977
95666
49496
64169
23785
37750
31214
44849
77162
37669
25928
3243
59813
75003
53219
75515
9747
1631
95225
2391
75658
1526
11000
87323
49142
22543
9411
56273
96511
10343
18102
65802
18551
40912
80629
63147
55298
89385
2186
58589
78456
34745
24223
31602
47940
60143
9494
84633
36683
8690
59574
27946
35517
10887
40272
38764
5844
10068
88259
58216
26199
58413
81346
40349
77599
31094
56724
89227
15446
43664
60416
51474
43189
76761
64337
74117
70220
95254
396
42750
52689
23234
92924
4375
71749
28852
59793
92421
99450
95770
36332
26148
21846
61227
48805
59791
28910
25509
94507
83932
55236
99437
37573
4776
95658
94687
35017
33719
94099
44801
36970
6823
43792
23236
59919
13862
1412
49635
3199
49359
90495
2938
24291
21504
65829
54640
5943
21643
89840
55708
93244
41220
89787
42817
82277
6903
82454
70190
1247
77633
60944
30729
9831
65922
38375
26220
47436
68230
6675
29730
62359
53512
5744
37562
55992
6731
37344
69203
62746
4667
28664
37902
24057
6824
46932
30519
83962
40333
77789
39873
4923
25210
62267
3181
19356
52786
46524
89940
7221
85055
10371
16688
70475
96165
44465
66193
4948
87583
60031
61721
14604
50235
98544
82306
46409
31798
56506
16288
58160
11359
77923
79426
1285
29665
9402
35156
84572
52199
85739
92627
52956
80928
50243
96832
16325
48079
1619
26675
34306
58014
26489
51321
58396
43099
64544
79343
71919
26595
18337
50730
30565
36037
62126
85257
64081
59248
73440
99800
14699
17324
21661
44837
76033
49390
72372
12072
59604
10777
94877
418
76690
38977
5785
88026
87586
59269
20529
80788
35237
68711
28744
53538
65816
93133
68503
63003
8060
84759
64785
69324
26736
640
2676
55250
38174
24266
7635
76573
12335
44437
42286
79518
8269
43657
29933
97791
31755
29436
8754
14934
1784
69547
13698
85394
12852
22602
2997
36060
25078
19426
84728
32517
15649
50682
15939
64643
47282
2591
15540
46229
22348
98623
87589
42153
45106
18831
24524
45537
24015
70521
25203
89847
11516
710
54962
79251
97376
49845
53002
1877
18782
21579
66071
19549
75259
2347
28766
41930
77941
88657
83192
14250
33480
90922
42891
35047
68499
21536
46865
68758
54599
60456
75672
44378
97211
69025
48609
18454
1387
16793
15330
99962
62147
1164
38849
80462
95383
7675
39444
77082
31322
27333
41613
48795
40337
65357
67391
9007
75910
36296
37629
45130
59192
24140
20336
16610
46390
38255
73867
65083
17871
36746
30433
92042
31013
19545
17200
49620
43473
47683
83966
66699
37561
87278
88595
46692
38840
77884
64274
33271
77028
67171
3317
73260
84588
74881
51794
54911
19373
94406
66380
42707
29751
62149
87956
14935
36881
87271
78856
8963
24608
5310
30124
64758
3063
57505
86344
5956
11685
28979
18400
4108
63996
5658
82132
44962
81311
23448
83864
83387
41437
46561
6323
2568
90925
3303
8261
71817
66534
72037
95367
79953
26703
8205
24462
41668
49262
76026
89691
31314
36585
67722
58797
83611
57649
73165
84593
55508
21658
35841
57640
61539
12577
39557
18250
31982
44555
21318
59231
51929
67542
66059
23965
26346
49747
78473
89923
33776
25586
36073
51953
84757
93978
9464
1713
89242
29541
5926
21912
89810
62602
45038
25130
15556
40111
68922
88020
46998
30054
21154
40444
3820
12862
87383
55204
27887
93837
27918
67591
17414
24188
60229
65596
60586
69650
16680
74965
58638
55343
15807
88678
2501
18173
50639
65424
8071
91052
29761
96781
64460
50672
46913
11226
2493
22936
66199
58084
62448
29160
30065
8585
10405
79691
59085
16250
17419
89631
17763
91733
14914
72635
91735
87421
19480
38140
79099
48715
42280
1430
55113
4905
37074
984
770
74170
40025
76606
41374
28868
24155
50564
77707
93212
45677
26328
1959
74124
92118
73852
53244
12090
45703
49534
64239
62098
24528
73183
31933
92358
13915
18224
81810
51155
4620
68299
37660
75652
8533
33913
15314
8395
40000
10991
90411
83909
99820
88712
9403
80212
93011
80923
4656
38903
94515
15346
1835
77510
27727
68159
56977
59219
27448
60089
50170
70993
7793
87486
65730
15325
57752
3547
8062
78379
27348
1295
57626
51589
40927
44146
22090
62891
67580
84990
47037
64667
44666
14229
3666
18496
64890
73964
93637
33393
32497
5960
20644
62978
45726
8570
49749
7127
68666
21489
97126
63495
7956
28424
74888
65332
43052
26550
59116
57395
17843
4631
14122
22746
29830
56300
66239
26749
83738
76007
53533
89004
56916
93635
83047
53486
4026
12346
41258
65950
22121
85931
84710
52508
1635
42552
5501
31728
50450
57327
91518
19845
87460
48930
97475
77802
91413
5941
28797
16953
48246
52669
14475
50168
91342
70301
96374
78809
35828
48068
12608
38240
17376
42379
34391
91862
28346
9106
20397
53239
54097
74131
94767
46705
60387
93413
76256
17383
86834
55433
424
98170
61090
12624
31099
33145
49411
86974
84837
85538
16827
44454
85326
42245
30345
26162
23992
25684
61148
99312
15057
66207
92812
65145
80709
27684
94029
18788
77593
95459
26178
59802
73571
98521
73233
63611
51429
77238
25388
64168
68010
80306
6404
56482
66462
33611
78282
37531
38646
36529
30655
18042
28775
13870
62534
2536
27236
63185
75741
1548
59710
6993
74540
37410
15050
62278
32693
12317
47659
16938
92570
60430
38761
55489
71791
55848
60061
5390
166
1621
12819
17267
20213
23422
76722
44754
20155
49349
89563
1675
92741
12142
37278
68206
33320
38073
52563
63567
52546
62574
20478
40835
67118
90124
6615
60395
67486
14658
47843
88182
74085
11139
80835
47050
17379
60321
50183
34037
95104
91066
50059
8973
74870
6278
86524
72856
37693
33425
60205
96235
50785
95045
3708
48775
73149
77516
80495
1680
95808
92356
97938
21640
68522
67047
88412
52860
18474
23637
39422
10756
21923
5014
78601
1146
9679
39700
77521
1488
47190
38136
36176
87441
69553
84396
30990
22854
49683
40391
1307
69969
11194
92197
52379
69033
9004
69233
93997
97860
64960
42452
78737
91474
33534
46111
75595
78876
86895
76008
31524
23129
76538
16844
73847
84454
26588
76159
18265
84829
65247
3971
27837
57464
26300
83959
61253
5899
41940
4425
76969
71611
91623
90819
50819
45780
52119
86907
764
67363
68412
69933
76333
63366
53743
37538
86507
95115
76829
58212
12978
85698
42038
45739
43699
17064
77096
94135
47527
86025
28938
20852
16722
57319
10510
71228
3186
24859
24284
7023
37195
44263
51398
708
12345
98306
72487
36211
79548
53104
14426
34742
47962
73717
94565
6436
78486
13146
42937
47731
79535
82169
45682
34789
14158
97015
45729
34244
50334
3444
60780
98122
30113
33681
29223
39087
92288
75507
86486
72126
42810
42907
32104
30837
84919
59015
90496
33927
42622
55325
39070
57247
17610
1916
324
74421
61509
14865
76675
11207
59661
60322
75664
65049
71183
83722
13480
51073
29004
67450
95500
51405
7
51411
76111
85902
97921
50942
6469
11721
38496
74070
73819
15548
40720
82739
38319
25669
90183
15925
77477
84931
40656
90230
13800
508
99055
11594
34657
11277
76983
77195
30495
42955
93228
49007
59493
16020
33247
57192
64327
62911
29025
35609
29645
52350
5175
59673
71551
9251
20483
59205
37922
62615
43483
88745
72830
72676
24831
54323
55013
12281
29655
77562
91487
94889
27652
96034
2174
77353
19596
45995
63542
94754
26365
58005
69584
68435
56784
61232
98377
74796
81752
3204
92357
14305
3999
51229
7908
64123
17581
51339
54706
77866
20266
23049
63302
21840
93757
3521
20112
50612
22195
32723
88144
26790
86430
31135
80979
71860
81047
16721
859
4517
11454
63020
45420
88243
18612
84513
66897
53657
71088
59431
60421
13696
44599
40792
18113
77713
31682
6577
10400
37850
31649
80563
41981
1210
76144
60563
71316
48929
42796
39508
78685
42607
17596
43408
54975
77799
1191
73823
16729
26222
26274
63148
50735
90660
45014
44609
93881
5798
84726
62343
26287
84597
10724
71155
67093
46751
99600
39195
8762
2618
34295
87211
57791
33897
43243
19237
31475
2740
87859
66601
79560
57443
78127
28109
42171
30546
81273
7954
91708
69238
83555
59647
46655
34758
83869
35262
80013
71370
3425
80407
80802
11893
65328
16873
66274
11657
70221
76693
51633
93924
93981
90394
60090
90346
65972
87834
46377
62297
24133
55989
77876
79650
59859
70249
5427
89287
11514
23704
92559
84611
37950
34481
94092
86640
39256
86048
31663
2246
56999
29001
6025
99054
63238
78069
20127
8764
78949
48159
54329
64036
78755
28652
76287
43038
49089
2207
154
81251
44724
60102
56935
56459
20775
16895
61607
41305
75217
3124
76146
94907
54746
37556
9552
32915
62450
3814
969
43817
19662
44876
79923
41227
75491
75371
39340
25606
58074
87653
45982
63301
83505
41254
9837
93227
86286
23486
33500
64242
6708
87710
12173
64891
67524
66955
52607
18324
78394
2692
81792
17552
63876
76022
95740
52711
96702
9575
70101
66459
59080
88844
62893
97904
64979
44520
42843
45853
63247
60932
16071
38689
76133
78368
46424
83817
34258
76907
89679
74625
90006
59222
44675
88479
23341
70715
36423
73303
32857
96885
97961
39150
43565
54609
83803
57941
2409
73624
13399
56521
64376
90455
24146
59380
53325
39157
96842
97772
28456
57951
89592
19660
73041
34878
1179
5735
23594
3983
60752
77691
37103
50718
71552
42404
79155
46243
81675
13726
30024
75824
23880
92435
21696
12518
45978
22487
70546
45472
14204
72320
3040
58981
70873
49953
89361
86380
39295
74704
38491
17735
93908
84101
65220
49687
51718
83348
34301
80227
60922
75130
28126
99039
91053
63057
24173
39985
13942
4673
49535
4795
93624
40942
83489
99743
18866
29822
45762
57445
58882
50226
23397
76548
28478
36401
22319
92345
91125
45327
55317
94280
91422
6730
9900
7601
11666
78717
15080
79246
70290
32563
78180
28802
19594
57342
72633
84946
97017
52995
58906
6782
59982
42450
56867
64865
58508
67839
9386
89285
21522
48744
58116
612
20782
60166
51790
8984
40290
59091
95144
14063
67734
80452
18614
34510
8575
88258
68015
266
13667
2145
296
41618
5957
36713
30309
24650
40895
23634
42493
85771
47415
27778
67830
76109
72831
92486
79137
83294
75267
40859
39056
69984
86938
90156
5682
57216
46953
90467
34131
94207
15584
69375
88121
12308
21328
38813
23793
49815
44078
10733
27246
74292
18039
247
14819
10039
30038
65060
31029
51695
57937
3618
54516
78336
35160
11125
97214
20925
38619
12018
39941
61811
51400
23838
29099
1320
64712
60087
32448
16011
87832
49213
24619
44016
18453
63315
66769
10010
21775
14150
27882
78500
40501
49703
90790
4153
5779
92960
55921
3646
90283
35398
66486
67498
1298
7205
46925
30678
13212
68306
45244
42273
14499
52834
86095
37248
44611
20528
38257
80111
95290
77956
60604
91303
87477
82187
32994
55904
34890
42120
51442
77189
33977
20673
87077
63363
59638
97990
72023
72304
8298
36532
70708
24773
69995
48676
63735
73733
10753
44102
30924
14355
29757
4381
11537
22580
98096
37601
38779
46167
84036
18685
45321
16332
13308
2711
3690
37290
7928
2734
8431
22413
93938
67008
15688
32582
92428
91590
14652
39163
17048
74059
91081
40481
71348
89224
27482
84884
50270
10577
57142
75654
90252
6650
29043
12462
11115
78487
76200
28505
89433
45645
82872
18756
73979
91850
31185
77015
33204
67787
82946
83406
29515
97751
47792
88245
65847
88485
13295
87164
11426
15811
248
40504
7571
92360
44151
62880
79394
88480
35968
79751
28094
8652
43345
67117
44402
50664
99465
10685
60052
45209
12542
91506
10757
23864
95049
81110
70791
40787
44761
7284
99947
6426
5198
95524
35123
33786
8324
58485
78597
14
57017
9930
81845
38584
50646
23592
26717
93452
62906
37384
63312
48292
92546
7663
13323
58405
5942
75086
44781
51259
24147
19252
18514
51362
84929
53081
7790
23349
38362
39261
59897
21975
78233
64743
46027
54790
64860
59168
99526
31957
15031
66607
28939
6378
71209
42962
19836
55124
33548
34369
43703
90523
5813
88018
12651
23136
97794
60402
3660
10145
49131
7290
6686
87260
78883
5947
81306
54363
59531
45025
38297
14228
88551
91429
63145
90659
72906
57263
91503
50925
69229
55370
39692
51555
86676
66570
46881
96052
70589
48553
53853
68337
20350
67216
93098
54614
91979
84841
20151
96272
74331
24156
42950
75080
89421
130
70818
52210
57831
15044
47784
68848
28712
31412
53928
91509
63268
18497
84227
12928
85793
8912
86101
83981
46403
21560
93949
32270
24660
94401
22900
82573
92901
84659
32037
19526
74892
66414
59788
44059
40964
45577
99129
43005
88170
55929
34021
1842
95341
56656
71420
3191
81988
38792
74419
5534
90578
32064
19130
29057
10894
28722
68907
81604
73374
14710
81910
25838
56745
70694
95292
45571
27389
55890
1081
64384
35602
84077
95756
48981
57520
45831
86217
81015
63403
81018
19463
63679
81757
89637
25673
406
51808
15910
28597
71259
23411
8308
75675
10843
1259
59792
44686
92104
8197
11147
36845
42617
50017
41524
95782
6244
94033
26114
81927
2610
7373
26716
10789
28508
89423
33400
90180
47298
30518
3623
26886
80085
47709
33404
35891
58023
89174
88946
52852
22145
41548
72737
72670
69397
56212
99271
6126
64705
38204
71109
95219
68420
91237
12181
70455
28112
56162
7513
31053
68121
8967
54768
34328
39929
84476
52838
55222
28759
56029
51158
48125
68837
27873
20254
27639
5144
72394
40409
70173
1824
23059
12395
13153
88998
2123
78643
65390
4383
61602
2169
63002
45935
32129
6251
66475
31204
13996
41281
21423
96961
21478
23288
16532
90382
48949
62226
94722
82134
17345
32768
61794
93360
57010
92274
58192
37490
8639
99
65700
80978
76817
78942
85506
62258
128
60249
22658
37444
49040
8278
49135
90250
42415
56821
22189
88854
59578
48023
30183
62242
9581
78279
58754
80758
69422
25720
55429
1985
44840
38172
94821
75081
76080
23659
99446
83416
73604
10858
10571
77199
51363
66785
63609
55386
71400
10401
70575
46924
27266
33152
67308
43522
53943
7331
74044
50388
6401
80259
86490
58994
33416
62049
83829
21874
95642
44692
80238
22700
13336
8896
438
18620
47340
43372
20678
9954
7744
1466
94188
91225
42148
14665
38839
95502
7683
79949
67096
11480
19632
996
8993
45474
98508
72144
5074
75604
53124
96626
8892
30657
69645
57072
923
20294
71297
70165
24486
97672
22172
71831
18970
68671
38831
37516
65272
37568
22327
46194
49489
53449
19718
2497
64685
77026
60757
1098
19880
45096
1400
24913
81513
69979
6321
54153
65610
87073
99381
33829
23979
57555
79355
52969
20543
18328
24664
20738
51938
44644
71045
78694
72036
66732
79277
66920
42100
64945
53768
2910
77212
99183
12545
86391
11471
88681
86432
1393
24681
80595
37966
92762
54726
61681
88709
28533
41377
39494
75713
40315
39432
33014
74581
20486
2764
22865
41375
31401
47400
93148
50087
15430
54876
32121
85652
98403
26808
75261
58826
88111
90526
3166
75745
99198
19554
57264
24867
64919
73387
20293
45105
75945
21894
67849
98028
20704
63936
7637
55924
84335
70811
59273
43534
67279
83190
24330
42672
55426
52424
53694
40347
56512
15744
2762
26229
50431
12943
49855
88214
78363
43452
1367
91885
24329
62592
34776
51882
37670
97555
53513
28714
25794
60483
80785
85988
18888
87838
29170
50773
47948
57670
59374
95006
1994
71272
17304
3679
87789
48664
46875
27007
66823
32979
36744
78534
48630
38125
14809
81841
71304
1830
35022
4322
14490
84676
40264
55962
80562
89891
31129
55785
90669
83834
36515
11916
17247
18874
4864
94043
96094
80611
88672
56876
14102
13466
19521
38022
22353
68897
37680
23499
62306
60588
56242
33276
67538
400
47837
6752
65441
7774
12832
38087
27338
73235
39587
70115
98590
3732
94843
25788
63645
60497
81231
14008
26971
36725
3400
3336
4175
67780
55720
88806
91694
12565
30212
6438
46551
46588
85760
5705
33804
16898
23066
11831
59831
47165
88336
60851
48945
32005
39222
21674
19054
51070
43092
72756
97923
8265
58375
77733
23248
11017
99390
1321
99063
62187
82377
93669
27290
18965
42040
15732
30848
50225
37856
41528
70031
92597
51627
19219
7984
98621
49200
33156
34882
16272
84936
34772
21082
35730
77800
79350
31858
80218
28925
50199
28371
73021
62066
31205
18734
94546
70305
51370
26003
72497
93796
80132
12544
25088
82588
69236
63527
93836
50265
82973
81832
31875
40636
13470
20865
21382
57979
79074
62037
28358
68375
62694
64301
36327
36509
4944
9207
62111
33005
2706
26614
25092
46596
56427
52003
28575
6967
51211
91058
57548
31582
55399
94364
25511
82663
57897
8426
63806
85990
63504
67223
56565
53343
76141
85459
76828
84839
93845
67003
34644
51156
78328
49698
45558
9306
12839
80326
65582
74955
84376
83145
12249
11774
43570
74088
24161
88618
7011
36889
45449
4335
89785
15781
66320
2971
62621
4889
31030
1724
74349
46889
78219
77317
7580
94010
29542
97668
616
45685
31155
81517
95390
27553
61702
3599
12825
75322
51687
14390
71590
51599
91187
28231
72514
70335
54304
16430
16615
56530
15605
6229
89920
61937
89543
59974
36933
37300
50269
40670
4884
24239
60508
87347
21321
88489
33398
14994
11558
19734
12920
30723
42472
21596
19770
73514
13189
88638
65674
10365
14013
12488
50636
89497
28751
737
53253
96245
87123
23240
6003
93631
42655
68641
59896
9779
9941
1489
98146
21761
76558
79096
40216
78369
85592
9188
21566
99739
60420
61631
25561
31512
4929
55054
449
68912
8648
32198
86001
129
98394
99305
50393
26194
21999
90941
78051
97515
35955
70153
56615
20968
13619
53025
15248
32541
30769
61216
41815
20313
98727
44552
52353
65198
95331
63409
77965
71922
36092
524
24387
80826
34827
90108
14050
64103
95226
19021
67976
50374
44479
91217
4035
32029
64907
12514
53937
77130
35171
84194
85762
86544
50201
12203
39635
49053
40213
96221
3995
75425
5843
59718
32180
13009
29784
35957
460
78035
76616
26841
86588
49512
40683
56550
38862
52619
87200
11896
81672
20077
5608
18421
52520
44683
16623
87778
85131
68902
5693
51936
90197
97876
42614
52673
56610
52959
56169
78053
87902
10253
17619
69998
97732
55918
8226
62474
33067
19934
20281
30474
25310
37222
42609
66677
77253
76281
81019
74843
60340
89854
29190
43375
35142
60902
71799
15739
10137
33610
67191
16389
77261
11793
21190
10618
47135
18270
9570
38468
72980
8460
94853
55100
51575
93476
58773
17816
78116
91818
86795
42696
70134
23541
65687
43689
56774
89190
83828
5126
63722
14660
19467
13941
82696
52793
50308
10595
81919
99112
21797
26689
52567
81837
9671
79709
97955
23156
30279
39894
3172
8035
11030
15280
33989
89316
52732
35950
84043
88475
61149
42330
60411
28872
2507
15509
36817
34690
31574
71201
63823
25393
89531
78205
51950
1222
41787
59171
10114
23658
18638
48803
22198
22874
47531
30058
75609
5507
65744
78840
70257
49009
79422
81924
71169
30377
41645
77381
39093
67666
23986
96089
13892
49538
79503
81168
98802
2558
21403
32968
7721
21983
68172
75116
57419
45438
24540
85717
13538
96144
93969
71797
42382
94350
94405
83686
13918
89766
54567
86819
13380
30521
42087
99722
89270
67670
49464
35860
98021
93832
89703
83787
71490
68591
290
53207
94284
24353
58249
11311
37937
41360
87405
50741
25721
66652
42336
44337
77762
30877
64244
84069
63269
14843
34920
20456
24757
48884
83330
3915
67124
86831
35748
83878
49782
12070
97936
19102
11423
41160
38954
22381
17189
69341
94255
12005
55071
36143
8974
1204
76267
91080
97649
79290
75399
99862
65004
1966
14108
17912
67900
99789
45967
97464
92378
97447
38109
23891
71268
78760
73197
80474
65263
45234
11368
69901
6604
87282
83497
48399
82340
18019
98917
47115
31824
46272
20416
45193
53591
47246
83773
26061
7864
66910
41420
55696
10171
47125
30952
82105
911
77936
97284
46802
3659
65460
17563
90898
8082
66372
1388
93020
38988
32654
96069
45158
8712
7711
74056
47972
35280
81538
60960
40963
46361
22347
98888
13732
41417
51699
23674
24732
50028
32436
48036
16469
8168
73486
83935
2833
49289
40076
74610
60043
76622
63795
72208
73466
69285
88088
96452
26778
73911
70705
60519
38
67312
11723
88983
47912
46396
19524
48878
81441
74548
27184
73638
69932
93546
38011
43156
28121
33010
67578
64295
1477
21353
13974
77172
60706
87169
22362
72673
32289
95255
5143
15018
55869
78969
86674
28448
93664
1750
36736
99467
621
1049
5024
93350
30865
53813
69720
83940
97434
16193
80966
30829
99123
58874
82047
86067
11187
40063
5060
88256
74429
41836
48384
64340
42825
59136
55391
20496
27221
33676
66731
16600
28637
60734
41632
19184
33981
15287
77555
68651
94961
66490
36890
70896
87619
23583
10689
76105
44735
59572
58237
45294
65327
67931
65774
45856
10382
92299
32356
70868
98465
65094
10017
85086
42154
90259
75078
26742
165
65771
82525
1815
62128
4184
80840
1895
80731
93851
17825
46662
68950
63376
19144
44108
11415
67259
69750
64980
57381
39049
51920
98150
64475
21227
79540
78832
77557
16601
83484
4987
71044
32858
70219
86258
27097
78787
23402
7457
65132
41362
83664
54115
73730
32292
7648
23191
80703
49145
78185
40112
73330
86578
14180
31635
24630
28765
6272
24139
67944
94457
26340
34871
97832
56456
94621
54026
18502
18411
67869
20105
47714
34771
93834
40795
48056
59810
56376
33704
76319
60338
60427
42091
38793
34245
75202
21272
11023
54409
68975
39019
14720
43319
47206
97311
8130
68156
60492
90918
25464
38990
9500
54497
96106
98920
29065
56633
473
80781
83977
10921
98120
12861
25331
40788
88553
66221
81100
92541
76920
79707
42816
25554
12301
25505
53719
62031
7141
98411
63132
8626
11806
38609
45523
25125
81368
10279
64566
38941
25111
68413
64070
58819
18226
74174
54480
18923
72415
22896
81124
56067
90112
39179
45384
80651
2719
38991
73895
63990
1701
80549
11331
51781
4374
88630
18784
92750
77497
43383
62411
16541
74083
27164
86359
47768
8797
89408
40992
89003
38892
67657
62939
24254
43267
54006
69872
33032
66670
55986
97873
19370
75058
75110
56092
13831
28095
87379
81671
24070
91000
98613
59934
99201
89553
98742
84211
54682
50153
83289
95561
69988
60674
226
81904
54071
83198
33228
84994
96795
24526
97570
73460
13167
30810
20432
1987
58949
99318
57578
72726
72045
97905
33485
93551
71640
45213
69381
44583
86352
49363
25236
16352
45041
93723
9600
82257
88613
62380
64428
36980
39886
23203
79669
23263
10761
63979
91224
1704
78936
22333
23693
55670
59586
66353
45300
76701
98854
56675
67372
72229
8796
70443
69270
14074
30175
7794
71389
27041
16932
39210
97207
7943
10549
85083
31472
81091
34727
47814
92327
51721
70977
41376
28950
89362
15585
49107
87212
57039
72416
56135
80004
88234
28839
25717
64817
27247
59816
66067
98381
95269
5431
60925
89219
46496
54377
58678
20656
26805
1242
3424
79901
76953
81964
66187
92878
88005
89657
63923
3781
17840
3330
80537
28706
64715
75688
74039
6369
59013
88389
93221
43441
94868
58279
47721
98598
34418
8510
74405
7043
11746
37860
76523
92290
68956
49570
9934
79007
24211
19959
56826
34272
91893
84554
11731
83457
37172
40916
41470
67066
42861
7831
27862
18655
11695
26948
96611
66999
8679
78238
64943
92351
2265
1968
36134
75849
8941
8543
43504
89188
84181
1614
122
42929
39537
64369
57675
62488
1885
97071
41705
66001
517
70152
2775
35292
45353
43088
68890
26184
58745
72382
18993
21883
57947
94871
99114
76926
62337
97079
6175
62238
55546
22997
50180
5003
21519
85485
3958
92075
27306
67579
2308
38245
36634
88782
69280
59280
21221
31063
61478
40922
26811
6499
84446
39991
68044
41693
22892
28202
39441
56324
82401
80728
89192
20346
36148
1866
88582
89905
45937
82940
21618
46887
72448
92258
75175
60070
89890
90176
9378
64739
79229
3824
26726
96663
71649
96869
52191
64731
99274
4636
67002
32534
69974
8275
24679
16884
51231
44612
59981
65414
42017
32331
89438
38911
79973
11304
41192
90661
15296
77447
32812
81634
67834
35989
39215
86314
8210
14175
90078
20818
80316
21944
54737
72948
57994
401
30224
64373
25289
87777
70754
74902
45147
62464
96454
15859
82404
1296
22258
88503
84390
42297
11014
99378
35307
33761
67184
24718
43820
61560
86841
60162
82214
97678
92366
24709
45529
93904
2874
31778
77963
22841
38179
78515
48273
32366
16154
75605
53261
97341
9733
91718
16778
32390
99030
50478
66431
77720
27829
62848
45861
12504
47181
40330
79255
22187
73822
47101
20417
53034
726
65418
17436
92854
18658
86747
53903
78997
9989
58167
63743
2654
1883
76381
93324
79960
17473
24086
62701
64321
20551
54428
46843
72127
43557
48767
37961
90587
79789
96027
98709
32120
18958
54595
39764
38239
52857
69870
8908
12001
54249
57171
75096
45667
21174
87921
34621
97277
28223
83250
787
3526
57377
93153
70940
23526
24449
63037
30086
6626
15863
4308
81288
98919
8106
86537
46276
47938
31841
79759
8777
19065
22616
56148
61358
47528
14771
6373
63099
53355
68631
13117
89455
2881
3692
13752
45436
67636
62261
8546
19878
39851
40506
92461
50851
37620
30418
76165
14772
10478
75844
932
26652
72199
99974
66968
21125
33001
91082
43427
75921
35988
42741
36105
63604
25288
39699
98022
13900
29343
81974
51028
58984
63600
98937
82229
67624
88779
25237
70727
28249
17898
18763
11898
39398
46198
62213
15196
14211
12136
44590
47524
28502
91984
28557
88945
33771
60987
27242
63772
25093
78890
19281
83961
75866
91403
46074
90695
84034
10324
17582
38526
35651
12872
65009
63317
63190
63135
91677
33912
75908
60784
68898
20746
85168
77346
80906
69411
32233
54396
49838
66893
48078
52228
14137
64854
41708
63770
20689
7278
39919
42433
51631
59382
30144
86250
32996
4567
91637
43961
79332
47182
80628
85321
59726
3265
70783
84237
21718
84510
62668
68442
84204
28267
40051
54645
7270
18145
26049
93576
61714
22325
56532
20921
54779
21564
33426
10221
99574
1360
19601
38035
22074
91389
35282
34311
96902
15690
9607
15305
81793
82760
49844
59830
20522
49505
89
2953
74848
86293
5685
50750
62340
39449
64526
18136
47272
82117
33543
20971
19981
41881
93896
75502
43737
70213
75231
50288
35738
34147
22695
46420
18176
24769
10212
31549
13848
3852
93987
50959
99408
70700
5936
56103
1810
12496
32065
53313
24597
59174
15376
829
76818
92239
58359
32381
7107
19561
14110
31673
76390
28739
89060
29124
12391
10540
604
51047
92792
28780
77225
56964
97803
82162
98826
89087
28404
47236
80480
25200
95870
85417
40129
61486
93196
41147
87092
9922
35680
82724
5449
3023
31177
68018
72249
45034
70418
61544
9307
62269
53684
35972
56078
44333
11282
80996
71837
32437
49879
80381
58157
90748
10356
69953
88787
22666
15809
65471
47117
23040
60158
80201
26950
653
23083
23187
6754
58858
10480
94795
44938
66960
33993
22894
64047
12452
22899
31733
5213
7553
48733
64713
12059
6454
32840
35513
96112
31588
9304
14691
7269
27664
63356
98704
24097
9044
74454
18689
26033
4317
52491
99290
55241
96387
35873
48187
35184
44747
2837
16877
27310
11065
56458
49515
44569
36527
88335
58236
48718
93297
32903
70045
90655
20408
22248
91983
6173
83502
55557
86517
3830
98303
78780
38994
35764
65523
52645
11287
4018
11358
78871
85736
60209
19466
69917
5443
6348
32189
34876
37090
74068
23015
70787
94718
67865
95519
47650
79213
67332
29990
91820
86797
23835
44451
14049
10140
56872
46816
69240
94448
71317
65794
35886
56016
67350
31042
15313
74875
76708
75862
11442
86145
97134
79683
55382
98380
66640
4081
96399
53068
32983
61732
68257
20796
98369
3246
3685
96200
14064
62826
9757
34735
90163
91691
86872
75774
92534
84697
53121
62887
87953
13430
94090
5385
95776
91059
47235
79754
10178
24910
89871
22945
21003
50394
96844
67942
43973
1552
77837
34692
51921
62859
78290
69519
12976
91145
83537
16632
18005
68996
97675
39721
68360
70358
9345
45802
48196
87191
15302
69691
64849
404
31191
73232
28359
9072
5611
32399
32354
56037
85224
70084
20736
92769
19479
8481
99850
58796
51516
71621
1970
24670
20568
40557
23503
25977
14226
33112
77970
46594
96544
56343
99416
7612
30317
69559
98109
2871
53725
43002
88876
80586
95757
80075
74577
80669
7163
25543
77951
20637
7015
50281
4323
7334
84551
66511
72233
42831
23600
5875
73884
73148
78709
17409
97272
97153
5270
99217
31693
7525
9609
87375
14320
61907
84184
45658
21807
66543
13301
71397
38439
29336
34976
59359
73413
79260
84325
26670
79433
89939
42751
89382
25639
34104
29643
42793
6570
11406
66698
74973
56706
14952
69077
60779
61277
65813
7853
14323
70790
25650
28535
52570
1035
14531
6678
30596
4526
91344
611
91401
6643
73176
60858
27908
87326
48958
99497
98113
33288
34460
32473
9821
30484
9341
15976
11106
47957
71162
15795
41600
255
42071
7175
79002
71339
24885
98725
62272
2521
72771
34797
58008
12527
53578
3189
1884
77125
7013
72339
34785
81580
1241
42549
73226
82449
94679
34977
41777
45869
74412
25296
49712
82747
59524
19074
16964
7189
57910
23250
71690
13691
80358
86755
92179
8283
34153
46676
20475
19059
67611
70989
85328
83375
31913
32718
38085
31255
86306
63036
81659
43757
44281
15733
62583
18321
38467
80375
4379
11719
10180
53348
94714
12015
75543
96462
85155
56420
62829
89001
33444
34177
59132
93284
27157
501
34403
49889
57081
16826
75221
78576
68309
67387
78528
98765
9150
45419
62294
79493
11545
41454
41533
75260
27372
35400
99669
25328
90751
18063
27314
79564
86610
90892
86874
5510
80693
72489
58332
52313
5448
20698
1786
69581
6807
76367
74414
47638
17820
89183
22875
94279
13230
20682
97316
3576
47068
52796
65512
99357
54522
18805
95663
94116
52543
6657
21549
91720
98347
58764
65027
97573
10713
73664
45207
54241
40948
28372
59106
22649
27322
85794
76166
97209
17661
57367
8861
64755
95132
51384
12129
89495
51436
2552
94872
36820
30886
56271
37738
50671
60397
26188
63397
58108
79961
76745
67664
42212
68549
96368
85647
87979
32520
93303
63144
13245
70643
87290
38061
9000
74185
22590
72722
99888
75129
32676
72912
51683
37402
42482
96693
4837
14732
97897
68546
80881
22744
79572
75570
83182
33244
32410
32038
24163
71606
4390
92969
5706
70963
28039
67484
16420
71514
24945
88137
3766
82489
85578
22483
1523
97077
90023
66758
86382
5028
45711
36961
25023
50864
50261
61645
4589
40782
22587
57681
18690
19147
22003
43543
86389
21530
19774
27279
35482
35667
68971
43754
807
67205
16137
93765
21631
36977
84305
85750
21112
59864
15723
21789
77832
4983
76947
49029
37362
37435
20286
2479
27872
68883
55631
92086
35725
59515
388
67376
31434
40642
94860
40282
65492
98220
37034
80444
79680
1742
30223
26621
18608
60384
53899
48080
58634
44426
29646
92199
55531
72106
17197
78476
74226
22123
23142
14035
6032
52854
26474
84796
71775
5697
74378
84852
62156
67935
26076
85012
20562
97485
42594
27680
93594
22680
91078
60889
38482
76760
94354
86681
83173
38811
85893
2064
97205
61662
36991
49228
90459
12730
54665
86179
32480
97225
60916
43204
40881
38916
27913
27315
89744
24529
58553
71539
29151
60509
80256
72996
65642
29732
63512
34511
24278
71358
65784
77667
4784
54947
72187
56943
25101
20300
26898
65269
83187
50615
50565
66220
34988
36045
41355
60887
16961
22262
9274
5204
58772
74709
12882
71361
64931
30716
82804
12347
60787
87947
23014
77822
11679
44440
15238
29528
41243
40383
6833
6503
38810
78070
52048
82932
48339
83926
67316
70674
47493
88795
33468
31770
77877
89799
34702
32513
89655
38344
45398
93652
60951
70143
23002
16548
83517
85075
25429
61134
31463
7272
92172
8744
59837
18188
50917
37805
26507
25013
22384
52756
19249
60801
52447
21492
96983
13620
38743
90311
49465
13871
31497
49893
80225
57526
30316
11384
47269
95319
51493
87741
54801
56885
20982
54083
82520
18057
83124
800
93408
22047
95971
34023
62347
49909
27768
72403
16148
89144
55447
42714
39950
26335
80457
15400
17198
41598
53934
68765
98665
21754
50686
85291
1272
79024
42591
12580
58818
51283
24719
53835
53495
3556
29264
64534
57621
59951
21827
53347
5870
12874
4758
29385
14200
68653
56140
89069
67177
49328
15554
48719
34020
15060
10290
63704
59350
8794
44605
80097
74380
60654
72070
15627
27429
85214
40447
14816
73502
75869
46129
16365
3031
68988
12899
45352
14774
52286
32716
63006
11906
79272
29992
6925
41446
49725
2298
34205
56450
64434
4128
14411
85173
79311
505
16867
34292
79826
47669
81561
62591
81438
72044
42329
38930
36905
58406
95329
93097
25801
8064
88592
42992
23582
32062
59752
56021
51834
14240
1638
52144
56418
10967
42461
57459
3056
54022
23148
99286
6168
88168
54650
75363
91697
35895
23882
76083
92152
69248
67685
44136
35418
6691
36376
73939
17891
94252
51220
60880
34455
72997
69040
97583
17463
38912
18977
2747
99932
80031
60440
57466
53218
72718
44315
18125
15384
84219
55131
33922
65900
82543
36552
68841
99691
28551
17637
7001
62345
33626
86275
49882
45425
61989
5600
17023
23155
8055
95600
65995
36734
23858
39227
75209
15078
7512
98112
60999
9420
60146
15006
16818
94909
90800
83812
62346
16339
82725
109
4033
58013
38079
15190
31801
31392
48264
96713
72220
4077
59502
27906
94208
49083
69963
46518
15186
95022
16458
85889
24948
90461
51413
19793
66425
68342
87918
66579
88392
51846
46907
35426
89733
87475
73257
14516
58224
314
14703
78128
39505
61606
48462
77109
22185
24567
64140
57155
58791
26472
77535
98064
93059
13762
27146
14448
50213
47112
5488
35544
27689
77573
46901
57276
92051
77009
19341
97682
22620
44380
73151
43438
37852
58699
75858
63652
78235
81130
28254
70427
88350
92572
54933
60238
20771
71225
40342
98953
6483
34323
21945
14160
74060
5592
59755
80186
50708
95471
9836
93775
38564
18271
61044
83650
51565
26069
67457
76020
14394
59143
85309
70368
91535
54477
60460
67500
71248
12829
71507
59186
50119
44616
37213
54906
52773
86798
92169
85562
96637
87699
8844
70251
62096
33289
14441
69494
30611
13196
32540
63925
78729
43039
3
