9853
96776
35274
91828
91524
55690
72925
1014
71477
31568
56874
4136
55875
81437
3176
31541
93467
42702
79401
34174
75324
54764
79564
79447
52646
27770
73985
93843
48131
57208
17155
36818
44326
84755
75928
94736
61681
10566
40864
13357
35763
93941
39155
12036
41387
24773
62402
55147
53524
70941
70685
83321
11897
62643
50614
72387
42545
88829
4689
99207
44316
91333
43688
75497
28069
1289
431
71636
92892
68305
15643
5335
47690
61274
21064
11606
9471
15926
26382
47994
74994
59865
42525
6368
60181
43546
46579
90029
87796
75084
99341
12290
93785
77202
54035
50478
76081
62026
76118
15353
46300
82743
10587
30989
65200
29852
97726
87979
71003
75261
70426
67398
58350
11289
3548
80991
34682
86029
39384
78203
81298
45523
83233
75221
58029
41981
56090
11430
95969
20505
55697
92350
14777
29362
24147
50329
41825
75868
53471
90104
7313
80957
69047
1200
73355
68573
44014
16953
45038
64251
62198
1148
38252
46376
47480
21263
62754
79713
97528
40453
68377
13830
6521
60262
46721
53679
11401
49234
61656
39178
86987
35180
1863
16269
65203
30941
73118
25354
94082
99001
82842
70485
26444
15014
46553
4464
29576
30947
63693
13794
38514
46826
17922
86932
72327
41255
88715
81792
30363
71802
94283
64095
414
92791
52030
3613
3837
49226
69808
50212
85617
81888
78206
65038
52913
11902
10356
85358
70426
10531
20029
16678
12015
80474
29117
7855
26739
35232
46265
14611
26198
99939
71711
87903
70942
39422
20412
30991
8736
73474
75225
84999
98922
35190
46053
90676
69833
58292
60783
72043
69879
11684
65601
33989
98931
39905
65850
3459
52134
98676
36975
25243
87305
64626
67285
90863
3518
94678
47123
94214
60760
85456
63892
36194
84671
20583
9508
91711
16586
63358
47854
27404
69427
39474
38974
9019
78473
22161
38256
68773
90628
62929
93035
11092
20182
16475
32238
60183
23991
5402
65930
51748
79607
99392
89852
23507
72474
33645
67380
14724
1773
18884
56631
66362
54051
57029
56277
73306
87949
41830
84491
37731
18474
68098
97282
81507
63063
73487
81886
61515
86349
53582
2463
61017
53328
46264
91474
39596
66031
55966
95932
63079
38089
19732
27321
83829
97156
23429
21424
81232
19684
11875
13043
13576
35450
62460
57792
17284
13945
35745
81779
91104
99396
92709
93302
81668
40154
27606
98493
21337
58161
5589
12044
6644
4855
46252
47397
88846
87377
66575
45608
72863
46146
71438
51398
82295
93931
2275
35449
70583
40364
89191
15842
41165
49701
33193
56253
39675
89713
38243
74548
78409
11849
76675
46117
12648
78650
70760
48784
71255
50244
17566
96447
21231
93264
64620
52249
68808
97884
35761
23643
7227
14804
51446
66770
6853
75898
75337
87971
41024
54645
1038
79256
92470
32217
45681
28761
69658
24474
22140
33229
94117
14843
16171
51015
96903
72596
9807
22095
18722
58691
70978
93009
18474
93843
60654
96213
2384
23529
62893
46144
81268
77648
80610
19160
77866
13287
51643
57187
59200
71244
47166
40957
69291
49383
57041
30332
38063
7697
89062
79840
64699
98959
49384
28838
98865
9525
9324
23605
32685
26763
10562
51833
78673
62829
38454
40750
28338
21348
50537
68679
43348
31684
34299
30942
2131
86587
66322
8907
62509
64542
78388
60974
10745
4396
45854
8763
86423
66350
52291
13253
74627
27978
64195
52028
35259
7039
91110
77260
86099
42020
51658
50426
37635
60166
69524
52692
75495
10492
72015
99142
40319
5783
50492
51017
73817
45563
71038
24598
77180
52733
89270
82779
20111
97788
37711
35010
45578
26418
14653
9904
22626
7498
36046
11496
27742
99001
44189
15880
40391
55961
18498
893
33495
36078
66178
30403
75740
19773
3840
52479
85832
17356
16819
73679
84266
18677
5916
28199
23531
76910
93937
9054
56409
56242
3098
89244
26580
8265
80525
21658
44764
32935
25093
71915
1373
78695
55038
54501
40132
29075
29667
86223
87581
70994
61869
92447
61967
16971
4889
53359
16952
8910
99017
90665
88629
50667
53442
77776
11902
41200
72305
64592
16897
1675
43312
26775
59078
68993
76741
43495
70761
93348
81141
10055
6552
88330
4852
93631
42907
74992
21426
6276
16657
27878
92170
93299
72379
20779
23346
11687
15993
79418
14702
20246
72388
29307
61042
98456
48640
21066
37826
79363
19885
74228
21776
99928
22802
96830
99476
83351
13128
59998
75037
98786
15949
83923
92718
9066
44646
92150
64250
29896
67544
24054
25347
33388
61451
57930
12708
79085
41425
22601
86549
37448
28599
39594
56636
54696
71451
75433
89665
32872
24113
61136
2372
42028
94854
98039
31155
72301
61859
27887
8353
91981
66269
97830
57053
86258
2981
23378
60883
71964
57041
13380
20244
77544
57987
15524
19241
99751
43773
22911
36371
69045
98610
85645
59542
67938
71372
77020
38505
4398
66955
5960
44694
14724
50839
7475
62093
83204
72097
40116
48622
97024
67084
68505
63452
23772
96857
25752
91360
40559
23844
58350
8116
80976
91844
44084
50330
537
41542
93750
20476
86287
49349
30814
85892
17664
66844
53930
77842
81843
62114
70915
24665
10585
14853
96218
21747
17920
12149
74856
31563
79917
88778
47859
88028
91362
22585
55884
45524
20933
54786
19304
71303
31879
28357
59194
65605
51311
2047
90665
68420
56740
97806
67896
69386
19131
73269
34406
24766
83743
20098
76687
39283
23599
54397
70701
79010
23630
3061
60117
33191
90526
28153
6094
9151
22245
46400
20238
90207
82256
90264
38377
39314
97884
38204
44218
56356
24896
81241
12897
16089
1672
91343
39637
37060
91090
96859
77931
7279
46471
16908
56355
89654
99670
27140
98895
50949
20108
13605
88510
49212
50242
89988
64092
56872
53545
47512
37612
54210
68520
47075
58339
93801
95611
29289
20785
51454
33045
60325
47479
13699
65058
92605
68628
72519
17916
71434
5305
41112
81876
39531
89323
84463
47589
67129
11612
56090
11178
43200
39454
59528
89615
91197
34656
75694
34094
70760
88709
78105
19002
47524
62367
64888
97973
91143
53792
60541
38965
21540
10396
85319
2257
32765
16285
80145
78133
67317
69123
4646
77637
75749
56046
77972
79200
52601
52467
68368
94283
33634
44451
64530
16023
62092
2995
94607
1344
83270
62686
5489
33148
10003
84923
7826
82778
33448
98400
58028
28505
19361
36300
702
16524
86124
22942
40108
1279
58765
94921
25453
2142
79521
16399
58351
59357
5879
83478
34701
75698
8635
95617
24770
57214
63493
91039
44337
1433
79024
7839
8255
96628
45362
46881
68183
38684
62886
46666
44087
93859
82430
36123
50458
34414
27260
14929
93510
88086
10508
91903
29817
22464
23953
34164
63818
19973
43221
51151
5654
34493
7313
82738
35251
63998
30540
51962
91329
55190
19148
36383
9321
79762
83251
27588
82383
68280
25093
76168
91128
5141
71379
12476
61165
95263
41745
96143
6757
36897
27978
86408
79812
78152
70668
39713
56333
17035
52660
92914
8257
52716
66164
77165
50371
28238
72520
94956
39509
93379
40131
96057
73655
34632
59336
42524
79793
43094
96132
6580
46825
85390
30165
63395
75465
94337
62450
56351
78043
25090
75678
23247
66957
37626
71587
3116
47006
69782
86619
56029
14537
34536
98004
76466
40292
3476
75040
28565
30725
87164
14705
35513
52963
42830
40493
52004
11877
25764
44395
22527
67949
56634
44542
54174
33040
67157
49886
7702
46816
18836
73283
29899
98510
71711
50201
2130
76354
11711
65750
80611
57990
82468
19282
80228
75032
14463
63721
42860
49395
16041
25307
46832
22527
90841
7499
53231
9144
24381
36874
56411
60320
90278
4649
9857
90092
32965
95758
52851
11410
11760
77559
47103
35927
98568
77483
32915
36226
13265
38519
28848
32314
66425
65002
59629
2075
17644
14038
78786
52156
88499
26934
49934
32282
31133
27768
59049
6584
35264
74494
13370
28028
12510
19740
8728
15001
40121
72219
5507
25033
95748
68096
52245
37741
1862
95574
87789
76481
36878
9724
37784
83521
9804
61384
51015
7417
36633
38134
49142
68763
87644
52849
18149
19127
10565
20489
54948
39670
41224
99529
74073
5059
85661
52882
25624
12948
26549
93600
62541
10242
65001
57460
30850
47772
40871
47548
19055
55849
72870
30660
61851
94737
67547
43851
44902
34868
39895
30496
70995
14775
96440
71405
86797
46445
50583
52462
13181
12263
66117
49248
61137
52465
28722
22127
93036
71548
2410
33291
16268
64943
19321
17667
7659
71541
91277
81294
24598
90945
90580
94625
55254
95780
40480
42306
66361
92107
87179
701
21218
46016
31909
19363
66443
56438
3977
71736
94855
49758
7987
80092
9859
96643
21068
6496
30341
54267
4513
53721
11259
76260
28721
21834
23071
13863
25424
45748
90667
69385
85437
19198
19781
21975
82178
2342
44386
87496
93446
48259
33285
35825
6726
5958
79976
27760
27469
30257
11526
99235
71546
45740
10183
28805
85092
89368
98656
35933
66164
97012
49320
4414
58257
95575
5218
99964
45149
58896
75832
44336
78922
7825
25889
50092
14264
55289
33253
63394
48452
97252
71565
21936
80286
99867
93046
99336
81882
61255
1576
15466
36389
34821
71439
6793
92290
68958
42149
91146
87938
10412
68035
99304
19636
96945
72530
46149
17413
90927
10953
5404
15268
96044
10288
69464
99979
97154
31408
35274
90296
75694
2800
74899
7687
38263
95218
28228
50479
24061
46982
16471
73026
21822
64125
78987
25830
24147
93989
58779
15518
69809
43506
1264
84348
88790
98865
18182
94616
9363
50837
90044
48438
48714
2841
25075
8166
27507
44338
98624
14497
23002
46444
48267
26467
21116
76755
2467
20066
38216
78781
63470
93901
99859
37711
47991
53279
10169
38072
68183
94117
29233
79618
91179
30206
91845
57024
73076
42116
80543
34248
92132
74230
56627
95796
47828
30790
241
63537
75699
12017
46311
82138
53257
10779
48822
97775
27058
47720
92719
40843
13591
16411
67629
50500
59155
98111
61696
87648
28236
94669
41383
62647
94202
90045
5360
99234
31822
58533
75746
77545
59604
82667
94749
63225
7130
96946
8887
3080
41824
48930
17353
91952
15902
84527
87695
14666
48196
2292
55149
13294
96500
80543
88985
13393
87572
27922
99086
3746
88357
30402
50477
71525
2257
29637
35601
54985
73564
7218
13512
93446
68772
14705
42640
69027
63242
86058
8010
88423
96906
40974
73388
65962
94422
59558
80516
58731
65285
27200
57209
8867
97433
90574
84985
210
89392
38468
70169
46956
26365
93306
63396
35741
92577
31094
78686
6893
49503
8726
24896
86199
99671
91239
77847
34724
55046
5757
92575
75364
5665
66352
1871
87658
87444
45970
77931
97901
54399
35791
78256
51675
79552
26489
87165
59762
54433
93654
81322
97227
98040
3115
1578
18411
8791
39346
10035
49145
41618
22266
9698
7837
79784
65386
42042
28864
77411
78819
72299
33951
12816
30870
96770
16469
64215
73757
60889
74372
23448
13048
31205
49905
26708
53054
28538
29897
65489
46999
31084
47608
94040
80596
23068
8627
77513
8986
43677
87012
38678
56845
29756
29804
34942
51586
39653
46548
55484
17928
12358
23625
52136
93845
81810
13049
85437
94933
52756
14173
55848
14046
55130
68238
6965
49655
64605
51092
98646
35561
12016
3939
42249
7414
18473
10955
96877
88676
21315
27559
48474
81559
34293
2771
36484
68481
46801
98213
91674
66613
35151
47995
83373
92134
24413
3297
58763
96046
66037
95988
71091
91593
42066
46051
30739
5840
32742
58103
28921
79642
1108
68298
32559
8316
79750
72969
78443
2525
13067
78975
16775
48168
38498
9100
95466
89703
47955
98252
58256
74347
50039
6539
33636
52879
5415
59856
12540
18472
38556
67857
23565
91439
70740
26465
80853
51351
77484
93724
92777
6807
18608
86271
84355
61153
20406
95576
96847
79931
1147
53421
54668
36481
92279
98232
96427
21329
48022
81794
4126
68639
56430
70596
18840
36080
33089
34294
48640
39283
85278
82935
8386
55998
80993
288
58138
5587
18910
43002
80714
69893
22096
56277
30441
20637
60532
21360
65685
20407
9888
75702
18142
61253
53719
5666
82961
47491
51511
85639
76756
29316
80333
60818
10699
48455
68756
11171
91953
65315
96153
5181
11493
40290
50567
53723
44991
29141
86221
4155
37141
2466
22313
43490
83944
87583
12926
61373
2535
66333
81854
88729
21298
53084
49432
79688
23973
91364
21937
78189
11353
79155
41261
10811
94329
93618
11483
93749
24557
90607
1907
36422
11547
22991
20097
66093
53267
99086
69291
77546
67208
97097
53813
81508
19213
64273
36286
35960
69427
9706
4195
11721
55668
85360
74854
73559
44382
32914
7687
95988
57925
70178
38567
47435
59845
92094
64195
61014
80818
21412
58166
17415
91147
33287
71738
58900
6712
27370
13555
59875
3176
29725
11130
84286
75032
15926
14483
37809
83069
71638
89862
30249
63470
40264
3940
85849
93446
90842
30006
22819
58310
47357
20594
76367
58801
97880
2049
50894
54748
65901
33668
46518
82358
64395
73546
88077
85370
64886
8375
87239
43544
39519
11689
32685
53398
55085
73586
84400
5812
43355
87646
998
628
1114
65077
28228
70822
6135
2385
91900
39836
98570
25754
10290
89583
42989
36069
81811
71527
26722
78565
63140
65681
53928
96245
40951
91411
58951
56337
94591
28246
56984
47128
34292
71503
5413
47368
34302
63370
52362
45030
90459
74110
86169
20763
28756
97902
96823
30571
64107
90833
74186
45121
19017
38568
53108
31607
46432
13078
61457
33619
43519
45106
88494
50043
52458
42601
78265
74926
415
92120
59769
16526
16286
62152
46150
73587
93206
89391
85072
86620
89297
97118
39230
81750
46669
88958
82933
4835
54948
61610
17124
23172
70177
29959
14375
66178
31187
96735
49535
10263
22319
48127
96447
3476
57729
83910
51396
99841
31834
73270
97706
22314
6699
45444
80865
54826
34956
82773
16749
63186
59616
52157
3474
85877
90863
13532
95786
32897
53182
75878
29997
72463
242
81917
47349
83347
84967
83902
22401
6479
91105
1769
66923
49664
18463
49559
44397
88507
6163
20170
63240
3933
63444
73595
94514
96420
47005
88678
34151
73613
10990
38427
79225
50865
26802
25091
50136
77115
14025
1391
86125
34992
18191
95466
26052
41719
23761
1457
95602
44377
91197
16787
20315
34538
67919
83079
39286
59011
20436
91972
48500
20108
54252
37606
59762
35760
98201
42404
74015
60181
43634
20809
66919
88878
20315
19538
78667
6422
74768
17880
66378
75339
26365
36385
87656
7314
38757
78593
15900
13382
79986
62599
6492
39247
89392
75870
3416
37144
18699
54512
62261
28024
49759
85287
28508
38899
3883
65816
99143
72270
76033
84755
7404
87442
23195
84846
15994
1774
69761
35481
68809
21832
91109
83716
12055
95609
79808
63617
12256
78963
32353
80444
95937
18321
6490
82357
19430
47810
99749
90848
11504
7979
41506
99551
94699
80729
63108
77648
55089
8495
80031
8495
4946
80074
8701
76898
20204
89653
48761
95838
49579
12903
66080
86797
33380
89906
95210
85139
87351
24104
69674
13212
71709
88140
76482
58027
82425
43344
62854
63554
64264
27607
63251
72105
64888
84894
35179
63793
19621
14957
61480
95630
37735
1000
99205
67366
89299
12586
33180
71103
83400
72412
51453
78256
25425
83923
62281
30504
91413
67845
12395
85128
34092
20807
79411
25051
35722
38264
41061
90323
54882
7547
13537
46982
69520
28353
84986
51713
79027
95316
59126
11890
21822
66679
31670
88085
78545
22678
98771
69045
55997
32873
28227
24121
40225
99299
39616
33881
48641
70400
22014
60714
56193
64990
36965
75454
16324
52248
98973
69676
92917
34955
89005
53728
60281
4994
72263
32671
63445
50520
11745
77438
59193
21579
7871
22448
72976
39223
75069
37659
62145
81228
81765
97708
20764
31051
74786
62665
3063
37421
94201
50336
97487
98061
51490
83791
627
7630
74496
94497
55360
11457
43046
39294
36359
24465
69229
47899
21078
29819
16725
47375
19110
76252
19054
59000
22273
35050
6515
89827
30333
27355
89656
58105
25298
31374
80389
15348
25618
62104
41327
2047
73701
33121
19161
27226
12277
46230
35046
92022
50150
47698
80488
76696
47548
69229
76191
40241
64868
38574
79858
8247
3033
47546
34986
42860
75569
81221
91247
23846
97807
19537
77423
66406
41602
3524
37360
55422
12858
65211
72932
44957
26096
89442
93801
55202
77480
32319
61422
18755
16566
87513
1717
44983
30610
22896
90574
16257
4542
90633
82381
61174
55621
7646
84058
48972
51297
20110
59797
14684
490
5466
91525
84894
19029
46542
63516
44563
9921
61488
86419
78575
51072
32884
97063
7793
41409
65962
34463
8579
91303
30934
93479
68172
31525
24411
72630
59561
17192
36715
15143
47660
37474
1713
45075
18268
57354
2613
41172
42002
74725
15484
36224
6297
8849
79651
76549
38257
46434
89820
77304
46711
95983
54013
13510
23972
59762
2475
33287
45489
12502
33647
40104
69135
29894
48972
54364
53049
9445
54666
48473
63001
40212
16992
57792
79531
70318
91950
48084
81503
64458
75703
56402
99859
13433
32393
87157
92727
93909
86838
50259
59705
66377
23974
82729
42224
66177
52370
78152
97503
82732
72757
80360
37510
7473
78292
11621
94086
17881
23214
4651
71546
35961
15668
2356
79751
81723
30464
40886
99826
37078
31275
5659
62308
57642
22389
54764
18151
21128
37457
72208
58781
48862
55348
1581
55331
13563
45819
86306
25346
90858
44128
75841
48348
68236
11813
81052
30576
83676
26639
94648
88116
47828
88461
19155
71965
55277
17937
55552
60156
22185
85117
73187
87756
47720
17248
25243
38512
50856
33785
49874
84269
83638
90053
19230
55487
1855
46895
75546
70180
83576
63648
8894
56569
47123
43285
39198
37141
14167
52567
28068
96643
12079
7408
50034
22426
45036
83889
34033
17760
58834
67668
54987
80031
58935
17188
38343
58008
2993
6180
45409
39065
48502
34270
18304
5817
68093
75698
95316
22402
38901
28698
59769
84819
71495
57641
17189
42943
56625
53496
53975
10876
94616
91823
16390
54462
51492
55389
67262
73487
95586
83444
70295
15651
99963
32930
12600
12376
52481
90019
19270
66158
64612
26397
67950
77858
20286
29689
73386
90399
61493
44623
95970
502
57041
51123
76614
59364
50687
22942
97443
32526
27684
84625
75419
87159
49190
34032
90773
78363
72485
1560
11921
47639
48966
46753
47902
73818
34066
324
40603
84956
13481
79600
92951
79622
84818
79653
90294
54512
20953
80968
13971
8364
9725
59376
4183
64906
48630
58933
27889
54754
67226
31320
94865
67885
18078
1862
53341
89822
91259
69855
81794
23290
99956
49933
64523
1962
16226
91041
63376
66957
39126
96224
13042
32999
11143
43593
48831
7467
82817
51676
61882
34702
91563
83272
12504
42401
18999
47403
78386
95489
4228
47606
88295
66695
23993
50244
36578
50258
66361
83646
22394
41933
40650
68520
21278
95932
84999
74088
87573
95248
59764
10053
85659
21930
30962
80980
79713
70558
12158
60852
83048
54820
31923
83092
30259
45760
90842
59815
17125
25931
74794
11604
46581
4671
52329
64078
7976
40870
47406
58735
43441
85200
48319
61656
84997
28663
80494
42293
61104
47023
34585
94152
98118
9522
35601
18724
48800
38820
71669
37544
33032
69876
7003
69602
42466
61488
9920
75172
57746
24251
46713
89705
89917
54503
79117
58602
35455
12566
15050
81721
21136
50146
85006
94106
19933
87975
97442
5059
34034
51157
79737
86656
78202
1364
91099
51553
40100
36963
86771
60762
98434
90057
34276
63664
28883
32844
162
33821
12039
14673
97280
23802
22098
17201
91078
31050
13380
93691
71909
96987
58827
35106
87824
31432
72205
24039
22058
82842
93559
25730
89055
26444
3793
91478
17168
95992
21929
8897
65589
70559
68479
62468
56249
39897
43463
38675
53609
79917
68470
88077
72170
3677
92546
79643
93673
41408
53496
29265
91078
45721
71297
71965
54836
46555
1694
96589
73208
65263
80594
93048
22577
14776
81735
76898
18756
68639
92607
59704
16847
71248
15706
55430
46197
55719
3377
83831
39089
36129
78384
47727
84329
76066
38912
70045
86792
91383
4700
59049
98183
45835
75453
6674
55734
39038
95710
31978
77842
34709
36472
9862
64238
66425
12137
50747
42299
62414
73747
930
60578
84318
59736
38575
53642
64869
6560
96100
93164
80594
64637
43531
56598
91180
70409
96831
15743
52064
36310
64556
5665
77229
39711
12138
15306
69558
67194
10505
50370
95585
91894
16084
28164
60265
32317
60328
41214
78411
60469
63377
74751
41060
82213
50336
33746
25259
86288
34068
26746
58360
19907
60682
95939
58876
58150
32768
76587
75678
76376
1346
32403
37302
59252
84813
39425
69809
19676
40893
53171
37266
52947
96081
81620
16301
64796
93183
5304
25557
76820
22874
9921
30427
21538
45051
24936
42829
48125
12378
38128
72959
97226
77544
5719
31737
73436
86301
99023
76402
67041
90288
25710
12938
6150
97771
22498
73748
6780
16877
63250
93394
73961
31022
37782
42591
20808
83147
75232
97410
30498
80284
6795
64172
79712
79185
26400
93002
9004
95131
38128
36488
94607
54134
37151
61076
47699
72103
42900
64704
79084
5708
50369
34767
54214
13454
68598
49808
3023
43753
1960
56898
32872
69074
18820
63556
87046
7001
70644
30715
32594
49580
74751
42129
6277
57866
61724
29362
37828
24211
62479
86269
29957
83776
34491
89193
68901
19565
41060
44678
19031
35732
60455
31834
59247
53492
61772
83589
69447
75419
8434
32590
89880
63318
83115
4230
62706
4890
5180
81210
62738
93908
9878
23954
5533
93849
45147
87339
96210
67156
48417
46286
65580
78930
50802
47840
91383
80074
8202
91891
12471
56148
14069
66339
31829
74452
41150
16863
66064
37435
60035
50526
24338
9806
88177
16939
88714
49538
12803
87257
36664
59863
41717
39636
41245
75068
23991
80101
31318
65033
19638
21578
40291
34404
93728
16785
78808
15813
9830
53293
51035
16389
38873
62550
96068
19047
23360
5289
51835
86020
495
42669
60283
71763
15697
46897
22513
35167
2770
79362
6078
67042
19963
75810
5079
10427
69974
96066
29176
67800
47072
62367
15633
72470
86048
29332
32677
76394
27801
11445
96678
32272
31381
55218
4555
81880
106
35151
33345
30644
35547
67950
4554
94006
66516
83590
71369
89769
26181
80937
31910
79348
30736
66103
92350
39670
77410
94745
87154
72529
54357
84350
71385
91460
48728
53288
52556
25308
95078
34832
86357
6136
6162
72716
95668
94568
44745
47168
70734
82565
83281
90073
88377
86819
37029
98184
67654
4231
79874
53435
26686
69895
14726
78553
33386
29994
38655
314
85899
70296
32455
58007
67919
85150
28899
9705
96970
33913
79143
17597
85162
29906
7724
93324
57999
14651
75681
85497
93288
63469
35707
19779
46151
8998
58311
85886
86872
67468
88678
11682
38444
58890
58682
38656
39422
3574
97072
48628
8729
41829
49563
81618
26212
26432
72030
18570
12136
10015
57830
45432
67127
5271
15276
70940
78251
2850
18978
3992
1362
59854
91248
75139
66433
96502
22600
15544
27279
8761
44045
77163
50863
30046
47052
55655
16870
31399
29134
86059
6114
1050
64742
69130
38200
31595
2880
73360
62818
92776
43173
87927
91972
73475
56155
43254
14463
20286
42784
12395
2435
74810
78955
30747
58021
30741
82212
45931
98303
17093
91979
51565
11622
28473
34292
77639
91110
44744
52691
89362
57358
93912
73475
83588
7672
62880
27143
66320
92725
97195
25194
90540
38265
4596
32786
90170
84045
72389
1928
82254
69378
76488
68680
98140
12275
53358
49337
42783
71303
70315
49809
42427
78907
53549
78786
60037
89062
50746
11257
25285
44034
56893
14192
32237
13677
73401
81122
93018
51151
56492
11204
12875
46693
34182
34663
92653
80608
6400
14895
2310
22872
98040
26537
22427
16568
35699
78853
33474
50152
3813
40389
84795
75686
18980
83727
83280
93435
54603
97334
36770
891
97159
31782
25306
48701
49388
35959
81618
99710
39144
23054
532
8124
95265
90207
93346
94104
85287
26650
56872
16858
17177
56240
99749
65707
27506
21748
43793
8375
84542
27387
10981
28036
4053
11186
60885
35787
91710
93220
36737
77109
53678
58246
19294
74146
88135
75706
20509
74330
4317
36193
70018
71095
82901
80352
70364
46418
53649
13598
17282
79763
53866
29863
25886
4409
53491
22016
1976
74104
6683
4064
68368
72977
18923
96601
86758
51511
64424
98873
98816
28894
32272
18036
20011
46547
82337
25420
22058
59504
57406
37173
53205
30407
52347
92091
70999
63423
51613
84591
2559
98703
55962
52762
36006
13095
90390
20203
99123
50287
14776
19430
98035
63915
10665
98203
79611
12732
38783
92507
29491
93018
88459
7300
25241
96707
75841
72905
17926
63753
93980
50942
24767
70492
98584
31843
99816
83845
73451
35948
13597
31539
85724
41929
12306
55670
99960
83707
30716
83399
72278
68657
83646
77176
43448
40857
16313
85393
71219
68904
50867
87392
60415
57318
47957
43753
72134
87787
54174
74188
30328
82646
92019
43253
54702
62426
89718
45999
31023
11788
77656
75923
87278
5138
3610
48810
6010
51876
89859
99278
78955
53053
86258
88941
50074
35748
77904
13847
71385
62451
61075
46264
20995
26144
52948
10072
2580
61682
45857
32520
40401
71902
42320
72639
56499
94923
30036
89740
81826
9510
71659
12634
2344
49504
33345
97695
48917
99305
16024
20755
64171
75367
49780
67309
31650
37713
73268
14724
49915
23674
49432
17766
37302
44289
3887
71765
64675
75615
85475
48609
19139
93164
33506
93448
51538
53220
72763
53400
891
82390
73400
6229
48706
55372
77342
23233
37427
97417
42342
19719
95669
82388
6522
83904
38047
64914
72133
87368
6793
45568
84412
60989
38049
81668
48466
40895
45409
83089
12756
39453
99102
40151
95428
40491
1109
22770
87515
38376
5443
17962
6126
72938
92309
11906
64808
1264
46269
42547
82430
21117
17191
5575
63003
95219
78309
57688
92155
23762
97248
8551
80819
47771
12213
88684
48056
13844
10762
25746
22205
45728
46346
51485
10020
12502
86816
98369
35848
89482
81792
27877
61875
11391
42733
82014
79566
93378
59358
63185
4687
24417
55475
75840
95174
42830
61515
73024
51730
10670
5669
93682
4232
84225
98002
70196
25653
42298
10962
85140
66904
71103
54704
51759
28216
60103
50881
98524
21238
38429
14452
84058
86356
3679
46581
15675
22534
47369
13802
48731
8371
88014
72921
10967
34657
29204
54291
36013
41036
16347
6616
40459
99341
7548
505
93017
31594
30590
94512
75799
35777
75205
17620
53327
7392
64008
62757
12080
50737
3068
53073
13427
77477
87284
2494
26456
97251
77948
50604
38812
35247
95843
22101
63669
71668
13032
47561
4178
37691
31615
40741
72044
80230
24040
45807
50882
42935
55431
30574
13942
1147
15592
86675
33437
94464
48027
10014
24665
55351
77580
67994
36823
13032
54470
48419
90045
96058
81719
67139
51557
55347
22754
69046
89712
70666
56500
19132
31803
65075
27470
38109
24774
64069
48864
75787
88831
72747
25329
1112
58005
92771
69880
12469
1392
41621
68980
72522
72389
17876
77151
13180
71677
20965
98677
65070
92717
43232
26975
79791
61138
53283
6296
66435
44338
90739
86895
26676
54884
30329
2712
48678
23156
31024
87482
44219
23222
83444
78995
98395
83775
9566
73590
95795
47004
72530
6729
74452
22402
24383
3522
38828
81268
30392
91583
85045
30014
30010
25346
10125
23249
22138
87483
38087
1500
38127
80064
28281
26952
80179
34175
88827
28894
50091
92458
30504
59229
97194
77932
1016
14069
66500
69198
67645
72143
81715
62642
91449
25280
47127
86654
44715
35401
65076
64621
35391
28355
9697
108
65681
2885
13479
55420
31571
82848
10083
64937
97119
41546
48699
52644
60289
75366
36896
42498
37593
39498
10167
45570
1267
79793
85654
26514
77132
73397
33898
64638
31628
44151
507
31374
82299
95008
51735
47452
44901
27415
79893
38793
84775
64820
11064
26161
9249
95246
12971
63169
35126
56292
27383
68750
73452
91226
81833
95846
9575
16651
37141
98206
58137
6645
30194
29007
71024
46068
97133
66707
14817
44326
18043
60321
4916
98701
71180
5707
84254
76398
32788
23926
65955
99199
97039
3361
46510
43080
1613
42404
73308
53729
62284
5717
95484
83742
98083
92866
5073
20509
10529
1786
42170
48418
64819
26477
28755
12672
65661
71854
63933
43693
89770
48594
50823
70380
12732
43677
65194
14403
49323
36031
11901
81829
4555
35163
56619
98139
61883
55147
5310
72798
70105
47032
70043
71026
6725
76840
92733
36427
34429
44373
67631
80094
1615
38768
52690
52949
30614
59938
16714
43106
48731
69951
63125
98695
84710
93600
34571
97322
33348
24847
62554
90635
22520
99281
47021
6724
54372
70180
98356
47659
75879
17355
77397
8143
77918
74400
35895
23762
60476
97393
90239
46269
51341
41697
22534
38423
28611
99236
37283
53744
50696
86928
56271
97246
72023
24039
39787
29770
67627
43986
77848
73613
99841
55714
67830
71651
30497
56242
77972
44473
71914
73921
24166
87797
77175
60060
15039
2800
9920
6491
71870
57483
8264
72851
72863
71444
87012
68871
78748
7466
26537
50347
31902
57353
76292
18678
76848
61772
37092
19320
31925
38181
16088
5104
13869
6559
6842
81208
91688
72332
50696
97654
24946
96263
9211
32934
28473
12538
37974
12335
88791
59250
62251
59996
50274
87978
50424
5342
34441
57581
35289
67227
59551
48583
94115
38454
34583
64678
2339
22744
19676
70777
71840
82376
58303
10955
22628
60244
99421
57146
98749
50119
60477
89665
59904
8364
43768
98693
27678
21940
84883
58614
42299
69887
84019
53287
62580
35357
80569
83350
64164
31235
864
10764
91337
39671
25742
89655
82933
59808
37142
13106
26488
12465
4672
19746
63299
412
37397
48349
81781
97418
4598
70014
30448
84343
42944
91841
92711
57987
39222
29378
50147
48126
96684
78986
76676
68220
26739
14435
13840
69854
3933
65084
14924
51757
92153
73114
16857
8295
87482
47369
87971
53406
99104
52029
52180
71632
75835
20352
36994
69073
41200
94338
99627
39461
32237
33616
72759
18074
44882
15051
30104
46214
54997
20668
72263
27752
96416
51884
31944
90736
34820
61409
26483
35052
27368
32653
83323
31220
20237
85158
95485
70627
37961
60522
40080
24174
45001
10666
6381
37711
12447
19745
87209
29177
75330
83521
43756
70594
39517
9939
69937
49780
65389
97771
82426
9409
83717
60851
19239
86203
84624
5927
24938
30715
44157
16080
24417
73547
33546
25579
32440
20171
65957
79561
82872
45693
48222
8768
12357
28042
99763
14525
27057
83691
81322
13171
35162
46376
54424
97728
38111
85828
63031
35402
42288
13520
99123
77304
85525
27327
64369
58093
50685
89725
82569
31379
96507
65822
10969
53543
85206
86921
76363
74135
17002
67799
89711
39868
12153
16221
77146
88455
77868
9740
67366
73355
59802
22099
5825
80180
95079
6612
73109
47755
37898
51642
45671
17491
35691
83346
91416
73562
37887
49565
16348
67072
54536
50104
84811
21346
87789
71549
41262
91241
22391
36132
99086
46609
68774
85198
7762
70367
17616
35825
26030
70120
31766
74349
30285
75137
56433
49382
98000
57360
45433
37467
3023
77463
87765
19212
15753
79198
86676
90017
31499
91517
75746
79224
99006
41967
42114
33214
86227
93678
20061
70319
30575
4756
5878
31636
42991
80269
40481
97102
65412
4458
53608
27403
83266
55254
41026
65048
18296
80619
95798
56520
6799
53677
45273
89646
15613
30712
43401
62392
61564
27937
79736
64273
34819
9363
96369
1610
16973
22813
76821
18191
14331
91903
28246
12534
35611
11590
41840
35066
18383
86037
90222
33544
26390
12138
66147
74785
41297
70147
68890
91822
74134
52487
20277
21389
71626
6710
71840
84517
73021
89312
83128
26958
33368
63177
95984
98052
17607
30609
959
31667
56081
2339
32442
15937
27015
78090
23660
54822
6756
91894
38769
83171
40810
82481
6065
30851
45873
56781
29058
85032
52598
68973
12539
25279
8848
8789
82195
44152
75898
93003
55859
39906
24664
76739
82424
18899
81059
11130
95781
30348
5290
36054
42429
60502
23847
75025
59925
20666
89727
30719
74896
82467
85227
62103
14026
95273
12512
92777
67674
98358
54141
44630
91677
44473
26078
70285
60457
13843
8419
28074
90224
50869
21322
22716
68172
64533
55961
19935
80500
52710
14026
17570
76578
48467
70960
59617
3216
14239
51301
77355
36631
79678
84017
7120
87905
87297
31675
51033
45841
57748
45646
80608
62601
63320
25418
69628
26173
9643
39472
84465
80480
77367
5958
37723
53793
84382
50146
68006
27692
60769
46296
62113
77639
44555
93784
25050
24051
99741
81437
48299
3106
35607
6976
17768
25474
85164
35431
46533
84357
55474
40291
95276
90818
79203
62092
11659
26364
80059
90805
32769
80898
44444
50088
42247
60264
38532
6683
23767
50333
83715
54363
4511
28090
23143
77215
14319
70833
62980
89818
73025
70234
52882
83233
81794
66404
49540
26104
24121
61772
62864
62601
86189
67313
49213
50143
62507
21136
42285
54479
77134
19814
91340
3506
92606
26775
38927
27817
15713
98306
23156
97770
55494
13156
48858
75450
77098
29911
70832
5296
90511
39065
60429
89817
10221
61513
30403
32281
99735
60156
83675
48196
86052
69321
39867
69330
60890
97024
9335
5007
77916
97727
4467
32219
20594
7467
28154
4181
79696
46997
21723
89251
26924
75061
41671
20357
27678
76048
21277
55171
34042
63819
86030
79450
54359
33098
27760
70235
75142
89256
74660
26418
11293
90475
38467
51739
20004
16215
45594
78383
61478
60351
42019
48709
8493
4688
89312
55696
27988
32547
78034
46843
77501
75419
35453
94477
77502
62451
94115
4666
72471
29698
87503
99475
41600
44229
56052
88290
46359
20059
89986
95060
9829
14931
82858
21017
67894
79550
7130
78652
57897
77948
85228
22559
81941
35565
39520
74999
58027
17284
86093
80326
41112
8510
59329
49456
96825
98677
35631
63625
91132
72418
96416
98396
69355
80907
94625
34948
10878
74081
51552
1641
40522
23028
87075
87782
88363
46671
88904
10493
33821
78748
85590
66404
92206
87927
11428
54147
52580
5670
95939
15497
86496
94735
30837
26172
1269
4078
12138
65303
30635
50585
70350
57691
17939
73270
69489
99799
89452
59392
76405
46881
75000
28131
4475
95717
75522
74069
90540
38188
8425
87038
33924
85726
24054
77096
67469
4462
7902
23834
81448
65707
12710
34634
63871
19331
4370
74108
91116
30974
52489
88029
47117
48472
50072
99687
20474
86021
50950
92884
83365
41867
46694
15046
87664
30701
19832
53686
58995
36716
96934
86259
35933
90278
66443
91845
85674
99848
53447
61551
64018
29236
90857
55848
12596
21016
7402
33437
89623
58311
93997
95627
12768
37089
80049
79841
1481
56276
66012
57617
22770
28949
88363
92469
24797
13395
75443
86792
24039
32752
83692
20473
86256
66512
97307
61174
57680
35448
92659
55154
62366
85958
33439
42555
56592
55841
82525
42338
46609
84285
53648
51705
1125
71250
18374
12092
86905
26932
37715
66081
62038
43225
89581
7824
47888
40949
50694
80416
63826
84925
24419
41165
69081
62424
7432
24714
50142
30881
38874
15922
806
83845
58082
42667
88425
2993
93723
68970
24636
48409
30999
29736
54835
4512
95066
83128
91365
3306
12921
75671
21082
81483
53449
54395
60918
33698
65907
50520
43201
1931
10118
59248
58328
79159
95839
29528
21639
24382
29793
70423
66334
60891
77211
50091
63890
81833
74876
742
80620
65336
78574
59736
37772
4318
28345
48812
90607
62297
56717
20195
70423
24673
78380
45931
88814
86614
20666
55361
72399
4156
58001
89863
75330
35425
8382
36424
5533
4597
30391
87375
51260
65846
80982
91448
96769
2974
90916
37033
23671
31220
43366
19575
56059
20559
33293
13030
9895
72852
40710
52613
19566
94693
38129
66554
60974
93034
36648
53987
78427
58360
80780
12090
90809
26770
4229
43449
33555
72761
69110
53469
37422
7219
69034
13114
50823
16470
43301
67195
95333
29670
66248
79068
34318
90997
56577
92291
21184
53791
40828
5574
71357
83887
53791
97236
68504
69802
78125
71359
78553
63991
73423
40828
27549
19256
71164
46422
87777
95114
1613
64366
47124
49232
16371
97404
15502
69355
75369
78406
19019
56510
68418
56150
85005
94331
21637
86229
52473
74089
46520
88499
9211
39331
40037
88628
10076
21298
47076
45009
70976
21730
50653
99337
56683
26096
7119
97749
88292
40159
35384
53742
1275
89034
5151
20278
90509
37435
21721
17570
24774
14596
68221
80908
8116
72199
12183
41828
51070
93861
81614
28474
80935
10494
49387
65337
96438
14647
72118
46169
59479
50039
47698
86174
4398
1906
1801
16817
59659
87681
90943
39389
4143
30951
76434
47066
52555
95649
63660
9063
49455
15346
8795
28354
39389
28268
88377
62644
31628
61172
13015
46420
30090
41296
4241
32933
76258
48693
17062
34349
43875
83902
5234
34644
98508
38556
34404
23233
24184
61424
67093
37766
76839
9399
8731
85438
18079
89453
36577
24394
91517
29219
63625
99981
67826
42110
57189
97444
14683
41174
5136
62992
95587
58070
67406
64322
68894
32158
65708
78655
85672
12330
75044
83280
94766
73368
77111
19018
56719
82890
88322
15353
81336
75934
19950
19677
85474
70161
62579
4918
19083
76468
66600
12150
64263
59728
77342
36714
172
31831
5784
96343
45969
62856
63035
96678
14815
40865
6853
23027
54349
73238
19110
83432
10212
3580
80638
76978
11778
28785
31909
35107
19538
99737
37431
79812
22206
76848
56487
48784
48096
887
10316
35308
62038
76137
67542
73560
93726
3586
90389
78462
96907
45108
9948
28283
27962
44156
6539
39927
6560
99026
93676
86101
9862
45596
67992
36265
87936
11494
31579
80714
91882
34839
75228
28803
50784
43568
70196
11890
15642
51877
99827
48085
11546
60131
66165
72207
96195
22624
95062
21236
1863
83798
47859
36590
77552
27385
17677
87525
99341
33882
66481
10263
61042
18127
49248
71910
5465
42473
10829
73351
69037
37300
78854
95803
59018
57954
16972
5880
17203
11332
27885
91362
10128
63826
44544
77465
88130
86031
95377
62015
42227
91584
3376
91707
36329
22679
79677
19268
25537
97787
77774
42701
15965
93101
28163
35565
5282
99457
37422
41216
78441
16791
35167
47118
63886
23036
9896
429
60416
31737
73853
11692
53526
12623
78011
55918
78015
39330
41839
37628
86528
47796
72610
72598
87501
99929
49944
23356
2068
19432
97927
7199
78155
7303
19331
14868
74573
18834
20030
16362
35453
78395
60468
60813
79610
98609
95110
1265
82389
92019
95145
75171
24715
8142
95144
9313
10401
67247
7377
78092
45017
98311
40319
29427
86759
31236
55850
87635
19971
99547
16369
70629
77514
61790
21331
38073
44849
30642
51415
61750
90107
78155
98542
33098
11624
70720
96141
4755
32879
39382
59813
91097
48884
26144
79932
30635
58286
31869
74838
66677
35057
31673
12756
91708
45881
86492
84584
32810
92089
11171
22125
97014
47151
60542
43766
98606
22295
34428
20353
94566
60048
38514
85884
70198
89918
44555
98563
23038
8888
96858
73486
9971
59770
99916
25260
6515
57868
33556
64626
21777
91594
46332
44457
67920
92290
37278
84831
74767
26981
85276
13136
33670
22581
12624
60455
81377
33255
8011
51487
72971
64264
74574
6179
89499
78122
50674
98346
83400
80855
73346
11362
70189
4013
22393
15045
89593
95866
29005
94148
91861
41287
77337
99141
24845
59390
85775
50834
10413
69194
23667
23348
99055
12940
12290
49689
99064
31418
29055
36763
29372
97601
77925
86899
26173
89310
76908
90793
64521
96262
90323
9663
80707
6576
20645
66043
72914
24225
64156
67315
47753
60256
29449
52222
52368
84566
70494
1357
61063
3673
11006
9005
40116
3809
9212
74278
44809
96935
23671
78024
39200
33949
44807
38059
87690
87152
67137
97040
20559
71026
3850
54134
46555
38517
60133
86611
83172
76011
82917
75266
29451
86168
8470
60087
73076
911
7201
30561
23447
68296
81884
61884
38862
21859
12153
51339
33286
2739
97396
54987
61988
25993
8010
59076
48222
3873
79226
41826
24088
42600
53359
66250
32812
78535
92919
20957
13983
49027
64487
36774
75204
62322
12291
73218
16413
59566
11850
26771
24123
93392
61456
63471
53092
99447
69130
49947
8434
79695
44777
22071
24796
40254
49949
72736
32579
7325
73616
52963
47800
4080
75695
54365
34338
12852
90989
66195
33789
53418
47077
78593
20024
67082
38003
30119
20677
99329
480
11180
63819
74894
48975
99398
11486
12079
92615
10357
26680
10118
18756
44318
35398
13080
97390
50842
49538
92733
99857
42222
50972
87947
84433
63619
93034
21483
37291
85393
35190
56360
44729
29734
2654
46169
73617
55356
65830
88938
99321
19182
48960
7870
24149
10597
98470
98562
56354
58096
54112
79893
59527
61618
26422
42626
3887
35288
28196
21357
48222
77263
95585
87591
38805
39019
39838
29612
24771
64532
10552
74309
24636
29678
10363
24570
84788
10265
91045
64621
13607
34610
21069
73051
59252
72983
88329
21443
59826
65303
52690
81140
49352
39345
10901
44575
66871
10499
11601
71910
79737
41967
46444
66095
45564
28268
25727
91883
83093
62064
61889
50152
22577
98136
7561
20313
88583
16347
18799
76769
53854
28935
27636
34987
70348
75592
16326
46170
14647
71837
82824
70462
89986
45832
55698
37035
18384
23158
99917
44246
96628
43773
43020
84382
80515
82287
22066
97872
57075
82558
51092
6554
42322
90396
89039
50458
10086
84775
29115
74665
57793
60352
80472
53320
15336
78146
91117
79452
54178
42516
10601
15697
4172
64900
95652
23768
15059
45568
60504
7123
23803
3794
91840
85092
69464
42447
10500
40231
6502
31021
48196
93208
43219
65663
37732
56252
33469
891
16849
76396
54052
54034
67059
37309
50841
22663
77501
81178
18899
71087
18823
23533
45200
75038
84847
29265
11362
69601
4467
32877
57771
15901
19678
55029
94301
65067
69629
98646
97799
39065
71296
9948
15546
14475
34427
57360
79317
82307
21858
92278
35894
63471
46957
90685
44333
86799
64843
33470
20462
93943
31186
11438
16678
71482
40982
50485
16971
33802
46214
39331
89567
45574
11953
48970
3940
31024
72738
54706
35153
62748
38500
67332
64096
36388
79418
53663
95271
97107
53442
2621
55132
30940
15271
85358
56685
92727
27141
20061
97107
40391
86031
39984
8795
95609
97420
63399
15143
87239
4832
86301
78747
79088
43578
12599
5574
76513
2520
50474
13069
88175
50834
3987
53433
77036
43314
12208
12222
7722
30711
36761
81484
66844
39179
85919
43233
45694
99969
89315
93671
83369
59228
87511
56740
60086
6554
18419
37756
18492
35511
88708
44645
62767
58484
99298
26482
41619
97860
4397
76650
79290
60104
74216
77733
83401
90094
90261
37764
78673
89545
9874
94678
97368
79363
66362
50271
72864
62816
98611
82750
91102
76396
55857
53050
3063
91893
63720
24745
49075
26738
57622
56030
46558
79206
7459
92017
13673
79456
66514
67137
98475
38657
99625
82889
21997
2492
40422
22065
93978
89829
97099
2340
69658
78112
85827
66320
44032
59566
74733
63495
17910
46470
33898
50258
22973
22894
19951
75286
88815
6080
18482
22890
96213
11411
98565
51637
45973
2850
55555
59729
3906
55696
71516
15966
36251
1785
90983
46820
71518
12395
45344
50152
37012
61789
33695
59606
53171
26885
91883
12739
55265
16259
50742
41387
84462
99976
60646
48596
4176
60156
18208
23053
63818
94971
47955
25792
67831
74278
23232
30012
66014
91630
48967
8354
95789
8589
78212
24672
37200
44016
89323
14368
80416
82479
25493
19877
96479
29041
16607
995
47512
37215
96246
97501
39261
4996
65622
33899
91080
22494
74539
69324
80138
91141
7312
4052
1431
5152
76117
85524
32255
6288
33050
95467
50686
40947
82661
48967
92041
69914
51353
35932
66620
67364
54707
41694
62287
35619
15742
18573
62855
65046
2445
61660
11713
16258
48796
10657
42422
48960
64606
5669
2818
25195
1672
68687
41416
62469
93569
83946
40996
80099
66064
36471
72461
20843
27013
42517
16715
30963
60825
47333
53868
56619
23379
55488
52008
5237
63063
78926
38242
43747
65985
45915
37606
78906
22350
23049
87767
29795
9742
99529
39985
47053
9087
60818
63626
30748
26956
53322
21243
17662
55843
26723
72399
75346
47150
11012
27415
86927
2339
33091
44042
98918
26388
54110
43766
91226
72010
81750
5358
55696
22750
67498
97236
96360
64424
948
44727
55934
80896
35275
18373
13845
78366
12971
80122
73564
80503
56293
61375
71517
56061
94805
54215
73385
50494
14240
34311
46444
72940
60693
29736
50213
8308
97980
77785
49022
53898
69493
78293
9089
4649
58738
14314
86173
91148
23004
93938
35222
78405
22536
64902
83008
8426
24174
36897
93722
50045
40189
74715
41240
20030
65980
61301
43518
58209
76377
90943
43874
48465
45638
95112
59401
29907
85141
39063
43578
49433
38967
76849
52078
55373
94588
6686
8383
86503
16389
3841
64165
40993
47768
77027
5104
31051
78926
81844
43305
66444
33696
26454
41201
51125
85152
3813
12971
15882
27691
71095
13787
95244
7252
59795
62105
87040
54698
50949
10431
56044
94095
41047
4786
27627
63185
32708
9021
34549
72307
51706
59810
42285
71683
58395
30714
91478
48321
96084
53686
63296
1037
96151
24126
68035
5894
15705
48150
3986
5826
52475
18206
31929
72762
14652
91338
9470
91446
3671
50667
10390
13394
1961
47466
81045
10033
57859
19036
67147
84980
86794
33814
71543
98166
29638
43317
10816
33987
98757
54415
12625
12767
85390
58874
8887
37030
51417
30931
92240
44617
40794
36055
74999
1668
91246
97393
41285
35074
57902
32592
78043
40742
72103
28473
80306
82762
64559
18947
21412
90736
61081
54789
89327
37097
31156
57667
86920
77655
61660
73053
90399
72860
59123
23659
32018
23028
65463
95116
47262
44902
83627
53073
18608
84050
87377
71370
97831
69759
8307
5669
29851
19156
7698
92577
32669
85205
88638
33828
42285
76032
91994
16313
42066
3522
79653
44999
23533
72414
66737
70105
95491
97489
87468
84446
12182
66694
22894
31800
84518
77551
68627
62704
10777
48668
25880
5295
45872
73928
85929
44617
30590
33111
31424
50735
42989
29526
69464
99329
71901
80473
95144
85655
7038
18211
27559
89980
30883
46980
54277
13723
14485
38676
96066
65298
53287
65687
74177
80189
74215
12476
46313
82110
674
15588
51632
23477
10829
64111
6643
61490
16371
18607
14822
39019
59659
46182
92038
64548
32653
2689
57319
20525
48439
15217
34448
51676
82980
21730
84819
76977
76815
21279
47641
49381
28455
34662
61616
20460
53448
26455
40557
18509
35128
65587
53769
56270
73369
4176
96197
81748
42428
74285
46446
32678
17043
81652
25558
31422
49535
15277
63660
69495
29408
91971
93392
85026
44372
80375
210
1198
36030
11229
99937
38081
40993
9378
76396
85593
31221
21778
46379
93259
87053
99017
16677
77281
6586
87657
74302
36507
63617
71013
44387
64905
59477
84986
81612
60571
12212
16471
71301
55612
39383
35287
68600
93033
15028
7130
83717
60571
62910
15117
37614
6379
91302
28606
99421
64186
35790
57596
56899
67654
98325
70567
53724
24796
83232
93995
25012
50583
49005
4106
34247
84543
89437
97025
91862
70741
1642
74523
3665
85660
21335
97628
67968
59124
29637
57580
62134
97554
41222
2434
50970
87990
12819
72413
73435
79839
56248
68551
15677
91993
22872
22772
52948
60242
67287
60930
99822
2712
81573
60503
82844
78193
79782
72217
79319
98088
13067
97251
99412
60291
18160
84225
90068
47773
82825
69482
7227
80076
1962
13429
71245
54750
21298
11094
82674
10900
62696
41238
41462
50035
37810
29636
98450
63067
48864
6780
59194
59946
81737
52576
26638
15769
12044
15395
17837
20462
63357
53478
93100
24464
88158
29309
59563
56195
29142
78545
30914
62310
45969
99086
75471
83346
19097
60218
53976
68143
87779
8168
32599
41711
29203
64271
54517
2645
89905
69032
75899
75465
5830
82825
62813
83903
39771
69989
87052
71966
49441
89993
5758
95873
39786
65298
53220
78767
2615
20765
35106
66396
17881
9100
69444
91881
42472
21137
95781
16064
77217
39599
92134
45443
46135
84528
87969
3874
38341
34652
80646
19125
87483
22967
24847
85047
36284
36250
22374
13792
78793
68762
72146
14675
59736
7791
58242
6381
3034
53753
72479
39560
79894
53640
4228
23950
42640
13356
15879
49224
4714
38504
94391
63856
89500
48971
15001
64171
34680
67668
3939
72708
58967
87253
850
76291
80275
8141
16326
97225
11063
95192
48407
49655
54395
46446
85646
43986
84936
25335
16792
75108
88084
90141
38081
44752
96362
53248
36134
5820
71543
11743
44220
90571
16875
18940
60647
69838
63826
60762
56647
55188
53183
62016
65724
38094
11971
73360
84877
68975
36137
15614
5906
40843
77563
63395
70684
46142
21579
36013
91954
91677
49865
7969
15014
25028
84977
52167
71960
62253
79183
23286
89296
33894
21175
6092
6884
43758
68050
56319
14682
54616
83387
76488
7980
91411
24526
29664
7199
535
3830
62812
98764
35264
56895
20232
18591
644
24307
42284
60798
79086
52833
13168
15856
6672
33562
90449
26137
39842
57740
85779
1502
62458
30874
36634
79967
3308
29315
95934
74228
57596
8249
58602
60080
190
83609
60456
35181
6417
65230
61044
68717
69133
86747
19539
87576
17115
89499
40645
16927
94094
2358
74894
97193
98622
51408
71685
23316
8247
32884
28018
26107
49380
75878
46693
97158
7465
45201
5489
83251
19815
14679
5894
6521
61617
18266
49930
86303
9248
31320
9336
22650
70905
40795
51015
31799
11009
82734
95253
27620
69148
73118
79697
50742
14111
71115
15318
31784
62516
6491
96210
60656
20923
45533
22525
21426
88396
14726
46822
77217
47952
51659
52002
71217
49211
52074
46419
1403
98045
10212
10667
79751
70163
58836
23049
93328
81210
36543
98644
1671
45275
84829
51732
34992
43671
24452
30278
77030
75159
90348
42428
47395
30875
92917
34216
78132
9445
48324
46142
54434
70779
12996
40210
66490
85438
13097
98577
54269
70121
84399
79558
69428
41426
82140
98916
492
71887
67673
90772
37104
37372
91145
50804
36543
76371
85011
2587
42009
21826
37939
26552
97747
38880
49074
79535
90104
53286
90928
64076
16086
21855
80670
62337
19280
46353
16678
26775
75143
48470
15495
8446
21445
33592
92204
78806
13436
11871
41766
71911
13986
76291
92654
68953
72042
76496
96684
48943
35706
35177
93844
75170
40741
87918
84492
25753
17937
41202
1044
11512
19213
65962
52082
88484
69212
15633
75358
76748
95114
84016
15936
5080
53406
36288
46858
61478
10880
36078
94593
75325
93289
13820
98225
52965
66545
40068
82656
20374
4759
37723
43004
74351
27649
94421
33950
99237
62132
11459
41543
11700
98676
19764
3589
2338
2739
46419
90346
87779
18141
58485
46016
50250
13623
29447
40433
22504
85708
36125
1203
76613
35850
77732
41388
35547
97239
67515
88398
4155
22802
82978
29360
25418
22665
44695
89945
25625
7569
3883
76836
6621
68659
46903
82286
42702
78908
55712
50155
56733
16203
5073
22080
9223
49691
42868
9593
89711
10663
4463
64703
51642
69782
64592
83607
17063
10005
90831
54204
40983
27811
83220
47110
61552
319
63884
44443
17587
95717
39442
88943
60030
47235
931
89667
8518
6546
77753
84630
30662
20935
81297
97248
14038
2219
72905
67397
53650
12732
13405
69212
38216
96059
63445
52641
13506
32600
94131
11178
47633
63004
43388
28488
27059
22272
92711
96288
27690
10595
66635
59828
8868
13395
47711
13191
44455
31803
45648
3993
74727
39481
40952
13090
83388
91843
71551
56156
67522
45600
96080
25835
20561
24253
96770
50350
82730
96120
2816
31314
93677
41291
93303
70512
44191
67858
61894
16311
94495
36311
4760
39005
13122
20067
95229
92673
90018
38964
89384
32895
75739
73422
23317
54162
29168
21127
30611
7065
28564
64643
17588
8965
62766
38064
9830
77859
52158
48959
84709
71840
79409
14190
96589
48505
98910
27032
82900
89442
39081
97690
94853
20183
69745
82660
64902
98116
11472
54147
38069
65362
5292
19161
92507
65547
65159
14171
60220
47563
79616
48926
65605
72264
68280
6579
74999
15854
15815
36220
27417
31578
51475
35192
12331
45524
81446
98399
63459
22715
63059
29307
8702
59569
82980
72928
88423
48213
91150
9641
7792
2309
86933
43106
91084
80976
70647
73122
7428
66921
96263
44553
81376
14830
50034
79822
50803
94390
75653
28470
40150
81652
56031
96067
56596
81117
38253
92825
9500
20015
95794
63398
33179
37315
57887
10989
74524
7305
10355
64543
57367
45931
48098
94605
9004
80749
2069
98041
19140
12439
75814
4456
80155
39766
98958
97074
4667
48958
5265
90480
85007
64123
59300
95227
92221
98138
55221
57134
39522
30204
45070
95376
34312
46754
40160
75067
75109
90926
18700
56020
63060
14238
58209
43079
63740
314
94304
71668
37985
64003
23306
5756
7969
31614
54034
504
71166
82962
71446
75097
55143
4712
23379
23849
35392
86619
41247
76860
58871
68379
30989
49942
947
40227
79387
644
57366
78258
57059
45727
41967
72427
84958
67093
53791
95228
42183
92890
89352
1610
21116
74125
20287
97929
37181
67346
8848
97681
9630
13181
59331
78669
88297
19257
25559
35355
5476
50669
25091
57549
78309
49028
21413
90726
45996
83575
36770
5844
60823
78671
83500
46094
34608
90987
87104
20457
34463
49158
52166
23085
20202
29238
1344
60080
47745
52709
73897
6546
65306
15115
39983
56359
60936
12687
48581
77557
13563
51962
28025
72574
63422
90541
76677
36357
55732
28134
77210
39141
31175
78665
10505
86314
80285
53170
22576
64985
45954
91950
76313
32313
86398
35107
25944
80121
64699
13370
87338
84342
12756
52289
39039
69173
72857
42788
78794
8080
42945
18442
30464
21278
64745
28728
37595
43803
67829
47050
75741
72105
2410
38808
17564
90630
54211
34819
42704
24947
73590
68900
8126
56948
72873
10501
49770
35732
66538
17138
56568
52473
21995
16853
43508
78781
99569
79933
19813
10901
30721
44729
57320
26144
16936
47075
55557
40477
75261
3815
5159
73244
55717
23304
57605
57391
36114
81556
67404
23575
91951
73353
97504
34703
34946
87512
64888
87575
54456
71330
5293
46126
80568
78342
10826
98814
64625
71628
5479
3003
71871
40829
64000
6681
50331
35744
43020
50948
73561
28488
44435
88799
23036
1428
81707
78429
23530
76189
63300
84621
44679
18575
41600
52922
26412
83418
63992
97101
14474
74134
13407
6996
86907
45565
4054
84753
79115
78218
42553
5367
23384
33431
39283
70064
52082
75593
24247
97038
75394
91629
3557
39509
68498
57477
2024
24655
30428
37143
62556
18843
69328
32281
42027
79975
28746
81724
97107
75431
78281
34298
67957
52574
66045
11001
91861
45791
91473
33123
34538
38424
66089
88896
57408
5160
33402
28037
46051
26454
75840
44487
13272
26868
60947
93979
52883
72010
16350
35170
69980
69600
82774
63003
61350
38242
82469
93783
94977
11063
1479
34387
58192
81793
2433
82662
89007
3144
55669
59808
72200
89410
10508
81573
75016
81876
19864
91366
57548
35483
56355
82886
35848
91482
46786
35758
35607
34113
26686
10904
57854
24062
45880
50482
32457
48086
16080
19747
8770
62604
83446
72824
95813
65205
40875
51517
91936
80377
56194
87695
84584
57216
61227
46069
34725
43545
47987
25885
86024
46452
92906
33227
47100
91083
66537
53871
21875
85456
94744
98759
64961
38192
28354
6575
10661
37658
26398
62652
79156
35073
45263
69355
5056
82874
94130
61064
50150
29410
64962
94153
12571
57189
36252
75219
78657
9408
88116
64207
52315
51647
22059
67666
35232
75268
48614
96689
8524
42931
92446
19733
22814
77028
27043
58730
81118
87283
89498
23801
76468
10182
59478
38028
46059
74300
47691
98044
10355
12950
20584
1256
959
7704
90526
46445
55919
75063
90869
96447
53074
54999
64395
77336
37258
34593
75460
80003
21831
8945
19520
55430
52441
97133
10311
80361
95848
47098
1663
8224
79841
46664
84016
85379
95077
30720
18691
88652
91287
72482
99868
44628
47956
77030
89269
93683
36142
72290
4945
76841
74735
27548
74659
19114
58268
18526
87696
83257
42406
19268
74312
61043
35393
58284
56018
72104
53551
94304
63356
93347
16774
60883
13067
62766
93298
29699
89034
75033
86047
38114
70961
70585
56995
99223
94152
67945
27853
73757
14168
504
98215
854
91288
32006
15950
34102
20757
96987
63538
21852
91889
52554
26918
24164
57098
49723
10595
36992
23214
89585
80612
69322
40158
24795
10316
83218
40239
54767
28612
24570
41254
94807
37316
2290
97097
629
48209
66030
53230
11875
30401
65422
35163
32090
64588
11294
26280
14369
37330
94592
53716
77839
51818
54149
38070
26573
95974
82065
24472
12104
87569
20523
79948
94413
73367
92825
65844
52880
63352
26475
190
24305
24945
16394
24568
8372
86576
90263
48729
72343
78866
76274
78240
41021
61165
43048
80709
85033
46476
69194
10361
15116
586
76870
48475
44268
46510
32470
66339
84114
90609
37395
81307
47838
644
83731
67859
62752
38428
70555
1107
20410
36427
53679
37899
84329
71343
85073
57355
80402
14130
28251
33025
37659
43442
78036
35257
52569
67155
33562
59796
89250
15742
19862
72117
63857
94135
34591
63097
86198
61857
7557
43084
13865
69323
49322
2474
76297
61363
96505
3866
342
10313
40893
82455
6121
51950
90036
82305
39139
31569
60001
43633
81916
52291
11506
8353
59803
17167
88601
5504
69319
79254
27851
36283
65391
75451
98344
72143
64068
21342
95130
11662
8333
88779
19044
21323
23600
66045
76047
85530
1556
6576
27045
12171
6688
16398
56523
23068
57896
27842
90466
30116
11496
66633
30748
10672
8403
10922
65305
97978
67599
6113
25846
36612
68773
17175
89899
74448
5233
64094
54837
50209
35777
36662
54437
27375
66929
8963
57687
2558
81584
57596
53277
50325
20048
69981
98515
69809
56518
2124
38757
59937
71115
34640
95242
69744
9257
6997
11273
77752
66313
51950
86046
95483
79458
50825
44397
39037
19573
28958
50572
48206
27258
59927
20958
89878
95989
61655
84026
33826
6901
60572
33303
58305
66573
16025
22753
95629
95669
9145
22153
83674
83113
87177
23382
38812
10370
85631
62279
53111
4136
32705
65983
68480
22071
27690
16707
32557
58565
36004
30216
47377
11495
27287
73894
60049
645
78463
74359
18611
59106
77886
48695
37466
86180
10390
15485
24226
13179
68133
57546
93406
87305
913
65723
12818
64243
53216
13189
10128
17049
83526
5481
69746
92617
89578
16089
13336
18969
84630
69417
81242
68980
80314
97379
9301
10075
63352
70460
27044
77578
57832
69990
13785
93446
95194
38432
89423
12766
85029
32964
74715
29078
40226
96633
4598
84813
25720
39263
79752
91012
42692
29054
93935
8682
19116
93997
67295
50377
34510
78082
92042
67263
73872
14745
95602
82428
66362
7499
93934
71181
7391
72203
35633
94362
12155
43751
14264
93913
60327
89011
20169
98510
56684
10374
45335
30974
67751
71251
73393
85709
75344
82884
92864
43519
59334
53869
75172
14958
14868
50072
11354
94985
60319
80316
37495
32885
57074
55820
42934
35978
78698
40013
84162
68519
92243
89653
81060
55549
41149
85776
48760
22851
20925
63252
68461
38428
73926
73657
34721
83232
62260
78472
63168
15965
39766
78758
17825
49211
42114
27889
44382
50498
50275
61274
87618
78382
81942
39383
48732
91459
13356
37453
26648
68378
52182
10601
10471
38254
20472
13701
59876
64700
53518
42787
84783
39353
31692
11113
6883
55289
56269
64703
69197
59574
74017
86467
65606
35057
13214
46401
8881
5532
10828
24715
33020
49212
74547
61788
2646
33556
2145
33505
46076
82186
6137
58044
91679
64703
14223
69885
44618
45575
28139
4347
75329
81096
32394
32412
69950
31518
45030
53724
33546
66991
3205
9399
43116
39410
37426
90390
75788
81971
54515
53815
15722
52063
60949
98472
52439
93222
58109
81452
14506
70665
87530
63123
21281
39866
4123
47344
47697
56336
32092
13267
75680
59617
81808
32283
32788
43680
72871
15743
48608
19495
69637
97500
91799
95811
63554
63742
30437
86029
63069
64111
69293
58772
68550
50275
8580
34836
25930
15615
25597
81943
56441
8118
43535
62739
52566
21824
97980
18820
28042
11914
26414
70378
82842
89599
42478
60258
65963
51448
14841
33784
77358
30028
9325
33314
64112
26761
52639
63096
39352
72417
68688
32281
45840
52915
80402
86713
64020
59898
33785
88457
87444
16066
77292
80416
52732
83800
50073
70075
66978
63566
71203
14419
85781
10209
37545
76750
21482
21860
5822
14128
98302
85580
81505
63059
63478
17115
5833
59828
43671
40239
26380
23470
62599
88657
65658
32245
31509
72379
89326
38378
30450
28668
7692
21874
30926
31135
69032
59076
3099
2497
98655
68879
6080
59477
95846
29940
87570
86228
96098
83954
66404
24053
47692
60647
74796
6116
33019
40162
28604
61428
55374
88561
67639
74629
7382
98577
32750
38829
79324
75287
69802
209
67091
6821
82412
29425
66488
53170
58411
8444
22463
64713
18970
21182
72332
48863
70718
84621
93751
4347
79612
5800
95103
85198
93327
87157
52196
16217
70922
21644
55686
40431
16659
87113
74702
62646
89719
46492
7327
51072
56617
49905
3745
59443
74285
92667
25073
61726
76118
49538
80502
37101
87577
7685
99688
22911
14841
2357
37943
60820
78264
7567
56271
18248
75744
81636
55734
30439
81123
99121
46095
6416
33402
6967
35166
79174
33588
98540
45491
87104
72119
14190
26104
50257
80096
86123
6722
63662
58869
50521
14644
55204
11118
82337
38199
96175
83127
2938
15599
85898
18896
21018
60929
23665
16954
16041
48204
65263
70425
33111
8763
10900
1127
79289
88298
64683
47076
43488
16360
67824
70648
52072
38110
87210
57859
23472
30951
2879
83792
30028
21173
55686
77365
10504
77786
65750
91624
13714
68899
12365
74963
90628
49064
83731
55458
46331
83501
2537
29802
68143
74541
2830
67179
30013
61661
46558
66343
57731
75242
8633
60798
57061
92309
23287
6418
6730
36426
51708
89742
26776
57041
59493
64937
22723
2263
63650
78151
8309
82940
31930
40265
13818
37162
70559
43568
82848
26571
44376
72173
3501
10555
89053
95869
34653
98749
96847
47331
60767
48825
7824
56769
33857
32271
3875
10960
71514
68369
85630
35722
42783
40647
3214
11804
46076
31633
98787
92435
1854
92733
37494
59374
66133
5657
10098
49320
16006
70762
11173
24505
73391
14734
18249
20824
69135
18267
91585
54033
6843
47021
94865
40111
69171
27141
4196
2496
83070
59563
11684
51170
33316
19834
32742
63378
76697
36428
11293
60031
55267
35558
78719
68462
704
10556
79084
42772
77545
82762
65512
67499
36194
29427
82939
50954
40156
7632
91979
59274
88964
21717
86581
60117
97865
41723
87221
9509
32594
39393
46903
9594
51949
24657
18509
16896
31805
70423
44799
68077
33803
19990
70073
36577
95746
63186
82375
10087
86052
987
30702
89452
78592
26053
3581
4832
67072
22016
82816
16524
71935
33667
43084
65345
16371
24348
49780
87370
38586
79914
44043
85957
98313
99387
83270
241
58068
5817
72608
46182
20966
71182
35126
39262
5102
54337
21796
90450
74625
77843
62839
23431
93008
56945
78252
92435
54495
98311
94151
35288
52983
90099
46518
39412
18412
68097
47173
41246
72655
6902
20768
76460
45640
76481
8523
23673
