945
3233 3282
5100 5197
3651 3706
2733 2825
815 837
3644 3667
9539 9633
9612 9694
565 662
3572 3669
5255 5336
1493 1584
1976 1979
3128 3211
4827 4904
7088 7127
6557 6603
3529 3573
7596 7692
5518 5575
1369 1414
8498 8565
7428 7470
4088 4183
9406 9472
661 662
6752 6787
2081 2135
7640 7725
5523 5537
1870 1930
1010 1081
6892 6928
171 264
8432 8494
1802 1893
2371 2468
6723 6747
9396 9400
2835 2868
8385 8391
4873 4912
954 1018
2395 2416
8994 9020
4543 4637
3717 3741
6568 6571
2996 3050
7616 7638
7516 7560
1059 1067
2610 2624
3343 3441
6847 6907
3810 3819
6257 6309
5459 5484
6020 6055
8929 8994
9130 9136
5880 5941
9697 9778
4608 4622
2512 2555
3901 3952
3991 4007
2870 2937
2163 2178
9589 9597
6881 6923
2243 2296
790 807
4433 4477
7564 7581
1324 1370
6574 6604
9702 9721
3563 3565
6463 6535
4261 4361
9324 9397
662 734
6434 6468
972 1067
4055 4131
2265 2301
9666 9682
768 770
3647 3671
1110 1126
9446 9499
2006 2068
4184 4272
8720 8739
6139 6160
5697 5698
1227 1302
3346 3432
980 1016
3527 3593
3399 3435
8796 8877
5769 5812
4661 4700
1948 1983
2982 3003
1479 1495
8770 8843
8426 8517
8467 8567
6137 6235
6249 6287
7120 7182
787 886
5691 5749
843 885
4462 4490
3352 3368
7325 7331
5080 5177
8763 8794
2004 2027
3279 3365
2613 2647
4091 4183
5063 5133
3724 3752
4793 4882
5063 5142
777 805
7726 7760
6648 6661
4905 4952
6942 7031
3665 3693
4126 4177
2557 2593
1529 1590
6836 6888
4335 4427
1434 1501
6104 6197
6828 6884
536 598
8308 8362
5848 5853
444 524
9243 9323
5527 5529
2488 2508
7930 7940
5269 5350
2422 2490
9199 9262
7600 7665
8847 8932
8360 8445
7752 7771
5399 5483
9964 9986
9799 9891
2641 2713
7833 7863
7955 7996
294 319
6684 6722
2964 2976
9835 9850
625 684
3414 3441
1784 1838
7253 7324
2746 2753
9774 9852
3933 4006
4909 4917
1147 1156
7894 7976
425 497
6717 6755
257 266
8965 9045
530 550
2179 2224
3257 3332
8736 8813
1419 1462
1530 1549
1250 1275
938 1018
2700 2740
7460 7491
8776 8867
182 208
5538 5637
5417 5490
4937 4993
4780 4808
3519 3597
4864 4878
7159 7252
4678 4769
8512 8537
3142 3219
3541 3630
6581 6625
2984 3038
6163 6228
3663 3732
6613 6684
5882 5949
2940 2972
3336 3346
9275 9346
6 14
9546 9571
3706 3791
9434 9528
8146 8183
4966 5037
272 277
9738 9759
2261 2279
5018 5093
2466 2559
8488 8566
3090 3168
4439 4492
9498 9530
8770 8828
8876 8949
5509 5559
111 161
6792 6807
4077 4148
123 135
280 366
7330 7376
5982 6017
1170 1237
6982 7044
5662 5676
8101 8162
6882 6975
8323 8391
3967 3980
7492 7578
1977 1985
4545 4594
3578 3610
466 519
5283 5374
1355 1422
2636 2691
7146 7169
4188 4213
5009 5012
5046 5061
8357 8361
4778 4829
9444 9536
8900 8905
6388 6444
241 275
4602 4612
6578 6595
3290 3346
5680 5729
5399 5450
9511 9571
4281 4315
522 550
3321 3342
8809 8881
2580 2661
4719 4806
7344 7373
6171 6204
5291 5377
7230 7271
8729 8790
2456 2482
1232 1329
6801 6856
4886 4901
5782 5834
1303 1380
4951 5039
7122 7207
4135 4178
3247 3249
5105 5106
3668 3678
4435 4494
4566 4648
6252 6259
4456 4544
3897 3915
3957 4055
8096 8190
5978 6037
6802 6811
414 427
6980 6988
7026 7095
5080 5134
3531 3556
1021 1028
2191 2210
8418 8497
7204 7227
6775 6866
5939 5947
9361 9371
381 420
2013 2051
6199 6261
4292 4310
175 181
2260 2318
8400 8448
7881 7901
7773 7810
1012 1073
2525 2576
1548 1569
8224 8249
2389 2423
2506 2581
1449 1456
4455 4547
8376 8383
3249 3290
1506 1581
6757 6817
570 575
7514 7564
7306 7386
3090 3135
508 511
2708 2715
2401 2424
9121 9129
7989 8059
9952 9960
8096 8194
2865 2891
3419 3477
2821 2866
4740 4819
3302 3328
2210 2285
2922 3016
935 956
5762 5846
4500 4590
4863 4880
5835 5839
4771 4815
9772 9867
8486 8501
7676 7711
5202 5267
4775 4785
7034 7075
4494 4543
6436 6442
2876 2923
8417 8477
6110 6147
8524 8612
4407 4483
7256 7282
2441 2455
1076 1174
3692 3720
7118 7159
7627 7701
451 475
4138 4233
3511 3546
1391 1460
1072 1167
2094 2096
3932 3975
174 175
8912 8995
4390 4435
8221 8305
5583 5628
2632 2683
6462 6499
8099 8199
1613 1670
4775 4789
7384 7439
4721 4818
3946 3995
6273 6340
1225 1265
5342 5403
3054 3086
1778 1832
9576 9654
3175 3214
5247 5260
886 932
6415 6509
1957 1992
3297 3347
4478 4529
5648 5711
7319 7324
239 276
3299 3375
1511 1524
9079 9131
3847 3908
631 666
2313 2377
8399 8450
1970 2065
6741 6776
9441 9483
9283 9284
5791 5881
3952 4046
5564 5573
9175 9211
7975 7988
735 759
1565 1616
1952 2025
1304 1395
9893 9985
1864 1912
4796 4816
7395 7431
2326 2370
2875 2939
6957 6958
7005 7007
7477 7500
6719 6748
4507 4542
1628 1650
1117 1205
2868 2927
3699 3749
1998 2095
386 479
2436 2488
4341 4366
6899 6980
4850 4899
959 1024
2614 2620
1979 2020
4429 4506
352 413
5834 5847
1875 1917
6910 6994
3076 3086
5223 5284
5951 6032
1956 1990
3758 3785
3303 3381
7048 7080
1557 1594
2618 2631
216 301
1596 1692
5399 5402
8060 8090
5707 5756
9312 9323
4669 4730
3798 3844
5090 5159
301 372
1053 1139
4628 4719
5802 5853
6519 6601
8033 8072
3568 3656
6140 6168
8779 8819
7641 7706
9092 9139
9088 9187
7584 7590
1273 1300
6782 6813
3034 3057
6273 6298
8293 8306
3316 3319
6640 6738
3264 3272
7753 7776
9731 9787
2525 2560
1313 1372
9655 9676
7952 8003
4323 4366
8434 8519
1756 1789
6167 6234
7873 7966
2185 2213
3793 3877
8757 8791
8236 8265
9596 9626
7257 7325
2607 2696
7276 7338
1239 1279
4838 4924
9616 9711
1847 1943
9896 9994
2449 2515
4897 4979
7549 7609
7418 7516
8369 8431
5682 5703
8257 8351
8568 8640
8328 8402
1571 1608
8790 8851
6400 6468
1504 1564
4765 4805
1693 1750
3392 3434
5481 5551
983 1047
8824 8831
7956 7960
4204 4252
7812 7848
5087 5112
1508 1543
7611 7687
9560 9653
2268 2323
1297 1350
2527 2583
840 873
6217 6248
2535 2605
3165 3248
1744 1828
9764 9843
7346 7389
2989 3022
5875 5959
9546 9602
1749 1763
220 252
180 216
9440 9462
5107 5193
54 58
4569 4642
5687 5786
7589 7631
6808 6837
6689 6746
6201 6245
7239 7280
9849 9895
3150 3222
8099 8138
3763 3831
3424 3471
1244 1245
3122 3160
4522 4557
5042 5090
2951 3040
3493 3570
2883 2905
1652 1713
8693 8742
7036 7073
972 1060
8212 8298
9553 9609
6245 6314
5524 5611
4318 4354
3049 3059
2795 2886
1876 1951
9136 9195
4669 4697
4167 4212
4071 4095
7789 7822
2410 2425
5067 5115
8767 8812
3767 3860
5170 5244
2597 2678
5020 5058
5856 5949
9632 9645
1639 1733
5318 5389
9052 9088
4110 4171
6381 6463
9864 9906
7574 7610
7559 7658
5383 5482
6883 6938
1183 1247
8455 8545
3944 4022
1986 1998
1819 1821
7034 7134
6098 6128
6447 6520
5419 5440
892 900
3860 3888
3914 4008
5770 5783
3807 3891
5201 5217
5801 5865
6401 6427
6561 6654
3601 3642
1910 1971
246 254
7216 7250
2031 2099
9914 9987
877 880
8597 8606
6083 6126
2873 2967
7122 7215
9454 9477
5606 5625
4191 4285
8293 8371
9524 9572
1307 1376
145 207
1028 1030
7257 7287
986 1070
3437 3521
1980 2017
2907 2974
7263 7357
846 937
2947 3019
1090 1136
3209 3275
787 869
6901 6950
1301 1319
5182 5208
1002 1041
1332 1343
2721 2792
6493 6505
5590 5676
6075 6090
7633 7686
7364 7372
9719 9788
2093 2167
1421 1518
3323 3409
2996 3014
7584 7668
8562 8652
1397 1426
5956 5998
7337 7391
5766 5776
7349 7365
9580 9584
241 255
8789 8807
2455 2543
5376 5459
5378 5478
158 257
6588 6616
7799 7848
2970 2988
404 407
1603 1625
9268 9326
9758 9855
3953 3962
1680 1737
6002 6015
662 689
6052 6092
392 465
1022 1108
5208 5215
3327 3365
5426 5428
3077 3092
1041 1130
5265 5349
7104 7193
3217 3233
9057 9111
2818 2868
4668 4712
2898 2986
8827 8905
4949 4960
7765 7832
802 839
4658 4756
2869 2928
3099 3143
293 296
6891 6932
1353 1383
4191 4234
8191 8223
1475 1479
9882 9903
8514 8575
4798 4799
6847 6861
9414 9505
5446 5505
1740 1755
4645 4705
2258 2266
1650 1709
8764 8862
3218 3300
7891 7894
2060 2092
7799 7829
9314 9414
8266 8356
2979 3045
5508 5583
7880 7930
8439 8522
1130 1184
5980 6076
8313 8315
2237 2337
7333 7361
7070 7158
5742 5777
1789 1881
6863 6917
3855 3902
7512 7610
6494 6562
2644 2688
5905 5929
6753 6822
6705 6736
6864 6909
1236 1296
2006 2013
6124 6205
615 692
1876 1894
986 1032
7952 8021
3831 3931
7178 7203
803 901
595 643
6813 6863
5375 5458
3770 3790
270 276
197 215
5327 5381
6445 6525
8027 8088
335 396
8969 9006
3571 3608
6346 6421
4058 4104
1770 1787
6300 6323
5778 5829
3650 3730
490 553
4348 4440
9326 9401
3972 4037
7022 7067
3030 3100
3149 3237
4600 4670
9310 9402
1350 1438
1772 1805
9613 9687
8388 8480
2682 2691
9200 9280
3832 3904
2954 2970
296 315
1085 1122
4334 4398
6033 6082
3174 3248
8725 8739
5956 5969
6814 6903
7446 7534
9058 9061
8594 8679
4942 5040
4869 4916
1769 1790
3584 3667
9595 9674
1650 1699
9276 9283
6018 6084
5257 5308
5666 5754
3636 3723
569 585
1138 1169
3102 3124
6777 6877
7258 7339
3909 3985
7810 7815
3892 3923
3903 3923
9430 9490
5551 5632
9581 9613
9353 9377
2691 2753
6542 6592
1385 1409
6443 6479
7008 7011
703 795
539 562
3133 3223
7303 7364
4689 4697
436 460
5335 5366
7386 7389
5304 5397
6907 6955
167 192
1719 1766
4236 4253
4530 4569
2886 2970
6648 6731
4158 4181
8137 8178
4639 4732
2500 2507
2651 2667
279 369
1444 1445
7484 7488
2363 2389
7527 7620
9672 9736
2128 2217
4991 5049
8459 8503
1120 1204
6406 6407
9951 9983
8121 8206
4883 4939
9123 9166
6061 6134
2461 2542
6136 6146
4187 4189
2744 2769
1845 1892
1148 1159
2373 2438
5177 5184
346 391
246 313
5104 5181
7096 7118
7908 7936
3759 3775
1469 1479
2288 2336
6468 6512
878 916
3718 3746
8108 8119
9894 9960
5368 5385
8358 8410
2357 2435
7209 7269
6501 6545
701 749
6017 6105
7583 7614
7409 7461
6793 6811
1010 1086
5531 5564
2254 2315
7055 7067
4593 4625
8279 8369
6714 6774
9093 9120
7811 7895
3547 3558
