999
3143 3227
6144 6163
4364 4402
9666 9674
9466 9509
417 437
7844 7910
725 800
3055 3141
9735 9810
9143 9233
359 432
8926 8997
5447 5515
9634 9727
2675 2767
6 75
7261 7311
4822 4834
8198 8291
9263 9280
8150 8214
281 359
929 998
850 943
5944 5948
5563 5610
5802 5864
8842 8859
3631 3705
1992 2072
6102 6125
9144 9188
7136 7145
6586 6620
23 118
696 732
8023 8029
409 428
105 175
9806 9838
856 888
9195 9257
2904 2976
3617 3663
8657 8697
1234 1328
3027 3065
9764 9841
8833 8913
8725 8822
2798 2833
4910 4915
4528 4584
5300 5357
828 905
1918 1978
4899 4933
2995 3081
6688 6770
4088 4187
1100 1113
8229 8264
4270 4334
6040 6069
2091 2171
4769 4841
2015 2023
1594 1621
434 471
7611 7689
715 749
585 658
6112 6179
4783 4833
1055 1083
7222 7319
1868 1869
1663 1738
4656 4747
6434 6486
4495 4564
9373 9438
8916 8952
2650 2664
8379 8418
6970 7000
4166 4254
2509 2536
1258 1289
6349 6396
4088 4173
3180 3238
6360 6393
5167 5218
349 395
8789 8856
6852 6864
9257 9357
6193 6252
9671 9729
2372 2414
6572 6657
3723 3769
6758 6847
703 752
8412 8478
5374 5413
3565 3579
7144 7157
3043 3134
2674 2724
3325 3350
1655 1738
8336 8372
2497 2557
7730 7757
9779 9801
9736 9830
4366 4414
1256 1333
2035 2117
2818 2899
3848 3921
7269 7291
6988 7003
8799 8865
7656 7709
8699 8787
4379 4460
2135 2231
6396 6481
1798 1890
8602 8616
27 110
5418 5469
5820 5876
7252 7305
1463 1509
5081 5155
2693 2751
4672 4718
4612 4676
2546 2561
6912 7004
6803 6859
9173 9236
673 742
6977 7002
9894 9908
8856 8882
1104 1185
6807 6838
5074 5161
2076 2132
6093 6192
8136 8165
4728 4734
3701 3708
8180 8208
5990 6017
7041 7108
770 805
8472 8492
9883 9889
8696 8785
3193 3194
5910 5935
4889 4980
1791 1864
3769 3866
1622 1677
2363 2444
721 787
1205 1236
7993 8085
7821 7902
196 255
3172 3247
8383 8419
5794 5836
8685 8739
735 798
1642 1740
8193 8286
3529 3530
8197 8256
3468 3492
6478 6486
1348 1406
71 107
3528 3570
1698 1793
5990 6021
7698 7772
2519 2552
3891 3967
328 415
1791 1850
661 713
7547 7630
5527 5622
3383 3417
2670 2739
3471 3520
9131 9202
5860 5938
6672 6747
2205 2267
6454 6515
2835 2910
6485 6530
5025 5091
4846 4869
1577 1624
2286 2322
8367 8415
6669 6705
5369 5395
7438 7454
8348 8420
3726 3773
3140 3164
9367 9451
7780 7819
8057 8118
4328 4354
2700 2721
9937 9963
8338 8375
6878 6973
2760 2781
1312 1316
1090 1151
4280 4341
1031 1065
9651 9722
837 934
7559 7609
7382 7418
7793 7794
6222 6268
6392 6441
7189 7261
420 511
151 237
1473 1544
8113 8140
8673 8746
2933 2955
7440 7526
9744 9778
8921 8969
4176 4216
4317 4353
3256 3325
7465 7537
9733 9796
2565 2635
6939 6942
9467 9506
4704 4780
1228 1233
3785 3845
9825 9888
5406 5439
9609 9617
2588 2655
1610 1634
990 1023
6377 6421
2039 2058
3688 3760
4008 4021
3309 3318
3019 3089
4367 4466
28 126
1840 1867
9677 9751
2851 2885
6557 6635
1522 1539
4531 4565
7363 7382
1603 1622
6961 6984
680 735
1798 1879
4281 4301
4499 4514
8278 8346
7872 7933
1973 1987
8780 8849
6140 6193
956 993
4470 4554
1553 1648
7094 7104
8815 8825
9711 9767
813 864
7377 7401
3597 3613
4147 4184
3015 3105
3343 3345
7414 7459
4099 4107
6213 6308
1646 1732
1629 1661
2119 2144
1079 1099
6248 6293
4396 4479
890 931
9538 9570
9566 9641
6057 6069
5316 5388
8074 8170
3838 3852
3630 3655
398 459
9630 9671
4508 4558
8401 8412
4139 4194
7380 7429
4002 4039
2113 2124
1115 1134
6831 6869
4063 4064
8030 8096
8602 8667
5922 5975
2572 2665
9202 9238
2405 2408
7794 7837
8515 8537
5292 5322
7931 7973
5095 5141
6893 6947
6232 6298
5258 5275
4855 4912
5572 5623
2875 2949
7275 7305
1376 1439
9084 9111
2753 2834
6974 7048
553 639
8477 8528
4387 4416
1188 1257
7068 7091
5689 5726
2220 2227
3970 3993
4511 4549
8307 8363
2177 2265
2248 2316
1421 1455
180 268
3990 4069
8029 8117
2062 2144
6800 6858
4661 4759
8208 8268
8282 8306
1382 1402
1333 1360
5261 5321
3892 3939
3443 3509
3574 3620
7666 7674
7954 7961
4624 4629
2847 2855
37 75
3264 3314
2465 2524
3687 3744
4745 4748
2238 2253
8812 8904
5915 5930
6094 6170
8104 8143
2386 2398
5047 5086
2377 2429
1591 1606
879 884
3406 3492
7177 7222
3910 3919
1247 1298
1317 1384
5768 5776
1066 1146
9309 9328
9456 9499
3868 3922
3810 3850
5159 5174
6689 6748
5509 5543
3208 3247
2457 2543
140 190
2790 2878
9421 9505
3334 3350
8069 8166
2647 2649
8642 8702
5224 5276
2555 2584
3973 3980
7481 7507
4785 4798
7431 7497
266 271
1705 1739
8092 8164
1652 1742
5394 5436
64 145
394 447
2834 2898
2178 2215
3707 3735
4126 4213
7755 7850
8176 8261
4004 4098
6382 6479
2487 2552
1465 1543
4419 4447
7638 7710
7269 7309
63 82
7516 7613
5980 6054
1553 1601
2894 2912
9908 9987
1073 1122
5680 5780
1760 1832
5111 5205
7059 7117
7273 7315
6821 6898
8350 8418
9742 9811
5845 5865
4181 4260
1935 1949
7833 7908
5484 5486
4173 4265
4134 4194
1933 2025
1857 1868
7955 8041
7324 7393
6889 6907
9723 9815
1135 1227
2788 2804
6210 6228
3677 3698
3450 3516
4718 4766
97 173
2206 2268
9179 9190
8618 8717
3230 3265
8789 8855
7789 7855
3474 3482
8869 8893
7040 7081
3892 3906
2791 2796
5781 5830
5253 5293
743 824
4773 4805
3783 3828
3675 3746
6794 6796
1332 1395
5204 5266
5251 5350
6575 6590
5063 5150
3823 3882
5146 5166
7642 7707
116 173
6655 6717
7504 7575
3206 3294
5913 6000
2358 2410
2305 2404
3399 3429
5220 5237
4377 4459
9358 9407
5738 5837
5178 5240
7874 7958
5448 5500
8996 9063
8709 8741
4330 4365
5477 5554
2059 2128
9570 9573
5676 5763
1249 1347
6138 6221
2261 2342
4968 5048
3253 3258
1603 1677
7613 7630
6944 6977
3074 3134
7753 7771
1793 1846
525 623
99 106
5403 5497
714 797
1648 1693
6560 6569
7747 7822
806 880
8327 8406
6147 6180
5496 5563
4639 4701
4295 4375
301 326
3900 3962
4717 4751
68 136
5448 5504
6129 6220
9837 9912
5199 5285
1988 2072
6451 6518
8472 8491
6308 6380
5492 5556
9291 9357
4164 4175
7348 7434
5321 5390
3093 3124
2693 2745
3438 3527
1301 1370
6063 6140
1213 1257
1335 1381
9011 9070
355 427
5192 5263
9552 9635
9139 9237
2646 2660
3266 3308
5554 5652
7186 7255
5384 5460
1128 1173
9216 9313
3841 3880
6271 6299
3571 3629
9896 9984
6149 6184
3058 3116
6360 6395
9111 9138
2799 2874
5781 5797
671 686
4578 4667
2172 2224
1941 1955
4303 4319
7180 7189
680 762
9291 9361
8301 8384
6938 7036
7036 7041
4152 4186
5362 5441
3063 3096
9284 9312
5056 5096
2992 3063
525 604
2973 3059
725 778
7042 7120
5472 5559
5307 5361
5987 6023
5853 5943
5629 5659
8617 8625
427 446
1446 1468
9037 9068
2604 2694
4797 4850
7349 7393
5664 5756
4968 4988
5779 5832
7315 7391
2572 2589
5584 5602
5362 5400
7080 7097
8232 8243
1852 1872
2021 2068
3031 3121
6861 6937
9150 9228
7510 7593
7430 7484
7242 7284
6193 6258
5721 5774
5741 5841
5044 5108
3604 3684
3036 3074
1655 1690
3235 3283
1624 1721
1766 1823
7151 7251
127 162
1545 1595
515 536
8403 8493
5372 5467
5217 5273
1765 1845
4176 4260
67 135
5268 5275
2150 2190
4339 4394
6449 6466
3578 3667
9888 9961
6647 6698
9544 9635
6317 6405
1750 1829
8240 8242
3361 3400
6448 6516
4880 4888
3788 3882
82 141
3871 3907
2833 2853
8803 8859
3009 3106
8564 8595
813 863
3474 3551
3043 3117
6726 6734
5602 5668
8014 8039
8802 8890
3157 3215
2115 2191
4047 4123
9597 9646
3128 3188
4206 4259
8226 8294
8833 8895
1248 1312
898 952
3197 3278
1587 1681
5297 5306
1617 1694
827 910
9936 9996
3556 3616
1200 1244
1591 1651
1459 1504
6329 6365
6767 6856
2327 2393
7041 7123
2451 2545
8323 8357
4542 4604
9090 9176
292 351
6119 6173
7329 7428
8391 8482
7683 7749
1894 1953
8049 8135
5332 5394
4871 4881
5595 5606
6192 6270
6354 6430
5946 5949
8106 8117
2414 2501
6238 6246
1525 1579
1895 1954
6144 6202
9875 9896
5106 5167
4907 4976
5277 5314
9228 9240
7964 8051
5986 6021
3650 3655
6384 6467
3579 3613
4108 4115
2799 2836
2916 2994
369 426
3070 3098
4228 4278
3258 3270
779 846
7921 7927
7439 7509
9329 9426
4960 4996
3792 3833
4021 4092
94 96
4537 4624
3195 3196
60 103
6823 6877
5972 5997
2471 2527
3904 3912
1374 1415
2253 2286
1851 1888
7071 7109
2644 2693
5512 5603
576 626
6574 6666
9673 9747
4151 4152
1836 1881
4796 4856
3268 3310
6160 6178
428 489
7998 8020
4345 4413
2665 2742
8524 8624
1938 2005
6089 6145
3718 3775
2458 2547
7478 7514
5362 5380
9706 9798
4400 4474
2030 2106
6048 6085
1691 1746
4278 4359
2957 3054
9628 9717
3172 3189
6590 6661
8300 8345
9612 9620
7543 7570
6720 6761
3354 3373
6712 6757
6771 6843
9512 9551
2469 2543
5301 5369
3753 3756
3415 3450
9943 9994
9391 9490
5290 5369
6929 7011
8694 8766
9632 9714
3204 3257
5793 5831
2504 2537
3872 3963
8005 8055
4932 5023
2385 2455
3836 3888
7394 7474
4654 4740
3492 3571
5930 5949
9584 9670
6376 6453
7136 7224
5597 5641
2439 2520
5979 5981
4431 4457
7738 7805
9676 9762
4980 5026
2876 2948
2916 2984
2470 2507
5068 5157
8067 8151
8862 8889
9910 9947
7769 7792
6357 6430
9229 9231
8028 8052
3589 3625
6838 6892
5672 5680
7861 7884
8502 8564
2152 2197
3142 3192
8932 8962
2994 3025
7773 7789
7626 7627
5401 5451
3905 3965
8149 8207
3022 3114
3614 3654
412 508
2467 2483
5194 5256
9790 9877
1605 1664
9637 9644
5615 5676
3463 3521
2347 2405
5752 5821
4295 4317
747 763
166 223
9264 9309
4057 4107
2787 2847
5534 5589
7987 8010
7166 7220
7447 7471
4316 4367
3219 3255
7518 7522
207 260
8739 8795
8629 8636
5797 5819
1321 1352
7177 7247
7438 7526
570 657
873 942
9179 9225
9489 9512
25 58
3451 3506
1951 2031
8995 9004
8801 8873
4076 4089
5674 5730
3273 3356
2624 2672
7345 7352
5902 5984
593 664
4028 4030
1418 1424
2824 2855
6204 6224
4855 4900
3672 3757
1669 1680
2946 2988
5708 5728
1876 1902
1178 1201
4777 4837
4118 4207
5317 5348
1129 1168
1476 1541
9676 9752
7408 7493
9647 9725
2129 2195
8868 8913
1628 1684
4611 4661
2543 2576
1318 1369
4541 4556
2990 3045
5130 5216
313 358
7934 7962
4522 4570
9411 9444
9445 9455
6274 6278
110 178
5060 5157
8982 9056
9566 9592
587 606
9746 9788
8684 8706
3237 3303
7343 7404
5665 5752
6897 6918
6989 6992
4754 4830
3542 3642
2600 2602
7054 7130
350 388
1146 1243
5141 5203
1619 1701
301 352
1948 1998
5946 6045
6390 6421
2680 2707
2751 2758
3618 3673
9490 9574
8281 8330
8703 8706
8261 8324
1215 1226
7202 7275
2806 2828
