3961
-1857
-356
5147
8613
5576
-6176
-9827
-3022
2958
-431
-4784
5270
-2806
4921
-5366
-727
-78
-6673
-6151
-1886
-3913
-2780
-2016
-1057
-3472
-6498
-8885
-2896
-2305
441
-1080
-1283
-6636
1457
-1811
-7105
6105
-9899
-3027
-2254
4000
-5905
4410
-7049
598
8024
-3843
-685
7907
5272
-30
-4468
-832
-6891
-2253
2239
-2508
-915
-1356
7267
-7676
-3461
-1523
6157
6289
8307
-6771
7119
6898
1471
7700
-2022
9437
2587
7914
2193
6728
6683
-2618
-4184
-5400
-5548
-969
4515
-5674
7887
-4511
2182
-2003
2711
1559
2802
7632
2258
-3074
8522
4727
7678
5496
-179
8296
6196
-9533
-1026
735
7032
-5765
-2378
2994
4116
3608
6229
-2649
-2255
4326
6960
-257
1929
-9559
-5711
-6835
-2004
1127
-7483
-6871
-5546
4908
7487
-4847
-4423
1910
-4985
8067
623
-7
-2990
6201
-1610
-3581
6764
-6174
-8847
1585
-1803
8519
-8988
-9958
-5955
-3995
-5796
2700
-8456
8701
4220
451
193
-330
8747
-6332
7196
-1851
-2362
-9340
2891
6415
6396
-2963
-9317
-2776
5141
8678
166
-5048
571
-733
-1512
2068
6057
-4475
731
3913
-7673
-4709
1838
8259
3057
-3229
-2717
7798
-5357
7727
-5961
-6299
-3374
7905
2010
8094
-6195
328
-7690
-1600
477
3428
5356
-4329
-4012
-9358
-9048
-6145
5120
-4684
-1143
-9026
8266
-1628
5387
-2437
9654
2362
3191
8052
-924
3764
-2957
6198
6081
3311
-2060
5200
4793
7898
555
-6187
94
-5136
3206
-2912
1272
1546
1105
-2886
6599
-961
-4335
9735
-8741
-2634
-1035
-5572
-2198
-2422
-6911
-2792
-7547
-3550
-9271
8630
2882
3506
-7334
-8156
6212
8960
-583
4853
9533
4917
2441
-223
-6941
-7888
2475
-1342
-8992
-3968
-2610
5797
6151
4712
3689
-5819
7810
8574
1131
8295
-7745
9582
6912
-570
6886
-9533
4342
6835
703
2192
1327
-7067
9203
-3136
7566
1685
-4232
5794
9554
-4034
2513
-3139
-3592
6600
-527
-5352
8125
-8487
8803
3279
-3364
1620
4907
-9158
-9236
4012
8705
2717
8795
-4621
-8559
139
504
8157
-6103
-513
-3186
-7164
-7713
-6334
4251
5295
6303
-523
3550
-3980
-8707
-1313
-1571
4564
-3959
-6521
-8180
-1921
-6736
-8308
9090
4944
-7297
-7936
-2857
1030
-2204
4191
-6929
-8822
5937
-1022
550
-9752
291
-3578
8937
5881
3084
5539
9994
4335
7166
-9023
-2890
-7471
2881
7302
-1623
-2193
-2877
238
9706
154
-4596
3129
-5798
-6023
6817
-7897
4886
-4290
913
5972
-2603
-8446
3514
-1207
1770
3270
4060
678
-1482
-4544
-1763
2036
-2337
-7113
6242
-9446
4590
-4403
3573
5753
7381
-4708
-4688
9931
-5094
3010
6879
-815
6309
3434
-8686
-278
5334
9853
-2726
2700
-1478
831
-4238
-7926
-5402
5784
1844
-8792
-9196
-1901
-7974
9297
-5430
-8750
-3153
-3672
370
4743
-5750
-9839
5238
-6833
798
6370
8512
-8192
6436
1939
-38
-710
1057
544
-1499
964
3583
1753
1445
1977
1675
-538
-4456
-2755
4532
-4762
-8624
5695
-418
6316
629
-193
8900
-531
-2888
-7590
6663
3622
3512
-6784
-6215
-7707
338
-4038
-9880
8356
553
1435
-1804
583
-9356
2409
4503
6707
-8427
5281
5229
9282
2464
8417
-6294
-6436
-7870
6976
-8925
4646
-5472
-5958
-7514
-2699
-9170
6183
-5583
-6509
4512
-7138
3790
8905
3963
1312
6872
-8253
2590
-8687
-3564
4013
5013
7057
-9222
1095
-5797
-1220
250
838
5349
2639
6575
-9255
-3392
-3085
8332
4512
-1179
6303
-7560
-5868
4784
-9254
-6596
-465
3183
8414
-1661
8189
7740
-668
9531
-7685
1635
6889
-4896
-2406
255
-4132
-7927
2930
-8120
-2533
3339
-8913
-8780
-5189
-7030
-4916
-6683
-871
-7488
7609
-6657
-7408
1641
7275
-6893
7576
-9370
8428
7732
-6580
7840
3576
-7708
7526
-7990
-8777
3703
-8949
5497
-1349
-690
8977
-6097
-7341
-8105
-7125
-1190
-3913
3223
978
-7056
3739
1334
3207
2149
7579
-6491
-9902
4139
9667
-6923
-4340
-3400
-757
7008
4073
-1473
-5371
-7983
-1697
2142
4853
3916
165
6730
4708
-4693
5839
6175
167
4575
-4211
-5046
4354
-3192
5250
-960
-1958
4950
887
2995
-5735
-2999
-5291
-6412
1900
351
2235
3008
-3456
2849
641
-3007
-9234
-782
7747
5911
-2773
3653
485
2883
-5529
-3675
-5705
68
-5276
7215
-2755
6758
1636
4491
-6566
7914
-1639
9298
2125
4557
2334
7999
-7815
-6569
-8374
-7563
-8185
9638
8595
2265
-492
9849
-6713
-4222
-2654
2261
5419
3471
-407
2602
8189
5878
-1298
3937
2501
5555
-2434
-9201
7755
6182
-6854
-1285
4721
9055
-3496
5770
4786
8192
-2308
-4888
-6325
9628
9055
-9210
5253
9802
9916
-6282
3462
29
989
5728
-9970
-2165
3221
-3809
-6228
1830
-7205
6473
-8706
-4644
-881
5660
3290
-4376
-3034
-4974
4162
8518
8485
7721
5805
9188
-2566
2572
-1426
3762
7297
8889
-1590
-9735
2602
-4987
7999
5035
2426
-7366
7650
-3829
-5592
8777
-486
2126
6159
7934
1712
9128
-1031
-492
-108
5440
4302
4390
5602
6210
-5536
2170
-1270
6224
-5571
19
-8001
784
-6153
-2713
-4947
-7921
7927
-4497
4367
2868
9251
2153
6632
-129
4777
-6485
458
1684
-6997
2814
986
-6880
9443
3627
2171
-8980
5666
-4920
5182
-3762
-5879
-2948
-5841
-6134
-3159
-2046
-8089
5540
1335
2061
6299
6376
1425
-9751
-8359
7603
4977
-4700
-5728
-4207
-6746
4649
656
7778
9180
-383
5808
-7033
7337
-9982
3256
-3657
7344
5508
6935
6269
7047
-9611
-1933
6606
1668
8023
-1575
-1593
-9500
-6120
-8666
3473
-2851
-690
5055
1333
-4258
2692
8331
-4981
6533
-1002
7395
1646
-5174
9167
-2141
-8151
-1047
-5236
9083
-4702
-8458
-9964
-8026
-8544
8992
1559
2106
2661
4285
2004
2073
-1270
4028
-5572
3878
1463
-9427
1968
-1306
-8119
-6813
-8177
-1948
6413
9583
-2063
2224
-1730
-9428
-9218
554
9915
8370
-42
1277
1145
9670
-5456
7687
7282
-6948
-7965
7139
95
3465
-5451
-5954
4585
403
-6741
4618
-530
-5238
-3763
-7445
8682
-4524
3504
-3274
8345
9369
6970
-4513
-8389
-7497
-5151
7592
9540
-3855
-8101
76
593
-4944
-6478
-3852
3318
-8011
-7583
-5654
7267
-9259
6976
3272
2645
2652
1398
-11
6800
7245
4620
935
2667
-9035
-4841
-8800
492
8214
2936
1288
-9405
-5345
7139
-9114
-1530
9532
4640
-7988
-927
-3025
8786
3340
-2989
2138
-6694
3390
-8160
-1154
-6405
-6671
-9221
-8598
8768
-2986
2578
4638
934
9517
3214
-9542
7913
2816
-7152
-2983
-7678
2284
6328
-8788
-5349
-7710
-144
2257
2753
4871
-9084
8021
-2245
1073
-129
1397
-3961
-3230
6251
-793
-2879
-8062
-9273
-2411
-9295
1320
623
4477
-2894
-4968
-625
5103
2502
-2540
7487
-8281
-6755
7647
4026
-2829
7973
-1242
-5521
6403
-7244
-2467
3533
-8470
5232
-5900
-2033
-850
4077
-3159
-8993
-4966
-8717
-5166
-942
-729
-9839
-4652
1311
-5167
-8336
8000
692
7177
4030
-5481
-7941
9009
4044
-3302
4610
-5342
7566
-3737
-634
-8653
6883
7309
3511
-8725
-7405
2424
-7664
2373
870
5896
-475
-3610
4333
7979
-5110
1526
-3061
-3832
-2624
4010
7044
8300
-6866
-8381
-6086
3969
8164
1004
2169
-2874
7707
-6677
-6692
8469
864
-5554
2111
1739
1728
8818
6572
4045
1775
7483
2868
7137
-3501
-7206
7228
696
-1235
7436
2865
-6001
-1766
-9736
4864
8879
-928
5541
-3372
4877
1074
-1579
-7084
9429
2335
-704
-4931
5522
9626
5065
-5922
-2305
670
2844
-6132
3889
-2940
9697
6153
4383
-4731
271
9729
-6804
-7497
-4653
3077
5388
1871
-1325
-4846
-838
6997
4196
3176
-5781
-8477
8571
-4313
2220
-1384
3407
7075
-1680
-3520
7079
6447
543
-3944
3536
7540
-51
5201
9004
-2779
-5576
-8238
-7581
7455
3808
2016
4986
3661
4028
-6257
-2173
-3495
495
-6709
4479
-2761
-8130
6797
7104
-5588
-5321
3127
7665
6298
-6680
9794
1904
-1385
-2243
-8975
-6188
-6095
-7721
9779
4809
-8174
9792
-9041
-8681
-8286
2642
-303
-3743
8374
-5737
5850
-3752
-7005
-4578
7737
1431
6261
9917
-4
-5113
8754
8231
7044
6329
8259
8142
4431
8988
4889
-4244
-2400
2097
6352
3770
1361
-6418
-6526
8308
4787
-41
-9214
-3499
5255
8858
-9792
907
8156
-1386
-4845
-8213
3026
-2859
-682
-7883
-8842
992
7352
2164
-3294
-253
7025
7100
8099
-8481
147
2916
-5068
-6833
5528
-3388
-8640
8697
-8409
-189
-7689
-7921
-5829
9109
8327
-6070
1758
9357
-3475
-9314
7743
8339
4573
-4643
5943
-2935
-2315
-6496
7911
7979
3491
6597
-260
-7531
-4787
-9439
-1283
514
-1745
5020
3120
-8456
-1584
2156
-3314
2712
-5865
8409
-1876
8073
9473
-1650
-8488
-9024
-4393
-8831
8051
-655
7795
6281
4810
-8160
494
-7022
5754
8577
9068
-1880
-4768
4753
1458
-6921
-1933
-5421
-9655
-9608
2540
-4342
-4944
4809
-4882
-5628
-771
1881
3788
8268
9778
-6472
-129
2167
4826
6138
-6955
-6620
-4929
-694
1364
2089
-9262
-2225
-7743
-8468
401
-7969
181
-2353
-5304
5932
561
-8389
-5455
-4203
2907
7189
476
682
-6282
-3077
-1697
8706
4254
-5938
2113
-9840
874
2821
-9181
2034
-8493
4564
2134
-9976
1976
-3990
2971
6555
365
2662
-3346
-6672
-273
6547
9699
-3963
2087
4227
9452
8760
6424
2904
-2030
3858
6009
-7832
-444
-5863
7634
-9932
-1459
-6611
-8952
-3188
7318
-9501
2811
5396
-2882
3222
2750
-9488
2422
9074
4796
-7189
8987
-8650
-2183
-1226
-5160
-5504
6013
-2569
7401
9216
-1644
-2257
211
-5291
-5804
8997
4186
5127
2294
40
-7688
2720
9288
-1526
6462
-2686
-953
2497
2700
-6860
-3226
9100
-4258
-407
5018
7849
-1068
2094
-5008
381
7696
2904
-1163
-1694
8116
5320
-6082
-8669
543
-4600
1274
-1393
-5908
-5784
-9304
-2120
-8630
-9915
-621
-9309
-2848
7123
-7351
-7795
-621
6659
-551
2256
-6586
-1221
8924
-8712
-3843
6036
6295
8190
-3094
-7254
-1851
-3838
396
-5559
-2432
-1388
5605
4006
-3418
4763
-7576
-3249
-5076
-4476
-8235
3088
-8762
-165
-9131
2920
-8219
3020
5910
-2163
-1031
-2030
886
7387
3815
-6524
1450
7790
200
1441
-7086
1574
2704
-4614
-8408
-5906
-2396
4994
-7223
-1172
-9722
-6734
-1549
4140
7468
-5350
6495
-5096
-3020
2842
-2091
-5445
-6249
-6642
-7881
-6839
5630
-6001
5349
-1010
-3425
-5216
6331
4633
7134
6386
-6946
-8513
8826
-9689
8707
-5232
9295
9518
1636
7543
-4598
3497
-622
2779
-7954
3197
-5349
-9668
-2832
-1920
6448
2058
5977
-4604
-1810
-7568
-4216
9769
5816
-6586
-2425
-5137
9511
7324
-9051
-1074
-4112
3248
-1376
-8760
1759
-4388
4928
-2319
1982
-6477
-6187
-401
7759
9972
-5759
7375
-7724
-8036
-5467
-1797
-2888
-9308
-4385
7283
4660
1356
-8207
8024
9743
-3684
-7519
-4376
-3507
-6985
-5325
1702
-1856
3794
-34
5380
-6551
-4635
3895
4497
-7645
8993
-1459
6899
-7093
-4231
-7496
6520
-4845
-879
-3054
6581
7152
2643
-846
-1227
-4388
-3604
9130
-1697
-2540
-2872
-2836
4294
3044
4327
2926
-7185
-9929
7964
501
-5435
-7966
5172
-8177
-7275
-9270
2885
9393
6594
-1473
8769
2467
-5851
3813
1742
2171
4107
1541
-2507
7750
-788
-4507
112
-8095
-2935
-8468
-9165
-4767
2107
4701
-301
-4602
-9233
2909
3689
-2187
-661
-5780
2756
6320
-4356
3346
5854
1584
7649
5923
7303
-2386
2220
409
7585
-9542
-4972
8758
-2171
8150
-526
1719
5876
4732
-9725
1380
1875
6106
-531
473
9890
-200
-2211
-5073
-6758
7202
-5856
2571
-8263
-177
-3990
-1210
9514
1011
-3958
7383
8321
6897
927
-5309
3862
-4674
-8368
6963
-8337
-8771
1964
-2192
5599
7814
6820
1557
7066
7678
-8418
8144
-957
288
-6998
-6285
9730
7
-9445
1608
-1763
-9566
-7880
-1082
-9695
3897
-8288
5344
-8211
-8811
-808
-4056
9327
-5632
6980
-5678
-7716
5610
5368
-8770
-528
-342
1380
-1761
5131
-7045
6272
-1272
7625
9729
-1936
4111
-4670
-3659
741
8702
-5809
-932
6216
8532
4636
-5937
-438
-4012
3415
3220
-8305
3982
-1538
4744
2145
214
6719
4975
8492
-6189
1759
-2124
8685
-2853
9621
-7877
2292
-5214
9751
6074
-8417
-7162
1468
-7328
2098
-9974
7557
5695
1968
-9597
2138
480
329
6831
-7905
711
-4017
-4012
-328
-7356
6288
-5356
8791
-9775
4051
-2334
-1666
-4862
3513
-1379
-1756
7662
-8114
5362
5593
3577
954
-2436
3026
-821
1571
485
2899
549
5975
-3437
-8022
2787
6683
-375
-3857
4569
5513
6995
-8773
3929
-9573
-7225
3241
-5018
-2660
-6141
-8272
-3700
-9947
-5835
6880
2119
-1155
-1983
-7106
7397
-7537
-359
294
-7464
-9952
1509
5282
9884
-5580
-3698
-3617
1118
-6423
-9186
2928
3007
-6830
9444
7732
-40
3891
-5481
-7037
-8303
1406
4763
-7728
-1358
-6623
-7904
6293
-34
-9202
-3104
5894
3504
-431
16
-4211
5160
4774
3652
-4236
-315
-6683
-1567
-2896
1506
2910
5094
8863
9511
6766
-8204
-9003
8990
3801
-5017
-8273
8580
-2927
-7363
-8763
1590
-3314
9067
-6615
4514
-2706
5238
2010
8269
-1793
9192
-3948
9133
-5282
1306
-9537
-4267
-993
4985
-513
-3346
-4988
-5989
-4177
6169
1672
-5660
-6036
-2992
-7916
-3953
-8603
-1642
6484
9847
-2653
4647
-3004
-621
8228
1672
-3945
2700
-2023
2172
-5604
-7217
8935
-1624
953
1096
8958
4965
-232
-5612
-3687
8219
9204
-6593
-5953
1485
7463
-8176
-5596
-1177
-9619
2384
2218
4242
-4587
-5324
325
3419
1872
-8826
-6037
-9982
-8411
-5670
-257
44
3103
-2994
5361
7571
6607
9530
6765
-624
6496
-635
-5696
1273
-4320
105
-5500
5796
5196
-4484
3679
-2959
9567
-8062
-1331
1427
2702
-4671
-7215
4107
2249
2634
-6220
-8806
7593
3249
-7964
-458
-5880
919
-8557
-3650
2316
-3051
-8
-9373
3817
4699
8796
9758
-8722
3523
3209
5125
-4633
8862
8086
-697
3330
6484
9823
-4836
-3504
6987
-4081
9619
5527
-4788
-808
-9280
1180
-949
7635
-1174
4006
-974
312
-6662
6095
5555
-90
8978
8579
-3420
-6443
4175
-421
2411
-5799
8625
-3194
-2500
-101
3808
-7092
8784
-1872
-740
6625
6606
658
919
-4813
4588
4154
-8598
4924
-1337
-1978
-9016
1674
-153
-1810
8363
3099
-5035
-5686
1541
2925
7515
3456
3463
1351
-247
-7743
3089
3993
-7178
2202
3195
2768
-8709
-2522
-895
-5558
1420
-4735
-1978
4849
279
7696
-9945
3758
7985
8751
6885
-6753
9500
-2444
9016
1022
2987
-4357
-6563
4304
-2855
-8648
-2533
-6081
-7095
-7209
8225
9435
-4452
219
8732
7674
80
-5543
3148
-3746
9194
-7061
-6779
-9357
6686
2412
-3514
687
6113
8947
1533
7737
7113
-858
-2363
3882
-8839
-196
4148
7866
-170
7459
2994
-9931
567
1167
6604
-5001
8554
-2
1034
8351
5095
9595
-3162
4380
-248
-6607
-6815
2928
-6285
3084
4440
7594
-5867
-6532
-8540
-8921
-4461
7823
8812
-744
-1396
6755
7098
3421
1570
4662
5521
1620
2989
4367
-8096
-4443
5125
-5367
6872
9317
-551
9848
-6140
-588
2626
-7485
1697
-7737
7283
9287
-1425
-9815
4311
-4444
100
3546
4919
6804
-2139
8468
-9529
-4542
2706
5524
4811
5805
181
-4666
-5276
2917
-1200
-7674
2512
3115
1843
6271
8236
1001
-4852
-4510
7844
5609
5659
-128
2738
1794
6992
9754
7510
-6480
-8006
-3460
5688
3125
-1432
-4640
2757
9134
-4333
-8814
5847
5898
-628
6058
148
-3406
-9339
-5729
-3290
4737
-5534
-3582
6934
-3175
-4606
-7950
4914
-7406
-3175
-5123
-2705
4031
2879
-314
5850
-2511
2447
-9130
5408
8770
7010
4546
-3580
7281
-623
-7543
9159
-7660
-2384
-2729
6899
-1656
1998
6464
8231
-6927
8722
-2342
1397
7373
663
-8203
-165
5946
-294
3603
-7778
-3151
-8269
-8207
2999
-3071
2056
3790
-9283
4631
7669
-8514
-9373
-4635
-1825
-759
4554
-3681
663
6029
9417
-92
5093
3888
-9917
5354
2515
958
398
-7877
2868
3448
3318
1021
6125
-1415
-3595
9047
1844
9230
-1906
1099
-6617
-7711
4177
1382
5969
-523
9930
-4433
4343
-1773
26
-5639
7729
-3052
-2609
8645
6458
6051
4756
-4333
-1654
-954
1446
-1637
-2087
-606
-3023
-2640
-6612
9421
2584
2643
5518
-1428
5898
-925
8659
8597
-2351
676
2165
-7000
3280
8072
4748
9057
7227
-9657
6041
-9177
113
1946
-1905
6934
8052
-9240
-6747
8391
6776
-4013
-4245
-6561
1779
9802
-7706
1232
-8411
7470
1145
2596
-2322
9129
2128
5693
7793
5270
7660
-2336
8646
-3519
-2772
-7426
-6606
1860
5253
-8380
574
6132
398
237
5204
1124
7785
42
2181
-8364
7782
-875
3011
2525
5699
8023
5528
858
-3382
-3641
2173
2460
-7116
-9322
-5847
-9996
-2850
8042
8665
9982
-1788
-7338
1839
-1102
-5916
5457
-6009
2221
996
1162
-5452
5189
-6379
-736
7679
627
1519
8003
7045
-5555
-1293
-2973
-3991
-8784
8756
9994
2763
5664
-5239
-2109
6509
9563
-9042
3153
946
-6189
-6652
-5162
-3812
5232
6732
-4940
2031
5318
-5604
6704
7379
-526
224
4773
8576
-4160
-2988
6537
-312
-2017
5556
-9012
362
8086
3572
6782
5380
-5214
3782
-6595
-4696
-3636
-7639
3017
-6775
8873
7259
9719
428
-2009
-7968
5630
-2165
262
924
6870
2111
-8142
-8409
3995
1158
3215
6247
-7834
-2554
-5208
8651
6814
-9913
-5060
-292
-5164
-7781
3357
-2416
-4389
6828
-8396
2005
3177
5755
4100
-4784
4921
9177
7645
3909
7023
1501
1380
5132
1259
5689
-642
-8517
-4472
-702
9489
-1526
-2048
4587
5102
-8930
-9428
8241
3979
-9729
7256
4980
-2236
-4215
-2695
6036
16
-6893
1406
1941
-615
5458
545
-6187
-8428
2400
-5472
4652
7747
2904
-1035
6702
8130
5095
-2638
9295
-4937
5350
-6270
963
6265
458
3371
-282
-4733
1431
5890
7737
-5556
2858
-9892
-8969
6108
-7309
-4445
1835
-9876
-5774
-1259
5051
8876
2554
-5699
77
-7287
4699
3934
7068
8671
-9054
-7117
-2888
4606
2148
74
-8866
-14
7600
-9689
-4774
5250
-7908
6034
5597
275
6625
-2343
8138
-6417
8915
8451
2286
1806
7423
1366
627
-3210
4258
-6588
-6833
4617
3527
-9961
-8173
-7726
-1284
6365
1785
-7318
-4601
7107
714
2141
2716
-3044
-8939
-1007
5875
393
-1257
3902
-1366
5369
-5627
8951
-4858
1765
1984
1928
9567
5630
-4961
8232
3808
-7109
-2331
-8434
1439
-9886
4123
3285
-7037
4366
9620
4240
-6372
1967
9707
-3533
-648
323
5959
9606
9457
-9653
-6169
-4127
-8108
-218
-3643
9302
-3798
6721
-813
-2165
8270
1925
5710
-3239
2507
4183
-9870
-6697
-8997
-3072
-3925
-1128
6409
-5237
2650
8404
-2470
4957
6737
2135
-836
5599
-9409
4952
-9354
-235
5718
8780
-6318
-3659
7406
146
5423
-5847
-3775
-9131
-7523
-9414
2199
1096
5639
-9927
-5645
-1583
9036
-3720
-9236
2718
-6678
-6899
-4499
9298
407
-7941
-2671
-2463
-3102
9900
8409
-2515
-1441
-8391
9091
-9952
-6346
1174
2733
-9442
-3062
-8505
-9933
3388
5015
-183
-5001
-1977
2128
-1519
-8875
7387
-5628
1982
1403
1221
9456
-6226
8886
-8447
712
-471
7193
4455
-2236
8528
8622
3528
-6369
5642
-7178
9859
-8173
-4517
2315
2189
4539
9499
-1004
1939
6959
-5553
5699
901
4381
-3221
2534
9948
2329
-186
-3049
-9729
-6020
1041
7966
-9550
-4113
-7462
-2509
3973
5914
-9508
3389
-4631
8132
9097
-2158
-8541
-2664
-3110
-3034
6469
-9289
7543
9677
1090
9701
2698
-7873
-4340
8951
2881
-8643
-4285
8475
6435
2617
8099
-5439
9430
-305
9753
6124
-9611
8556
-222
-1818
-4336
-4741
-745
6622
5903
754
8057
-7583
-7885
-5126
7819
-5267
7788
8806
-2775
-1881
6931
6134
-3797
9449
7422
-3554
-1782
9962
-7367
-971
4167
-8478
-2818
3561
5113
-2610
-8263
-7465
4336
6310
4194
6346
2396
-2806
2364
875
-5208
-2843
484
-4717
4806
4796
-1698
-4942
1493
1014
4565
2433
5949
-2991
-7757
5434
-3606
4670
767
8739
-5744
3219
-9698
7753
-540
264
-297
5432
-2292
3286
7477
1272
-822
5708
2875
478
-4683
-1275
-7238
-5199
329
8244
541
-1014
-7509
6954
8730
7567
451
6493
9547
2713
-540
-4737
120
7802
5552
5555
-4234
-2090
9219
-7962
9
9880
1824
6663
4937
167
-1612
-8097
1779
-1301
-4014
-2994
-9927
-9007
-1570
560
-9032
272
-4375
816
8418
-5674
-8383
-1316
7223
-7746
4299
4416
-906
2313
-7256
6830
3943
7799
-4320
4960
-4535
-1640
3576
-8271
-6587
4947
-3898
-706
2279
2310
-2309
9147
3012
-3151
1221
-3096
4016
5075
8533
2460
-6127
-5328
-8767
-928
-8649
-1404
9869
-3073
-7926
-7395
8944
5926
1456
7237
-4463
-1064
-6627
-4832
7665
-6933
2337
9717
-7706
7095
3492
-6741
-5218
6969
6532
6857
-1382
3946
7860
-3074
7751
7020
-4285
955
-1720
6853
-428
-4806
-9471
-3323
4579
7577
6408
5834
-499
701
1119
5585
3429
4041
6085
-448
-8499
2899
678
5347
3341
-2098
3605
4322
9678
3444
3998
-9679
-4267
-8979
3149
-4343
7578
-1440
-9858
7240
7576
-1011
1671
2131
3287
260
-431
1786
-9767
-4204
-532
-5545
6393
6290
6822
3815
9225
-5638
7860
566
1142
1654
-5679
-1204
9197
-3403
7075
9529
-9248
-159
-8604
-619
-394
-8768
4671
9398
6178
-6796
8863
7540
-8095
-1749
1390
-7037
2430
-3349
-1462
6119
-6060
-2662
-5527
-4725
-1602
-7826
-9688
1062
9024
-8420
7259
-8382
2691
-8842
-4790
-4629
-2463
-4442
-2150
9861
5276
-9531
3817
-1314
-6015
3510
-7323
-7256
9439
-6606
-361
4083
6545
5405
6491
3412
-4452
-19
7560
6153
-8625
8219
4454
-2358
-7115
-2507
-8192
8748
5906
1105
-4307
-3214
8675
-8986
4727
-548
-485
-848
5896
-4166
1040
8304
-9031
-5795
901
1304
8073
-2507
6421
-1891
-3764
-47
-2863
-2701
6320
-6728
-4163
2493
1867
-7340
9767
-9620
9636
-4415
-4235
-4834
-961
-4787
-8340
-3317
3419
-8550
521
8451
5803
4157
-3264
7307
-6206
3756
447
-4938
1388
3479
-445
-7900
8621
-4593
5817
8314
-8455
-2075
-6317
-4136
9014
5356
571
-6467
2154
-1660
8599
-4267
-2798
4092
6504
2140
-5312
2816
2937
4945
2633
-3128
8952
-9327
-5347
7237
-9013
-2364
-516
-6404
-8504
-9642
1732
896
8641
9035
4915
-1807
-3726
-2870
7457
-6086
-5949
3244
3345
9828
-3389
8291
6770
1590
4323
-5015
-9832
-7208
-6445
-9029
-7664
5240
-2185
-9865
9878
8432
4426
530
-2717
-6609
-2854
-891
540
2206
-1887
-2198
-8292
-4171
4591
4312
-3490
-6063
-8636
-5104
3850
1378
-6312
-863
-7951
-1937
-5746
4744
7914
2183
3939
4375
-6959
6755
859
-4324
1663
-8633
4155
-5486
-1566
3306
6967
-2464
7731
-6410
5590
-3076
5446
-6491
-6013
4217
-3322
-4835
-1763
9018
-906
-5857
5017
1478
4290
2878
2780
-3950
8712
-1172
7341
2607
-6339
-8705
3500
-6551
6150
-9680
946
5531
-8862
3155
-5767
7872
5852
2093
-4253
-2757
-8531
5072
-2147
5547
-2064
3004
-409
-7663
-7131
7081
3577
824
1547
-7807
-9486
8531
-4394
-1002
4321
4089
-1397
2155
3381
8328
6430
2686
8903
8211
-2677
-683
-943
-1644
-643
-3687
4822
-1760
-8500
-2522
-8836
3197
8909
3861
-3643
-1044
8991
4196
4738
337
57
8436
9403
1770
4887
-540
4639
-9422
9354
-3055
3097
2977
-3677
-7546
2065
-7134
-7353
-4865
-2704
-5289
3170
8495
-9800
546
-905
-7476
-2045
1037
-7020
7794
6546
-2986
9944
2459
1245
165
-3872
-7172
3053
-1913
8780
8791
1168
-5863
-8075
-4025
-4016
-8514
-1970
-4115
719
7004
279
1916
4361
-5116
7865
-1926
-9249
716
7814
7168
1597
7883
-6679
-6035
3591
-7204
-8851
-904
6364
3860
-8729
-7298
8490
-6031
-8713
1326
-3471
-4053
-9165
588
8586
-1192
-9644
-1430
-7944
-5021
3035
9967
6899
-1907
3265
-2263
3796
961
-5491
7002
-8352
5982
3109
-5275
9882
-3517
-6004
9810
-4071
-9812
-8560
4574
844
5020
6799
393
4496
-1653
2763
-6824
-3406
-3747
6576
6318
1532
-4278
-723
5478
3336
9911
-591
-1777
2154
-240
9697
-498
1980
54
8288
2896
-6131
-512
7440
-2392
5330
1621
6938
1685
-1841
-4232
-2801
-975
-8413
-9329
7214
3865
-2020
2506
-2652
3491
-6400
8364
895
-4069
7706
5779
-9694
804
-8322
5585
-2964
-5135
2648
3520
7476
4989
-4139
3724
4242
9033
-6395
-5767
692
-3363
7158
613
8771
3055
7220
7312
-5130
-2669
9787
3078
-567
6866
5002
-8779
2798
-8733
9693
8812
9605
6909
-361
6844
6838
-8471
-1783
7219
-392
7430
-5807
3505
4574
-9023
-9761
5995
7023
-4525
2915
-284
5529
-4086
-2645
-1969
7898
-3539
6484
7706
-2453
5564
9105
6643
-9677
2242
4018
-8211
9020
-7483
-7473
-4914
7354
-4461
5442
-4093
8345
-509
5604
7146
-5992
2090
-8888
415
-8755
456
6339
-205
-9073
2557
-413
-6543
9858
4907
8728
-5697
-9601
1192
-2570
-4225
2904
15
-3860
-6445
9134
4759
-9387
8880
-3979
-2646
-9614
6162
-6718
38
-5507
-3855
1032
-8300
-3864
2775
-6020
-506
-9835
-5069
4813
2098
8475
3677
5592
4337
-5042
9537
-6207
-4593
4544
-1177
9569
8164
-9050
-5296
-2307
6295
-5132
-4630
5116
9706
2007
-533
-5378
6572
-5214
-4357
1671
896
-7544
2413
-6611
-8271
-1007
8643
-9821
-8663
2753
7641
-2680
-4329
7776
581
9581
4026
-8572
-6562
-3797
-2682
-4271
7018
-1691
-6591
-1832
7984
6881
-9617
-6627
3570
-3709
-7729
7126
-2684
2455
3736
6238
4219
8516
5210
3584
-987
7797
-7201
-7173
1227
429
5854
-6767
-5527
-126
-1858
-4133
-9462
-6924
2027
-5223
8860
-8206
-1546
768
-3274
-6053
-6015
9010
-2442
2536
7963
6060
8387
-3484
9408
3902
-4281
-4501
1378
8262
3234
1337
-226
-183
-572
-76
86
2932
8113
-2435
-89
-2374
-4561
1204
-6058
-4810
3940
3682
-4107
-6836
8971
-8124
-3761
-707
-1436
7784
9373
6702
7059
-1678
-3266
5267
-8369
3561
-6199
-446
-1470
-7717
3921
-9344
6049
-5323
-3419
-9958
-2492
-710
1331
8456
-2566
-503
-7245
4197
-7862
-8956
1780
5296
-2351
-6196
6978
-8975
9070
-4746
-5169
-2813
-4408
-1185
6431
-7942
8251
7200
6272
-1700
9275
9189
43
4738
-7594
1067
2767
-7150
9383
8392
5833
-6795
780
6272
-3018
-5789
7484
4778
9719
-3165
-5337
4348
2133
-5801
-9891
-219
-4339
-6427
-6885
-6416
3688
-368
-2291
-5273
3117
1413
2627
-4319
4612
4716
5649
-412
8011
7365
3528
-7992
9519
-1529
9672
-7582
7055
-905
4411
7512
-8397
-8711
-8288
5273
-4920
-293
2968
-6955
-2329
5303
-313
9005
-7803
7006
1814
4935
8771
-8434
5123
-9187
-6330
3430
-4829
-3549
-6728
2910
8270
8370
8317
-1003
3452
5206
8886
-6727
2103
7498
5361
8753
8253
-9291
-8978
-1039
-8664
-5956
-7120
-9692
9210
-2731
-620
7722
-522
-1041
8738
2255
-9936
-3608
-2625
5455
-1870
9528
-1726
9285
-5906
-4155
2798
-1062
6749
-1284
-8025
-3943
-7205
9592
8900
2147
-6846
5909
1278
65
-6717
300
-4328
-3006
9462
-620
-602
-7295
7720
-9095
2093
-4988
-2138
7691
-1591
-8470
813
-346
8493
5364
-8379
6698
-7109
3596
-6584
-4834
7570
6422
9957
-5446
1553
7817
-2616
8477
7702
9330
-9104
-5389
5153
-7966
-31
2500
-8612
153
4253
6333
-650
3259
6257
6506
-5257
-4520
8849
1443
2749
7657
-43
-4809
-1329
1594
4974
8759
5873
4385
7765
-2888
3701
-1842
9864
1827
-7246
-8158
-2691
-4889
-4908
1601
-3067
3256
-305
-4272
-4668
5316
-7979
-110
1251
1285
-6725
-5607
7714
-9169
-7533
-9924
-4256
677
6384
8986
-7309
4949
534
-2652
-9215
8535
597
7896
9304
-6811
8195
-4378
211
6801
9283
3369
-1478
9658
6867
2498
5396
-2829
-2635
-6249
-2555
-125
9474
6478
-326
9418
-8693
5618
-9747
-2471
5222
-3627
-5159
-5639
8530
-549
-241
-2643
2568
4189
5294
-7030
2644
3335
-8657
1996
5998
279
7666
55
2047
5861
5481
582
-1109
-4708
2137
-855
9143
8185
-1770
-5987
5359
1948
-3281
2136
5648
4943
8065
-1296
-6685
-8218
2267
-7560
6883
-3588
8883
-9584
-2422
689
9252
-3768
-6731
1956
3562
-8942
5521
-5525
-363
9465
-2901
-4937
2322
1939
1872
9148
-9570
5860
6903
5697
-9812
-1261
888
3877
-2486
219
2238
3454
261
2693
-4292
1115
-4463
-7878
1299
-9527
-3045
7614
1236
1853
-5918
-6427
6308
-4906
-9108
7326
-2447
-1403
-8060
-4
4861
-9718
5049
-676
6869
9421
-840
5536
6225
-136
3682
6610
4273
-4164
-5724
7550
-1663
8865
-8061
2707
-3651
-1557
-8130
7457
-6003
-1850
2175
-5568
-1824
8585
7304
7632
-9258
3966
-4153
-4862
2642
-9182
4600
-9270
7486
-2431
-2948
5749
-7503
7411
5826
7839
2813
289
-2242
-8884
7182
-591
-6382
6633
-2862
-7414
7439
-9398
2666
1677
-3012
9515
-1896
-9086
2324
4948
5873
7549
8245
8728
-169
-7844
437
7459
-9693
-4429
7278
1644
7619
7084
7371
-3653
-220
4570
1337
-2606
-7786
9717
-3375
6522
7376
-4087
-1192
-2017
-6424
8408
3905
-3830
3726
-2791
-7895
-8241
695
3773
8952
6207
8877
-5810
6723
9279
4647
-3568
-8801
5212
880
-336
-5181
744
8374
-457
-8497
-7842
3903
-7722
5780
6506
8390
9195
-7434
1194
-5789
-8264
-8879
4281
-4270
-623
-4977
-1648
2500
-7154
6108
6000
2180
-5969
6993
-8323
-6737
-764
-761
7658
-9774
-8550
7443
7474
-6750
-8800
-5922
2396
9781
-2728
727
6923
1461
1648
4918
-4088
8761
-1476
-3270
7781
-9887
4226
5374
-1595
7347
-3925
-4122
7548
4572
4513
2042
869
-2689
4901
8854
1033
-3206
-4033
-7533
4410
3506
-5536
-4914
3456
539
5811
1706
-5676
8752
-4141
-5810
1427
295
6368
-3710
3077
-8492
-5413
-3177
-9143
-1455
1881
9873
3432
2286
-4639
-3716
-106
425
-3148
5062
9090
-2788
-8568
-9165
-8217
-2276
302
5423
4233
-383
7329
1478
5584
-3784
-3499
-9395
-2551
-6345
-9777
3259
7679
-7349
-2790
-646
2476
-4821
8355
5285
-5626
-3554
-6644
-7082
-4672
-5667
-9342
-7306
-6719
-3807
9000
3875
679
8204
-7828
9471
7197
-903
-4297
-649
6109
-3420
-1400
2453
2705
-7572
-7340
5274
1169
-5718
-6247
3294
5964
5946
4341
8131
7669
2012
-2290
9282
4369
-7752
9946
-1660
188
-5293
-2431
-5049
6907
-9206
-3613
-6647
746
-4091
-8289
9794
-5813
-6252
-5806
7329
3313
-5601
9490
-7243
-325
-6682
-4705
3130
-6356
9749
-9988
-3824
-7364
3191
6753
-9964
7265
-2159
9754
1373
-8202
2963
-5264
596
-4967
7015
8812
-8930
7997
8485
-8744
-2696
887
9110
4882
6607
-8040
-1249
2879
-9187
319
4242
1898
-838
2123
-9997
-1174
9889
1019
-4226
-4265
-1847
9690
1951
1145
5808
4584
9753
7703
3952
7769
-3083
-9771
-5433
9309
9309
4244
-4508
459
-32
-3834
-3180
-4471
-3609
3268
788
623
5992
6988
689
9779
-2239
-3951
7210
1751
-6189
7675
6810
-1779
-5924
-6056
-957
7762
-6288
6104
-3784
-5091
-1134
-5595
-2283
3733
3190
-7740
3001
-8831
-7562
1983
2875
-4417
-3083
1352
6814
1140
-3048
-8315
-2862
714
-9436
7719
-6936
9772
780
-2179
-4772
-4832
-1634
4358
-7641
-3232
-9984
-5500
5980
-3482
3839
9249
-5546
5012
9370
3014
9079
7692
1104
-8480
-2001
4427
-6772
6116
6949
-85
5742
-8570
-123
-6964
3577
-6524
-7503
9525
338
6586
-8755
4752
-1040
-4632
1211
-8966
-6876
9269
-4296
1126
-6098
8427
7946
-9926
9053
-6719
2524
5524
-30
4803
-3484
2967
7734
-8648
3479
-9917
-4644
-3593
-5773
-4239
-9558
-6403
5658
4709
-2861
3875
-4836
7871
3753
-2615
-1691
3298
-5273
8162
-687
-1667
-2926
6986
2220
4963
-1669
6929
6956
6068
384
-2280
7689
1885
382
-2214
4922
-2696
5572
5683
-4870
-2536
-8414
-4495
1324
-262
-4382
-7811
-5092
5788
-5917
1049
-7672
6547
7156
-824
-9236
3243
4672
-286
-9839
-4936
228
8284
-8160
-9453
5460
-9571
5603
3279
7757
7116
-1844
-7639
5595
-2162
8584
1014
1131
-200
-6350
-5733
2315
-9385
-6540
-8679
607
-7578
-2531
2236
6289
9922
-574
-8372
-5025
5139
-8695
1369
-5057
6584
-4291
8106
9489
-1465
9601
4178
-6315
1526
-1115
-7846
6176
-5090
734
-6274
1317
-2941
6222
-4870
-5373
2367
-1332
-6920
366
-6616
5322
9715
22
9760
7898
-18
9858
-1772
-2358
-3610
1534
-4316
-6295
1548
5033
-8953
-6921
2638
4042
-572
5993
-6523
-5692
2785
-5527
7521
7030
-9214
5379
-1856
7938
-6549
7259
-2150
5653
-8152
7837
5959
-566
-8530
1261
-1541
1803
-5064
2148
-7154
-1095
-856
-4900
-9235
9452
-1777
2006
733
2343
-8368
6035
-8233
6603
6949
1964
-6804
-3425
4841
-3157
8401
-9604
-6622
7844
-6676
-1846
6213
-1191
-6424
-4215
5601
2372
8109
4732
6373
1073
6852
9294
-7649
-1321
3707
-118
1057
1296
4755
-1461
8285
6569
-988
-3541
2402
1706
-9492
-6035
1396
-7824
7610
-3712
-6952
8549
-7496
-1730
8550
-6074
6489
-1458
-7728
-552
-7804
121
-2007
-40
-9346
5077
-2882
-5090
5263
-5358
6740
5604
8888
8642
6558
-8333
1819
-7179
6234
-7624
4080
-6343
4446
985
9256
-4085
1704
9010
-6501
7754
-1740
-682
1247
-1240
3372
6599
-3190
4557
-3829
-258
7516
2823
8610
1686
257
-7131
6444
1324
8702
2246
-9350
2288
5351
2994
-3089
3018
-7138
-6715
-7134
-8145
-6708
-3306
-8005
2769
-4848
5886
8061
4379
617
1635
-7991
-3310
-6220
-594
9533
3889
5791
-4755
-7945
-1177
5205
8931
-1549
-9028
-7100
-6225
351
-9591
-8732
-1128
9027
-9739
-1630
1263
-4978
2995
3343
2784
3874
-7004
7298
8315
3467
-8221
2000
5650
-3901
1665
-1191
-1367
-6891
-8243
-4998
4057
5733
-1086
7798
-9072
6060
2616
2119
-9291
-203
2454
5262
-5057
-9466
-4954
-679
2140
9754
6710
-2001
8885
2859
-4053
-986
-4901
-6100
1703
-130
-3873
-8982
-4204
5142
4135
6636
212
-4829
9393
7130
4540
-8393
5128
5195
-6620
-8443
-2083
7645
5777
5110
-3639
9906
3816
5641
-9385
5193
3679
-7272
-3520
1654
1595
-8421
-6234
1329
960
8151
-7406
-9411
7041
5057
-7494
6244
-7420
-1975
-2698
-8915
1938
2136
9540
7537
72
1597
1078
7898
-6143
8185
4239
5124
-5251
-5746
-1723
1373
8146
-1537
-6574
-5412
-8051
-4129
-9037
-1437
3323
-8275
-3546
-1809
-1973
1518
5541
388
-3378
-8902
2933
-62
3773
-8481
8006
-4595
-6090
6053
4268
4468
-490
-9704
-9752
7814
-8557
1749
5764
-7509
-5140
1878
-4794
3096
9959
6379
2830
5938
9649
2469
-5011
-6755
4818
-265
-1679
2874
788
-9985
7843
-7215
5240
2927
2174
-4133
-9051
-8193
5924
2298
-7640
5507
3745
-1963
-1556
5787
-4455
341
-8088
-22
-407
9681
5756
7897
3052
9086
-7617
-6576
-6387
2461
-7871
5944
-4637
-5193
430
-6270
-9050
-3800
5142
3577
3812
2778
-3442
-8927
-2470
8828
7113
1049
9237
7368
-6996
-9745
-3886
4572
2091
-3994
-5435
-6268
6027
-2138
9103
8247
-8826
-4300
-8828
973
1587
6664
8919
-2212
-764
-3268
-423
3957
2964
8948
-2454
-9406
4065
6099
-6522
-8890
8910
6453
-3782
-2768
8234
4800
7299
-7471
8115
-4718
-7906
-6656
-2579
9256
8175
8099
7492
-9489
-4159
178
3165
-4914
-4418
3427
4783
-1656
-2166
-7883
1294
3229
-3090
8488
-6354
-1008
812
-907
6019
704
-7155
-1414
-259
-1294
-2804
-6365
9129
3967
3714
7465
7127
9433
-2528
-1504
8861
8843
-6810
9737
-5900
-3380
9486
-8681
-5721
2031
-1577
-6250
1864
7311
7842
-6337
-6371
5436
4554
1339
168
366
6297
-1685
268
6280
-8022
-4225
1969
5765
-2816
8599
948
-5451
-6413
687
-7926
-1850
-2404
-7318
-4926
-1293
-6228
1336
1018
6203
-3010
-280
9748
3867
-3335
-6443
-126
9296
-2979
7419
535
-3709
-7752
-936
9799
5969
-2655
-2331
-6816
5845
9319
-9916
4970
-7372
83
8978
4192
-5175
-7460
3381
-8221
6477
3766
-9315
-4590
2327
-7292
-695
1818
810
8749
7097
-995
1466
-7970
5907
-4001
-9700
9368
-8818
-7689
4476
-3157
-5257
2859
-1202
6520
2616
-3506
2257
3306
472
3971
-4963
5399
6032
-6254
-2502
-7852
-6543
1894
-1148
3056
7201
-1755
9441
5891
1299
1128
-1118
2490
-8102
-3902
3399
-936
8408
2329
-1091
-4615
-149
-7860
4769
-8220
-7463
-2126
8869
-7844
9432
8530
-4673
-7152
9146
-713
-4488
9802
4533
2685
542
3579
7652
1418
-7532
-8081
6014
-9160
-8100
-2911
-5367
4494
-6783
1077
673
4870
161
-7291
-5305
-5529
3686
7276
-6353
-8576
-3525
7610
-8816
6702
2465
-6425
1504
-1034
-8716
729
-1628
6251
-3320
-4500
4677
5223
-3788
7392
-8770
7273
9444
2313
-1788
-7567
-9649
-6079
8207
-8714
4365
-9936
4544
-8231
-5876
4405
-1046
-5739
6489
-2547
6514
-214
7006
6757
8324
9709
3158
7070
-7763
1193
2807
8941
104
9980
-9837
7392
-9860
8345
2946
-7022
2857
-8222
-2449
-8562
9556
4298
-9736
6347
3918
-5947
-2437
5000
1342
-7584
-1220
2682
2514
8450
-746
-1239
-2215
-2001
955
-1891
-9025
-9516
2099
7905
9318
3976
2214
6529
4640
-9232
6344
8656
2477
-4076
7269
8689
-2317
513
-3891
8826
5929
6150
-7302
-9452
4224
-4204
-1023
6781
-3171
-5877
6351
5439
-3438
-7400
6349
-4361
-9426
-138
-3704
2578
-4386
-3255
6613
-5911
3613
6835
4589
-2885
-4216
-6077
3719
-7080
602
-5877
2829
-9965
9598
-5774
2605
-651
9836
6446
1718
1230
3289
-7805
4546
8802
7458
-8089
-2904
-4163
702
-6523
-3112
-6551
-1078
-2988
7394
-2359
1811
3236
-4509
-7201
3348
-5590
3329
-9711
-9558
322
-8052
3641
472
3487
-7981
9459
1727
870
-2463
6950
9386
-7613
-8135
-9631
9700
7017
-1266
3917
-9114
6579
6449
-1240
4709
5363
1944
2975
2263
-1418
-251
-4373
6115
9685
-6969
-8738
2110
-1496
6655
9540
-7059
-7322
-1774
-2323
-1793
-3283
3993
-8521
-6641
-3108
1555
6739
7434
4911
-4382
-8409
212
4163
-2977
9512
811
7139
-8739
-7828
6819
-2508
4091
-6763
2481
-4013
3348
101
-103
524
4128
9007
-8336
-4742
-9781
-1519
9635
1012
-2003
-7663
-9999
2069
8730
-4022
-6285
-3866
3317
-7116
5225
-9269
-4199
-3718
-9151
7615
2006
-4656
-1181
-6879
-7379
-203
-802
3966
-2232
2340
-4364
4061
545
-1606
-5531
-7742
9634
4783
-9216
8503
1321
-9170
-7068
8316
-3981
-6940
2258
-6448
-5451
1561
-810
2846
-4004
461
9656
2829
-5048
-9594
6461
-4215
4216
4494
1531
4423
1213
-6374
-9518
1824
1262
8933
-7940
-7220
2626
5866
-2579
2123
7656
3349
-730
1952
-9662
7741
-5327
7802
8155
4521
-610
-6500
-3713
389
-7630
230
6603
9573
1465
-177
-3735
-8719
1410
-1700
-9167
-376
-6600
8325
-9307
3559
4080
7262
-1392
-5771
3462
5402
-7086
-1510
3980
9218
-3313
-4324
1058
8942
6233
8671
5408
-286
2655
6167
9666
8942
1120
6980
-3600
-440
-5300
-4543
441
-7988
-1952
-4270
-7658
-1005
-1345
-4233
-5904
7438
-1209
3407
2984
1101
1098
-450
3106
-4092
4664
-8362
4459
9094
6200
6625
-7877
2068
-3664
1654
804
4390
-4361
-8769
-2847
-9051
-4482
940
7875
2153
-6980
6134
-2428
3791
4447
-8237
-3421
-2698
-5338
-73
-1122
3415
-6491
-8119
-3223
2432
-6004
-5283
-2977
-6449
2558
-4776
-3062
-8506
6844
7138
5987
1915
-2286
-8929
1688
-5683
938
-8902
-3545
1153
2784
7277
-748
-9430
-878
1036
-9440
-5899
6722
3757
-4117
-2583
1478
3087
-3825
7006
-6919
-7119
-4328
8746
-2506
8034
6016
-2944
-4462
109
-5014
3953
-1070
7008
1335
-9062
6143
-1694
-7560
1608
7708
-4446
-9824
-6644
-1389
3015
-5876
-4039
5613
9777
5324
9649
5889
-5747
1236
-5726
6594
-4995
-9104
6178
6153
1590
-6696
6533
1258
-6444
4419
6321
4640
2275
1045
1050
-7029
3909
698
-2511
-8185
-2528
-5192
-3380
3966
1000
6333
4166
-8992
5816
-830
576
-109
-1809
-3092
-8777
-9147
-8129
3851
-386
5916
6746
-7346
6845
-9737
-1831
-4611
-2926
-813
7000
-6782
-2568
-3747
862
-9584
8328
-9500
-4863
7449
3722
-2751
1003
1634
-5197
-5274
7380
1981
-2144
-642
4212
2525
-7042
-9468
-5294
9727
1440
6636
-4782
8112
-2286
-3411
8784
117
-9741
-7717
4960
-6949
-2663
-9128
5866
-7144
2378
-1809
3585
-3578
-6544
413
2803
268
-6214
3616
2259
219
1530
7354
-2295
5655
-4236
-7152
9868
1964
2995
-5800
-7197
7678
3595
1975
-3632
-1732
-7488
2521
-4920
-978
9231
-770
-7480
-4977
-2694
-7592
-7895
1838
5087
-1925
-9669
-301
-6259
-337
1814
4972
3561
5953
5076
6624
6293
8775
1025
3396
-2641
8480
1231
-370
871
3191
8244
6929
129
1704
-2002
3548
8621
4797
3140
6953
-1721
-1026
86
7797
-2850
2362
2841
-3422
-1989
9392
-3279
-9649
5361
396
7847
-1344
6440
5969
-5676
-7147
-7879
5796
5773
-502
3104
2691
1713
1953
4770
8846
8759
-5899
-4199
-3619
9697
1884
-1809
-9614
6225
8671
6080
2009
972
1966
-8402
-2101
-4508
-3354
-3486
888
-6482
5313
9193
7609
8801
-3818
-5255
-8092
3461
-4395
-764
2467
-1421
-8039
9834
-6955
-5760
9267
-6581
-8024
3292
-3999
3104
4318
-4795
2489
-8448
2555
-3990
8230
-8345
-8242
1771
5497
-1700
2651
-3685
-2129
-4903
9985
-4324
-5259
-198
-9501
-7850
-9377
-8071
-8193
8378
-8684
6515
4677
-9775
6554
6665
1609
-7425
-7251
9140
-2013
-9880
-9504
-3253
-1223
9133
-5943
1634
-4910
-3940
4955
-7258
-6362
323
960
-3370
6396
-7591
5097
6555
-3702
7283
761
6116
2758
3946
4188
-1845
-6321
-6433
-2175
-9141
-4845
9972
3322
-6647
-1569
-5076
5962
-1370
3303
501
-9928
-4911
-1576
-3036
-6810
2073
-5126
-3157
5850
-1527
4544
5840
-158
-663
-3831
5665
-5400
-9966
-4452
-247
-5714
6541
9603
-6833
589
-1253
-5385
206
-5672
-7605
8896
-1274
424
4530
9580
-1666
-4937
-8971
-1765
7726
-8137
9915
5632
6937
7209
-4518
-9171
8885
-7113
-5526
-2373
-7381
-5679
5409
-7471
-254
1171
-8679
7560
-9593
683
-9589
-3009
-2483
6529
5633
-8246
-8078
2802
4806
630
9278
2958
-8850
9735
-1066
2830
5355
-2095
-8802
-8892
-2813
-2660
-6722
-2631
-4306
3430
-5007
-2352
1975
8245
-1091
7920
4032
8583
-432
7175
-8165
9993
2033
-1900
-7528
9814
386
4161
9695
-6618
-8409
-1767
-1285
340
-2047
-6344
6657
6780
5489
2649
-120
8903
3634
-9357
2649
5741
525
-8947
2555
1644
-9127
-147
4637
5077
-6553
-9546
6575
6514
6020
5974
-8522
7609
5335
-4888
-4207
103
-5254
-7807
6764
2288
-2039
7573
-5768
7315
-5428
-7689
-2869
2196
-1203
-1698
-9208
-8005
1752
-1209
9838
-8849
9621
4967
-1089
4069
-1665
3095
-7774
-7758
-4377
658
-6897
5032
4725
2832
5838
7049
9685
9913
-4804
-9829
-6672
-7946
-4498
-8848
-5390
8688
-1301
1302
-9098
-2876
-3082
1471
-9470
-5
-9410
-6815
-5779
-535
7952
-1921
-1309
-9205
-4845
6169
-2136
-5584
6299
3252
-1853
-1972
9590
5737
-7399
6520
2337
4883
-8861
-5046
7661
7346
-4987
-9778
239
-8079
1362
8050
3587
-3300
5310
-1634
8609
6245
8174
559
-2136
8860
3269
6036
405
6059
-2033
4496
6808
558
4522
-9691
2999
7491
-8820
37
5207
-5259
1556
4352
6515
-3534
-1765
-2745
4149
-4660
1170
365
-7384
-3933
7538
-7539
1290
-3592
-6734
-2523
27
-1140
-9284
6800
-4421
-1966
7647
-3462
5457
-71
-2122
-5949
-5241
1493
-4260
6567
4890
-6320
-604
8051
-809
-7524
-3103
3010
7967
-2210
-3728
-471
4550
190
-8627
-7280
4238
-9525
-2145
-8085
8180
-5730
-2154
-1540
-9517
7790
1363
6579
7576
-4818
-7087
1705
-5163
-8543
-323
-8856
7333
-9135
159
-7424
-5062
-636
3945
-9381
-9492
5658
668
1683
-9532
4253
14
1462
5094
-6305
-5082
-2118
-6659
5980
-2045
-9602
1478
-3480
7237
3714
2873
80
7175
-7951
-8612
8701
3979
9328
-1978
-5377
6178
8873
3581
918
4996
-5450
2584
-9896
-8594
-5383
1632
-4639
-6741
2752
3635
2361
2956
1602
-6534
8021
5788
-5075
-7022
-9694
-2201
-8851
-5499
-1692
3620
-8114
-4305
6974
-6060
5679
433
153
-3238
9741
359
-484
-5727
4284
-7554
2949
-1677
6814
-2814
807
-3952
-5326
-529
-9076
-4097
-538
1286
5199
-1200
7670
-8543
-7879
-7689
9148
-4533
530
-3810
5860
3757
6710
1033
5479
1629
-7508
-3174
3031
3474
-4137
41
713
1693
8161
-3228
1644
6372
-2320
8349
-4729
6226
9929
7568
-3708
614
-2905
-9079
-5154
-6631
7655
8643
1122
8748
7447
-5750
-528
8669
-8033
8476
-9268
-2621
-4949
-3064
6377
-6824
5705
-7136
5788
-7248
5890
-842
-9884
8875
-4967
-3743
-1840
-2825
-4850
-6435
8769
1873
4081
8066
-1660
-3825
-1406
4596
5920
7032
8824
4734
-9706
2025
-8533
-8017
7940
-7276
-9739
-9070
2767
-5315
2455
8917
-8906
1926
-4404
8395
3059
-3540
3056
1023
1227
-1158
-9667
-3947
1023
-8985
-8253
-2541
-8866
955
-9231
6454
3997
-6619
-7152
8335
6610
-2624
6481
7213
5772
5289
-394
7435
8727
7592
-1507
-7596
9013
48
-5099
-2725
7314
2245
4411
-1501
-8482
-2391
7938
4780
9423
-3832
-5745
-6076
-7195
-6791
480
-1424
5747
-6570
-2169
-673
-4806
-1566
3196
64
1450
-5554
-6361
1604
861
-873
4812
-1615
-8389
2997
-174
-8104
294
-2052
9086
1498
9180
812
-5337
-1034
9486
5675
-8670
7572
7710
590
4694
-4689
8114
2261
9551
-4048
9081
468
8756
4744
4789
3699
8573
-5997
-6011
8256
-6865
-6785
3563
8938
9048
-2717
9392
3090
-9824
2748
9854
-8012
3935
-3915
9386
-5663
7056
9162
7316
3701
-8626
9844
-8871
-8011
-8063
-3315
1607
6416
-5508
-3967
-8364
-5258
2744
-8142
8448
-5302
2711
-1549
2562
9177
-5045
-6791
5270
-6603
-5867
5670
58
-2673
-3183
-664
4339
-3783
-8305
1589
1193
-145
-5407
1209
-1078
-6472
5850
-927
-7693
7092
-9088
-8644
3095
-2325
-4909
1710
3433
-8753
-4203
5735
4846
-9837
5094
1424
5887
36
8642
2991
-4613
-2823
-149
531
-6075
5016
111
-1078
-6511
7173
6622
6058
-2599
-3245
-2368
-4540
6339
7291
-7934
-2928
-8361
-5522
8279
3552
6767
-6351
9402
4994
5366
-5113
3555
-6627
-5924
9070
-1645
-4777
-721
-8942
-6468
-2979
8965
-8677
-9167
8638
-9736
300
-1342
-5838
-1926
-6121
-7126
4475
4523
1365
6705
-2112
-5382
4576
5765
6378
-8963
9350
8725
-8497
-2675
3283
-1196
-2018
-3306
-356
2178
-638
-2926
9774
-7640
-9372
1347
-4249
7163
4632
4251
9782
2515
-8542
-114
-3458
-5674
7396
-8744
-7774
8878
2632
-7419
-237
-2082
-9363
2193
-9049
-517
6808
7950
-6747
-4792
-978
-3556
-7256
-8785
-261
-1610
1683
-5067
8114
3560
-3185
2423
3977
-4467
-6644
-2430
4499
-3990
8547
4563
-4481
-616
-3576
2861
-8870
-1417
-5278
5288
-8193
58
-6008
7497
-7979
-5276
-8627
-4712
6898
4978
-2012
6973
9715
278
5920
9458
-111
8445
691
6534
6452
2900
-6980
8554
2390
37
8223
7658
330
-244
-1207
-1522
-1126
3532
6705
-3447
8617
-6113
-5755
7758
4127
2989
4024
5781
537
4850
4478
1644
3170
-1601
5007
-8651
-9461
8366
-4905
-8077
8093
-1784
3719
4661
-8471
2557
9863
6610
-3772
-2681
-4733
5514
-8113
-3083
-5936
9316
5825
2741
9766
3685
-6082
-8522
2481
-2656
-9571
-4292
-349
1955
-2012
-1133
-1169
-5446
7391
4125
731
8037
1482
-8032
-7429
5865
-6811
-2945
6237
-9727
1435
7236
-3064
3809
-8632
-3615
-2695
-646
926
1662
1438
6057
-3413
-1966
156
9522
5553
-5761
-2447
-6789
4026
6549
1490
-9949
9480
8684
2538
-9965
-8687
7122
-7916
9228
5102
6324
-9002
-2404
-1114
4192
-7299
6501
-2776
3024
-6792
5807
-2242
-7811
4801
4623
-4584
8507
598
-7060
-4237
-1287
2511
5769
8958
8036
3046
4102
-7862
-8203
-2014
-6142
2603
6821
2283
4035
6808
8285
-8819
3678
-1258
-4227
-9058
-7783
893
-4227
-351
-2505
5497
-1093
1719
4999
-3122
8580
7618
-7401
-4947
-5692
-7325
8023
-7120
-4503
-8590
3380
-8439
6947
-7762
9854
8655
3764
2464
4225
7421
-7476
-5048
7328
7655
-4770
464
-7585
-2805
9619
-7661
7640
8445
-3331
5753
3612
1230
-4430
-9168
-683
3444
-607
2409
-587
395
-7039
-5719
-1083
-1283
-3805
7804
-7877
-6161
-8256
-2572
-6212
9919
-8952
6450
-8103
6606
-9656
2128
-2761
-7807
-5656
5049
-6426
-7258
-7785
-4960
-2021
-7274
4053
-7696
-4492
8154
6648
-1060
9829
-905
-2321
-1625
-6761
8485
-7911
-7796
3698
-7253
-3454
8309
82
-6220
5603
5375
-4030
3489
9690
-320
962
-3957
8739
-8456
-531
5727
-9696
49
-6985
4214
9566
-6764
-5059
3532
-8176
5156
-8343
-866
4321
-476
280
4203
-6825
1257
-3936
-5726
-9944
5964
7065
-6533
5457
-6463
-9204
1012
-6850
6089
-29
-1893
-5049
985
3936
-9899
3355
7755
-2806
4736
2772
-8317
1237
7189
7774
-5356
692
9759
-1853
239
-6616
8280
1427
-5625
-9244
3041
-9743
-5723
-9216
-7041
-4736
-6578
5714
2469
-3185
5908
3647
-6280
3336
-2404
-9426
9303
159
2066
-4065
-6509
-3212
-3357
4299
-1490
3779
-302
567
-604
6967
8108
-3310
-224
3351
-1618
2159
2346
6287
4975
3843
-4243
6915
-6803
-4825
-9352
7704
-8930
2565
-347
-1131
-9100
-9126
-6427
-3736
2475
8136
-7991
-7925
-9626
-5837
-5897
5423
3553
7793
891
-2569
234
-1011
-2821
-7877
16
-7757
-1531
-3086
5223
-7621
216
-238
1456
-1641
-7226
8242
2727
720
1301
8960
-5627
-1945
367
-4227
1511
-8187
-1511
9343
5693
4765
-580
2483
-1106
5121
7470
3277
2908
4653
-3081
7339
2517
-1835
7039
2957
-2405
9666
-3564
9222
9318
-348
327
4500
-4466
-6368
3732
-2337
5288
-4212
-9860
-8423
-9806
-4845
-1198
-2648
2508
-101
-6033
1969
7085
-9524
1098
-8959
-6903
-8220
-1021
2432
6555
2263
-3302
8754
6749
3036
7412
3802
-5694
9989
3472
-8426
-5258
-5233
-7151
4734
-1660
-8690
7654
8454
-8068
5464
6993
-2799
-6932
-3218
9792
-5766
4031
9096
6665
-8725
-9959
9602
-3417
-1263
-771
4581
918
4979
4792
8445
7062
-5612
-9628
5151
4074
-2200
8120
2138
-4040
-2589
2020
8552
3140
1012
-1277
-3184
-2101
3072
-4943
1298
9127
-3458
-1611
2688
3233
-7705
7191
6003
7131
-254
2928
2617
8214
3237
6329
-4928
7664
655
-1042
-1958
-4656
7374
8481
3014
6626
-6584
-2049
-3052
-3438
-5486
-1041
-3937
4464
4657
5947
-9157
7508
2943
-4922
-7103
-8532
9411
755
6310
8536
6709
-5820
-1409
3905
9705
-9655
4053
6867
1448
-9303
9754
6054
-1306
4352
-9609
-9419
8434
-7377
9235
3342
-3435
-3850
1610
-7983
-7854
7428
7899
1965
-7599
7334
-8911
-1401
4452
-3584
-8748
-8537
-9162
-1417
8011
35
2722
-5402
-1914
-6080
-9975
-4303
-6675
-3901
8696
-2379
9004
-7483
-4537
3980
8260
-5559
-7585
-5887
-9620
2366
2666
-96
-7724
6993
8540
-2926
6626
4871
-8959
1800
4290
-2982
-7899
-4151
-8110
630
-955
1281
8487
-6345
-4702
9799
5291
6367
4160
4137
5047
-6586
410
-7908
518
-1104
3351
1187
5606
8678
-5796
7570
8934
1376
-4611
-647
5710
-2563
-6891
-8802
3617
8366
8198
1759
-2774
-3700
-7601
1658
1497
-6539
9235
4130
-295
-9468
-7372
4386
7615
-9831
-9166
-2624
3767
4190
2838
6941
-9378
6932
-6436
-1809
8
-897
5512
-9375
3265
-1330
8811
3413
-9936
269
4685
-485
5372
5139
6350
-4583
-2178
1433
6594
4376
-6590
-863
-9072
3273
-5471
-1303
7931
-7929
-221
7655
3163
2507
438
-9599
400
-3022
8451
8460
-9306
8986
-814
-6150
-5346
8222
-674
8221
9555
5142
9878
-1769
8390
-5102
-129
-8811
-9961
-9759
9565
5260
7913
-2841
6100
1763
-2390
86
-4983
1219
5899
6872
8696
-5734
-7861
-4984
-5890
-9212
183
9818
2007
6270
-4430
-1186
9131
1046
2859
2173
-6328
1461
5231
1436
-6195
-5352
1786
3941
-1059
-9119
6003
8409
-6999
3647
9123
-4795
6577
465
-9175
4201
-2015
-8334
-221
2480
-6865
-6540
-1464
898
6991
4359
-7543
1031
-2785
2411
-4289
-5101
7116
-6717
-9300
3756
711
45
1447
6927
5895
-5257
3024
1800
-4320
3433
7844
8619
7858
-1717
3124
9411
9309
-5567
994
447
8439
6028
-5930
-1885
676
9130
-3652
6935
-7668
3090
7793
-4131
-2961
6366
-5721
-3184
6589
7444
5154
3273
8382
2171
1487
6855
-2818
-4717
-1384
5223
1528
1568
-2703
-4374
-1050
4340
-170
1946
-9017
1050
9536
-1086
-5156
477
-3169
7811
4750
-1651
-7692
2342
-9843
-2296
184
-7254
8664
8644
6067
1562
8806
3455
702
2243
-4013
-9452
-2730
9978
8496
-7286
-1881
3262
7934
-3197
9915
3581
-5055
5829
7385
7932
-1901
-7442
4494
-8073
-5854
-3982
1557
-6997
6062
5716
226
9758
3509
-9315
623
924
7555
-2158
1930
7550
5718
9152
1998
782
-6045
9075
6187
-1175
-5358
3052
-3964
-9855
5104
-4130
-6226
7355
8406
-3997
-8924
-2860
-8313
6852
-6674
-4478
-3533
4684
-3005
9467
9254
5850
-2597
5263
-8471
-6304
-5605
7475
3202
224
-2769
-6364
669
-2500
-8229
-7461
-3724
2354
4108
-4297
5295
1877
5637
-7966
939
2806
-9835
1477
8409
-5724
-629
2641
8636
-6404
-9510
2392
-798
-4912
2222
1467
-6649
9071
8848
-5388
8155
-8208
7876
6846
-6663
1158
-695
-3191
-9576
-8586
-9073
2468
-7666
-7946
-9736
-7006
-4189
-3020
-1431
545
1211
-6418
-6644
1309
440
2100
7210
9609
-2106
-1039
-5812
-6255
7981
1261
-7810
9276
-1029
5881
-9683
-3617
-8555
-2406
9073
2686
9596
6080
-3310
-1916
5670
-5094
4186
-8006
-8638
-8413
-8871
-6903
-8268
-6210
2097
-6264
5681
9437
-7948
5389
6551
3581
576
-6178
3673
-7093
9039
-3594
-205
7780
8984
-5041
2202
3464
-7628
6291
3160
9664
-9538
-1421
-698
-3252
6969
-5859
8163
-908
-7996
-7235
4892
-4890
-8749
-8939
-8869
-1309
-7503
7399
1375
-1442
-4376
2293
2370
3928
3758
-9042
-6767
7738
2732
-8699
-3440
3512
5776
-3140
7384
-4186
-9643
-4238
-8968
-3655
-8068
-6413
-9541
2833
1709
2196
-1970
1894
-955
-5281
6483
-4336
-3196
-9846
1948
-4835
-222
-9827
-626
3971
7225
-3984
-5733
5834
-821
-1435
-7018
-6618
5612
6932
-5160
-4880
5184
-1024
-3773
-3286
-3697
9223
8619
-1416
-9987
-8433
9510
-2236
4416
-5543
-2980
8655
6737
376
8793
4793
5950
3315
6188
4359
-9406
8179
5467
8869
-1889
-7612
2571
-4995
1727
-2504
791
-7067
-7894
-4801
-6896
6441
5787
9216
-2290
5750
8461
-9376
-9554
4493
2198
-9591
-7129
-7947
-745
-8508
1636
-421
-9213
5369
1520
-4118
-6138
1655
674
-2192
-3970
5554
309
-2518
2901
-1274
8666
2100
1099
-8234
1043
-3494
4172
-2509
-6967
-2013
5289
8091
-9323
-4139
-1077
1464
861
-66
8676
9749
-351
5810
-775
-912
-9773
-4793
3661
372
2908
-906
2943
4662
-8997
1221
-1941
672
5003
-4880
797
6878
-5161
-453
-1243
9343
6506
-4088
-308
-1810
9323
4582
-2844
-1057
-2975
1925
3434
-3165
6814
25
-9105
-273
3508
37
8260
3602
6935
4198
-4455
-6966
593
-1455
-1734
-5858
1136
6585
-124
6032
-7035
-5921
-3574
2745
8205
4385
1209
-3330
1556
-1223
-7838
8933
-623
-1003
479
8004
9623
-5197
9711
-412
1721
-5154
15
-9175
-6479
2512
-9627
-1572
5504
3491
-3674
-75
7055
-1383
5674
-5112
1727
-9752
1625
-9539
-6705
-9889
966
4903
-6864
-4397
6568
-9336
-1122
508
-946
-3332
-6128
9460
-6899
988
-2422
-2907
-5105
-11
4704
-2543
9558
8872
4593
3858
-9001
-840
5747
4255
5638
-9520
5379
-4559
-6854
-9025
-2584
-536
-6903
-696
8157
-7299
5024
1706
-457
-8561
-4129
1409
1887
-8189
-7726
-3923
9123
-5528
987
-7492
5456
-5929
2568
6445
6698
1392
5847
-794
4192
2545
5838
-5643
2081
4330
-4765
9919
7033
-2347
-4197
-3818
-8100
-814
-2696
-4844
-5457
7949
-3420
9051
6097
4876
-2870
-863
-4195
4885
386
9818
-9141
8146
-4928
9128
1015
-6981
-5410
1202
1894
-3897
6807
734
5510
4359
3261
-6246
917
5687
4741
-6090
-6427
-2418
3157
-2104
-7649
-8894
-2197
-5892
-6264
-2764
1198
-9285
6362
-8800
6520
1086
-8528
-8998
1278
513
3154
8676
5769
-9463
-7515
4705
-226
-6609
2563
4141
9217
7807
7042
-366
0
2434
-456
4333
-9224
-9500
7628
3780
-3455
-6501
6513
861
-7967
5356
8377
7217
658
1996
-3229
-5401
-7213
-9588
3327
-6199
-6983
8077
-8987
8532
2330
7751
6928
-2781
-966
3097
238
-1319
872
5840
-1817
-9154
-5959
9368
9709
9637
-6590
-2086
-1930
8779
-576
1234
-4604
596
-3001
5438
1221
8057
6750
-2600
1408
-9611
6216
-4448
-3711
-2209
-3788
858
-9150
5050
1292
-8573
-1208
-9828
698
7457
1504
6809
-5669
3489
-4615
735
4746
-6005
-7010
101
-7799
398
-387
6942
7586
1249
-9728
9204
6372
-6980
7650
6957
-9039
6163
6624
-423
-4568
-7647
8042
-6240
3036
-5418
-3170
-7881
-3625
-3875
-2978
-1248
-2381
-2182
7188
-4379
9432
4080
-5925
7076
5211
924
9793
-3420
5054
-3496
-3856
-7455
-4055
-1388
4521
3298
5205
903
-4761
1359
8395
8610
-6304
-7630
-132
-7786
7840
9710
3788
-1623
-7929
-1839
-8975
-293
1
-4947
7013
-8093
-135
9910
-7012
580
-4028
5822
-1587
-6334
813
8647
-7078
9576
-6061
-1792
7999
3525
8223
995
-7313
1631
5646
480
8205
-5587
-44
-8171
8318
-3291
-6388
8438
-5915
2963
-7287
-7945
1139
9341
-3556
-8520
2199
4704
7377
9416
7522
-7737
5063
3377
5900
-5915
3163
4556
-5868
-3273
7901
-9824
8461
-5247
7492
-9608
-6247
869
-4775
-6061
2520
-8614
-2556
-6041
-8416
-1640
4012
-3893
562
-6236
6665
-5886
-1894
-246
9757
8315
489
6109
-6853
-83
1572
4816
8483
-9052
5441
-2498
-4435
2438
-5805
-3286
-6529
-5127
-8978
5405
-3148
8235
-3002
6751
444
1625
-987
1441
-4199
5679
-6127
9735
7034
-6984
-7080
-6563
-4056
9134
6186
-9475
5896
-4738
8502
-6388
-9427
4620
8429
-6978
-2115
6911
1822
7091
-8326
-7576
2760
8893
-3878
3620
-783
8286
6021
4532
-2114
556
1021
-2971
9701
8961
1102
-225
7028
889
4553
3716
-8771
6371
4331
1961
4980
-8722
-6242
-9662
5364
901
-4208
-2424
-5714
1164
9634
-9089
-4490
5899
-7260
1260
-9315
1593
-3529
-4391
-4089
-1802
5944
-8607
-5926
-8854
-5844
9087
7860
3529
6125
-8483
-4464
5172
1078
-7546
-2644
149
4455
253
8939
-3829
446
6482
2992
6529
9900
2000
7603
9357
3031
-972
1091
7165
858
5266
5758
-1834
-751
-1229
8486
-3977
-956
-5940
-6906
5123
-8820
-7289
-3916
-5730
-6115
1389
-8454
-1653
-512
9668
-5162
-6868
-7840
-8854
1028
3326
4947
-5960
6542
6867
-4556
8827
-5150
-8951
-1391
-5772
6948
-2419
7711
7632
2014
-1582
-2618
4333
-8560
-2537
9779
-7804
9389
4796
-981
-3139
5166
-8150
-3665
6524
9800
9989
8926
2714
184
2962
5880
4670
-7743
3692
7316
8127
-3890
9131
-6622
-8201
8849
6633
-8272
-1448
-648
1560
-1194
3999
1688
2664
3758
-2126
3600
-1092
-4122
-8837
-2471
-1319
-4769
-5950
5625
-2074
3631
9850
4491
-4125
-6297
8664
6410
-9234
5914
-7244
8122
-3789
-9176
4178
4765
7100
564
-6633
3280
1663
646
4510
-5517
-5775
7175
1434
6993
7469
-6032
-3691
287
-2011
-4337
-6650
7110
-645
-6041
-5616
-316
2546
7635
9797
9416
7145
3415
-666
4236
-8434
-3111
-3027
-7355
2658
68
-1140
3331
-8020
4388
8937
4830
-2370
-3154
3993
5640
78
5601
4779
5647
-7196
3482
1615
5640
953
-6333
6292
8788
-7352
9446
-4256
2674
-1948
9100
-1352
-5869
5423
-8978
2957
9810
-6394
2788
-6060
9087
6087
2561
1374
7373
5977
-5143
5794
-448
870
-5364
-9888
3619
3459
-6685
-8529
4330
-9052
1814
4435
-8967
1204
-3279
-7066
1985
-5582
1264
3530
634
-8187
553
-4036
6204
-4814
4109
3904
-183
2029
8589
7509
9730
951
-308
7169
9347
2736
-1112
949
3961
8696
-8157
-3458
-2315
2242
7839
-7239
-7127
-2937
9422
-4862
9116
1441
-7507
9455
-3476
3034
5023
9707
-9659
9177
-3336
-3643
25
2118
9502
2873
-7608
-3654
-6975
-9166
-8619
-4192
-6203
9563
483
9463
704
5542
-7424
-9084
1605
5074
-6482
-1617
8318
8912
-7839
-3133
2139
-9359
3303
4372
-5819
9514
-8994
222
5105
8620
-6540
1909
-7048
-9329
2851
-3263
9726
6784
-5883
-7787
1482
1350
-7912
3060
9260
4626
7218
-2763
450
3249
-8819
-3452
-5509
9973
-6359
5665
-9375
6832
-9014
9453
-6039
5099
-1050
9659
8536
6158
7611
-4849
8680
-2937
-5545
8266
-2238
-4168
4911
-9721
4480
484
6436
4046
-2058
-8025
2898
-5156
2172
-5600
8061
-3760
9050
-6290
4091
4778
2583
4389
6414
-640
-1890
5618
-1618
-9550
9403
7098
8655
8356
5726
9268
9673
6511
6189
3474
1559
6589
-5434
-1881
468
7522
-5200
-6426
60
-1917
2507
-4603
-3168
-3672
-2095
2584
-535
1895
-988
9790
-7206
7488
-7438
8408
-1502
-9308
3354
7322
9375
-2481
7260
-3053
-9594
-6772
3397
4075
7629
1505
-741
8022
5009
9245
-5197
5707
3384
-8654
8343
-9957
-2060
7340
8138
6008
5770
5848
4121
2425
5846
9076
-2918
6307
3587
-5151
-7123
838
-6518
9895
6717
-2859
7919
-7798
-8765
-788
-7929
5955
4100
-1046
8635
4223
-7536
4600
4531
-7434
9639
-7955
-8032
-8860
4340
9407
-3909
9433
8792
-1227
9350
-9067
-7316
467
-3728
7641
3278
-3197
5006
840
8161
-6445
-5527
-3447
1636
753
9707
-1482
2846
-4033
6406
10000
9955
3900
4280
7262
-6979
-618
1694
-9211
-2601
-4210
-7808
4431
-6721
2413
-1708
-472
2101
908
5429
-5076
-248
9516
-317
3425
7122
-4632
2120
-7785
7839
-6643
7015
2712
3444
-6189
2836
1304
-1039
-8987
2678
-9657
-414
684
5199
-7022
8249
-2947
87
-566
1964
-1940
3822
-1549
-8572
1652
-2544
-9229
-8519
7192
-4253
-765
2774
3070
-2492
387
-1461
5874
-9070
2702
5982
-3400
-198
827
3523
-594
556
8900
-6941
-5868
2356
-9447
6698
6035
72
-5469
-3237
-8354
-7101
7978
3217
8146
-4404
-6714
-9519
-7325
7249
1903
-4503
-5164
-1388
-4897
7852
7624
546
3464
1
-5179
5925
-7659
3048
8590
4974
9484
5982
4937
5352
-4006
-7195
3181
7111
-7546
-7417
-7456
4765
1765
1266
-3874
5501
-1857
1521
2868
-5376
