37064
992
71232
71891
70309
83915
3863
19007
89010
93106
98940
53438
67695
10224
91104
9131
7522
55790
30205
45332
47759
66874
77679
54814
65685
21845
5040
46873
41461
10132
37884
94790
29422
43546
90053
24721
23634
7185
37188
14115
32819
68349
82955
55564
85995
54613
90725
91305
37807
35967
90909
20564
75836
68886
91836
82399
1115
60301
94274
12702
78668
23114
69662
93079
87402
71346
71989
90654
59752
97624
3820
31295
1817
45423
80836
5726
94604
86895
31550
13374
36053
80396
40138
55061
43935
81101
13439
33942
1895
65880
95887
32813
4798
64022
81405
66851
98143
79154
62071
58872
15840
88944
92944
48187
63585
35960
73423
53789
20707
80557
88246
68929
94782
98492
7215
43503
15344
31965
6977
48732
43572
31632
72267
56191
23744
40995
4223
6682
83153
952
6556
95659
75976
36008
84543
37977
46301
52834
63353
39389
67934
26429
88592
965
74479
85906
19065
89844
58385
11764
6396
39340
11314
37199
8707
17101
89409
40438
23826
89903
86285
18299
50238
93305
19113
59029
3557
67337
60132
95185
74350
33587
77036
12470
54545
4588
42454
35534
22504
59303
47343
68836
51262
60196
43742
39586
88170
82078
74610
9363
31265
85883
51969
25642
77895
36323
72924
8769
62604
29364
92919
79879
29463
25159
86371
96886
61782
32716
73297
55508
50714
64550
65528
44783
83143
18333
68376
28859
36612
46623
63421
12921
92733
49721
37816
12280
47642
76847
58316
60710
27171
47512
1188
74711
53281
66996
19275
70906
14044
97906
73936
31732
78718
65836
23946
98006
51899
47125
33806
35603
91102
68485
4739
67404
84802
34612
87606
23261
48571
13271
95686
86009
70713
72620
31054
5893
21119
41502
3409
17393
50728
98304
16991
46917
62666
65114
96270
54319
86021
43932
23486
20746
40974
14259
68744
39736
77124
5040
14767
30227
43184
92749
1764
35194
4920
64938
32829
75456
67936
12565
66818
53791
1230
25534
40998
47532
39219
56001
80236
73854
75880
97753
63004
29889
61730
75709
80896
81875
3369
53880
62874
82207
39544
48392
657
26193
29858
97180
1585
70764
59891
75748
60100
33135
57674
12292
92177
12007
47485
11738
36286
33343
43072
9333
13841
88146
90210
24770
64760
87244
99464
38628
93586
38227
56654
83308
49361
7593
19206
55352
66041
72265
667
19840
91927
4043
72795
11751
68995
28603
85373
32251
58816
42236
84973
82421
82774
69227
81534
41022
67560
79157
3469
40773
38512
22235
33128
21201
84076
9566
37572
46663
80672
57889
73698
27134
62870
97169
27574
22424
89502
91949
80399
58977
79767
66977
78510
32354
29119
73604
57354
54472
19255
39981
19364
35522
28017
20670
769
34073
91878
91362
76933
7291
12475
60684
26452
95665
51650
5391
53689
31433
15540
99561
49599
62033
78173
48296
27515
95954
75111
33054
44007
32402
99699
77449
48686
88568
14020
81631
31371
69522
23666
70965
84823
74543
97961
94384
93150
13893
40642
47385
74435
19771
8676
54773
660
7876
41675
87047
92830
86784
53602
25600
10625
17742
46893
69320
42296
63479
26018
84887
39902
62826
9908
8204
27604
24296
1786
15363
4453
20608
11264
81428
4438
27559
32833
47208
43207
4082
25921
69327
77602
36937
70637
28696
90177
35121
86134
33040
8926
67350
21502
54136
58128
26164
34056
91945
9116
33300
96247
32642
60942
5285
99782
63393
45289
3227
32968
30063
48898
49308
14403
58012
82464
96883
49786
5550
56547
58569
79747
20880
40621
95085
46597
86209
52557
78999
76152
94169
79915
8976
30173
26529
24135
19969
48067
81482
1043
50751
19148
32000
83789
39951
76433
40445
22071
40157
50380
72244
63232
58760
17196
12058
56078
72766
54195
2040
95830
71715
95529
22712
69767
1860
97106
68306
65751
67538
95102
11311
23602
6245
10173
9847
17358
60336
96109
58376
79158
23333
57344
31339
54691
38229
94120
93164
99746
33795
86773
6966
44420
14004
5769
71563
65520
49015
31039
1041
2123
18886
72831
14236
27138
19958
6410
32422
19681
64380
7875
18696
19021
95079
13398
84518
40420
90231
38765
17381
17310
13495
59204
69142
73888
22027
21275
99654
44967
89251
73017
85948
58952
35396
45864
21831
68028
47928
73652
50294
85340
70431
80763
3370
60052
13185
43335
38347
23394
14427
95030
83204
84546
76924
148
81249
22416
88360
86412
44041
7607
75134
33245
80942
81820
92021
98353
29792
10991
29541
64094
25903
80082
22111
61481
86489
21160
75047
79281
2165
8861
487
1522
20560
33745
39839
46783
95938
44970
15148
87374
29517
98265
92561
24293
5218
3030
47308
77597
11280
37271
83672
71282
50870
81279
20676
95800
63766
19491
66979
99376
26137
48399
36016
31606
22372
95405
48410
46940
80193
58949
46911
897
44403
5036
4720
9619
72733
81714
8734
14004
59738
21553
88635
76543
21591
24685
39500
69812
3477
95541
73189
74349
30157
57358
56941
74425
49895
92479
65780
89095
33118
1049
34146
71510
479
62950
16524
2358
79320
7230
21871
57220
70686
56317
90978
51975
37862
94160
3720
99782
40282
44375
45855
57647
35834
66845
72281
36905
62142
83945
95716
33107
82548
17088
62458
50651
24569
74770
96467
17973
65915
90557
2730
78503
74586
58215
49295
75993
8573
39880
54699
8149
85389
5902
59308
87467
57502
21961
30239
44425
82139
51691
7649
91370
77185
25053
39396
90907
19381
97856
68993
16293
22014
22562
22884
36281
18683
21313
66042
18388
51484
12571
48145
35822
49045
1162
42996
1655
11383
80185
73038
75199
47915
16650
48621
84940
80133
68443
37898
6675
67201
38590
6345
15031
74967
51165
68072
58528
84518
48749
63320
89661
73000
89777
50542
66580
77294
55270
54152
92159
68436
77900
38272
98405
26353
84956
33002
10215
37015
41677
55546
51689
59079
40623
19234
18759
33910
91304
26213
38562
61324
40809
93597
24776
63469
88358
48002
27309
28392
36826
85710
78589
54582
24851
84038
15174
13772
79075
52377
62177
99412
30791
59208
70088
67410
98828
45048
32649
43730
99514
89837
98801
22876
67056
87175
73888
64473
78056
48877
82390
19087
2484
27827
60003
19735
97851
75162
73658
47304
91071
42171
16426
59446
70762
89677
85569
31203
24360
97290
76608
70641
87403
59652
12208
2460
54186
25547
49604
36866
5923
80833
12364
66288
61865
55649
16095
33106
19735
65122
40968
80851
43643
14072
78062
67502
28534
97094
37050
82896
75457
82861
36231
54008
75043
46078
84201
71080
44680
71273
86046
31901
30229
89155
38207
96028
49396
80470
84922
73168
45942
12300
22413
92022
22043
12785
12799
69808
95656
38240
56018
12425
72194
35088
45628
88571
51368
48040
46591
5367
60009
29597
99372
3337
11454
22335
87285
41643
9953
91213
54763
10824
93320
18868
39936
38661
35524
18890
70042
10903
27587
81533
35472
69543
22961
61392
46315
11242
63866
9100
33537
8708
50407
82205
14689
57086
38822
42684
54971
55060
45376
62041
90774
7595
94568
8480
27815
45268
30789
11291
87614
31647
50683
36197
27751
67097
84799
62955
71082
39313
99949
16699
98425
45976
40522
40837
56831
57315
87962
4508
37268
51194
79609
23324
45951
54470
78656
31206
30015
48832
74514
99780
38215
48279
22677
23004
57051
36783
72214
71253
29579
26143
68149
51131
51602
38490
84702
67544
79961
65814
69170
65890
26986
3974
36581
64880
71351
39193
40787
9914
13651
31938
1448
76323
11833
86238
3383
15860
18294
95689
21707
39008
87911
50941
24184
2776
21379
79926
62037
31829
59687
69872
78450
16933
75995
47151
58673
28462
63165
41625
83175
58405
77947
61600
14074
79230
59029
49182
12611
60981
59590
514
2640
52589
82146
49717
72030
82228
94271
28373
14044
84934
31472
58229
48034
94037
8814
74783
35385
65735
80732
83244
65132
25360
91224
41085
13152
75399
12245
7766
31048
98434
34504
61176
91663
72227
75868
35002
54221
14029
31009
34631
87732
77280
44705
60221
5873
97547
6411
57411
80980
59967
52171
49493
23995
62296
94932
89773
39344
83150
66157
43974
80659
83631
55721
55607
32410
86256
66231
97315
75981
40102
40799
91697
55774
21135
63834
919
64597
5059
13614
49655
51901
62879
96022
265
72215
69836
26456
52876
25455
19880
66945
27844
34865
60085
26828
24651
99300
94743
63731
28996
62223
14651
31339
20132
29812
99123
38782
23395
60883
92750
28613
85644
30170
33083
60472
39506
83
41512
22048
50185
67382
66415
96488
84654
58858
42333
89973
99332
46268
71712
30461
339
62726
26374
55728
63268
78795
21435
81880
73209
65135
23767
17151
27978
20637
83022
14947
4987
9287
66697
90387
7409
78549
62360
47231
5608
6764
99987
25038
25123
89759
94042
88180
57040
28422
61961
36356
50965
67619
66428
74229
91333
96032
77144
27420
92715
51849
92963
64905
52774
7261
6795
82817
93862
59677
42159
71406
66967
29342
64243
54792
88420
61532
26355
64468
16984
12358
78616
13139
3200
88383
83754
78101
18279
11100
48074
45434
15295
75684
70029
50809
74915
5308
29040
7727
39456
54627
66807
79608
26960
7220
59394
94465
64980
60964
51830
17439
66525
57494
31101
80756
12916
5085
94851
54487
6358
53035
23460
46100
69899
9808
36356
67923
62295
29093
43259
45757
19655
77860
47178
78758
32329
52639
59912
522
58962
87510
67005
77102
90749
53590
24664
74392
63926
62281
86201
84774
3134
90553
28922
5312
49940
85186
74444
8560
79591
94132
57303
76834
76392
73119
36408
51481
45726
59599
26268
42374
30530
93007
74442
95092
68308
57540
52160
48628
90251
13682
34765
60801
36101
76968
21997
34388
88796
12720
71687
98787
9838
48924
87982
48193
82165
58784
40754
70877
3094
36042
92044
18594
15326
57095
19591
85227
9209
15275
55666
1363
68104
55934
30666
98797
87004
32197
52653
20218
46679
62076
30365
18401
44468
87502
8553
42105
91054
66941
49436
6239
52546
72882
52531
94091
5202
4386
91043
92970
13574
27163
37068
35324
27808
85775
27435
79927
59572
95167
60695
65734
78466
87290
8876
67455
43716
2937
70091
32745
11818
13670
47746
20297
427
77618
89560
74265
75741
2402
83006
63840
23924
46745
43129
50331
8700
15528
96275
58497
47226
81316
95124
89224
31298
6020
37693
93663
41663
36689
59295
73086
35633
6854
37880
55001
711
15753
97984
9500
9046
1746
73520
92844
16003
74032
35617
51576
16365
32608
26089
44926
68568
36898
13030
78381
197
30789
69427
4598
44839
99719
37275
68733
72511
52609
56944
46878
40363
1638
81786
94660
95935
1446
54447
85851
20841
80363
95281
78172
97761
83743
12501
86528
55628
38880
48341
68400
72617
27502
98178
1348
67257
6409
64464
70275
51899
3363
81628
1900
76221
73420
72612
35676
62184
50490
65638
55817
4772
34086
3622
54689
11753
13945
39979
72949
97353
11785
1246
1594
29920
61579
98572
58451
59436
14153
60304
46084
55716
46020
23162
74667
37694
92688
58321
85968
76565
19818
56847
21681
94365
67694
33821
8126
85751
42044
40998
65712
81330
17776
63026
16232
36474
46774
58403
83384
66292
39884
996
87006
16658
89139
78563
71363
56749
51531
38684
16537
79724
27390
4441
42721
98589
26937
30034
48461
78077
28175
87128
59134
25181
99301
77131
40759
60930
7132
9384
81175
78988
30207
57091
84553
57179
9524
28713
99366
49354
63649
90185
77449
8685
6112
94367
49096
8210
67022
18901
23285
14100
73260
93506
88823
63339
10330
1889
27468
54607
28711
86617
28421
91006
28837
27508
66616
53555
47966
38047
52421
91670
40318
36403
12947
18721
31314
31087
58533
49686
23270
7410
99804
9515
59394
87840
41784
45571
34731
98597
55194
27167
92208
51054
45701
81963
40621
61710
79339
89000
63721
8096
64201
24765
678
98205
10277
74857
4763
22482
69118
10770
50497
17116
52584
42764
52639
34183
89748
84043
88466
17592
40206
74211
44190
28386
7407
61051
28986
34449
98343
38003
72620
40083
84642
47141
41537
69350
26133
83888
56173
43731
99138
31311
75707
79855
96138
92769
49527
67586
77436
17032
28516
25926
48001
57936
82750
52598
60275
5877
18044
25709
31557
78824
6563
6314
14228
88236
78203
97380
69018
28379
20755
45919
89902
80160
24243
34326
36654
69743
45306
48889
70217
70330
23547
60319
46752
16687
73136
72321
56511
56179
45869
88306
74500
90510
71268
24544
1119
55281
38602
57318
50482
98990
11949
6186
89084
27709
17692
78704
56643
8862
1482
23937
87901
81750
23463
81714
68600
88612
47240
2700
23607
7047
37153
99456
31459
591
68601
56884
47683
54075
89459
82286
30387
45192
68074
75455
49610
22413
4035
96752
27561
9358
40525
41736
47056
45678
51369
76093
36984
82277
69652
61198
98521
62986
46086
90296
42060
89485
21815
39519
2452
87360
88882
5265
44797
23664
82867
43700
46725
69999
72010
88340
87118
40375
84429
83727
97034
81309
7970
20362
29783
92210
92127
18783
68723
31363
42144
45003
24372
59172
40400
72365
65999
29173
50577
80614
32580
98922
65931
8746
58218
21235
94487
13582
79204
63071
18570
61330
57860
32093
2135
83621
4301
68184
64942
75074
55693
51382
96931
24951
51198
45612
19937
56614
44808
26022
50184
85598
81160
70109
75646
14503
80140
97375
91676
10271
33151
17546
33490
45542
73919
63314
6947
53680
47567
8951
77085
251
82649
81021
69015
66888
52664
42462
9679
18786
53809
36246
10988
24921
5292
27120
27517
13947
18137
83538
38634
11823
25296
4150
17298
30138
2505
48969
51542
13918
17590
99919
29268
58943
60816
47934
79229
92801
70990
98115
35258
63253
13536
6683
50289
65113
31003
70779
56085
7079
16194
84708
1885
55848
45776
2585
77047
84544
36567
69437
10338
23953
66597
58700
36791
2671
13726
31415
92919
30988
14495
70821
96686
771
60068
81710
61055
20141
296
11733
89896
97839
63888
4878
61226
33007
99792
52922
9318
30991
68303
69746
82778
97296
96788
45121
58304
9078
715
20850
58254
28901
4828
60154
51503
945
1498
63358
37519
56112
86984
70461
26495
1732
6544
24649
37091
85984
4328
6918
66493
89015
92133
22910
61485
78714
46561
66830
67029
48434
49654
63106
78443
41044
42543
86663
76104
86227
22661
11561
28355
20337
62407
93749
40478
78194
62153
88435
51489
66582
19729
72793
11643
30017
15889
81583
58126
73613
70814
71449
74302
84048
48729
55984
93735
77966
98733
47729
10993
20781
44145
35220
78603
66831
53247
51529
4926
18635
949
69380
97494
62370
92930
52069
40893
48475
1352
59949
96516
83260
77625
28471
87587
1078
46393
59160
88192
88595
96053
78128
2668
74361
29913
44896
3734
32693
69381
74981
50833
33893
2545
76284
58422
97806
85920
47289
53209
20375
92825
28539
49264
5083
85306
46284
18305
26641
61776
69997
15137
54419
82192
22475
23619
66285
26294
2155
18150
60478
49288
45391
17452
33068
54249
39426
90300
59467
87531
64161
70460
92501
3512
49064
38142
24852
44026
97044
66294
13418
14784
266
58486
95681
10409
13725
22520
44484
60487
17307
83844
6279
86715
50097
81706
49142
97750
97163
55829
44596
78513
63951
51890
25517
92548
50748
27684
77792
75374
75526
67125
52209
53102
52326
78468
24960
47835
1346
2118
5851
55613
5981
67833
64081
65505
2362
28608
69162
41794
80423
62701
1415
55383
33752
26935
62250
66456
10005
99811
38004
69686
81685
63675
86163
79668
25936
9672
55192
36082
3862
80688
10839
70204
59152
14145
38532
15641
24474
62019
42820
53676
24870
64796
15296
92877
74891
13582
93425
42718
97269
42352
19571
78003
92094
88800
7823
74549
22035
9177
50852
34577
89241
23287
62116
56399
86794
96090
9487
3839
70804
83970
71054
25611
6206
92637
73617
82599
44806
8650
31269
11323
70450
65901
4389
65488
32368
73230
71481
21370
97908
41472
19599
14597
17062
70650
90935
18878
46908
33905
85944
43335
50959
27390
55491
72520
77279
68487
91976
59335
69499
96939
78401
5061
84448
15516
8944
43140
7856
59629
20267
62068
46452
97888
77238
30342
45620
70025
1525
21687
51171
90001
35898
45988
1670
72691
89571
67721
24892
98041
11511
7971
31318
42893
23764
24735
38124
23168
57110
34942
32903
83836
7900
88488
36006
34049
3720
54512
71463
95825
11325
19012
51419
17765
7434
71685
86152
35826
40391
10614
10887
4294
36265
24019
43174
7423
35445
63279
59266
86222
32834
30565
61378
74519
24133
99144
15080
69653
63243
27861
8027
31958
37134
53373
40025
50938
89299
6962
36665
79661
95014
41360
6061
79531
74926
20680
83146
96800
56308
61947
69775
64742
33960
81917
49893
56522
38525
89298
69364
65924
48336
29880
77866
22138
140
99761
97090
43959
73569
15214
30829
54985
17641
71296
8999
26753
13911
39663
25095
19983
87719
32411
26565
99778
43342
94539
26417
40515
64288
1021
78512
92152
58080
80887
10693
68261
78256
91230
71884
90638
67829
28447
64769
73277
40048
49887
91358
85360
82176
50288
39829
10284
5068
21029
96275
72170
35615
84319
47264
84331
84510
91479
22839
28891
56794
64669
4310
64400
22539
20014
92943
70438
56338
86040
97693
94673
8183
14465
39278
85203
67831
79280
17337
49431
46412
95736
67339
3271
8473
45655
55614
22298
18341
81701
51102
32585
33741
46565
36238
10265
86435
70686
71126
69729
33653
51368
71041
37734
90415
35126
41459
79783
72721
42217
59542
15026
98234
712
61269
20414
86160
58572
52208
97738
72544
11123
91059
65777
7062
95368
14436
61775
4869
64240
20070
11401
49696
14308
85046
57905
45304
17515
27049
71036
26579
31370
7675
66000
74631
33437
93912
92102
36526
29196
82552
4407
50190
92807
16862
63091
78002
35444
17608
12672
44971
41715
54459
51272
48273
88152
78357
10464
49876
15141
41648
5246
62542
85372
86397
36450
2584
14646
33537
6356
31681
85135
56039
38540
87363
51216
87430
9284
69963
72587
30304
82641
24675
5561
47586
24505
13913
64166
33194
97892
51988
43458
43082
18497
26374
2259
8244
23451
37650
31957
87819
53432
2474
87072
36898
71640
27239
49823
11460
78955
12636
31880
58078
7354
28849
1283
42247
10077
18490
91701
14332
56052
15339
25521
88349
65165
62480
18866
62498
30876
60804
93056
77393
3927
94785
78336
71631
15302
70190
14441
51596
29133
99202
29187
16656
26216
67997
78199
10202
6959
43624
39071
75471
21050
98207
24566
93710
20556
12556
32619
91234
83572
11023
43872
25909
40273
25773
55336
28863
37702
52450
60521
57494
28660
61059
83201
99836
20013
78684
51551
63379
61791
72696
9252
40951
76770
90271
43003
92619
9875
75849
85338
18470
45305
28713
98569
46399
48490
90788
98710
28683
88597
33944
11020
76176
47756
81885
53739
27288
90570
4768
69049
66509
1956
89284
84639
98618
56335
4599
76839
72160
27047
82698
35509
30300
21388
59150
203
2462
16250
43657
82984
18342
63351
30975
43077
5321
25341
15656
57247
75151
24079
54172
71506
19098
30765
36283
31723
56512
97461
90132
47071
96667
95163
55865
54472
25774
69501
59619
91610
37933
34943
391
38530
17459
32636
16146
79726
52033
66949
96310
81825
64660
44526
16432
19299
23008
86737
86270
22392
36131
10548
80339
22411
99422
32431
80005
48852
54527
15030
15517
78258
57231
16166
78657
81852
96659
5240
52656
9330
92485
53094
64460
38283
62604
33340
24172
95015
91297
90567
73802
8747
17564
29308
99165
29487
14696
92077
40941
83431
4865
70018
65851
69979
47102
61389
49819
24821
62996
75610
73725
98991
33990
58054
61484
35961
98052
36045
44415
16590
17193
56788
10765
79808
91323
48374
6726
16799
95691
43963
85414
34238
35497
84844
95537
70972
2555
24214
67643
18100
41326
41842
25383
2975
91246
1771
41492
21677
70497
59493
89312
87353
12352
47091
81812
90273
60390
78116
68654
36926
22248
27473
11404
26953
67870
35959
41137
52311
23452
79566
67404
25495
82700
43779
83961
58693
72908
28942
13814
52291
97700
17654
89618
49133
33861
88533
44902
80271
72971
74780
68632
67543
23105
18654
47863
54170
73265
17327
11000
32931
76879
12166
94926
54774
55545
55148
67034
39895
68503
50857
82329
45233
30515
29423
77028
58733
60118
72325
19153
89482
94799
62899
72176
82734
7515
76157
94746
39769
54727
99803
96344
94300
34225
44532
20027
14564
42673
51922
8295
18119
78512
26640
80916
63221
33972
96158
76801
69908
9589
1481
43849
38860
65816
63319
35859
10009
3036
62785
19670
66776
59969
58281
38080
93585
27268
45839
76797
76736
41397
80942
41240
54632
59663
46953
66141
42350
69990
77003
31856
44879
51305
93471
31818
61280
29815
41651
42135
32143
95967
35335
65188
21643
79278
58903
86599
27259
48375
15140
51529
29392
54564
57576
61432
90387
48403
96773
71648
87128
59017
58805
53217
84463
48331
65388
85185
28478
60182
94098
53528
70207
83291
92430
24691
69482
58013
48832
69361
3159
84039
10996
92730
46525
19139
22991
79630
31380
82077
66417
46580
34773
7679
65650
2047
48881
40390
39461
37071
40938
84657
46017
43038
59726
28375
66070
15191
1936
62281
95543
19998
9693
54595
26200
38733
80434
89030
10692
94250
66688
64364
4210
38874
97263
78287
59758
42708
53306
27156
14497
70175
26218
23394
39518
12007
63215
14390
96856
12896
46234
66166
70865
16784
78788
74024
61942
86604
80147
54478
53074
72497
18125
6735
35398
41738
76346
39153
88817
59631
62347
91070
40800
52298
84346
52513
43349
76173
94382
22292
29551
55893
40679
47813
4580
40857
4444
69553
41046
83695
8282
60294
260
43464
24302
72673
80217
17816
19224
9635
69542
81984
69574
15546
96401
99705
27580
54541
18086
44000
54049
96802
20053
4410
66378
15351
10465
48511
97964
62234
34081
76500
78344
85766
59367
63546
5525
22020
55511
29035
27925
36639
47244
81223
10275
44317
6458
6817
1541
96508
73318
87615
63928
55562
2251
92950
10858
82249
73188
49098
47376
87704
58501
92061
32915
4765
94033
65203
94632
32593
73691
40354
67366
87657
93734
6607
17143
24457
65946
80757
9976
49230
47079
36095
63830
83024
61034
41309
26789
92483
27435
9721
88696
97225
74881
10141
1483
39802
5935
91960
58071
67213
25052
21339
89871
35579
75345
20386
21825
36388
40157
61844
23528
16041
35749
63250
80117
96397
40694
35392
74718
59323
57657
64910
77474
60529
57852
54213
71421
74452
29698
76329
6468
1858
80383
51370
21059
44790
5772
61842
51224
30237
93230
74455
82787
9135
30138
13504
57088
36406
933
71843
93041
97130
67499
85140
4647
46228
36913
39986
46945
25746
72319
34816
11462
25214
9090
78083
19768
31084
20725
28685
88859
46515
75297
41130
5882
24963
16448
2092
90
16993
54708
23739
93576
94462
58613
96015
84934
38045
11476
72149
24089
53628
51287
57191
69287
63593
49586
53555
12398
57745
62253
68697
14225
18702
389
96566
64418
43390
53177
93619
86963
53481
84134
7189
39252
99855
82306
5056
12648
50282
23528
81501
54202
49617
20939
18117
47459
60249
47290
49386
65667
12895
94750
58218
82218
95378
57602
44831
74731
78668
40193
34172
79102
59670
9703
94412
85504
27514
94973
62063
57261
29760
68209
24633
97442
56781
652
64949
53138
44127
33511
59712
13407
10737
60136
42672
96566
36545
35440
45426
89812
12244
71476
23714
30587
57335
75744
7084
86940
59938
66491
46533
65351
65136
38168
56677
6230
14871
47661
76676
71185
40265
78818
26253
97459
35174
89162
10223
68133
91226
87607
53567
91221
41103
38747
50994
86496
56938
16246
30094
31439
23108
66906
15415
33790
40490
917
11348
78274
67189
74854
2047
36404
17641
31759
80032
89580
81683
18696
70332
89605
25852
1836
73686
44824
79451
67714
97409
50863
57194
92934
39187
3962
99792
90823
87627
7400
82947
37036
45314
43673
72316
16913
71626
14995
71752
74257
72640
4751
5320
63660
13856
39862
8968
95484
85663
97136
68179
95879
97541
80588
30347
51691
60241
51292
93626
47770
83094
96769
44422
36949
41727
64950
20942
26213
51119
55152
30839
1435
16624
73236
79333
25901
84639
54682
91064
40861
75895
79473
7243
9227
64206
90109
25344
4175
37991
71662
41637
50732
90792
25682
96899
84917
15420
30141
63253
76060
98776
83825
27900
98141
69405
33608
75421
95577
3438
21638
98037
45842
49513
37814
38747
71078
84586
70345
93750
842
34591
17482
47450
59465
23756
10956
40819
11252
7993
90900
77511
46306
82284
31618
793
51250
14253
52081
61196
35021
7437
69069
72295
81481
96238
64551
46100
88658
10707
9967
95784
34987
70951
94345
62936
87
70066
44850
4781
2559
20280
64346
59590
19562
89663
7148
65966
76155
77442
67161
77106
10718
25849
68546
36105
62720
10201
21906
89864
24302
24104
73535
28465
91155
95011
6567
97582
17479
29302
33599
58924
77768
21482
95476
57080
68337
74594
50594
49049
24492
4542
71969
36404
15134
21068
54665
5931
87492
14333
32395
86939
57170
15131
19928
88627
44735
6082
86575
52282
26731
6888
67278
28893
42555
93666
67874
43206
84551
98925
13149
10588
2339
68714
30124
5857
71057
94380
29329
59746
95082
44010
28156
28215
17177
34863
52690
47326
75307
53021
83128
32617
23657
1459
12797
70498
79696
28959
49020
48899
55662
72482
60685
93435
53969
32574
30674
37741
62264
56298
20349
11578
21763
70375
62169
40355
66728
97634
40368
6404
15754
2292
12634
59734
79268
74549
61523
99351
19245
93809
38686
42713
49621
79958
30445
29007
1490
73371
95321
2863
48893
75085
41957
61658
91557
38732
63451
39023
64251
81763
27302
98003
49360
36503
14216
39790
89696
59969
56978
8824
97816
62325
84915
98510
47333
42792
28241
88230
22948
15363
61302
23753
83866
85990
9386
12250
6805
72916
75609
3045
18354
38002
70114
59006
49078
41926
16553
72151
62552
90272
10574
58057
96484
82499
43766
88636
27893
67162
1570
88122
31834
33105
91809
2072
54415
16604
24905
96314
22944
68891
71020
89108
15105
56485
36055
70225
62224
86294
55535
74780
27382
47939
52468
82441
38993
31871
7318
91691
76351
45935
77456
73182
73943
18352
73116
6557
779
20690
30427
66592
46313
66436
83661
94060
25250
64761
30108
67092
14494
54534
20868
27437
94664
66775
11980
71730
30641
3366
13177
46718
44721
65877
77346
73222
69927
33962
24158
29809
63158
85965
16311
75806
35111
54792
78916
71031
11328
81736
18964
1004
96765
5784
81597
58252
55547
91065
27840
91451
28204
32717
238
22032
42216
58106
67261
53275
10699
94842
82195
42469
10932
83649
26960
50880
52590
96492
63743
48149
85334
6564
45617
62919
78302
20394
12299
92184
92364
79865
31011
68679
72969
11295
83910
29952
83492
44855
49475
78704
78170
3681
83945
54799
8452
95976
13704
32571
54907
69676
31328
3268
28905
68765
11762
88402
99781
77538
25147
77159
22250
86270
30649
83985
39719
86435
31242
25495
15738
34423
5083
49947
50928
49566
86932
57022
39616
36434
81540
51474
39716
43187
24070
21626
95528
18587
6008
26080
43613
99631
85974
41793
89356
31834
6735
97478
57939
77581
31421
7749
85272
67942
14482
7493
3267
72770
47586
11829
13071
62184
38854
35615
76894
44984
74314
62771
85407
6656
45184
15297
7033
84459
95655
68992
50855
56147
93201
34282
38551
77769
5785
81353
45111
98265
16584
13457
60806
6485
43468
19669
84358
54587
56731
25843
52053
21079
55526
95192
36132
43703
17900
99555
91327
57894
7167
65337
34286
31517
30674
36891
32710
7947
27292
65574
76393
65904
4665
8936
99117
28007
77874
49522
99179
26735
86092
52067
14931
39824
45196
1587
64283
22896
94423
51762
62878
54734
92687
74043
64252
84179
80806
33791
55326
74282
45012
44174
88900
47692
38263
58087
29556
52732
76003
69054
4971
67384
69204
5826
58118
9904
10822
56049
54409
63121
49416
96906
96200
6916
42398
12855
80649
39457
20511
37711
84953
18492
90482
68649
24587
3509
44164
17589
13838
85386
45047
32885
4380
59310
41430
27021
45694
70122
15779
49580
83644
66887
47477
36878
5198
87255
26950
36382
58791
95877
93579
73780
98621
92923
74071
4694
51553
33005
38589
14297
95517
75226
49397
40998
21552
49214
23847
69830
55131
13737
75478
65300
949
19122
61004
94123
37563
33280
66644
63895
5896
53143
98602
10533
44985
65674
32236
58910
65595
45868
94302
84584
38310
30075
54051
97129
23456
1373
69925
35381
62677
82477
98872
68288
55321
1498
60622
4103
21537
39968
32693
41550
7894
21183
7790
78870
19475
40691
15886
24032
86400
45725
23051
52523
1651
9645
38859
77183
85278
9093
39499
19426
40811
83120
35584
25080
51353
58488
86966
70575
69823
72326
33935
36929
86118
22908
38176
50120
13174
42211
23112
61808
5491
42377
3600
61568
55853
27811
32104
2239
62215
42889
93704
94254
11698
98231
96813
2088
65722
27613
76562
65135
83214
84010
75986
51549
87249
56631
50712
16974
25830
79865
21460
14130
68220
32928
49952
65463
39408
64132
62794
74497
11808
68338
10087
81241
94773
68099
69369
67276
719
3128
68185
14893
14842
60179
92645
92747
65996
7336
70214
5552
60992
85598
49210
33896
33276
19261
73047
95614
16131
32607
62484
29234
88269
59328
69350
88984
51254
36084
32325
65320
46798
41747
25807
23771
64788
58692
78479
80351
35459
95807
16100
50294
52050
61685
70519
52401
17292
63760
12350
45994
89507
87672
35521
1233
41220
27868
3364
23228
15821
74254
81850
83139
61504
93017
57451
67491
75750
70690
50155
8708
2830
80586
17882
17986
77293
33938
25166
2843
44714
37696
81304
22288
13819
67872
62478
88524
79693
38121
55950
78199
2439
13646
22143
86678
83137
77666
75490
11800
4767
60797
15890
38226
1513
23386
64692
32329
782
91102
71223
24095
28305
96324
76230
87907
82655
32414
71197
17952
40481
29830
33171
47699
80806
43018
90234
3073
24895
5576
45275
36647
87924
65236
86192
44333
82790
48382
67348
41134
92069
64065
78965
19928
5678
34196
72300
25440
14299
65735
1186
147
37964
77998
77214
17515
83806
68253
91253
74075
70896
82402
65277
70606
44909
84637
80218
9440
27977
60833
76315
77088
39088
46521
3356
23225
80874
56742
82619
46999
45556
87262
48107
50504
12352
50011
53882
82217
83804
33491
18720
79900
38911
32495
38365
46670
2358
51257
79564
46553
59972
60145
6355
53669
27850
37945
12890
70928
86662
72114
80592
36622
51737
29866
70669
2548
28006
98351
81826
60222
27089
713
4122
44694
45174
64684
45182
98614
71472
13893
44919
65970
86903
5829
81424
13048
35100
17865
1011
38152
67002
93421
99143
35132
27224
53787
24795
42714
94788
77422
62976
71178
50563
81603
59193
20566
53065
13732
86085
74225
2161
24852
51872
50872
80306
33600
7092
27468
94588
53996
33365
63436
69966
89863
87437
63635
56861
37768
89935
32410
24411
45766
42206
56199
51273
45382
11486
77486
81541
29304
54621
94900
47941
38545
23244
40292
79223
71769
6959
99485
53516
1112
73851
30096
67279
74694
62074
95318
84023
86451
69929
1290
40892
24647
17360
60901
49459
94642
19517
58129
20250
65380
80922
89842
93026
93682
3674
46175
68560
85472
67873
54834
64956
48374
39325
1959
4998
11196
19104
55863
51395
68071
354
75752
13397
67789
68520
39202
85160
83120
17799
30579
52729
13693
4978
79058
86701
36665
11726
68856
90135
65375
75542
68726
31905
61994
73028
12459
8410
12253
92206
81687
25195
86674
1699
61295
12269
71492
29904
7685
4103
93710
12010
18217
68356
68436
4180
83784
83639
29949
42695
57872
84554
81687
24309
87658
51267
11022
16340
16765
69583
25828
93839
13682
26237
64497
23231
5215
3491
98072
67870
62163
19545
81676
90805
24267
60959
24072
93495
44158
99505
75962
13802
18065
43216
34082
42077
36340
51530
683
69914
63375
16917
26813
21157
38303
42198
6125
39909
37319
63234
99773
6849
52486
52909
84830
58151
69828
98128
80484
80145
18301
85436
65638
24941
17992
76009
53581
38755
78855
63051
47388
83644
81798
48326
92053
46210
76993
45995
15129
68487
80399
3008
12406
14700
12362
17236
43717
18879
60891
72052
25348
39555
32214
48505
45278
65099
79335
75809
93133
67758
99435
94190
96319
46222
74765
20682
82185
37962
93594
25150
46005
50579
21569
11031
94681
31824
47237
75491
39284
96869
82629
90797
26609
11552
74602
4824
16132
74239
17458
91349
7111
52263
81544
24555
23321
91876
7947
78379
93718
80277
91702
3144
14890
61728
61163
51847
929
28050
20483
53597
88601
24825
46584
68152
4040
28855
77796
9387
15854
18770
75980
20836
67322
22232
7778
46230
46025
73412
77601
86548
74504
92156
61862
50440
70658
19921
21487
97783
10885
68823
51855
73489
91705
69876
18026
13146
60292
64910
54288
8733
3396
6822
35316
3586
18381
15794
75554
6392
89571
29529
3430
12106
281
38788
26367
44867
62431
57414
76406
82908
39256
33400
15696
59896
20750
3676
91660
35172
36191
42300
90513
64991
21129
7967
48542
55544
33734
45099
55538
9262
82819
35336
79786
65757
98130
10758
57811
44782
73337
70198
1865
1916
59271
37554
23391
36312
17464
84916
58196
9500
92905
1650
87089
86417
96561
7718
47936
2112
37031
22639
95471
37433
82969
62925
27236
46880
89524
61384
51029
98405
80081
87565
60181
22143
66664
47712
88648
11954
2870
66453
52760
319
67011
80818
50774
11046
76286
72298
87636
52469
66352
1528
78275
34327
64612
30145
38028
63423
57164
58187
43497
4513
55456
21087
429
22173
58425
4057
80810
35146
34153
27045
98944
70578
55092
86990
23920
79716
69255
45664
34201
60631
53792
40209
55342
69310
1501
96745
53729
18092
76140
33090
70682
4352
76080
39234
7786
63819
19845
18548
59106
19278
13461
5212
1702
48288
54479
70838
11953
73596
11759
88309
40659
66318
76639
50975
82773
20674
36220
92581
45487
48946
38071
88603
5322
51334
54437
15584
25732
9911
18258
71763
5553
58179
41561
70170
38660
44194
47681
99116
55317
337
71273
44459
11649
74781
25729
60735
53254
48019
14681
45135
34258
63952
64941
14567
66151
62415
98998
52613
11518
17826
8507
71345
58098
31983
26293
4592
19069
44073
42523
76149
10240
33325
8341
78213
79829
53600
89111
23848
48239
93739
51638
68002
22765
77776
14248
53285
2625
62311
4548
44581
8991
90609
28579
41694
87874
76211
16106
97823
57994
43996
62602
45092
53837
52842
32968
7485
44570
55950
12210
34613
23278
45370
80761
95816
72853
83714
55057
72638
92908
31195
4896
13406
27280
47747
39304
62758
65603
68345
40748
98884
5969
87230
83804
71208
30739
40429
17931
87380
66067
44084
77143
52866
20969
58841
74234
4335
36671
48452
81755
64619
29483
47687
78707
55471
25862
70539
93871
26074
54108
61651
46063
94021
46083
6537
56399
56164
99569
36108
15554
50884
87708
52682
64976
24229
57715
8570
954
62926
1084
76590
31974
52973
57422
25158
90730
8677
46621
29919
25505
74545
12946
64849
42333
45663
45354
69046
93065
47555
8356
7178
65052
17673
79034
6396
28858
25058
7272
25915
72886
11288
64537
27845
71127
25219
61859
39116
3639
41854
90564
30961
30957
22015
54809
36343
99291
97978
33377
69088
98126
70282
10387
49637
22170
57892
77068
6729
24782
28086
85835
76955
88168
57020
91917
90381
20067
78539
35026
66773
16768
20425
42567
83016
42386
53295
45647
14721
73574
62595
11784
26117
85534
30218
84806
41856
1686
18755
43525
65076
42808
95981
88509
29522
16448
11093
73243
63142
90714
24425
8835
51960
98697
31593
547
33189
20629
70575
16539
34907
18493
28997
99851
91553
66083
44932
46417
56923
27569
4193
21675
99891
50086
41458
77773
94817
17641
74260
64271
82095
58580
58902
8395
42690
39929
1259
33117
63534
8703
95282
30702
60435
93499
51934
85607
4618
44342
93320
88825
89686
10842
35992
11646
14207
49351
69251
47902
9789
39502
41843
57160
4407
6725
60612
70036
33610
31667
26465
99182
5454
54445
37748
32851
57969
18108
58015
62699
69784
4089
45530
71410
59573
65180
1246
6056
91839
14161
84318
65578
36518
37211
68524
43696
41717
99589
72800
98316
40179
86296
51022
11400
98989
59165
5432
27839
26284
96412
63925
56842
87494
22372
61278
2218
21170
58627
30099
68906
74366
24794
77198
35504
24711
71601
19081
11365
62789
7075
22842
8536
58335
92854
39404
36224
37976
35055
32063
1606
80729
20305
71716
99370
73371
67265
34048
54300
64083
30298
73611
72413
77608
32965
74767
50447
65880
25406
53412
55936
33787
33090
84209
17399
43871
22348
39223
28161
3861
51594
11660
25150
41828
28994
42520
86282
34372
52401
66008
75600
61922
35901
27741
93208
23885
25707
14440
92031
22959
74338
97687
79309
58350
46482
96458
33993
965
81669
36848
37929
80235
52591
71269
89848
31117
94483
1211
1284
87243
3387
99808
65830
14457
18305
57502
79497
71125
32059
60201
8215
60300
53985
52455
93896
42118
88870
76438
95309
48086
9328
53639
36122
75014
66597
10970
54157
60245
86434
60883
37793
79260
92981
67911
81877
29796
8497
23902
73291
36780
41964
855
56084
55145
46089
46406
61823
98139
9971
1996
80371
94603
68044
23372
23112
76652
46042
5374
42811
82568
3245
6404
73397
86641
94003
65597
47072
80016
91998
37765
58007
7282
46226
25120
45587
91929
82840
39989
60467
456
65481
61701
68495
16423
56596
86924
60401
12694
57156
19094
89282
62485
37732
71647
40141
94836
83661
19246
34686
18112
93646
5171
57125
33745
38375
89299
82016
9089
95451
80445
36619
12446
94559
61534
83860
49644
3325
73280
96062
26885
67262
86738
39376
94671
86632
54306
5490
41044
43117
53970
12169
84242
19357
4303
74532
85204
21743
96557
29982
89432
2163
32188
41239
40842
28524
19003
32565
15922
20419
58067
60898
21207
48674
64706
6529
92615
49919
20879
18493
64452
62386
14289
83737
93464
78613
20420
99186
80897
67879
56518
53912
40647
89547
40666
50322
6933
42856
22601
34533
70493
55488
6358
76817
85791
94825
73345
12851
43374
437
34221
41620
2589
24281
42351
71823
8884
77998
29234
35782
47358
15381
48327
92632
69431
77143
96093
38134
43020
3524
87101
83536
57048
32730
4427
75843
77832
61047
14329
14551
44352
82061
45915
16214
65962
63603
93918
97438
4051
13848
78119
42353
58431
70968
14318
36837
86301
19986
45442
16006
46631
66529
87496
14565
46900
38121
98308
56262
33884
26434
40588
95769
45304
30075
26676
18482
15796
28262
22871
99470
31781
9274
57366
69446
73196
1544
32829
86134
18559
78300
43921
61535
33903
4366
2238
91714
56444
67363
4600
38012
84663
47515
52263
41342
59863
33093
13012
55822
51878
77816
37875
21423
66201
46739
38139
30149
19159
23706
18144
74763
44680
68429
63068
67896
26776
72822
68399
54553
24942
68345
12501
35127
63401
62858
29029
6891
61513
82498
94475
62008
30076
78601
60013
67640
27778
83997
15648
67208
56165
87415
34773
86436
90185
1802
78784
77128
5501
97952
55668
19192
47146
92947
75631
40643
96777
56332
84379
25685
38485
40374
27687
11268
84723
67861
16133
9845
25325
29242
23239
31695
4111
69906
2203
72545
9051
87560
41185
45942
78660
22436
21157
55732
22363
70044
53540
3856
61570
45527
84237
2290
60958
46574
38473
52886
81445
44799
26295
54167
72612
58901
87990
97510
35201
15192
78585
62973
67830
95550
10960
51192
77049
67762
21525
10919
68517
70144
6814
5973
51714
60598
41730
33942
9588
41159
31992
18164
89541
33023
4468
27468
54170
95622
21906
37572
8286
52702
72478
6754
98749
35030
1818
50634
3281
78724
91084
61424
16089
89494
31698
97519
74155
48445
91367
11345
38731
10218
65335
50577
37249
31145
59635
23871
24157
23311
15224
80934
96091
28976
10507
57735
74367
44674
14286
7877
95780
14548
72804
13931
96046
65391
20066
75638
42929
74019
19261
96703
95569
34168
76226
53317
15723
18230
78531
30530
92672
46855
79967
11271
87393
48901
51412
63559
54927
82213
61940
56493
32328
8957
12164
91488
88410
87411
60010
26676
87237
20179
48092
31561
62105
34845
80528
13061
58448
23031
73557
53063
24717
2648
49507
22008
25285
77808
55690
67454
7039
65315
64805
14423
32355
58328
85463
72273
2522
94889
75483
57097
49039
52712
28813
31463
67772
72670
79124
9696
52118
52313
41258
52464
32916
68844
71760
14002
97185
20227
34432
62835
22945
25054
2450
81404
56824
27958
3996
30677
52584
68496
61314
24421
26696
57521
44652
53126
72193
28947
8779
17388
52072
9162
45614
91192
87217
56055
89277
51477
10818
368
28522
55005
16198
51170
29126
50136
94888
62061
76825
72168
86316
93346
46204
86957
53267
76505
34164
83816
51994
47803
40521
65607
69007
56881
70967
79030
62431
70283
63114
98864
73008
11015
2579
73287
40844
67013
64903
21512
44377
32002
89703
1651
64424
64985
35710
98953
8274
88984
61379
98141
30324
73613
61025
64091
39973
26581
40214
34000
88934
89150
69130
1525
54661
15205
45231
66257
6031
84822
25639
39101
40234
93388
32169
86276
51084
53082
45671
42013
77699
23294
80175
7182
70737
87807
91247
88321
89863
79246
16338
26899
10815
11421
7260
58151
15744
83453
37651
46147
92470
26216
8587
69677
18996
64353
47257
42882
15820
64092
91795
6949
83264
88330
16992
69907
49547
40671
17352
87451
23495
60365
34394
38273
57825
25169
50307
9445
24015
29454
56145
85173
80089
7603
86268
77028
90819
6724
75378
75109
17875
9812
50825
27956
97652
18766
56152
92996
75260
96842
81226
66694
88142
26506
14977
94021
6070
62154
68876
99477
82597
8484
4820
36952
36462
8381
69268
96889
27862
43432
98470
13322
51841
97305
58416
3394
71014
45743
55550
2794
73759
51542
18075
57130
48811
18047
98089
38595
5175
35695
26563
2171
82718
15011
29810
35152
70275
72813
53004
47862
8389
68489
29661
46797
13621
44195
54382
33256
95077
57820
5942
12150
30527
4322
33283
61647
42582
4907
91235
42057
9372
58602
9350
50867
58556
2345
99654
31158
11981
66818
26070
93349
84235
27686
66087
63695
68369
10908
50737
78820
65584
94492
80206
79056
2479
81320
10145
68248
79308
14384
1247
20171
17864
49305
94249
49113
38333
17032
67088
36958
41870
22780
85378
39002
324
17540
44109
48795
97887
85142
36526
84594
58495
96030
41363
14801
28497
40571
81443
36918
95528
44060
2763
3870
95163
86878
5457
33187
26127
23670
29296
33159
38250
2491
3229
5519
92140
75819
363
82050
91177
85839
92033
82528
18375
7984
3443
27971
86925
70226
42003
92838
8741
83431
49081
76328
44826
12351
42581
63928
94223
1792
90731
99609
22131
93343
27587
29742
69685
29401
81470
91488
75768
63072
25619
5645
53735
1328
5749
63974
62331
1340
46801
22121
49066
97545
34442
58808
32782
30089
98373
28475
39677
48391
88371
50645
19686
59487
64100
81598
7803
79547
18110
67747
94048
81745
27852
19752
15050
36313
56854
36028
38151
77652
41294
39490
27544
82673
36395
50468
849
12259
64958
99297
18632
43360
91771
36921
47566
79153
25611
34437
89127
79772
9118
37338
38105
22527
39304
8583
34306
35220
43370
80801
26453
25747
18996
40124
61870
88773
65587
40523
20844
21080
5580
18510
35323
93772
44369
81871
6230
9125
63542
3296
79407
22161
94093
28830
16909
29585
266
21853
59818
58093
14645
16219
62777
71684
64687
29289
78703
35406
99945
25968
71759
42827
17849
13203
24936
29387
80681
45010
33124
6431
70449
64381
5222
66566
26108
70840
79249
23277
64770
39777
42198
98432
17366
99089
80956
70287
61855
44194
38082
36642
48992
46311
79749
11169
82518
91327
27582
64688
53316
28898
7396
19652
51311
63903
54545
74484
58380
34010
49328
12587
6748
56732
84736
2589
58888
28918
42202
23265
32933
98293
86463
90151
68834
17193
57188
61194
46530
83760
69682
21904
52203
56274
56381
97691
67941
6913
15151
75290
41180
16049
53276
82523
17601
23452
33847
66427
51932
48734
14594
16698
51673
99819
46805
67087
44639
52866
94294
39944
9261
83416
57033
24476
8288
66563
50736
41658
43234
83132
55218
65857
72420
52342
52365
41774
29441
20678
61595
57515
19702
11745
56083
62006
95023
30681
38711
92533
45645
6264
92106
82592
7021
59764
92938
57796
38398
45665
24623
39018
76096
7714
29567
75130
27640
59750
619
75518
28436
36668
85233
899
16471
15771
67880
30458
39597
72102
19632
50835
11922
7411
24275
3034
98287
35836
79606
71373
91435
1899
38985
17613
96326
49358
56207
48484
28233
33045
21692
6885
98962
65923
18639
47182
96218
78281
46122
1874
14708
83993
65695
92244
31687
21290
87635
42430
71188
24611
89288
47500
96727
56332
27291
66478
31083
44088
79589
90614
72344
43088
25786
26974
59713
61228
67106
7816
98927
69205
36494
58753
25769
9257
34724
25660
75984
61997
68829
50406
91567
80734
23054
19065
94337
9890
24931
66728
27076
2798
49920
61967
97254
22816
17903
62937
47362
74639
54273
29266
57245
52998
39795
88921
36041
64665
92048
85564
67875
67599
86266
98096
45563
5382
2411
30596
9124
65861
16882
59399
58938
14715
66387
49738
24866
19086
19054
95730
7564
28573
50585
77081
9948
29892
91975
62748
4566
55034
43347
20404
85830
39851
75332
7833
68083
49419
29272
82557
12713
61143
9006
50521
44095
63289
50174
63659
2380
30976
63917
29377
59992
14481
37266
89890
86931
4925
99812
26782
41540
64827
26157
64308
42899
45692
79692
28827
42605
69803
11308
92491
47993
53981
68638
31081
8096
30847
13692
59492
28222
75935
63635
27448
2656
95702
12839
60717
70082
89508
11314
77596
40545
63747
49453
81798
20775
87435
91559
72144
18266
27213
79625
34809
67787
65890
64166
65378
44978
87408
33576
10773
23963
67715
26912
81629
8611
87388
37458
92743
47346
11562
72908
36380
88123
36188
97963
46217
85965
41196
41915
57907
92444
29778
70584
18958
66177
14187
14925
36090
63650
69091
48588
3490
35466
51536
23213
32170
56744
32441
83675
22696
52140
18642
76553
36744
49152
13902
98403
93147
62062
59059
23245
72626
41641
62581
32554
38714
10027
19161
35776
36169
64260
71939
4813
22766
61248
85413
26269
59456
77395
42840
66434
35304
97594
37233
12779
91420
50951
70226
97166
69815
40287
71030
33596
45229
27108
20357
10726
49256
60948
68377
56218
98906
13188
6033
8540
12074
66015
90814
81078
23889
46863
24384
56439
89897
68430
79824
37427
56441
43147
85110
58670
81880
26077
25269
4804
77368
25397
22606
14924
34393
21425
91590
66792
85951
28335
12352
16984
96435
40985
7901
49155
40884
24011
84904
78471
2016
4929
99189
39531
94968
87105
89682
9249
49641
56513
42178
48326
16528
84356
25571
26141
50939
27414
35361
40145
65740
36713
97655
49072
62370
75304
29228
63763
10664
34657
3520
55941
52600
18601
61816
4721
90878
94485
90918
65324
92231
11760
47133
14139
5062
71436
30552
63394
6979
70025
89189
3805
75913
20659
73972
76545
54047
37356
86756
96778
32418
5648
28074
85720
83265
58150
2389
40293
77018
82913
1200
7884
86534
51173
48760
22305
88011
59229
46124
44963
84066
36709
13192
22784
61398
75554
70005
21000
85074
54835
54959
9557
59171
90754
25972
15120
88003
12122
33507
23690
16159
11816
66580
63019
42590
90221
56515
32626
47949
21722
78220
71435
53156
50908
94441
3566
83279
27512
3427
10320
35960
75993
75792
26479
60669
54026
47264
30102
7150
94591
52729
66798
95306
57180
27620
95744
73104
74347
67714
24576
16493
28902
38578
29090
31402
66097
29942
33770
36499
90799
56253
8462
45824
48311
43320
19373
76808
26183
53599
74115
17042
71728
20459
64141
62410
42346
13087
91004
99826
52566
80550
55965
58410
95846
65494
97687
65524
5907
19582
3165
51523
95577
36494
12851
88056
22853
91906
62156
19202
32204
68903
89988
40859
1296
84174
71418
89482
93455
31195
86189
75789
75150
20354
37880
74211
30184
37685
85356
83773
75310
12684
46140
37996
31288
35071
43102
84074
65265
82443
33716
92245
69741
74785
83537
79405
89508
98059
78850
1002
58109
71214
69547
47389
83362
21058
68348
50982
16363
69393
91316
1629
92123
43066
49730
94278
42805
13173
57971
80267
28295
272
46708
88755
32048
13506
62786
59818
31212
49889
40647
76759
73493
75944
68869
19806
73509
10298
44289
79014
46651
42499
76429
61315
8357
65552
51294
88238
73255
64609
88481
6929
37000
60857
84387
12169
15876
72283
9524
22111
62172
98643
50467
62408
85731
20258
61310
53444
35700
17467
17828
10672
1287
51964
3741
58012
60225
25398
22166
67903
25347
71030
41159
57996
39946
44308
8006
56213
68920
2954
69645
30755
43244
60231
42857
12487
46555
75892
93322
93731
42391
16224
34110
62942
80203
96750
78984
97906
37353
66537
79788
89159
87138
42484
85920
91553
72497
5930
29329
73926
59766
24783
45090
23175
97492
34432
77612
32076
51984
63610
44363
31540
61736
19784
23332
54279
77850
97104
66493
19523
20680
30800
90889
62601
15432
53187
81406
26167
24499
96856
57214
25638
21841
34637
70006
17017
77048
68958
49654
96557
95319
67207
12737
43150
33833
31751
65238
26151
50815
84551
60613
1479
10261
46399
61064
54995
19717
81341
9088
54531
97169
5148
69143
72607
41728
33644
65432
8446
58061
70011
65532
92228
76236
25224
17695
4773
49366
76403
53436
41442
33496
44405
13283
6056
92353
69499
77639
1653
18456
45634
29173
37346
92809
88273
20920
83126
9657
48141
67475
99036
4980
66819
36456
68418
72988
95925
76893
3969
99455
87496
99890
77867
68695
46342
96817
83676
16581
74099
2190
28828
22969
30666
68415
89554
39248
62234
43310
86178
77085
41023
9665
83640
6331
15611
56014
41305
38094
99041
17169
35867
27690
39538
74078
63795
97735
91553
90097
32269
25510
54680
9151
43409
68304
47376
65192
47872
92451
8730
2847
10652
98083
502
7179
2986
39646
41639
62522
76639
66879
2023
94194
91610
72484
33646
19488
87636
9506
46234
81586
54691
34829
62259
85601
97087
12707
11519
91508
61627
31329
26417
17244
67369
99141
85499
60783
36504
7524
69048
95235
42050
59003
81543
61484
44245
60939
5781
79844
56595
35029
26111
60287
49733
82978
57578
4211
76428
6083
98952
36842
23789
54601
98951
75668
575
97873
86458
53586
69038
89889
41676
49085
60147
84115
11216
39606
6039
94788
11347
40162
91901
44283
70192
51800
67282
38431
73759
76088
78193
63347
627
88547
78870
85138
79107
82181
69716
20179
72843
67147
37729
44867
87619
22681
10914
55653
88613
94411
71094
69318
53655
74533
10640
81318
46465
82317
48452
12917
58433
73387
49490
37321
96494
4686
71458
1835
77947
35304
23566
34447
33001
83969
52205
2841
39564
96686
10582
30251
76401
8987
31699
69868
31741
86186
7517
89622
98977
52118
30729
2668
24462
3087
30810
29456
9100
76795
17713
23586
23593
90730
53159
56809
66365
20549
24449
57132
95628
22508
52685
68718
88850
27833
69178
96753
2775
44676
80979
96848
84761
82973
52667
61089
22504
86263
38874
8411
58656
82929
42557
45110
19955
94085
43800
5671
86335
20273
5740
26289
20771
68866
84388
93158
32584
31035
45506
20031
24057
19982
15633
31730
10641
9524
59269
98867
97242
40206
68521
92390
1843
19112
5968
81024
51849
38620
82460
92870
70392
9709
60091
39334
15199
45827
44322
52228
50841
64304
9522
12143
98699
92785
46530
23204
16354
76910
54752
55797
39914
19618
81758
63973
91755
98661
53928
33327
37338
90479
84852
74711
98000
49437
95050
44265
47218
1672
23002
18833
40489
58051
77866
10951
24546
71323
56958
14226
7874
3789
92050
6036
7910
58518
48218
60580
83569
97354
17742
86675
58317
97668
81667
60944
85050
29786
19445
17099
4686
68327
99734
75859
64125
84897
52552
70493
98141
27191
23059
22809
19839
5711
69069
56454
32699
9530
9499
43175
82689
60907
6037
78131
18871
26243
20492
77115
44547
4567
84406
33511
15214
35103
88819
30787
81924
18281
17667
83216
56649
66224
54088
53703
70167
94260
1465
38217
36042
47129
11622
8344
5531
22919
5547
38422
51406
9761
33296
192
15777
65603
89207
67741
33552
13628
66094
61537
25547
82247
39781
13860
29920
20162
71652
47594
97788
18275
76142
99059
70523
24591
3786
64982
32644
8410
10977
73801
7994
52484
96321
88153
3185
41389
7729
92753
3702
70848
32444
77446
56522
10368
11843
69495
97353
9955
79002
81767
93900
32798
57932
34455
53539
57015
12346
43104
48470
34451
39958
61703
56968
17447
427
2871
40570
78397
76787
82559
72251
47401
3352
88198
6664
84641
65424
92972
19071
59878
61396
66292
56293
59160
5220
95916
58007
21273
74397
57340
15490
91057
42183
99044
75367
74959
94284
96011
31439
94441
48780
86684
72187
72748
37979
76969
10116
80266
22750
5232
8107
59695
690
39186
5156
29353
25822
78147
59965
40534
8136
21016
91198
84889
54888
60070
34536
30168
40568
23293
80172
91829
12249
78825
82592
12908
35461
7641
93984
3127
57601
29114
94388
21990
94933
62214
34718
62627
34510
83279
25115
97312
68844
70227
65591
57589
39366
3110
20652
24184
35549
4816
98646
3022
50795
53658
17360
69228
84279
94925
83695
90388
47665
27401
65497
89567
96542
682
62026
38938
5943
14689
45227
97396
80058
74057
68101
88836
31319
18931
21723
55738
90047
83761
20791
18465
49338
98369
46370
45425
46252
55547
63857
27456
47800
11481
35911
49291
87680
55940
46299
11895
74837
34661
30057
82351
98104
47511
92673
2335
29003
75718
68036
60281
31030
26892
46048
8195
1172
70468
12976
61282
77067
27684
87476
25632
2873
74325
36519
2278
92773
85358
81754
69535
75562
20557
92007
77336
98031
83430
95673
10784
4328
86940
24145
27856
27082
72641
86994
77562
64523
64013
9346
73776
55313
53809
20159
36753
10584
95258
55767
77257
72390
15189
72966
49758
989
86898
49820
6689
69431
58118
80188
84098
99125
58414
6218
59065
25536
74911
79513
83702
26906
7965
8096
87107
54865
55542
76747
91543
61889
57428
92290
91643
32047
72580
33739
83377
26827
44223
6599
35202
55643
61771
9966
36833
31642
70455
72844
57998
2779
50311
70601
99006
29015
9335
86642
7485
51251
4740
56424
11841
16092
42520
38630
31370
98843
1512
87898
85383
71609
71576
29859
23786
91734
42453
34854
40576
87561
4688
89153
40979
7551
35069
29129
59596
19248
67241
29789
91834
5168
92555
55443
74480
24135
83814
67276
53031
75466
55233
15511
79094
90238
49410
76028
57761
83824
35835
5107
56090
79003
85846
36050
99292
61433
30711
48305
92363
52665
21991
48110
1257
15696
18412
35690
81222
21291
94851
55493
7640
45617
62640
74257
10932
34008
87049
24321
72531
80656
84388
97541
43258
94714
67716
26275
77375
98546
66901
76198
97100
75436
90328
36381
66871
14764
13553
49714
27045
69019
47441
97385
95714
20162
33700
99540
68104
29501
13457
62731
35561
24805
6862
24268
69465
33314
51791
56024
53517
79223
86595
60869
64664
61137
40243
71553
18700
28528
46754
39122
80686
59387
23420
15157
36204
96946
78838
97519
81251
91429
32916
30129
54652
52105
81916
62877
45433
20846
19036
39295
31639
20406
54303
10337
66902
33008
62246
61532
1497
34221
62792
52645
38616
66096
41129
24438
74786
61326
55519
91193
47346
43185
57089
16895
58256
14635
6166
47490
72065
61527
22156
80152
9910
93316
90541
64937
48389
35351
71675
16762
1369
93215
10248
1363
50538
8431
58134
496
95273
80512
14798
28524
10554
43807
63773
54551
39541
2915
43880
31169
49565
26629
34060
9623
37607
96166
13938
99039
42109
23481
60649
77441
98850
24154
29173
29559
73022
58306
67836
60293
32892
64384
90166
91216
46410
71158
69605
2412
99709
71160
65176
67112
26784
76363
29473
61398
18505
88210
99529
73867
77414
5996
53822
3089
80802
87555
99398
8431
86682
96198
83349
6543
92977
52967
19011
70224
82587
18365
36864
27127
8853
28313
5182
94026
36384
96358
5916
3777
60891
80579
55985
43552
69807
37020
17111
85259
42030
14124
28391
30638
93103
46648
9987
59388
88939
65245
37860
14199
8170
71748
24684
33583
38567
34773
92908
72416
475
19809
97585
6069
39256
78903
27680
15574
62157
63718
72567
79964
5365
47581
11403
30745
2084
23478
2647
42189
91320
89767
60641
38597
5308
81437
59475
5706
80291
79281
57286
60399
3447
94936
69889
44911
34765
98992
77759
39355
95195
61028
17431
64091
94519
99129
98329
26023
77865
3402
47215
11740
55821
29980
4811
91926
24330
93750
29443
22546
50233
56601
20992
66341
94773
76375
6745
71900
63968
96588
72602
86020
18959
978
29062
19614
77185
95146
70571
82103
97748
59011
23761
75691
70526
16856
51704
89429
29863
24249
8852
48795
30610
45848
44044
79239
93186
94400
15379
53694
863
52401
1676
11087
4228
32429
76693
94431
10920
16944
29158
41261
3583
10470
27283
787
89240
98929
59480
39605
3167
12600
28949
74600
70489
36261
32608
31594
50557
21873
50997
49173
25446
16122
93824
72742
81432
34285
55332
11835
72394
59210
19833
8636
49178
47050
8004
63450
81185
43521
66852
9636
60289
89248
79901
63095
91351
23726
77206
27810
36169
15946
58369
71327
90955
86652
19299
60332
96057
55396
73450
26431
16367
37683
16766
97303
16155
14879
80965
4784
68160
72045
15336
82744
39683
6132
33148
83372
40822
3768
78930
84883
73149
31518
37846
90532
12079
16737
41839
57148
53379
80782
14979
17840
80416
70488
69541
98651
55307
34077
80467
3632
17005
44056
77265
95606
83341
74128
62375
6398
35665
66383
19094
50344
23343
45839
19858
65538
7270
22554
79056
57596
95295
69925
16681
74898
92942
73149
35400
75286
44017
90565
71222
69849
63874
66275
54613
23987
96701
11934
70067
12456
81198
48146
15984
81344
83999
17412
51167
51262
92787
87253
34597
54766
76779
37339
60375
4714
77292
66571
89603
10483
10427
43675
68464
23865
6556
14898
65869
68924
75260
19761
8877
59364
13862
54747
16618
5289
74808
56602
42885
65856
96554
83846
90378
86119
7517
8595
58687
33305
44468
87541
24089
69839
46064
90796
96584
20736
11860
61510
49612
54050
92438
63371
18665
42126
7634
51051
63821
88386
15989
68709
39610
73158
80680
23015
99032
80569
16347
28923
89824
95317
42418
8606
57522
62492
51994
11995
7755
62766
30317
39789
86320
38533
76908
7064
46044
95478
45739
1703
50149
39981
89475
50035
25561
79337
14851
82563
16171
66406
43080
68336
54668
8137
1018
25498
23787
71056
83574
51638
54925
48050
61842
39007
16613
84947
77812
38549
22100
69962
32939
62313
63102
68493
17823
12415
52996
59495
10383
78360
50792
27502
5216
33323
37826
6587
59863
13478
32770
69293
13311
84671
27099
20393
10841
66764
7760
76928
11008
88843
61338
25920
23508
84295
24215
82500
64320
1962
78218
86232
9532
50980
61491
70240
94892
24233
70450
30028
38354
93865
72533
95482
99786
3705
71412
80800
89018
6303
91511
74768
59621
63525
14181
78505
39422
57686
82007
26159
11202
73717
16952
23236
74610
29011
76348
29317
44057
85813
18679
15448
23403
46021
69293
26839
69408
16766
82709
92743
50857
15036
11649
52327
78568
61386
36479
34110
6386
20384
95042
30931
92217
32974
