40584
29236
59059
89330
50491
25283
33781
25449
2032
15801
8689
25569
81339
53302
99406
96232
13698
62753
49233
30214
92829
16213
41594
94357
68670
94939
88519
97165
70613
6191
11234
4180
50678
40171
54554
99436
53577
72686
53362
1608
24509
42786
75595
57815
3750
56989
22015
36038
1710
90944
11528
19245
3915
86729
98653
2749
39172
18840
38358
3222
61306
62448
72229
44309
72112
50951
70187
48886
75060
23228
99795
77121
61758
701
26174
52661
74498
99054
93335
67961
30003
23465
43149
73575
90816
52623
41597
79244
2972
15552
14263
67967
61794
59874
25390
23944
41223
36457
94724
75378
75077
79567
91346
22325
79222
91960
79984
54150
3138
46060
62045
11102
69979
27615
65875
20568
5120
23849
88464
83518
10636
44395
98302
85525
29645
44495
31401
44643
73647
52423
84486
26804
50803
43181
71639
32525
50384
13222
46297
61341
50878
35475
54163
52770
30364
41907
70252
8965
78683
33278
2638
66773
17775
5901
13628
82447
23279
54775
47327
42663
79701
82177
25120
22181
51772
81971
89411
65485
42950
49014
7334
57193
65978
85199
2983
7604
65567
35168
76166
94660
86005
98019
5403
18094
15960
62744
52946
71880
63920
41639
29667
48072
94731
83313
75542
22727
33946
52767
53039
91904
13622
1769
14048
72418
40284
40835
31107
17438
62840
53410
24034
79120
18721
18763
64037
27225
11916
12874
63395
34284
21414
76407
87202
4413
17090
13227
96805
87566
28430
48490
43433
66922
8194
37916
35294
31685
51252
14728
12358
29191
18089
74941
156
16725
1073
32298
25297
19980
70549
19366
83166
17448
76182
43178
74489
20837
83064
53956
51470
69638
33337
10935
74268
88597
4670
36980
37665
82825
47061
97674
72102
81133
86776
52158
37966
84077
28735
53806
58906
86285
26556
87490
51279
70092
8501
93084
3614
68334
91887
43362
17256
32958
41888
11375
45530
90795
57439
41523
95209
68124
73061
62733
29456
59564
8175
55446
22500
68367
31762
21740
62968
22947
15766
79675
38069
36897
26710
62829
2342
46028
46980
93347
90682
10165
92825
24276
92162
35390
54014
9485
8168
81388
70162
25057
69289
12907
34166
17791
48683
64240
9799
52048
50083
70294
19242
80631
91750
12255
56601
37701
3769
77208
45793
2633
90346
60710
45316
54085
97152
43635
50450
58418
72683
44884
43574
34790
98596
67424
32842
40915
40753
97546
11128
77607
62696
59249
35754
39719
49248
27262
39129
4821
96358
68833
14192
36162
9477
30905
43220
24684
33811
4718
87775
95818
59034
19067
59353
86507
30920
68572
59680
88044
19977
76555
22029
28637
74409
85911
21004
12344
22555
58167
78121
83247
10920
23437
12560
91251
52799
27234
62801
60429
91154
83606
71972
97814
64879
80890
57359
90042
15700
70021
53639
55878
74011
61192
97837
78995
15393
68040
96158
34158
62945
28579
68735
37893
87525
46357
67384
51507
54600
55451
1388
48799
29960
45145
55901
21505
61746
40657
17258
66891
64473
36028
89088
23318
46108
76321
76943
98069
24030
72652
37345
96768
90201
37208
94285
29118
8940
99699
23437
60321
51720
90361
8826
18453
30081
8703
76980
91727
13219
98887
38027
7710
21219
3896
760
74752
70680
38914
89690
37613
53060
32063
56313
42738
11248
17677
91935
95984
48487
57650
97541
20949
45670
38634
55196
20765
49466
57916
7743
76527
66660
30912
42334
81162
32766
61526
84149
46064
60980
91063
38368
11642
51988
27104
88443
68108
42262
6225
75335
13694
96069
70774
37720
34900
51611
27137
80903
43769
4953
58699
83250
85879
93855
66348
74140
4469
40416
18281
88105
70210
41264
22304
18270
37144
70538
6373
21377
52694
44505
12782
84029
89463
53952
22407
47364
98939
14695
27278
5384
22294
65202
35088
4531
93541
32061
12832
28741
83569
30578
77509
89088
13411
18939
59467
68132
4570
64291
17368
43302
66339
89655
89541
18060
39675
3210
39003
64200
1190
85054
2221
47658
75640
51971
7040
5623
10352
37957
72734
60070
44412
99519
36839
97755
32769
8332
67483
68176
76092
96863
45355
53838
81438
83320
11120
72923
35168
77664
75736
12479
41029
11474
27188
53020
48677
6693
97251
77690
91737
49830
78747
73252
62808
3129
16040
76323
24898
79306
15578
37469
31193
7595
56106
87326
57888
4250
68905
64785
41960
13513
12258
14995
34256
22336
52936
78140
77648
31699
93189
30640
56963
5382
54838
92186
78670
26239
53343
21234
89241
71334
44941
74705
65202
89504
19545
83393
89234
61762
49411
3014
71010
85093
70504
74044
39685
39572
66080
91395
8601
66208
55442
42856
3676
53478
53385
3029
16163
92687
42529
71384
82935
37433
98510
45487
81319
74737
99915
3153
64786
79716
43379
93083
75789
27525
18624
40426
3125
96909
38595
48275
21835
10096
55458
97138
56282
38327
61633
84834
80287
75019
59842
34139
23228
92376
25891
46192
86301
65594
88037
50262
86546
77310
79730
22973
32978
2117
17880
37229
80563
24398
56704
80869
31382
11259
58250
5659
30299
34107
7573
8796
33402
42962
92159
90140
9913
96927
33790
77549
67744
96323
79009
71227
5834
21283
88008
24982
76558
4440
45677
35912
4974
35277
29193
24268
4934
22237
18752
49906
99220
40997
76531
31268
78093
21015
64333
8509
71221
21535
81010
31086
37170
69024
5941
11752
73858
97797
17697
55491
11814
89511
61818
5640
76834
56045
76743
92555
21456
96130
57076
68608
83998
38793
16428
68013
30552
50921
44902
13729
50585
75519
30156
53691
11196
53216
60096
10322
32614
50415
69823
4033
94854
74961
992
76714
92509
15804
6104
2592
60217
36671
47235
31291
31536
55421
88306
35887
1349
50159
78925
66316
20967
95123
97226
41057
62920
43450
8925
27878
47126
40680
66844
55793
80918
4005
83075
16525
99835
81177
75262
57345
58751
90565
39885
89955
24909
11106
25622
53145
32131
59652
20729
14419
83534
39854
51706
50852
94309
542
79370
63951
56785
96299
91238
4416
10249
50160
73313
77805
62224
95829
78795
3652
77980
56267
72485
56018
95603
62768
31070
98751
92508
79116
92324
35855
46980
91057
31488
92914
39320
8077
3248
22947
26923
42484
78676
13542
95139
23241
68017
4376
52917
5807
81715
71726
29091
62611
50166
27372
78583
5793
52154
10088
58059
26701
79739
77021
31566
62744
16934
35980
81288
65155
39730
39032
82828
93255
62600
39178
91891
42400
71905
78736
84056
21727
7892
55012
6924
1926
61461
32751
22098
36315
5897
8594
96689
30494
53021
78032
19371
1291
18423
10774
71976
85380
24091
5879
94833
4267
4963
39011
82010
65942
63463
53606
92738
36375
74779
93762
86904
12434
43919
88922
60222
33168
9792
42975
47221
59895
10615
31724
2592
10115
55669
428
80912
12785
87628
98654
95259
81849
85182
18917
50770
56091
74320
47777
89262
82231
66305
86104
91302
7130
47937
8831
48100
95479
50509
33285
27016
53131
80984
35695
69490
58058
5246
68889
70341
42529
89005
57028
49261
30662
66624
32099
28429
88795
70442
34774
86742
26657
55059
68253
61803
54394
26163
68116
56882
2329
83260
74662
7796
20919
31291
37094
65620
37360
4668
4593
96382
14916
19283
26245
7258
65754
99303
37083
74222
33884
94136
40920
63995
87515
25779
47067
96688
27319
46027
49003
63352
32719
4937
91851
5177
68133
97247
93278
6239
34107
22942
37087
30278
25041
66212
89507
38826
21541
68303
87428
44721
7265
87789
41659
94240
80826
95759
16829
75001
89059
58176
28520
23048
91915
89232
87984
85019
29122
46953
31637
68334
56508
46706
40919
11664
17118
89708
9070
82269
34856
96162
49252
50871
41884
27575
16125
46702
69346
57860
55406
9367
54280
65336
80772
61681
61297
5331
44405
74309
87654
32270
14164
51848
33443
20396
40293
73154
29195
83265
59900
82043
24983
84955
72355
13616
52657
16360
66644
98555
78142
38931
54282
36378
21630
81932
94880
18197
94016
27352
71841
39170
10859
87289
88401
61122
28638
95822
84832
95525
98752
31714
4008
87867
56961
29205
98982
151
50093
49798
68446
18394
50287
92040
67956
16046
37437
63610
14911
50923
65446
17999
91300
71103
19941
57638
94544
57989
79506
36084
21860
31253
58677
15256
85233
79904
3229
32519
25201
49712
27311
84146
96607
40960
59572
34855
33954
46170
56144
78699
68368
88872
47803
23319
66383
19503
36416
73078
96660
67200
80808
50890
70037
10964
88487
4717
25441
3715
85238
25187
72114
31747
9483
58444
95248
92969
91360
91610
10420
70626
97404
21637
74626
66002
88508
18221
39015
88699
99314
45892
45231
33521
83335
50184
29934
74827
72153
79467
37878
51012
98475
58824
19749
30674
54083
56784
62522
50214
62033
92642
7807
10122
27351
82903
38093
43827
45239
51674
17673
43574
58762
13059
44330
69828
32774
72812
97761
13508
59045
58305
98907
6606
59202
18320
60415
21986
33485
14871
85629
44285
84842
62076
53556
29337
85737
32222
34278
87613
23570
85683
63546
38476
68291
22023
96987
10970
16014
12383
95849
96415
70788
55186
90032
54310
1290
6293
98585
77920
21683
75523
97822
57494
94040
6403
80016
35883
21841
56622
12726
17667
27404
91739
52623
67347
22274
61033
23861
61668
4134
59551
70905
16894
51264
3384
61875
90176
78699
43755
94388
72903
26107
44531
94187
70067
88432
91509
35682
97994
86551
7677
92162
25314
9883
2624
40287
19222
13339
15140
41700
1059
98939
5292
59154
18228
62201
93204
52734
24862
1156
33802
9790
52664
48512
24668
79002
85488
2214
74695
50356
62140
90722
22728
31927
28517
89316
26769
40008
82839
84720
76027
70733
40748
72375
57017
83240
31026
26285
32969
43663
36432
98433
5952
12854
50621
17625
34934
55919
26904
25854
70972
99157
67957
34621
86559
7418
84424
34600
96095
38189
10982
64851
47915
17456
72716
76826
90888
58592
21397
26617
4262
82241
51527
4837
14745
2864
27113
45903
65354
75709
9066
68919
10336
3054
41223
59815
78772
12348
98571
97566
77803
5167
29739
68647
76153
17129
97119
58553
14033
11725
73093
10473
19891
33807
80195
12124
53135
28076
81110
98711
65010
13674
94223
53185
9825
30463
68988
90937
2390
7703
30080
53845
52268
43628
46303
14262
91454
29815
25013
32185
26731
38955
72837
17563
22281
20787
83763
36767
52428
44413
53554
58968
54413
30492
66467
12683
40918
76654
58439
85241
83380
61743
5248
55722
49117
86583
14489
36749
55984
19455
69469
68103
20380
81101
95506
19197
77052
37615
29836
4425
35382
17139
22111
55473
46751
75376
43990
54034
18729
48636
16188
59647
90451
18962
23874
91765
69604
93510
90718
33691
11094
1380
3528
6696
99349
31380
59330
89725
78774
60218
31988
74129
32359
58731
20931
31011
53808
24132
27641
34737
6442
76304
71221
73312
55296
71972
7693
65341
84151
43749
41957
37328
32874
25215
38564
9963
44479
39704
44369
18679
84617
36955
74467
92588
9643
60079
6606
43767
41761
57026
42522
81384
75921
87889
47427
600
1270
46137
87826
57176
25546
25004
17337
16757
30514
85798
87525
77798
74650
64238
92722
18099
31032
11450
2767
52377
41270
44457
31312
24523
27516
34630
66288
25380
32057
69281
33843
25727
39451
27789
10450
73673
20343
35331
80432
10526
13307
24539
98994
95934
69836
11062
53762
37072
43004
61155
73616
29197
37986
48042
43334
97801
64474
90960
206
84679
19267
39641
74066
4897
30951
32374
37534
56217
25610
9350
97285
21401
28472
57006
93341
12286
65126
7136
70538
60359
71718
39547
85469
38446
74226
45689
17619
50108
28933
95512
23673
82964
47405
31476
19614
89903
11915
6960
10055
36350
35161
28627
13609
44478
27267
64636
8917
8816
69470
15756
73826
97580
28074
36976
58358
75621
25025
89068
60476
68810
27654
24904
88577
25463
42588
14873
96072
56920
57819
13145
88772
38403
55511
60792
33221
38413
9680
83397
90049
67852
12505
96269
52584
40410
99395
88107
59523
16882
78925
85403
26418
49459
61068
27179
43960
19307
39930
73697
50192
45583
11429
49213
52828
39967
90495
65952
80521
56596
15452
80091
90118
29434
37702
58966
10741
12680
71879
55876
16368
14285
94511
13488
80463
40766
59768
7280
61085
76578
70439
62738
21087
3938
43188
5658
31273
76081
87598
35408
27582
67561
38062
51929
73998
94689
75980
22864
26262
82800
45325
22767
30451
86458
82817
91401
90851
35981
23325
13793
54870
47541
11412
67261
74974
75160
92899
65614
35758
21748
85148
76352
34556
67037
86806
74998
72078
97911
92312
18620
86347
83633
76598
10567
47617
64480
17851
19290
75943
35792
24969
62193
16715
31738
79204
12943
88256
10655
82341
37311
38282
22572
8347
70767
17751
39234
4113
62329
82286
41053
67572
3362
31487
54527
67216
38133
16513
26494
12098
9142
9714
6503
90828
67437
51738
69941
7027
56538
29010
56083
1940
61445
79658
58929
44786
65928
88897
97758
47352
9016
97867
28850
40678
75836
65265
53482
87831
84335
6772
72489
85078
38590
66296
29604
53802
29591
69370
47304
97773
78033
7169
96436
43549
53198
66080
93897
22660
69110
23369
78771
38313
6083
79041
63578
47413
15556
96646
77948
79858
87510
58275
20657
90741
87393
7494
29784
33100
81839
17361
65713
44528
81588
41096
32665
11305
36813
51721
75034
58883
88930
5351
53369
39232
82263
80799
22030
28341
63822
43500
57463
84706
70441
82949
87521
91496
34132
45255
49011
275
56138
96935
63149
93654
957
19051
26744
73792
87221
45059
14224
65298
19330
81854
4994
37000
44209
40436
33732
73056
60332
35635
7197
12894
65079
74307
78283
74408
94472
39823
97240
30871
71848
25509
46123
17461
60245
14061
51879
73759
46542
84239
42734
15236
50833
23302
11861
37531
98877
76394
77647
73924
32532
82496
91553
97449
48531
44198
43264
88393
63339
36106
14007
94387
28851
28959
94485
57794
10157
144
58319
20205
156
82429
45774
27066
27631
23463
66824
16114
9377
88196
44903
45693
49445
67409
80329
136
11301
58894
76932
78341
24497
94749
31835
62272
65818
25829
95746
81070
68355
23970
79447
36433
48923
90038
90538
13001
62978
94017
34000
30849
19018
68923
66213
85676
28613
52804
63617
75151
40775
28900
13312
46178
16159
27180
43748
45148
89004
24240
7466
59969
46029
10641
33739
65429
63516
46556
10779
16942
1183
96316
49571
94552
50695
55426
15441
28963
72304
17806
46457
929
62319
71980
12156
74027
38457
18887
4936
98169
34549
2955
71605
74694
14991
46706
62667
23317
19068
38966
76472
68403
75567
27778
18985
94694
61055
49014
65525
36915
97754
40795
37311
37401
17127
11132
2645
76483
97034
86330
32086
81737
85622
26139
10565
30588
74719
85984
96306
98085
91814
80375
60205
30957
63892
63633
39133
82706
82210
2911
31643
11144
53839
24344
55345
37848
37227
10385
8512
35880
4912
18277
59074
15449
42508
47856
53577
88584
68963
95280
92979
20584
68138
13946
68880
77183
89096
11463
52626
72640
65853
42239
28124
33206
350
74899
32099
90019
12142
6168
14510
47666
3040
15087
12888
52094
95544
47016
72183
5201
70646
64903
54572
39406
75705
29288
64024
53343
41308
94101
53122
72574
13777
78078
38778
38914
78422
81409
47813
4750
74246
71886
17466
67321
61377
53321
64960
26887
8173
79359
23954
9751
3407
22721
82995
5069
82450
41065
48297
97419
49993
97334
52994
2485
80208
43421
379
48950
72141
96309
58584
56865
58843
59361
43807
19583
41283
81750
98420
54986
15726
12498
75126
39260
62320
76392
68589
59680
51084
92619
52490
87174
78589
36411
53097
17106
5055
55079
83614
17969
77617
88559
85719
8313
8940
40881
77521
84391
54324
91231
73436
6075
1542
30237
91707
59692
37685
7066
66168
665
4199
546
12963
36081
30713
36156
92671
46567
43379
26136
70969
73480
39291
84860
59804
31511
36745
30431
31078
95637
63597
61355
21077
21805
20505
96550
1581
82517
39669
40139
59461
60704
58732
10048
68042
1927
80679
90358
53900
97937
93234
24919
53321
12805
76976
55936
86291
24783
69009
50620
10978
52938
8342
42698
20497
79848
38082
25078
56069
34200
28538
13676
19096
6634
60098
88652
25089
84124
12840
24289
32432
41770
82556
45655
87100
96966
38711
80444
36903
243
7430
4911
20804
96735
10776
17234
63091
33378
18298
52402
33941
21997
56607
223
36590
13903
33568
3267
47306
72822
62031
96677
56868
15652
45480
5745
31716
69712
72730
43183
68368
72096
88037
8618
25023
45817
28661
37104
20308
79234
33259
7642
77405
69056
21633
86131
90269
7133
9822
43381
72700
87370
51809
66130
93353
90386
19838
24938
38953
20714
14383
91354
91677
75455
49960
90079
12479
52411
88961
2664
17226
59443
62648
10301
12188
94373
89111
12835
28808
18140
88074
36916
85000
71016
83100
31200
33206
85626
9359
32847
53814
38280
46347
77739
93607
22800
37814
36380
94657
27295
73487
92494
79347
42099
34307
4968
41112
3094
30689
66091
14510
51090
5793
42827
28716
17624
18476
8768
54800
34543
48929
41112
32954
49592
53949
20840
5829
3210
87421
98789
81438
4704
84870
47832
13916
95788
74966
36939
7428
74467
92991
18864
97797
28671
45948
72993
24970
87104
10143
64025
9572
6315
40113
35821
60597
67080
23440
46767
27802
33972
34749
55478
83544
34984
40802
90831
92949
28440
78471
42122
48785
56495
48880
67141
65131
40575
12349
46383
59324
60634
73672
5145
83290
98016
29905
25758
20734
58315
92328
65483
57076
64203
88724
58283
53604
85139
66007
72983
72123
9250
9052
72395
20940
21109
58039
23612
66462
88935
65580
68967
39807
87371
501
20906
64646
80985
5325
70038
67321
2564
93892
14971
85389
96646
70306
40552
39736
97850
96131
8449
95523
32014
28935
95600
53845
94252
29837
5783
67490
86068
59381
14128
89444
41868
29071
30924
84171
39752
45037
65425
999
85271
30335
89604
23924
19255
50620
88376
39019
85705
20810
62517
4702
86966
71670
6305
34625
18177
40728
34282
54413
52230
61116
33838
51628
66540
22662
36594
18035
89639
64581
32437
70703
23875
22875
51095
37647
32570
92132
90940
43196
97328
91499
78923
27756
1506
6853
84098
69169
85305
32127
94132
1727
74446
18562
89367
76610
73890
43953
63399
61015
20354
50292
80112
34995
85923
14821
92692
37104
92710
88662
38383
80112
96229
47991
28588
58471
53596
83364
81856
27495
40525
37161
13727
2135
93679
67454
98221
78120
5758
71753
70399
21911
55443
48461
45211
68709
88858
57342
2638
97836
9835
85898
68769
73693
59622
98978
18404
11603
69301
94197
85776
55284
26502
58929
56119
3256
92394
58032
94465
95308
1427
21573
44619
22540
82123
58836
92405
89603
32040
47287
6048
30781
91897
14404
11525
93609
15703
86795
55206
75983
82958
62138
76510
32508
84309
7349
56343
24979
68306
54091
55712
68818
48451
82977
81327
97850
66767
52875
76043
59067
62699
53441
75588
44133
273
17360
90987
2463
63308
68895
37594
44103
60787
15087
33553
61104
74030
869
70109
2529
43888
78160
68813
49389
5664
84532
75220
26361
53881
45596
62307
40317
53313
74798
56873
30553
40241
73637
80138
55101
43153
66235
96286
93606
76553
27086
38263
86860
87980
25061
71007
34055
71351
44069
84963
93686
1886
83288
27528
84689
71354
3988
22302
78488
48292
8169
87847
27288
8110
66259
45996
67983
7799
15884
23369
26235
34089
64007
65684
24789
71919
26225
63392
47791
84041
55639
22926
59847
11943
65146
99928
10212
23133
82429
63899
9493
25393
61777
5375
25745
3330
75395
15265
33195
38748
42721
66186
40016
13721
22483
54136
5078
27359
89413
10688
85600
25178
42910
93115
3514
35040
28179
41648
63735
79547
3804
38382
90486
8333
32300
68465
79404
61664
45502
6249
93501
73858
11359
51540
2395
36665
22821
15657
39498
95724
72816
65654
91814
46260
16224
38790
1090
88142
54735
39755
14022
66863
914
27137
50751
37512
69345
15355
41467
58009
51751
81571
43833
82288
82151
61880
56509
92867
16515
51073
84627
88581
75210
72590
81164
22385
40240
20991
67891
1866
50061
43005
66220
85549
1984
52800
21660
2917
97469
38835
81147
22850
63596
71413
4242
29055
43221
60285
32973
66019
33075
8506
99486
75058
31756
22553
48142
96975
22104
52607
98903
56458
36162
42219
13798
56653
49319
26993
67393
28283
83315
50163
18129
51995
43482
14173
46775
85992
25530
6307
14672
36182
41166
80019
66446
39014
37585
39653
12230
99311
36555
95796
7353
65088
26280
83596
37749
62422
63706
61935
29395
13873
75339
10387
59050
72837
38542
89789
54825
75585
68055
13440
5081
15891
61740
79265
17250
30678
50781
72013
48915
90770
39754
31958
73702
8516
885
36654
50088
93521
59608
69965
52355
55670
31206
37254
29334
7217
3518
52480
62638
72231
93619
49193
50384
24457
57308
18517
82767
60941
38763
13198
42163
24118
64446
26248
44077
2237
80179
56657
17692
55046
69424
63679
29431
62074
89680
45598
14383
63305
30960
50114
44612
71353
76760
50180
52183
63539
36316
52226
41595
39023
73379
16475
71433
7772
59099
25125
57287
39190
97061
85216
20370
38767
11635
15832
65383
89565
63257
39627
77253
80760
34074
5799
43524
85434
38519
20968
76873
49700
48989
61207
89663
82157
60753
6269
46334
21451
43422
3574
32456
7656
67212
70699
90035
80173
17205
46811
84170
34489
59483
65845
78681
10004
6550
35162
57422
25553
64953
38642
25803
91489
7077
79709
54489
96047
33245
81175
70391
59693
96653
15967
98074
22122
53596
70370
21226
4843
11216
21043
78985
30017
13321
51930
18186
15568
35371
83976
69176
75522
58882
64987
80082
34437
69622
78774
59540
6327
7344
66556
36021
61478
44555
40728
92090
28015
60686
19080
12795
4215
91358
59999
51392
46425
91618
80390
19598
15088
56926
40698
38652
25662
85430
47942
29360
90462
59119
45926
77109
20478
65424
96375
65726
45092
11530
14118
97574
87975
94091
40035
51140
21820
96090
13290
26480
47923
5892
97093
8284
37000
9432
68218
51300
50681
51864
52901
43282
4697
68242
15770
56390
81173
57839
72597
863
46985
31691
53690
48222
3100
85689
24404
32720
88395
78871
666
41635
30325
30657
93201
61662
56788
24549
48507
25019
72051
92461
3420
48843
91221
30587
86839
32845
81778
15752
63601
887
75181
11774
5141
41904
18702
19072
44442
47519
32960
19243
97491
93581
45369
46293
24553
34674
53756
704
15316
76375
60809
36606
92152
24853
36084
88371
39591
41685
69849
43214
90456
22330
46407
73333
74922
83823
921
81025
3054
35782
39973
56378
69070
75796
26647
83618
81293
12542
81626
3231
10366
49824
70246
15012
32772
82066
54920
97091
107
48330
53285
64590
56648
22757
27670
92840
37405
62545
52617
56903
4194
28819
27766
86232
60501
31182
87350
9647
89510
22254
33781
23238
20879
13855
17110
54687
24240
91697
3546
48234
34455
41569
32209
19623
16919
7646
27480
31802
12118
79766
31597
91689
13853
93837
77390
26132
29572
95023
72382
70959
36254
94947
11210
66718
46860
6577
13810
67450
82317
61172
64093
99698
71228
15495
41014
74249
32946
93418
26724
74975
49655
55906
6572
93969
28846
96874
80339
79829
2809
20505
78855
53787
28681
65447
48473
42748
75083
20492
40435
94264
70248
63893
74183
26052
39820
13208
89926
83114
55980
66061
21330
45235
75061
8372
10466
11033
14065
71546
37832
76324
342
81145
35845
93763
44238
4049
42292
91922
75264
86077
32035
86077
16874
51777
91705
59155
64031
32947
78796
44728
97554
21940
69399
71137
70937
6554
79491
66953
57341
84863
85052
86880
65723
17359
1643
51888
77284
18419
62106
25960
37575
8218
54240
82197
6786
3572
93530
46002
91760
97156
53780
22037
46773
43032
69756
60600
44208
15606
55865
51062
24243
34404
64738
64387
10961
36006
72864
70973
95958
4685
61607
21142
28937
36944
1271
69514
88117
29738
76431
28477
93498
40952
53616
51454
52523
27443
42582
83668
36372
63935
34310
9595
66999
5879
49289
33862
18176
61272
78519
35734
65589
16425
64143
82983
44128
87659
26355
68478
57983
95492
25043
33945
63509
62655
85750
98674
93506
45140
63443
82319
23179
54681
70167
23900
36239
43276
48210
63992
13676
14877
81038
34849
60409
64343
84162
35330
20652
71350
32362
28005
83809
32123
94013
91053
70591
52480
99661
78640
93400
91946
29886
23175
77709
67328
86390
26443
35266
95579
2049
73551
10840
36911
71617
71094
27723
89083
42800
36482
17520
29015
82603
88470
3484
32769
61027
10985
4592
70934
43304
4297
98264
83637
81367
38464
32336
81478
26319
59283
16553
32618
16473
70994
87554
23162
87463
42078
96479
72489
83224
66618
24696
27862
97239
75999
55916
31916
60652
6823
84137
42307
97434
42793
54662
31636
32058
10956
47272
73177
57374
12312
74355
78984
7955
10590
72739
88753
8389
67814
62631
47216
14908
22673
44356
58735
80626
20910
89299
3469
43942
85438
65297
58863
73472
34880
55444
29602
1463
83426
16627
39112
25591
19626
94059
80585
67977
21724
10547
346
84749
10268
33832
1407
84948
55858
79845
8855
89144
79682
90289
64300
5484
3877
77573
98957
48545
57648
60357
31089
13365
53735
85924
97871
97215
71428
89833
85481
67755
16424
53118
67567
8390
11013
30016
14622
68970
95650
36881
46094
80361
42096
45033
12828
86637
13601
49565
71202
90226
74772
61910
42115
35375
44191
99525
17170
93393
14596
64443
16586
96919
19807
52031
13123
58031
53342
9657
4380
55948
57873
58292
84245
78039
21684
38676
33982
67120
8683
67534
45240
11925
87427
11395
97702
90889
90219
48628
76132
68956
85410
55595
27032
84438
99439
18655
76583
94643
81226
51105
90108
1277
10005
97760
95697
37228
70098
60972
65095
98440
90160
36654
82655
63631
62827
84953
16554
87797
44277
34961
77825
65008
34780
60555
41867
3271
30376
78911
31715
6944
72538
37643
15411
53150
49894
81488
31767
70258
63969
56317
61124
47205
92225
93482
84585
15603
82247
97863
80060
87253
6800
34647
54482
99043
80664
8313
49552
13706
13793
81675
84718
79537
91222
23826
60023
34480
72005
68375
99151
8304
81708
33941
80614
8471
25526
99282
67190
25076
13815
76497
44066
19370
21637
76513
10236
22722
5065
37030
206
312
43923
12824
57949
44990
30148
13740
989
96631
51737
46299
61778
31777
92997
11859
92341
11820
86527
75258
20980
19481
54157
65830
25543
28988
49581
13099
26984
55262
98967
78934
93695
53125
68413
3556
11438
78414
94324
40679
6082
50768
78775
38132
32974
5227
2306
94487
49259
2476
92169
44071
72576
70182
40435
64011
93384
90982
95283
47212
92405
28950
37919
66613
59246
24295
43646
81359
90694
90117
71786
28667
37149
86058
16461
34984
25675
80347
27631
75114
62624
10906
97809
63957
73846
65874
67892
58429
98192
56377
16889
1164
1444
59485
25241
76735
43414
71641
89650
7096
51471
97218
35978
30912
60790
65392
76590
45729
34043
71064
50275
98378
61767
32099
95474
65680
66098
88088
36184
97486
22792
42272
8857
90128
23735
18772
84874
52088
6883
82387
75309
6574
35256
64733
19284
47566
98257
4021
52304
66806
87052
76996
37174
34351
43009
6363
8949
29150
10888
63275
24588
69290
79338
74587
78329
24103
79794
79247
37796
23687
19627
74371
87075
65412
43393
22675
33117
99696
1715
96789
64283
32768
36057
22934
73455
87094
16271
89304
49506
77827
41132
61177
5751
30863
83813
12943
19257
58263
54029
29298
19363
96088
16660
70459
8236
66477
76610
9145
32717
58824
31431
47156
15726
77101
15634
61089
11011
80644
92970
53889
36722
19957
24879
18568
42025
46011
75178
23700
40828
8432
84708
18907
78764
23024
21211
78128
93556
34829
70550
77990
90756
39874
27303
747
33140
52281
34622
59142
18733
65035
49830
17372
73302
37319
8930
56425
41195
72441
45830
9916
56694
90358
11282
55993
64200
33513
98186
80777
69923
20828
56938
80080
28128
59289
75898
59608
16957
72874
65688
5174
36388
3410
42623
29376
36363
35365
59886
68943
972
5759
7924
91919
3638
23415
40770
72967
21753
55431
84711
76845
24739
73393
25509
21710
47717
49314
11438
37705
63313
60885
27602
62273
36092
15629
48673
7136
36737
25048
66075
42754
65354
81476
94569
32826
44229
11271
97302
24734
55891
94316
43384
95049
9329
41755
73395
37892
38440
47592
64399
47289
92168
67530
33160
86991
83321
49886
22138
63151
25861
69826
61385
1859
97536
56334
78073
26614
517
38306
40192
35649
78726
52813
93074
98781
10943
27485
78557
72087
28581
82664
15338
88335
27439
52475
51216
52723
29418
23918
16881
84429
5417
19286
91948
19622
187
27243
19850
52982
1188
32526
85217
86496
1295
9803
73802
80629
94525
94426
19874
43638
52098
82116
69182
22434
69390
54464
17764
47650
59470
89847
87347
77026
17633
76677
68407
95548
70901
13801
32165
34700
57678
48236
43805
47454
72520
40481
89640
68923
63671
45496
11571
22611
51715
87117
30868
19958
77749
91395
56483
7933
84875
68581
54047
76532
10681
57935
11511
15949
37506
49262
59183
38350
83242
77621
87862
24304
96460
59123
67081
34835
71464
74540
26251
72342
62058
46463
60535
8336
26369
63621
52014
17412
63497
24994
47830
37439
13632
48970
86059
48514
96652
57755
98726
79652
19307
11551
17141
2762
60520
75024
24082
12099
42233
6054
99143
24702
23754
9406
68928
17983
85807
58614
6694
70687
79980
66589
98126
709
10970
14571
7425
27277
12792
6264
24811
85956
28110
88598
68817
47900
64252
55121
67080
99129
85947
78139
81065
77566
73060
15466
63184
46780
45082
49646
32186
54117
99793
41910
37102
65110
96472
2493
63529
58444
54370
22082
37526
46160
90023
19046
41680
42220
20263
5116
84266
98559
27326
41400
78031
47563
90143
85354
35614
70513
71765
88169
16177
32467
40845
78145
44606
24500
66063
17804
3560
91691
41913
30949
43643
89514
3577
76831
49248
16285
86899
67207
30073
58854
27290
97979
62046
19807
44087
15488
60257
78566
94233
98799
78945
95049
15811
55709
65790
83312
66654
90923
768
16852
15104
78700
67070
93052
21149
43105
74773
43608
75746
1143
14028
58028
55509
45383
2778
96853
25727
44997
50178
95155
30516
78714
43843
84435
30705
68608
94343
98982
62358
37664
66954
93457
32525
46691
78646
99702
15922
12544
9025
37350
80905
17687
29046
35915
35086
94593
45820
7376
77973
95573
17917
6941
41636
68657
91991
52807
90574
44242
15277
16932
68249
72036
76778
81695
71974
81857
12213
88883
13045
29597
98094
7351
63467
6932
95547
37308
25552
25952
75759
31668
41092
90796
64960
39256
61871
54874
6387
42310
79144
41969
92274
887
92527
95942
15792
25417
18333
74470
37486
11682
41313
47182
35934
14904
10969
99604
580
68828
11805
16103
13469
88209
30404
44605
19834
72135
17305
79202
67312
5240
9242
22119
41980
804
49174
96062
39987
65229
47290
69446
38438
94819
44791
59260
78241
37896
32211
68192
44190
49667
23372
59719
53310
71002
19497
52666
74153
46961
84724
92441
40587
11358
30898
6406
94236
23044
89627
32855
29560
55961
47612
18389
42647
87783
12643
84401
17837
42051
24879
94091
81588
92919
63111
81206
77437
42067
97344
86080
61248
6316
80168
2894
33633
78086
35035
46067
87742
53904
67932
94997
44339
24342
96367
43686
46055
41801
94878
46064
45640
9396
45890
57792
58260
63323
82841
21841
9150
944
79612
19407
66858
2349
11255
73056
9017
52424
26892
8910
42204
53234
99139
67425
89754
77483
2249
33544
72884
61392
69037
64400
72127
62506
68667
23166
99525
96241
41279
75102
1711
97704
89260
3857
20954
7773
63052
43525
85917
76054
28033
42861
91790
81750
66540
39393
42538
31866
7514
35281
59587
52448
28313
51683
13015
90052
13542
78617
98027
40506
34688
52907
98512
89495
50928
63369
1364
86002
64929
50711
60795
77505
30190
56273
93970
48982
89382
47419
89044
62708
52504
58672
58975
48007
79213
43442
23318
47488
45149
5086
99844
82453
23441
3115
42867
59039
81685
59463
36612
35652
23926
53964
93324
6706
70878
70774
68176
57976
30489
94374
16558
65033
67776
72707
21422
65730
21844
31386
19227
32712
98425
76045
37527
96553
58008
30860
76925
35800
12115
70675
56477
92897
83807
10152
75969
72390
78084
86883
31653
98089
75946
99196
48832
60905
93893
68802
35408
31214
67819
39290
32849
13091
75731
38473
58850
21027
38899
17723
94233
2710
25626
32884
44484
46655
58913
33681
40356
2622
41246
22438
63170
38519
37668
5267
4880
26638
75221
15903
6078
16013
10079
33360
31980
49936
95337
50116
68707
74397
3527
160
15788
93433
97516
28975
75889
61610
51055
55088
15431
21628
79998
99132
58868
63260
89644
29766
84753
58932
743
79863
16779
10046
51959
18261
27624
76867
23727
85211
10569
93832
42398
79346
19460
93937
5232
1203
59147
27098
79586
41493
2925
68326
63009
45974
9643
18511
84583
21263
39005
1411
16808
78435
71986
209
86276
21537
27024
89149
71489
4664
69046
58399
17843
11246
79181
61645
32658
23196
74514
8836
85863
86000
19013
52695
15430
25424
47217
29407
80909
10723
59278
43541
72554
98237
56212
75857
67146
83224
55319
59907
6313
87996
26714
17293
38100
37717
13625
10639
80631
2661
39423
59530
66735
6828
68252
46878
17480
63547
20457
28737
63801
64140
51434
93947
24288
64555
28663
21779
96717
7405
56356
25969
90945
59803
87672
93120
97542
69435
66928
50125
77681
53465
45349
57025
92521
13577
76063
84864
56095
54762
16923
16151
69948
27288
58366
23266
99511
32307
16499
81639
82195
23438
51602
14392
92512
14028
64342
67124
47261
32698
71467
76572
8049
44214
1697
36603
84646
47233
48737
26689
54098
35478
14132
46568
81570
38917
56225
6282
71164
26280
14568
7429
84030
77234
60102
29763
55854
1420
78701
95215
86127
88296
40213
38768
98046
78984
20934
74326
66014
60411
16862
83799
26163
52050
64238
8138
76401
40337
9714
93027
32510
7514
62070
95500
73839
41653
22732
54673
49890
79493
57802
3376
22309
81852
10279
57741
64152
61983
43346
48058
21018
20836
69421
37490
78269
47027
57114
34635
4577
49547
18951
86184
43016
57072
59889
82644
70445
25614
28417
41001
62407
91303
18389
3416
1992
15938
80806
57531
39559
41917
75438
15493
82851
64620
52204
90120
70421
17062
8488
96413
10007
57715
40883
39429
32336
56534
88050
66911
57244
27086
32200
15285
30172
69025
4685
59317
24323
8692
69061
41061
69032
68934
62390
73270
63413
98283
15132
88990
78266
51364
5456
91164
72989
1613
40291
85047
66446
511
60893
58332
55968
78795
56603
79828
87784
18903
19199
39294
95158
96698
72937
32717
19985
7322
62157
50464
96302
76327
58585
70361
58931
43327
71686
44631
33492
43064
35050
82586
65934
33297
17619
95169
50186
71866
64167
6726
17127
95898
86862
2481
1570
72470
49345
66961
4449
18953
72158
67588
17930
84460
57439
59012
90096
6020
39220
62620
99851
97232
72398
24094
77237
91548
39988
14804
19792
51976
576
40283
93056
22452
29280
9618
70125
37107
148
63129
16895
41371
86186
79036
22263
63798
6176
12615
61274
13086
54703
11675
59228
19321
58398
43331
69450
95081
88548
16325
53955
70305
32318
97399
92292
37220
62912
52075
7327
18308
98577
87792
20266
1308
75634
9903
70301
41620
53879
84940
82489
9856
30327
96712
7020
59101
2897
98098
17040
78528
54077
61711
50363
642
77016
45437
95611
89080
2032
91208
94206
53167
70739
19988
18054
5770
10827
87199
54725
86718
96713
94765
73109
73473
94868
12057
22548
25922
99296
63725
58602
86473
53924
37864
34920
99533
44849
49672
34999
45031
45987
86885
21643
76421
34511
67812
57395
58759
19885
53013
60522
74386
54406
86285
24313
91192
59060
63029
27254
97708
48434
98809
11491
67907
85418
73719
92032
9454
26963
13138
69683
85534
40305
35994
54106
25555
53640
21129
56829
48315
16766
9281
97693
4828
59434
85413
6430
92224
15544
58802
17170
78302
55603
14966
75430
8113
10823
74957
14980
48743
70529
97110
80224
10348
738
22728
29334
68563
87255
86261
78306
64368
5961
71940
64696
90206
24043
58836
17991
5767
18354
768
70232
84837
34678
6818
7828
37446
88752
70173
29166
20465
1952
77594
36043
23760
50696
98247
29905
26703
77358
26232
60880
95309
39527
95366
5863
9407
34374
28860
95521
82386
52424
92183
69061
12606
64734
68009
49393
56932
4485
88656
53574
8952
12702
78445
94462
75305
97860
81983
19572
32038
39767
64512
33493
30464
62756
78561
93451
59478
21159
16351
35810
44293
52528
48400
37948
16710
56901
2797
14911
30647
15705
88222
19012
44996
45793
30311
82427
3519
74315
61494
29822
79603
69458
63890
59606
13388
17829
40507
96134
29434
34832
92101
52232
89142
89799
5095
65289
82155
25075
79381
71964
68471
19014
19702
83272
45923
68033
65701
57196
65762
89209
95914
14673
14273
32354
89395
94748
88086
9740
43749
66280
98931
20709
3040
2608
55667
86634
72449
97181
56801
32676
83893
1008
29147
87478
58410
9537
96344
27143
23207
25109
60039
49133
22755
46420
16166
2676
12395
6154
33641
42518
17972
6767
26020
66338
47418
70392
80547
40796
61401
63578
2060
23404
60225
62302
1429
3590
94576
48113
84945
18385
41910
44756
63439
88148
32441
81924
12098
23261
96754
15792
58046
74829
36020
13933
1998
5325
88672
82847
62688
11847
68393
91837
95967
53501
12455
91752
80823
40750
54746
7520
43487
35151
27143
3471
11345
77655
74528
27419
53995
36752
18990
47186
87855
41647
75426
23142
37453
57134
77035
12843
47098
81499
91250
72380
70348
65743
89051
82637
67722
22598
67361
39507
74564
65807
85509
8743
58187
48709
22492
1933
33179
72375
90856
43392
46372
31429
56375
46874
99842
80775
70109
47898
38466
64171
38609
9875
68943
79229
51858
17132
4800
57984
42080
38895
78078
99876
5424
40022
41992
80470
13480
72026
46830
36450
46945
9214
86740
94683
62095
40559
15570
82388
40531
37616
14984
82234
74614
11008
33885
28345
87404
14736
23949
41876
30944
95957
79655
66526
94269
6034
86148
87734
14594
58934
37814
68378
78899
37422
2490
31006
37262
56713
15622
40449
67291
95016
86520
90153
44745
65810
8587
92825
79799
23375
73303
88466
71091
46866
38749
66108
35268
2019
7809
10893
15872
83712
62306
24282
99042
13754
21811
12830
43860
99089
16821
16654
71661
40493
35519
86016
28780
38728
2778
91892
78231
47480
83605
68323
1340
6356
59168
3868
61717
59149
15100
80989
89456
55668
19746
97491
89636
52432
8281
22996
53739
22693
14073
23677
31516
25136
70570
39165
47180
18885
62029
46654
73249
84527
26447
93005
31988
500
46940
85577
90935
6224
21232
73413
89649
62041
49084
34246
91807
86015
47918
99748
33725
38185
78709
50037
90391
19269
13886
90907
70561
14074
58301
23829
7881
13132
32375
81289
74388
63532
55802
93597
2431
96078
52443
56941
44301
15899
86591
27256
16505
20616
506
70906
80888
34629
34894
37844
18936
23036
91202
50156
44208
75789
52399
28170
27326
60600
2416
12350
41040
12447
90476
91735
56837
98913
57561
31510
91767
79617
21975
56627
68398
32870
79862
80146
20269
3085
33221
80631
49430
86022
95658
51787
59388
24430
4487
55097
84154
33464
265
43750
96877
47159
94012
67431
87984
15954
22859
43370
77383
30765
90257
52132
64735
53212
21090
44584
12787
91657
6656
59402
6821
43923
7331
30300
8277
71693
97162
39926
50722
36719
28400
96347
98573
50982
12674
80270
58671
46265
52849
932
65619
48849
56267
50428
99239
71538
10222
54491
56538
83397
87822
94939
41417
91485
61529
37231
84220
95966
45692
6680
59833
91893
50817
16234
4571
85535
47677
89792
18747
62408
34016
64805
36780
51982
52794
14499
36579
76527
1846
79940
48774
60537
23042
1237
68879
41688
76921
15720
9938
15004
55398
48832
18740
31716
1395
34175
62899
20527
11751
38207
83663
27087
48878
19780
85579
81032
7146
92667
35924
1669
15458
64880
48113
28991
88493
18212
59935
91729
47176
15597
48809
92598
52275
57862
52509
4411
99712
88872
83027
57909
69057
99799
36092
28112
25167
43788
67764
97248
53999
66194
53011
74848
38753
4619
84702
24141
99204
56785
8932
29745
66294
41334
2153
64929
84806
82106
21394
14728
14617
47433
95596
57855
89702
92943
28459
79181
22896
96225
80946
7449
53631
8506
81024
11468
60679
64877
58420
1113
97858
56698
82485
81731
30644
39743
30253
8922
65304
88183
51548
65288
17769
3409
21917
21938
53355
71204
75221
37292
97067
63633
3881
11966
72529
67587
65994
66976
15486
97028
49882
87890
58887
55469
70007
60716
89856
94464
54649
28707
62172
82822
16620
49351
61969
21937
13468
85697
78970
12165
18785
87337
77094
71129
60349
840
85138
35602
60631
58038
58376
90150
35798
71576
72672
99490
60227
11810
62902
24843
43159
89584
73377
51110
3377
8613
3126
73703
36901
75754
8315
77097
6186
83827
36710
1747
37409
49741
24971
68870
94728
63578
42739
65399
2197
58913
71935
86517
46703
37118
62309
67498
42931
15048
58552
41787
54278
93271
30102
63875
26182
45551
34426
29294
58643
41241
34233
72564
261
79480
88406
87015
70817
95693
52437
57514
450
62024
87038
79679
15714
87491
20784
5406
16999
9262
94516
52728
51027
72683
75407
7723
75590
13962
31752
21849
59891
86113
54890
76614
15638
75209
83117
82856
15555
89133
48036
94805
67033
54715
56231
70930
77917
30105
13438
19950
32813
21571
41493
19739
62110
42039
65568
6222
33577
38189
80010
47968
3014
94680
47519
44545
17971
21876
54530
25377
50305
71721
93077
45738
18391
32384
79970
7334
17465
15162
34990
50260
75852
96494
79332
24421
85830
37109
93009
69207
72667
79220
93349
2072
25075
52403
86940
51421
89532
83616
10406
79815
12856
80382
11304
36265
80472
92200
47481
61100
88949
53473
53841
19622
53348
9734
79037
98907
23829
35340
50940
8184
58259
83591
12025
7663
96341
32201
19763
29281
30558
35917
99434
53855
86527
45151
38506
93598
26675
37888
38771
14899
22095
75902
80011
98736
24694
44710
66063
32955
79948
93476
45515
25398
83859
44074
55303
69495
5680
39833
28846
82788
85245
44488
54427
59660
1788
66177
92124
21744
91397
61022
23129
54982
67182
43075
59242
63567
78719
24550
46897
25925
51443
87614
54271
35800
38936
44054
55398
39991
79651
60732
25459
47263
42189
36837
4936
32639
73512
20613
56626
45594
49285
75146
19274
83282
83362
94652
27900
11585
2367
72545
6973
61830
36333
99501
72712
62031
87004
34981
93859
3766
33039
95077
48780
18914
90437
26320
54224
9560
42500
38071
80965
51262
3133
11768
42445
36929
23021
30188
76321
55230
38208
33346
27947
48871
21238
46207
42100
11466
80915
24169
8876
48093
19630
48000
70410
46237
91022
76015
88131
60441
5224
90491
97345
95061
602
9581
3928
14197
11527
84409
49406
91746
83236
3282
7733
88109
89983
45258
68825
17469
9789
38072
49307
53823
63049
87373
90320
10356
54189
13305
62763
75993
57202
57676
98867
56906
14948
99791
66197
70292
77279
75142
17902
85509
30110
1802
64675
56745
2853
38170
46362
49633
2655
92612
36209
44073
35738
3198
96828
50039
55798
69624
49643
43901
40931
86841
19720
24587
63859
40884
42308
87972
29493
33916
75659
87162
90114
87524
13629
53302
18588
39959
58005
54662
48792
76189
69324
47379
48444
36543
92418
46872
14062
44628
19223
64682
30591
22338
20782
56463
34173
85857
18301
30395
63464
1930
46543
4006
39842
38057
99764
10146
28494
12815
26683
84399
74018
15141
28849
54077
10050
98804
40876
34116
20072
25929
21220
57574
66434
82486
1801
82062
36385
11517
76169
74325
16534
33950
91004
75566
54984
31416
67736
22880
83186
19570
10977
79045
94939
74161
56303
31238
95911
47698
49345
48218
85372
75787
60342
53855
6540
59422
76937
35573
27625
54232
68659
93792
98417
70302
84306
98502
49820
51854
51505
33600
89036
41898
58643
82802
31026
42448
94859
70448
91593
94298
77973
45020
644
58388
69483
86375
79835
40137
42891
55934
15396
48013
51436
20236
57836
25302
62972
88021
84828
23370
31276
85505
25148
64537
40387
67503
53714
95098
81501
79843
72540
29714
49604
86246
88617
51614
31995
87273
57138
721
69844
30858
49790
33414
44013
26467
32939
45246
18819
36501
81173
78022
19123
95468
62724
55196
46088
50195
56308
46708
49959
17799
3691
82356
78679
13380
19091
52992
73698
71698
87439
55990
83670
29511
60750
72509
49719
26250
68136
89934
83243
1871
6169
11743
23493
55449
20117
64427
31716
37184
15974
51311
78210
65919
17896
13839
9297
10743
55247
52257
35513
24703
70446
35497
69273
37969
34877
28238
9584
28119
23702
36106
87840
31578
85558
72034
298
80469
32416
79889
61771
10726
92496
44837
65783
88777
64641
88358
47979
34838
63186
56185
41008
79320
27078
47166
65255
72889
43969
31857
98922
93601
32994
51181
41548
16215
27129
1876
59534
81421
82167
23989
43385
31048
84149
83123
24922
36428
98118
64474
49701
96891
14397
81991
35687
25798
71776
97973
85212
87509
37579
85767
52274
29469
61299
65447
88459
59347
70423
23405
2108
31777
45217
96683
17510
65585
90071
1664
75187
34573
31133
14732
78893
14251
13418
64515
432
33214
30066
31978
71734
59022
7064
81980
16164
65400
6719
90154
16724
66981
70003
65795
78676
8653
70015
57585
45917
44042
80369
17845
51793
28137
76577
2216
60795
32532
25610
29616
97810
23201
12278
85778
90305
71972
64215
29335
41691
52672
84608
68410
45462
42651
83539
32052
38288
48471
64823
22722
95169
92617
10868
63650
98534
18183
46514
13756
7941
24250
5018
50755
55509
19722
65633
76950
81975
99414
50348
67470
74674
96282
84120
37046
72240
22919
38375
51252
60435
93867
27989
62016
77719
62064
96956
86567
62547
91195
90770
38317
31739
38911
72712
36642
38942
63939
13331
92377
60652
72960
74017
69489
58769
47858
85888
72422
75432
7897
31986
82897
25150
154
23320
80146
28785
89664
50623
68753
43139
39873
42954
84842
64098
67636
5505
9876
35586
12933
74704
29114
54943
87422
46236
22478
15312
83084
81330
32194
79429
44658
87684
87088
85394
70497
16812
30599
48013
66174
49253
90110
96054
87140
81382
53922
56181
91826
65390
92913
3509
62610
12339
61202
45660
71927
92626
16979
74120
93439
76425
70538
2290
66040
92152
72974
41265
42326
37833
61885
26108
73780
90358
56810
12068
23410
83106
58022
2156
15920
32915
63959
93832
33696
68479
94152
5176
30182
71210
9056
24062
1060
2848
55914
33224
90472
93846
10753
581
72511
78897
97502
46303
26671
43946
68809
61194
6522
19514
20325
40221
35870
15921
5721
71739
5114
50167
53247
56239
67115
13589
77047
93795
23150
51357
66632
90468
26278
10704
91313
83225
56363
55377
53162
11429
31127
38062
90320
60667
496
59322
47259
23656
38926
4510
45299
38300
87272
29011
57198
16594
92367
21038
88337
90463
73632
39340
26477
51744
24463
98607
13129
70886
6611
62459
2560
6685
17864
80931
62552
15125
50904
9484
86904
31711
80631
24358
35227
42490
60809
73602
78240
8442
94327
50614
48145
3209
81896
36704
54087
44982
25151
32921
66305
28753
94719
62313
86752
26583
78266
17206
71954
39568
96002
81822
14615
18774
68969
12018
74344
20636
65908
67012
60784
12213
93004
34329
6446
19498
78896
81139
52142
98419
39903
74365
82869
52655
56597
57824
31694
11766
94729
27369
42859
52854
66625
99487
89774
14860
29519
97785
5896
50398
73139
75233
57456
55301
65802
19951
61203
37748
43911
55342
59574
33714
88905
27776
95535
15338
13321
26906
43482
3500
49341
44231
45318
12916
62260
43490
76876
49738
68942
22232
25829
4631
81864
32047
91351
65905
49938
67542
82009
65218
56503
82118
20668
44389
12847
2745
54144
85482
12859
20022
2655
19202
41738
72308
30119
5046
86555
89293
37537
91387
29438
61944
61784
90185
2264
32805
48464
73382
22213
56639
66269
67293
29276
25249
32792
66142
13991
15867
47310
46405
19217
82256
53235
93246
71953
8767
64181
64816
41119
39669
91104
3199
53622
3346
99626
93397
97274
97805
41455
22587
31169
77984
73751
13432
76288
90752
39920
19881
45885
11430
37582
59119
54145
37208
98892
39231
52274
67130
68840
16270
88117
37923
84415
64730
77102
11659
84659
66999
2311
20871
73371
60828
19425
86192
87766
32585
17261
87551
75359
68048
26234
13737
70358
22915
48196
43462
91984
83588
98642
17656
81167
95825
62542
39472
7475
51203
15415
61670
47878
14991
88343
90924
53294
96008
74646
48975
30628
93303
65210
87479
45915
85684
29504
81556
13716
8494
16937
86570
76064
53251
94095
30020
10963
78185
90183
55483
68998
70665
69093
76232
77522
65999
24256
28483
42378
71467
74853
67374
63990
9865
55279
69297
72842
21801
38360
14822
81318
98401
6510
49684
29983
20407
4715
95083
73158
18781
60480
86906
19663
86406
17252
44289
7695
12355
25143
99629
94690
39955
32130
38850
28308
5943
31650
94464
51172
41911
81782
76234
79086
5206
77883
12497
83070
11777
28652
58084
33664
93673
82702
30709
4480
1404
60960
50541
12734
92258
37919
25553
24076
48933
11661
16485
57116
29630
8866
21995
18101
52165
9031
83153
75212
87163
69047
7317
11942
42907
17593
26732
93919
7641
11179
13046
70618
59645
2078
8373
12329
83483
57529
97174
13837
59076
34513
39669
24487
37697
93263
10379
4178
2939
77973
40472
83635
60030
47029
16875
192
93482
68522
28424
61353
25138
53853
53739
75369
59705
76681
77404
13310
8159
90173
51369
75417
31051
39861
13917
59796
21708
31568
80434
57778
13172
90915
8664
11011
19336
64003
39169
65627
60041
57073
55188
35692
88284
37245
42273
27254
69971
54120
54805
34465
9113
69821
13087
68078
97378
90137
29302
48547
670
83554
54902
48171
94617
87809
96318
85548
15206
66125
30729
43334
8905
67963
20166
31254
2756
18547
56972
83724
48131
8545
11539
61323
67956
10090
14555
81071
27388
85395
27699
59706
44073
47314
61656
33220
13755
15268
1958
20003
81154
68945
90853
76234
78431
58815
13111
26364
21686
73687
30706
45498
33478
6708
39596
79455
41376
22101
92557
81563
12505
56277
97401
68375
2738
37520
22987
51343
24878
22875
77511
42850
86475
35337
68928
47887
41917
87139
66215
84044
40861
95672
34302
28301
35153
98844
76782
49767
52876
440
41030
92535
5018
66808
28302
46996
2657
27793
31708
53467
66222
45357
18810
40341
83808
41592
62530
44865
70444
41556
81234
84536
44893
89968
45618
28652
86842
51452
78061
6533
97734
75594
92369
88666
37221
18748
81938
62894
25869
36879
38249
84272
84198
29094
35256
20197
55655
3353
9390
99110
49668
46351
72375
9885
97080
23231
31983
95843
90247
25073
15847
90563
15581
70324
93663
39969
82805
61227
83057
95636
77746
87722
60172
6482
64476
62920
6438
82721
4116
903
54006
71075
82342
59811
387
10199
50431
91641
19148
50051
76957
32050
3747
22318
73078
99928
5590
78656
57678
96434
18224
20573
29469
45788
71731
29291
34452
74883
30638
8917
95253
16164
15484
21387
58136
34613
88118
53961
73851
87979
42858
44088
45897
50456
48255
90351
99742
3920
98223
4212
18724
49316
27524
33257
16571
68314
18909
95278
16656
22937
50597
33354
765
44250
82296
52712
53430
64902
85437
88098
91810
28127
69437
3148
90322
23584
90938
84082
85940
19769
9641
65572
17607
70315
8156
81659
20129
95611
13993
94042
68907
33045
24090
95557
88998
88605
60651
47352
58948
90787
3598
89604
8140
58486
59033
3390
7215
27225
48136
40695
70425
94741
10034
4222
94913
24292
92875
23502
45891
36108
12360
562
86207
96031
82088
35290
44621
62097
173
21332
56397
75998
29159
35860
11835
12749
89926
50161
70982
71874
29447
51653
87773
18574
77073
53955
98015
24099
57211
93087
68091
62888
32951
47229
19979
57727
82704
82807
64829
99350
7787
43944
53200
79814
44800
9207
5024
15698
34686
47736
12053
82187
51643
16729
3423
97355
55932
40740
72303
95814
44565
64400
43776
50625
98437
61017
62673
78744
64003
8298
93692
49581
15613
66197
4513
74983
91286
67332
64075
57341
19889
91145
438
15640
97442
53628
33959
75761
96220
1012
6014
11584
99662
4040
10227
30494
26789
92420
66403
961
23841
96459
30663
90109
68828
38661
14538
99711
11343
96087
87526
41954
13221
45804
60215
48135
51542
95909
4862
66592
43340
84558
57711
83969
31317
64576
26430
83406
84022
96873
28367
37233
26741
69833
8948
5650
76413
18872
51650
64738
50903
59012
56504
83970
47296
40711
20779
92229
89103
3337
15827
62129
89905
8077
10299
68529
69738
57869
51509
83267
39497
1370
35939
74081
79120
15011
78771
75968
42653
19186
38393
67377
31229
4544
34830
46964
30947
62841
17288
11974
63582
77502
67757
66151
68583
47958
76138
6809
91182
23917
51304
70149
96830
92258
13126
8169
19192
48923
20005
69527
51662
50543
30411
4569
32801
24181
59513
1098
19595
23209
54329
66644
48718
87916
42526
30495
10473
46601
85713
11009
85138
66626
108
87860
89577
67541
9598
77047
27693
39692
54048
46297
20372
63180
74477
90186
88957
20838
14791
87930
91628
27194
82263
68501
29767
61288
60372
48932
51371
70376
54907
15457
71875
52186
85720
20591
57600
38753
51817
35417
23793
34569
61806
84744
45269
62458
11959
85204
70354
76080
17249
73879
26438
91694
71744
45924
54562
90392
83718
35818
13340
18741
72911
12066
62651
283
61325
74275
59941
43208
28597
25282
1583
84210
5694
7348
17667
36532
59556
6053
91228
80635
21830
42248
10063
9030
36267
61850
23929
64094
62640
78993
56494
33513
89086
46152
68702
60494
6244
97124
69244
51550
38077
15538
12168
12306
13945
98117
91509
67169
77504
92546
20641
66299
19628
15341
6135
50642
92516
62218
83659
76861
64259
90845
79479
6786
34846
2194
68867
50239
71891
39308
69929
87927
22405
65687
88733
25879
26856
27748
22808
66319
95005
9068
55928
68257
33663
67914
88424
23306
46292
3125
52191
58055
79521
3705
41499
27583
50591
43457
12150
68722
53061
9351
96244
34025
93135
21264
48037
64090
89760
12278
10243
53741
85258
73529
98568
9357
95771
89417
64205
84311
53040
3607
52542
35847
66453
49247
99331
1186
32821
62781
80007
17476
77182
62498
76185
24064
11299
61468
2145
99309
90917
47784
89664
6094
39987
57800
92778
22624
6537
86732
88957
46863
71153
18350
17474
88045
16747
28054
57014
42535
82469
20883
62709
41763
74501
5217
83111
69023
99312
12817
64254
93380
44036
44000
74356
57015
91141
80640
90191
74183
26871
48198
288
28280
10255
97794
51787
35026
71469
75858
88179
81855
98114
34093
58524
48751
19719
51134
5696
41512
55851
77341
33940
79587
50214
93719
13872
91162
12449
22475
93506
5135
51866
17831
28001
71393
44113
75736
25954
84503
30538
2237
62718
38765
46682
88159
45242
87251
65758
14122
37531
33920
64379
41987
67425
34384
74941
48747
88229
21280
6499
62179
9481
28121
60799
8331
21201
43733
98652
58263
39431
55280
41936
95534
48772
22398
38772
63679
67564
32593
18487
4715
68463
32029
77575
98939
33685
90117
12895
33828
58858
63860
54887
43980
27393
30846
49751
19347
98343
81938
19556
93355
29233
26490
70636
42403
99308
97411
46941
60367
14164
54251
34089
18231
31007
576
12873
68376
92568
39395
78640
70869
86241
46100
13215
68911
14708
32926
54982
72146
91162
92387
78823
12788
48837
67993
24587
56267
4370
95735
59571
20948
7637
78726
69306
14728
78817
88503
43436
69523
25104
95531
15783
22515
9850
82984
21685
43873
71809
73124
40538
77746
86932
17436
11756
90409
18209
89543
65386
99224
30909
5626
84799
93540
4065
65853
8078
58924
2693
29079
17740
31541
65678
23740
43823
99135
84246
27522
91555
38686
61920
57402
45594
50363
86785
40412
19820
47856
16761
58318
76200
4025
23600
73109
52289
62837
31443
40907
53799
24705
29296
45856
15846
92175
35253
43573
88977
27444
6981
62976
55283
5240
26307
34916
51898
3547
86360
90308
40346
72559
36965
93935
48376
47450
66691
10272
63134
85884
51711
25071
45540
59583
98013
77892
20349
27585
51966
23668
53916
28035
98832
61871
16166
67850
65820
10270
4235
56531
30645
37001
4936
65285
29030
49889
14774
94127
35274
6637
3101
41478
94583
7080
764
89929
20595
17678
6580
20550
52201
57859
34067
38770
60922
98965
19470
31741
47220
32222
84396
672
90000
9075
81690
90938
64962
5076
6001
51652
37956
74087
53093
67730
67875
60272
3518
65312
18236
84059
79185
33135
79918
98255
25064
49133
22993
22849
40521
50635
78895
82393
39762
94559
74563
36981
71689
84244
7070
50762
91393
73305
75029
4002
82142
72054
71445
79832
25436
11254
35203
83363
94608
16864
44645
71581
72936
48792
40224
37011
85553
7793
70542
13797
94366
74908
67961
85640
46448
69929
61421
10599
40202
25255
90984
41805
14974
82955
72248
14529
46934
67993
43574
99070
10004
7211
41271
94558
67935
83627
91795
66235
32381
78997
52189
33419
98024
77502
7876
59994
33332
88422
34938
77924
82889
11019
82334
66942
44980
76359
81067
33777
8170
37421
54337
69764
32468
49371
75008
57915
75767
16979
74512
82030
77004
95808
35805
8475
34237
310
86847
92688
93372
26581
75956
40784
94073
56899
70709
78991
72095
43348
62496
44120
73002
35913
42419
75842
69681
56325
85846
33664
1124
70065
12488
22844
17047
40067
97123
80099
12520
18223
70783
58271
14882
34697
86548
84621
74219
97074
88293
78259
91396
86150
85269
90145
36134
2056
10802
20279
2468
81976
73532
3532
79099
87435
73376
58512
25576
67768
65486
52826
96150
19104
45586
18601
68911
31091
79492
53453
79531
67642
30132
69747
30620
50758
71002
12761
17685
89024
25009
64427
60597
76728
41942
17519
23020
32295
81527
44272
58803
80944
98710
83287
84282
97596
32023
30178
95784
57399
56907
78526
96225
80270
55822
33563
52980
77065
97280
50043
90646
9813
75845
31219
5756
45591
13783
62791
10242
75625
16636
71979
14639
16195
49367
2675
97401
44806
89492
47628
922
96995
58671
4812
40894
58340
37602
52512
89375
40573
85985
11347
14404
85828
21283
25494
1472
9931
63673
85476
76220
25315
48153
34833
32127
35557
23839
40719
46723
48418
77578
58791
72451
45755
20906
62949
52785
54081
81577
63936
1066
83172
71183
76671
54760
71874
37055
54017
45871
97879
90387
71270
99392
81744
76108
40818
15662
24967
43984
98731
55789
80561
87858
97636
49907
89037
58902
59109
52006
29843
41025
35263
76095
58987
60056
73100
31671
99335
95210
58242
26421
69638
72023
3469
10308
76785
24816
96655
25162
44946
74551
46159
96122
77575
91118
35733
8863
30798
29305
39171
6430
42939
48164
90405
47721
19516
11077
36547
26388
92038
55300
118
7384
64363
79642
94607
50504
57548
52057
97822
74992
74897
45917
31731
86961
46131
56333
52316
65044
65921
91958
52682
56230
16588
93101
15008
42925
78037
85118
69963
56431
36774
12733
67697
3979
53355
41420
85508
7113
40687
6108
61565
43737
10128
941
63893
5489
22392
18693
47348
6260
50242
50622
32861
92830
2590
99406
34048
25673
79833
76223
97818
4897
69746
48932
35668
85946
95588
66369
75661
58756
93940
26088
65048
12368
46987
57589
85266
85155
4964
65061
8718
95098
119
17755
79765
68897
89594
65432
16083
84871
74020
56163
55684
24734
77972
96085
35046
86391
17608
13415
17424
6396
40097
60651
45970
2511
39129
24345
668
10090
56638
96256
85154
1900
54552
82068
39507
66435
75518
380
23657
82780
20206
43563
7943
82246
