12219 656
24
4
4
6
13
7
59
24
5
69
37
22
39
43
10
13
100
70
8
1
20
44
60
44
27
19
1
30
21
49
42
17
29
64
16
64
31
29
43
17
42
68
30
39
26
62
13
56
29
52
44
5
1
9
54
26
17
13
11
19
44
17
2
12
34
29
37
45
55
13
8
26
8
48
26
2
30
20
37
27
19
65
57
62
65
48
40
19
2
10
70
39
44
29
3
2
17
13
53
37
6
7
47
45
68
5
9
34
43
61
53
22
46
29
46
13
13
55
22
5
25
49
13
69
42
9
34
36
46
27
47
52
59
65
50
100
12
15
29
14
8
45
37
46
65
54
33
17
10
40
20
63
36
61
13
48
68
19
42
67
66
46
60
8
27
59
40
45
19
33
55
65
14
40
55
100
52
69
4
30
35
43
24
29
31
14
48
32
55
21
13
13
10
20
52
57
6
49
19
66
25
3
57
49
33
21
12
27
55
49
23
61
52
59
25
31
65
38
2
62
67
10
58
53
15
64
23
54
18
1
25
1
53
65
41
22
60
38
67
100
9
23
10
38
10
40
18
15
53
11
43
64
25
29
1
46
52
18
28
4
53
15
3
53
37
10
18
65
24
17
26
38
67
6
47
11
46
22
21
58
7
43
55
5
18
38
43
62
61
34
33
49
9
55
16
8
17
29
32
67
23
58
55
43
28
22
52
57
12
58
1
66
10
29
10
42
58
32
37
4
19
41
36
2
20
34
16
50
29
42
9
45
21
22
2
18
62
62
22
1
65
34
41
30
36
40
31
20
30
65
1
20
58
70
24
30
44
53
10
40
58
62
1
19
45
64
45
2
58
70
56
51
26
4
3
39
68
20
63
11
32
12
54
23
18
33
10
33
32
57
37
64
66
58
16
41
9
40
45
58
11
15
60
3
50
18
26
31
62
61
69
42
53
67
17
57
22
68
22
15
50
59
35
48
15
48
3
12
42
35
15
44
65
36
100
29
29
67
57
17
56
16
27
23
35
57
21
33
66
3
34
14
11
60
59
27
26
67
60
14
4
26
5
39
62
51
27
70
50
44
21
42
18
29
23
23
23
50
50
51
65
68
15
10
17
33
36
13
45
18
29
51
8
18
51
48
57
44
11
10
14
6
17
18
32
12
14
44
44
70
28
60
42
55
30
38
41
56
11
16
7
25
44
9
15
17
57
22
12
63
14
19
48
6
11
27
7
11
54
62
10
50
41
52
49
32
48
8
67
48
55
31
26
44
40
51
63
10
63
22
50
23
40
43
37
62
45
52
10
36
36
41
34
55
32
63
48
1
18
27
65
38
42
15
54
19
50
21
32
43
46
59
5
19
13
33
36
60
61
20
61
63
37
30
36
32
28
17
20
28
50
10
60
68
8
62
51
27
19
30
62
54
56
7
55
58
2
31
68
23
31
60
2
24
3
49
4
18
37
33
70
51
13
12
69
52
8
41
7
63
9
40
60
23
14
35
