9057 953
10
73
30
33
27
33
19
40
30
33
38
32
41
52
58
15
9
26
27
44
27
38
24
41
47
27
44
37
34
29
60
45
40
25
28
63
15
29
27
33
46
14
44
61
13
22
23
56
22
10
45
57
6
25
40
40
46
16
56
57
39
48
44
20
60
28
62
57
37
25
27
29
17
40
38
45
48
15
35
28
43
33
27
58
40
10
3
49
33
26
43
48
51
8
43
49
26
36
38
64
12
20
36
41
13
27
43
26
37
51
46
43
11
41
37
50
44
60
25
37
9
25
34
62
44
23
46
25
49
31
73
18
47
34
41
52
26
16
25
23
12
66
31
34
43
39
34
49
25
39
36
26
48
54
62
40
16
25
8
25
49
57
64
50
13
45
25
47
61
18
51
35
45
28
38
28
26
44
27
30
36
39
14
42
33
53
50
39
52
16
17
21
26
36
56
33
40
54
29
30
21
29
40
45
21
74
20
21
21
26
50
41
50
16
22
44
32
29
22
30
41
28
18
32
24
67
26
29
17
40
50
29
34
41
34
48
42
35
47
60
53
61
28
45
23
51
29
49
40
22
30
32
23
38
14
21
62
35
8
30
38
8
42
20
39
45
41
55
11
50
41
25
26
47
39
24
18
30
31
17
39
11
46
55
35
45
31
65
32
15
48
22
46
20
46
33
31
31
26
40
29
33
51
38
44
15
42
49
49
48
24
42
51
24
32
53
32
25
66
11
5
31
24
34
46
40
28
49
58
18
48
29
54
48
49
20
38
29
32
8
34
47
27
43
25
64
48
45
54
51
60
23
35
29
53
59
51
47
48
48
27
34
22
52
59
38
61
28
26
51
23
48
21
34
20
31
26
52
7
24
23
19
22
51
29
34
20
41
51
40
29
24
53
23
29
41
41
71
37
43
37
47
53
23
36
45
28
8
50
48
27
36
20
56
21
28
39
29
47
30
44
44
16
21
51
42
52
37
36
58
36
49
36
39
44
24
45
40
15
32
25
32
44
45
32
42
42
42
42
29
54
34
36
49
36
47
40
39
53
15
24
58
24
60
51
33
41
67
39
33
33
38
42
47
28
33
42
35
32
11
45
20
25
35
29
43
43
13
39
60
37
32
28
24
33
35
45
46
35
32
45
28
45
21
28
26
38
14
29
50
24
50
34
35
5
35
35
30
16
26
8
24
40
21
38
45
14
65
22
7
61
35
45
16
2
35
31
45
40
60
42
39
42
63
37
62
43
79
30
35
25
24
39
20
28
29
17
37
56
56
46
32
45
22
40
30
50
36
20
16
26
40
27
58
24
20
26
23
39
34
18
30
41
33
33
28
21
22
49
47
45
30
29
21
30
28
21
37
50
61
46
20
29
16
7
43
38
57
30
37
53
36
26
36
15
48
41
22
23
22
35
27
65
60
35
41
27
20
23
44
34
69
57
33
40
51
54
24
34
54
50
37
40
33
42
32
23
32
44
48
15
1
36
10
25
55
31
62
45
17
34
27
54
29
39
38
45
7
64
49
43
40
37
27
35
37
34
36
57
48
39
8
20
37
38
30
16
40
10
25
36
34
46
34
18
30
27
23
30
18
39
45
42
44
34
45
34
33
36
37
29
8
10
36
55
57
21
43
34
29
60
31
28
41
27
27
47
54
37
51
30
22
43
20
52
33
37
46
42
28
48
35
36
57
32
39
20
26
23
58
51
59
48
41
51
45
53
41
13
24
53
43
52
62
24
30
19
46
15
39
48
28
31
29
18
33
13
45
42
31
6
39
45
36
21
71
9
10
36
30
32
63
69
46
29
56
57
37
46
41
25
26
43
66
31
65
39
50
50
43
44
1
50
43
37
39
20
22
6
26
46
16
12
51
30
37
33
37
41
10
32
41
36
59
53
47
38
31
45
53
43
44
34
14
18
38
48
52
25
42
41
44
17
17
46
26
17
21
40
59
33
42
26
1
22
28
45
43
33
24
27
29
13
22
12
19
22
55
51
65
40
47
20
15
37
30
38
28
30
29
30
18
31
56
39
23
51
11
35
35
20
22
42
49
23
47
51
28
54
46
52
31
29
67
43
42
32
21
14
28
35
43
16
21
14
34
47
59
31
43
34
29
33
23
16
52
41
35
39
31
69
37
28
16
34
26
35
14
47
21
51
30
27
