124185 931
17
177
23
960
862
947
572
239
375
931
273
554
449
987
242
460
199
466
986
947
644
590
456
828
164
787
100
99
755
933
897
114
704
137
814
232
12
161
209
206
804
642
368
559
429
301
622
192
747
782
35
332
512
196
711
287
29
374
7
957
579
282
843
351
339
590
361
89
203
849
367
947
161
29
756
56
873
487
929
74
136
445
113
78
297
237
472
116
306
297
546
499
841
209
291
747
305
862
294
923
36
528
245
723
339
37
363
108
324
84
444
53
140
186
910
655
39
627
264
177
200
482
815
337
281
889
730
342
920
682
669
526
765
141
245
484
992
338
479
620
678
910
91
169
253
165
672
340
244
667
58
116
247
104
404
866
854
718
984
136
369
985
398
397
334
718
511
942
17
333
732
429
126
575
184
202
173
777
1000
184
655
371
660
423
921
389
258
420
338
2
862
160
316
514
775
54
526
666
246
982
689
69
969
565
627
409
947
776
588
694
135
45
636
759
881
575
121
735
70
10
815
457
739
194
184
161
717
241
771
391
641
860
785
895
714
859
72
56
56
77
889
303
232
799
734
747
694
602
518
316
513
650
401
611
75
543
376
525
100
216
812
730
414
640
991
177
831
539
93
975
960
312
53
221
163
237
230
934
468
359
238
590
272
659
39
94
831
456
727
12
154
490
148
667
964
511
974
58
822
820
279
813
226
433
337
790
320
22
514
784
439
38
1
260
477
112
336
87
745
87
896
427
897
46
510
766
376
629
705
287
88
855
75
301
665
794
887
199
299
248
899
729
29
86
505
771
268
860
437
311
126
466
556
436
663
391
487
776
972
169
31
255
535
923
786
944
592
158
102
485
140
613
317
527
552
777
222
71
374
120
649
664
409
726
721
949
748
164
622
130
454
274
103
926
56
251
413
528
904
788
359
8
799
374
87
859
464
2
357
860
845
907
299
433
418
571
544
2
212
157
243
144
553
618
275
761
603
398
803
307
743
670
265
782
166
689
458
162
164
379
186
815
414
659
295
659
559
500
586
465
909
903
458
661
907
316
488
11
786
74
92
599
726
97
106
227
521
700
598
117
882
336
921
995
112
818
948
53
626
25
419
325
498
460
688
375
355
714
830
271
935
861
658
125
641
790
227
699
673
182
540
485
932
125
67
544
974
646
564
728
525
210
163
685
670
70
919
48
181
680
830
559
712
256
236
758
371
769
182
8
627
965
327
396
498
125
928
524
489
900
134
76
882
97
973
24
864
811
992
476
667
444
653
58
437
234
712
828
227
272
928
949
266
42
186
127
327
497
946
974
378
273
413
761
302
3
825
414
907
151
861
299
808
65
452
82
189
188
944
63
973
755
218
602
763
513
103
963
356
788
333
912
392
922
327
125
13
476
562
723
461
840
931
648
18
34
173
497
732
948
745
43
486
736
813
185
560
227
332
687
627
178
52
82
320
323
325
830
133
60
266
251
103
335
490
393
714
359
543
483
118
482
993
987
367
184
969
557
615
272
464
300
806
396
747
276
706
454
631
649
138
98
829
316
257
424
489
532
176
763
337
159
135
898
463
518
807
294
611
243
266
243
652
926
839
822
762
905
702
851
864
629
67
502
877
580
388
901
857
765
798
654
639
87
308
595
699
989
466
364
730
160
589
718
680
81
565
693
367
960
475
424
103
131
932
36
785
645
14
129
873
228
108
930
385
729
73
486
163
908
920
227
805
631
319
372
343
863
794
99
518
272
677
86
725
199
172
968
370
213
57
37
812
208
43
151
12
735
243
523
906
47
408
583
129
221
741
824
638
256
63
72
550
65
429
379
382
741
57
163
19
43
463
193
987
768
608
311
460
53
938
341
879
217
963
791
337
272
752
749
586
708
908
818
822
655
693
332
955
566
893
618
356
288
674
232
807
36
848
427
422
653
392
924
820
128
528
778
919
62
972
294
531
996
801
857
223
561
744
621
448
385
69
962
185
291
856
639
445
696
176
724
596
827
353
398
134
638
112
974
60
813
371
284
620
367
736
492
827
168
755
492
363
316
201
505
870
798
133
517
403
554
550
40
602
406
501
635
698
974
652
370
489
18
831
299
881
642
581
210
235
40
590
483
272
4
630
578
162
996
983
