12643 728
53
27
22
99
30
37
65
35
23
18
10
66
40
6
73
74
27
44
49
66
46
4
18
45
56
20
63
69
20
65
61
38
24
25
19
49
69
28
28
31
42
31
69
69
100
69
50
58
75
7
98
19
25
60
60
16
50
50
46
13
58
13
60
6
46
74
3
41
22
20
75
20
44
61
21
55
18
10
37
56
32
55
43
25
68
57
10
21
8
43
60
59
17
71
47
31
36
15
35
64
100
10
34
37
51
72
99
9
10
69
53
16
23
55
48
53
50
17
25
8
61
17
53
29
29
41
43
72
44
22
2
67
57
44
21
59
12
99
74
45
66
11
36
2
19
9
67
24
26
22
99
18
24
66
22
74
68
54
8
19
99
49
62
28
27
50
64
12
27
39
34
14
50
75
40
58
10
12
28
99
70
34
42
100
67
56
72
69
61
65
53
12
52
62
34
5
12
41
9
26
25
19
75
57
64
73
43
21
70
36
39
57
12
64
41
48
9
73
22
65
14
6
42
3
4
23
25
9
52
9
45
15
39
75
100
12
7
61
55
75
56
5
38
63
60
21
5
9
58
63
36
10
28
71
73
9
16
23
21
9
53
7
47
36
98
65
68
68
31
72
33
74
46
61
64
11
15
34
100
30
21
23
50
41
24
59
4
15
21
50
61
43
33
37
10
64
26
73
56
56
72
31
60
2
59
4
7
10
49
100
18
35
32
67
51
64
45
42
51
24
66
74
65
69
73
41
33
46
3
52
27
24
61
63
40
11
47
54
60
69
38
24
9
36
100
50
75
51
17
60
13
59
10
13
99
73
41
56
43
59
22
36
37
72
8
20
39
29
55
26
98
52
60
58
23
6
73
51
3
31
56
12
74
61
63
98
27
68
51
22
22
62
54
50
74
39
60
65
2
56
53
74
6
11
42
61
8
99
53
67
36
16
67
23
22
65
23
37
42
71
47
13
26
60
5
24
1
60
37
16
63
100
43
10
52
5
16
28
23
58
39
12
60
65
21
65
7
7
34
58
56
3
46
6
36
60
16
54
42
100
61
64
47
39
75
64
41
52
12
50
27
13
1
2
6
74
20
13
55
34
70
46
37
36
65
33
42
46
33
41
4
19
98
68
24
16
62
35
19
16
70
100
43
64
13
52
42
44
70
61
20
38
63
35
14
48
29
14
25
26
69
71
34
46
2
30
3
59
23
18
1
43
4
52
3
70
68
54
42
61
100
68
12
21
25
63
39
43
63
38
53
11
59
3
50
60
50
47
15
23
25
34
14
33
34
64
14
10
36
58
100
57
8
54
33
26
28
21
54
29
44
12
17
56
43
22
16
46
56
36
39
25
39
21
14
20
21
36
8
24
68
73
34
41
73
52
25
32
16
42
11
75
52
11
11
26
17
59
98
56
6
69
65
31
14
11
66
62
15
41
26
60
20
45
22
67
63
52
19
6
24
65
8
40
37
10
7
49
34
19
75
74
55
51
15
9
70
36
46
59
22
42
65
26
21
62
52
41
22
64
51
34
36
2
54
55
71
55
68
16
59
41
56
67
25
31
24
22
36
58
69
27
1
54
63
15
37
35
47
58
2
52
31
50
23
60
45
62
53
50
45
29
28
35
99
62
54
52
72
69
38
62
53
44
5
72
40
29
