8804 959
46
32
33
23
18
16
16
31
42
59
37
31
25
38
46
21
10
44
32
4
27
44
56
27
22
61
12
43
43
42
23
44
22
47
26
25
28
44
33
1
44
20
27
23
19
51
31
33
74
30
57
52
29
61
28
18
20
20
33
60
15
29
46
33
42
31
21
23
29
43
48
33
26
1
37
43
47
55
54
29
10
58
32
20
31
49
54
28
36
42
39
18
61
55
45
43
16
46
52
22
22
36
35
43
42
22
32
39
57
27
15
23
39
18
31
16
46
28
38
29
52
17
44
34
17
7
50
11
42
40
46
59
38
22
31
44
59
44
20
38
62
39
18
71
70
45
16
52
40
30
41
59
16
39
26
50
23
53
46
45
28
25
22
29
18
53
40
43
45
84
40
52
26
53
23
35
37
36
24
38
60
20
52
21
35
29
35
39
45
38
47
41
12
64
43
40
27
49
6
36
45
21
30
24
44
49
25
38
56
34
45
35
15
63
67
15
24
24
60
48
20
34
65
40
30
23
31
29
28
32
31
29
27
36
33
36
49
63
39
56
36
36
49
44
59
31
54
23
27
45
30
37
34
48
57
43
33
60
22
55
24
9
61
40
31
27
40
64
55
30
36
49
24
63
35
26
53
43
36
27
31
45
42
55
44
22
9
38
27
27
33
51
19
40
28
44
36
17
25
59
13
54
27
35
59
31
47
29
23
41
17
18
21
45
27
26
31
40
54
36
8
53
23
61
33
11
58
27
33
30
34
51
14
29
72
26
55
47
39
29
44
14
26
43
33
22
39
12
38
31
6
32
26
26
51
27
48
20
31
27
31
24
58
49
11
25
21
31
31
37
15
20
38
37
46
17
22
4
40
26
40
21
34
45
48
17
28
34
33
14
37
24
52
27
47
36
48
24
25
48
22
43
21
29
8
30
19
33
32
53
23
35
13
14
27
28
29
55
28
40
30
25
43
43
42
38
32
38
40
6
45
15
47
35
30
42
30
36
54
30
23
35
44
26
29
4
19
24
35
30
44
22
17
33
44
29
45
6
23
48
18
32
16
39
61
11
28
42
51
52
28
40
20
50
37
62
30
49
18
40
23
40
27
36
31
19
46
28
1
37
39
27
5
62
30
28
26
23
39
22
42
52
34
37
51
33
53
20
44
42
32
23
41
17
41
42
16
16
29
28
30
15
24
46
30
14
21
24
21
24
49
51
39
58
30
48
55
51
29
25
12
37
49
31
23
27
44
36
27
36
46
56
47
33
36
31
15
31
33
20
9
49
19
30
39
32
32
13
23
41
76
39
20
38
27
17
54
34
29
17
44
17
29
12
38
10
40
37
53
23
35
30
56
28
46
46
52
53
26
23
72
41
40
50
21
55
47
32
14
68
40
9
47
40
34
28
34
45
34
17
26
42
37
34
62
72
20
54
30
23
24
34
48
26
16
63
35
40
30
40
25
62
39
39
24
21
12
45
38
56
27
40
58
41
22
24
35
65
31
23
20
20
47
40
47
42
20
23
64
38
18
23
29
36
29
47
53
25
40
32
36
40
46
35
31
25
43
22
56
18
51
40
37
27
29
50
67
42
46
47
54
31
47
31
36
28
65
61
23
11
37
15
48
65
35
38
47
23
40
20
63
24
25
27
35
56
23
42
26
36
33
32
45
55
50
25
35
27
8
31
33
39
18
14
32
55
21
49
37
47
30
39
19
31
39
14
26
28
26
27
24
50
39
45
46
35
23
13
37
12
48
6
12
33
49
50
12
23
20
19
24
37
16
53
37
46
15
36
40
21
41
24
25
27
18
32
24
37
57
29
49
32
20
48
25
54
49
32
26
48
28
27
23
26
59
48
20
23
27
46
20
30
30
49
25
7
40
46
13
32
38
27
30
13
43
40
25
21
41
76
50
50
49
40
50
34
48
36
49
43
69
34
25
60
33
52
45
26
1
30
51
53
25
46
40
56
16
37
48
24
36
48
12
40
26
47
41
49
55
58
28
40
57
34
27
55
29
51
23
44
31
42
15
14
28
42
32
51
42
37
42
51
37
16
53
39
43
23
34
23
48
28
10
34
33
27
47
40
44
19
26
37
30
21
39
21
44
13
19
36
42
7
12
36
40
12
49
33
20
60
37
35
22
44
44
31
32
26
52
45
50
24
42
16
18
16
52
38
32
