117348 987
314
303
444
839
989
486
430
651
725
978
987
210
451
977
712
989
181
261
728
691
385
287
627
296
971
601
853
789
788
479
238
245
257
99
665
459
1
666
265
452
605
200
377
185
105
867
638
116
885
396
139
903
487
789
222
975
624
583
286
6
354
687
829
676
994
490
752
145
665
260
335
601
536
395
465
488
401
142
66
361
388
299
403
842
986
809
648
781
854
207
305
355
532
383
41
622
950
66
390
108
48
810
692
669
267
261
705
442
626
310
298
556
457
962
742
155
852
473
868
828
562
841
966
340
965
254
646
281
141
759
375
872
261
123
24
319
681
609
88
277
175
942
322
445
425
296
473
911
788
839
665
775
936
431
179
972
311
671
186
917
630
868
601
748
125
424
289
356
513
313
369
94
186
160
916
89
986
763
162
366
323
769
344
231
886
461
683
559
532
134
471
175
706
810
829
978
492
652
378
646
807
507
850
705
910
660
865
173
876
219
893
972
969
503
390
286
115
31
809
996
875
428
664
278
525
535
371
215
373
453
2
723
300
285
56
142
782
623
207
405
258
265
160
358
118
806
525
54
436
231
12
273
768
179
443
73
930
698
764
317
144
107
328
170
950
43
104
127
532
101
221
536
636
217
53
524
372
656
815
222
459
965
475
449
174
295
545
598
798
796
22
738
427
301
347
186
590
522
826
596
191
36
937
88
802
958
373
529
74
559
506
459
574
570
354
60
298
560
32
301
313
293
840
651
649
184
353
937
745
867
770
542
147
117
646
681
304
367
746
199
581
232
214
594
940
809
169
366
225
860
124
269
168
619
675
875
914
49
305
18
248
21
339
691
740
418
252
653
196
648
552
405
186
899
567
440
615
1000
132
152
89
265
909
48
251
38
405
515
448
817
501
807
506
345
871
918
679
348
748
51
747
298
998
129
950
609
870
926
177
733
857
779
318
825
972
476
703
776
376
750
386
762
250
99
780
680
417
255
166
25
531
320
868
192
83
580
157
170
676
647
331
959
805
226
195
925
683
65
191
178
879
706
189
11
667
632
702
428
597
569
601
204
142
536
914
908
424
250
598
562
830
601
720
127
345
546
646
57
528
103
860
445
873
365
746
533
812
126
649
352
90
961
98
425
920
725
938
392
60
395
507
209
920
882
645
313
330
219
331
527
265
828
36
945
508
831
945
120
115
680
941
259
292
436
707
434
79
739
367
148
210
650
612
506
699
232
427
985
401
791
193
341
170
139
613
756
346
273
219
310
994
92
358
987
639
414
86
280
770
389
523
720
334
543
725
146
970
328
648
532
1
943
684
758
545
477
485
533
544
661
44
485
357
860
14
810
676
249
649
877
100
149
588
549
568
221
856
334
446
142
439
309
857
977
140
150
317
251
808
90
458
161
572
655
951
751
354
170
121
26
605
921
149
653
108
35
176
21
819
835
165
460
229
220
334
238
836
117
635
102
429
527
728
873
349
644
769
585
69
54
886
912
592
853
169
487
876
761
807
53
802
202
960
959
248
386
594
174
435
961
952
412
288
458
521
85
378
211
253
219
568
879
778
413
665
476
625
897
480
548
87
918
102
589
185
454
339
435
113
82
71
765
876
530
657
727
110
871
907
243
319
826
53
756
359
876
784
964
420
80
736
1000
702
182
51
995
331
536
785
477
207
117
590
491
600
276
160
324
401
793
90
940
370
702
629
777
622
587
648
474
855
63
71
543
435
236
719
238
310
634
859
610
513
94
747
401
22
517
469
736
54
558
158
444
941
241
216
304
724
389
25
975
902
422
77
908
54
545
877
20
289
496
750
401
225
666
154
445
486
296
619
135
24
771
875
416
292
530
805
961
289
891
606
233
76
3
184
649
790
360
279
158
694
764
318
378
334
345
650
877
637
556
625
952
770
71
340
951
734
982
969
455
844
50
611
253
559
502
851
515
493
237
944
952
790
383
779
182
59
791
636
979
695
206
986
706
104
140
961
417
125
252
428
669
576
205
789
511
224
607
28
309
659
735
235
252
474
792
685
262
811
955
261
636
822
131
343
470
426
317
348
600
954
520
927
924
558
86
139
507
691
252
808
465
88
647
658
652
891
109
215
420
922
296
903
405
301
853
764
85
217
836
472
145
585
429
865
474
362
237
770
722
680
359
148
962
107
42
340
913
227
360
989
596
881
501
243
389
398
453
504
283
542
241
774
867
630
841
219
37
401
256
92
872
620
297
806
479
158
596
240
494
703
277
425
541
676
