9560
69261
67777
45607
13074
37845
37040
21599
31976
88585
56269
18459
34645
37005
39609
84489
62566
23752
70035
71757
9689
85879
10494
48254
45551
5569
44977
50018
43996
48018
72819
70199
18575
82430
2152
46139
81548
11576
24582
67355
54161
57536
62495
22110
8380
72436
48878
29598
43474
58045
36221
4588
48121
59208
19091
92023
93215
6293
13073
98183
70683
24950
27039
56874
20730
90643
58758
24525
20048
30931
8006
80903
34022
51935
68594
94581
57251
48228
25771
21959
38987
31709
74125
3521
79194
38840
82279
20405
88185
58896
2948
20197
29466
82745
26126
50490
54822
21768
83763
50456
43223
83752
78292
56863
20398
25981
73853
33005
65250
63259
47825
4122
23305
1149
79454
11684
63238
54393
39925
72751
26195
21700
10600
55033
80220
55939
11142
28394
30826
11066
37040
9624
62582
1797
74048
12183
7297
82925
58108
46180
79267
85586
43138
31882
36390
60518
25779
45950
85278
82164
61005
25535
59747
61274
90129
93285
12742
65786
9919
36854
87859
56672
61006
42376
40672
47246
18607
29929
19317
30636
12110
55997
68298
13335
95192
67990
74649
45002
98755
46367
33714
96812
46880
87384
83736
33238
16784
66757
87386
46561
35491
11743
24510
42212
89182
42728
28478
2151
6174
15984
81786
38732
89367
18368
6154
99001
20470
63137
58547
89518
81008
2396
50972
86297
70781
41565
25594
77334
93397
72637
81405
71973
42013
52607
74362
97499
13194
71177
40848
41913
84495
79266
89623
37217
57243
53975
76952
3134
67917
3806
11088
62779
50705
68476
38805
14482
40768
23287
45735
41186
96509
14652
74166
33529
94337
53960
65711
19025
84224
18984
40213
60519
72452
49776
33893
55505
27576
30605
4606
70526
42778
94355
30865
32798
59523
54727
98181
37903
7196
1663
74029
36806
60788
5566
44323
70382
50683
61402
92651
7486
74948
7535
17288
14883
33092
3489
13965
20683
18206
3095
14894
9032
48944
42173
43174
37104
10888
93982
2286
30327
30279
56890
21564
9918
72389
28526
65420
76965
82550
88608
93538
81793
92490
5917
35296
84534
53547
37979
22081
74857
77074
39768
7523
77493
60298
75031
77693
82173
65935
30905
87247
14035
56713
66989
81409
62738
62572
1329
95311
51334
43117
57071
93880
18403
63414
7811
6683
42799
8346
73731
24528
42263
97654
79870
17657
9592
67325
57466
12674
50169
97625
76226
46140
11347
98896
65098
70305
7883
29217
23719
77407
30275
8619
45931
74721
4242
7425
87490
30183
64044
93481
2694
98781
34265
17385
94642
45756
50906
83786
94626
96426
91592
70411
79333
18550
80275
91439
44439
42189
84189
71797
26991
38499
65951
32467
34508
68410
44332
33361
85423
35558
81341
30023
25650
10856
47387
89086
75080
8137
64923
3260
51386
61368
30685
80151
21918
87413
799
10599
44492
91039
19420
14593
26313
43070
78420
42028
55096
98355
1939
21593
2310
6209
26431
23554
21223
26844
9042
20469
15761
38501
56793
61843
25994
41071
33471
61777
32090
36401
29864
74711
90945
11960
49826
21449
96076
14229
72907
36496
85361
36817
29761
35190
62665
39106
21909
74113
65450
86561
31209
90509
34513
29341
7473
65117
38423
40029
85902
85087
42791
60095
9034
46637
58417
59631
35197
91171
55332
50616
78307
21384
48877
84139
91298
32195
15991
53187
82491
8153
87731
7671
79665
3722
85317
14294
93609
97581
36772
96456
84437
63986
25402
63372
91609
66676
40916
29430
96426
26879
75294
35201
25038
84426
45933
92357
6816
5284
77253
87617
46116
62411
85690
85949
9073
81247
61541
67942
57420
50621
42890
58670
59892
90784
72536
57122
61952
56863
40133
79028
46178
27196
81246
48380
76989
22139
51401
11158
84864
17533
13811
31262
63794
8808
77978
85453
71759
90706
22013
89858
57962
40215
68408
93802
48886
54355
7725
50322
93844
84186
72850
62257
35071
8120
33835
50577
47017
8377
25703
32782
52616
21194
46780
70342
58959
29108
5871
42868
59062
271
74363
1955
45150
30673
36514
71429
16094
59522
83000
78116
42244
98040
33327
5229
96151
38609
6496
44481
14360
74918
58149
57686
20117
86912
56841
91745
94996
25197
42405
7777
25903
54268
80929
5174
52715
45153
88825
12508
24144
60518
8459
23332
39990
71902
87769
93338
10244
52405
60937
53904
11321
56842
41036
65415
3493
98283
15482
2663
57030
71648
88571
24235
56875
59365
34219
92565
96755
88954
89222
9590
61461
64858
48816
13333
71404
46239
75657
50535
28087
81506
22406
47098
47224
24097
89933
39757
94284
7608
80706
38240
5328
5448
69702
55047
47758
69345
31056
48760
4166
9157
32125
97933
6920
58502
11159
57442
11517
55802
54168
24693
22396
28483
75457
73507
22811
3789
64336
25332
85756
39295
62867
75345
19336
35827
7237
10097
38603
41493
58341
96355
40777
96133
81320
15289
45006
23961
9366
1874
89298
36402
38310
7776
29725
66021
54371
35643
94227
95806
2700
26427
89221
6411
15833
79300
44483
82150
21053
96351
31775
15127
21331
30898
25196
93515
56829
41464
72166
10716
24687
75031
63025
81409
76016
5205
34601
49772
26558
29702
64314
4171
32589
77355
7396
9845
98859
27699
19950
79816
28034
58066
39373
89603
72278
86442
79025
47783
54858
71343
69860
45661
57585
33150
74234
96096
69860
37083
11255
81140
72054
440
34718
90453
76772
81283
612
73683
78121
32796
71911
54556
78069
32595
9322
92744
67232
94735
13935
51544
20213
91354
82516
92350
24409
92242
16954
39766
3908
89368
14094
84409
54976
88677
20993
7746
81029
45764
64747
54411
26881
87211
48871
71697
82670
10078
78914
74061
38832
736
85121
84495
17596
56043
18759
32111
73458
68208
76274
94157
63985
23554
58183
76498
91773
4666
62007
83154
34837
81235
69269
94342
29188
33575
69900
84475
38459
4058
33502
7453
69842
5003
35296
25519
67176
77694
82902
10952
87750
84161
38977
45950
49267
71287
84564
60371
28370
92586
24112
7498
21705
99848
61515
48345
64524
68479
56283
25749
42322
35890
24583
86742
70493
22011
79005
61082
11330
88095
83777
63168
89849
2628
96311
10273
21566
19915
87358
84842
36839
64851
51101
83864
70240
16167
96353
3972
5004
25158
14622
90975
11525
10394
73267
5164
22174
99496
82291
21677
16067
92586
43079
2828
27522
62061
53016
15355
40939
50676
15927
56475
50505
29673
95769
85116
87190
39551
45864
43784
25377
37670
43770
35619
94996
36675
68344
7859
63759
85238
60570
70917
75947
23841
98543
49206
14607
91769
29690
9661
68952
16765
38297
16060
83772
62008
11398
79747
34130
86586
80411
68022
41171
17053
90918
10604
45782
25176
80240
21902
26738
49114
32193
18753
21770
35659
35633
84974
77997
17844
71996
91461
56111
97743
74349
1672
73969
54857
96228
94895
5047
23877
14744
23639
1492
87309
94715
26856
17088
77076
57745
57379
12447
39998
99611
14447
78195
85817
70024
82690
95137
9315
76415
31166
2699
21124
5133
64638
62908
78374
62141
92773
78644
35714
30635
98751
69902
2644
18453
36520
89444
29760
48908
83391
54102
75039
50456
74681
81637
27617
57440
85592
69593
23136
27784
66739
63391
44400
60873
6616
84103
173
53264
70269
71004
71047
33007
10614
16703
37825
71758
29182
70708
51261
69139
87636
31468
69940
82573
77371
58971
89847
40868
68334
55651
7895
54941
54856
33961
98643
2102
75360
24494
25545
72851
64467
53478
19694
12665
69948
70957
26530
88971
1132
48449
63829
55041
98167
6861
53443
72925
32116
33637
83293
13921
26132
72182
29114
46305
50336
428
56289
77922
96125
73363
87381
81093
89516
50027
75252
8027
21448
68998
80218
18885
23988
26865
88972
16215
10716
97521
29120
20742
26796
87189
72746
64763
15598
13908
27957
23352
95165
80621
45520
50354
15475
51546
40026
81503
59588
8518
75886
10745
40371
6264
97965
16820
58360
9939
66535
6389
13239
51960
50454
12136
11149
13242
59500
79421
77055
73564
303
30924
33037
1666
73174
44487
4868
42593
23485
717
44965
90593
74349
15682
22201
76277
84276
5731
35423
23487
86925
65470
70482
5337
71109
19472
70167
31679
16669
9481
78859
91375
65304
57460
25837
40980
66245
41881
96623
12747
43089
90570
64953
22510
58746
66632
62469
45492
20713
30336
20404
64295
42603
63556
60660
80082
69744
18305
57174
84165
71107
5410
3788
30445
57686
81079
4693
17218
8007
89516
2318
78164
74683
38912
10800
37827
96131
51143
38119
35215
2648
95937
65241
88478
11895
43504
12724
80080
66246
32698
91825
53666
39108
95756
19375
16791
76709
84708
29570
23036
59146
34840
75172
96965
66760
90164
55610
98913
35558
404
60807
62182
38900
44955
487
28478
20416
46727
11587
14792
21224
44841
65657
3478
48690
9368
54729
96213
31798
47137
12438
4191
26772
57848
42858
71697
25204
1051
92670
54328
80657
74687
47673
22873
66673
9194
35059
99158
99800
37097
70054
7122
40150
15768
68426
77294
43212
70819
8056
82057
60372
22121
19418
73273
65864
57964
77522
3418
23644
60093
42352
46113
10490
87070
9095
38248
60595
98340
48474
42044
12590
94374
60242
26672
77105
16018
98725
95177
49860
92234
29194
61639
68999
31707
48868
7283
53705
35918
32885
50521
5168
15594
28935
25693
97677
46241
67309
8720
81786
26612
65536
52607
90336
92021
67901
9583
82573
50846
97518
96753
85592
10097
53264
69758
69581
33275
17119
38592
90338
8708
21329
59279
34981
90057
80630
29675
99446
47404
61311
17357
80818
92566
51904
11248
10200
80845
11486
98645
29190
8863
83959
80656
43475
77537
62867
63100
12184
30190
42927
13252
29442
72657
95924
33574
43355
92802
27784
31166
48322
49238
66507
13505
73995
18895
90332
59385
59810
69532
8646
7197
38732
94795
34491
47394
50291
71996
21118
63339
65862
25318
55586
10121
87802
14522
42988
75916
30745
58212
21901
90618
93856
15367
44354
31006
17886
65683
25379
16947
92153
9083
12591
55508
8293
54668
54217
25175
83736
42045
62006
41370
37114
48342
96857
20374
3153
61342
25599
21776
21125
50359
75303
45301
94670
72345
5335
71312
33714
25820
27816
64241
31281
44981
63371
6837
53267
3737
61905
42147
53498
10198
49976
19769
23329
26338
36537
66504
6607
25753
66186
4546
92173
38493
66972
48471
58794
67451
52631
14887
99750
31596
17386
69552
17326
60411
82509
30447
61700
65704
1768
799
36374
68346
97178
85361
5374
66497
43209
82573
57335
10411
69690
30850
5989
83168
87122
37978
76760
34413
14107
19117
68139
18174
54319
19559
27002
7972
83947
85161
41775
97092
18328
892
91927
5766
86340
81914
68964
92657
51988
81457
35297
12876
50234
15215
82902
9651
94384
81988
17316
35611
70593
25703
42073
94180
70141
54250
82379
22109
63710
99382
75238
49925
12926
50463
1466
60272
88065
2930
18608
55183
43582
96900
33900
38134
58117
2137
97333
4674
52749
48229
47481
88878
69630
76582
10278
49977
93966
9248
25901
71429
16500
4656
64557
12007
60117
19260
68198
4065
12224
33174
89467
55211
14968
9500
90901
53417
30576
22792
60312
70493
88796
74903
38891
28609
93093
20107
63392
79526
94145
50387
93261
51823
42318
9546
11593
98864
78808
31221
26779
10219
14887
1479
7522
93704
34993
9936
7940
27101
83640
96865
52526
25934
31209
20526
56902
7453
55876
42828
18606
16527
10276
47557
97965
35562
56063
4969
94624
38692
38184
7700
11959
47124
74815
12529
17438
30378
87641
6631
28446
49086
13605
80941
92535
11049
66504
23991
1877
83987
89677
43832
60807
26851
7559
53371
1277
58825
11867
78708
18133
28553
12740
77201
30395
75282
59675
13769
94794
31680
54732
73509
2973
30279
38365
7595
26443
55325
38010
36902
37400
97583
23479
95536
84368
47693
39386
6691
97518
11606
99160
41422
78136
65606
23264
96024
66122
5389
55697
40663
19204
1048
59585
78287
3114
82143
72047
22395
55975
53542
87293
11865
34917
51374
8424
47485
12642
80844
8367
74082
22835
6358
16169
31121
85553
36236
29217
12421
70756
77923
26131
19778
34140
94311
60491
32991
53645
61356
55977
33737
31351
71442
49894
24247
67354
96816
24788
43062
75026
79967
81629
27285
62345
5564
58791
89695
93422
82331
9368
33080
88280
26736
94793
36402
40115
98755
18662
21769
54517
85039
92956
37735
56557
46095
80209
82386
15842
99843
38774
11341
25760
81248
63728
99303
76868
63187
59956
11173
76420
76323
61450
86661
54940
30323
3695
41477
46052
11125
6260
69630
90098
22134
11893
32144
54091
26661
52357
16230
67333
38825
93804
56555
98404
51643
5363
50278
88877
81071
12439
84360
78931
63534
29913
35362
12463
96604
9541
58184
82019
41805
67344
56067
88250
86595
79958
91823
35916
28903
28521
78196
75183
60168
7285
96971
43949
89084
71912
28063
61590
41177
36495
43543
97630
9438
26272
41737
42988
99618
73011
96107
3737
22887
6410
86163
16947
26531
1951
31597
635
10494
68240
51077
78678
14796
17164
36624
14778
61389
48509
58045
85361
66090
32768
35386
36666
65713
45016
94903
42610
36135
24867
31678
13138
95754
67144
13423
72744
51416
80641
84084
43968
39546
5221
77327
70403
96363
20413
26620
14777
82646
68707
47833
41203
5683
75247
73238
57071
25004
59258
28452
78910
17830
13251
36977
86398
89930
95147
78951
83041
98809
81190
30021
26294
20413
664
67994
39299
75553
60070
61690
8865
60303
85376
30359
60706
6685
96536
56318
77137
56678
89917
14455
6041
55795
36230
69383
15126
39227
11484
88215
94228
55580
51484
1430
71109
73871
65393
88237
42624
84269
93395
92611
14841
66291
20583
85951
92100
81651
47734
29166
51414
43505
20166
29592
70648
86614
36333
13514
14583
45489
24458
5912
29929
32020
18471
29000
88919
71793
60579
56284
17750
28885
14396
59162
3817
68856
92493
11148
11077
26165
72796
79543
37082
61374
35633
48197
77026
10490
79025
53124
97944
35979
72208
35979
46492
9542
24623
2316
90626
74069
44198
7315
53613
12006
63337
54456
30492
6716
9974
45663
22666
73930
66735
458
66693
30765
74830
17093
62797
59062
75667
30237
87749
96172
45388
29062
23136
58301
12727
52928
44178
12475
29002
44254
28423
59817
22025
45976
93571
49166
7340
18447
60424
23076
77206
96182
94873
22134
65878
40348
92671
61606
36711
80281
96493
73038
69152
15425
42118
57794
48834
52169
48342
72408
96058
16798
22679
28192
29135
78063
33026
66554
24024
43768
99107
5636
92086
28483
17700
20630
21286
9572
10789
44815
42199
99254
23144
451
27546
67668
14370
34017
11863
77235
94315
90261
7896
67901
48406
2258
78815
600
52432
84398
83210
34577
61282
9352
50214
3088
88066
23093
76717
95777
85172
47395
16631
89551
64258
95675
9336
41882
45008
91707
1037
68742
45539
85246
99540
33172
76509
76094
45796
65458
67332
84474
31806
46182
28312
2791
56696
14370
39243
85085
91637
55875
40592
20540
19261
16215
2678
61907
15549
1478
33942
58955
93938
94589
24213
52501
95794
2478
47742
62488
45464
95544
14362
55446
1345
99061
7142
90233
18005
51905
27207
46111
51917
93642
19288
77296
80275
77520
76774
70151
40457
97090
6763
18476
34542
87567
8198
15591
89938
61221
56931
32213
25591
66330
1050
79120
22367
93284
11731
60224
4068
78627
1286
14918
12976
1926
97693
28760
66817
64770
66188
65354
57248
94225
40101
46906
99063
89935
76506
35588
51384
22876
47356
19906
28355
96966
63795
96444
38010
69351
78439
64935
40726
84021
57886
95787
45464
80952
42315
34659
44863
75917
15373
1049
19317
37163
79331
5609
93262
99533
13478
25357
39746
60262
13955
95576
39662
7314
13525
72450
41478
85179
48919
59229
47137
16424
95667
85605
66951
4229
34571
75817
73869
89933
5767
1744
14647
86242
1115
96933
19897
87082
91458
90628
84616
13851
17040
53094
31872
77486
26920
36324
8079
38208
46722
2309
18058
23828
82141
82508
38977
3040
77081
92852
86648
37692
15282
26858
2791
64589
86608
68072
11472
702
20835
27127
11458
95665
12898
90574
51281
75888
96680
43446
27680
777
71289
52494
63441
60107
14608
69225
58059
53614
7410
57154
8919
71479
1194
85220
80525
4200
45711
55232
18172
11034
94690
13144
7075
97031
46017
61951
97029
79651
98148
45494
93094
3669
46823
10899
34461
62536
21398
60768
95172
51642
58877
99566
7978
76716
96054
46835
45427
78070
31412
88436
98831
88747
63249
85448
55188
84540
98797
39614
12019
12874
73679
60058
68277
66973
11339
18812
96622
76274
59071
96672
23031
72943
20021
88828
62045
39783
43821
94337
13299
66430
885
73199
98026
10774
79928
75752
89638
96325
5939
27491
65740
23812
44446
99568
91298
68626
92853
73266
63476
17952
20483
95864
44233
89433
48324
2514
71071
4122
75455
3065
11003
98051
3814
15326
64415
89193
60258
1037
18139
12586
34281
11341
55950
96092
93955
75429
95444
48071
97022
19103
91676
71096
32215
42407
58041
15287
34185
61252
33573
68998
35889
97668
61250
16285
69629
55505
45340
65279
72974
48804
27482
51644
46444
71281
2526
14412
34581
81748
86381
67024
14412
6624
17525
90257
94795
46928
54668
45736
51259
18320
72637
79145
58943
55007
94667
21124
22880
13480
26752
59007
23289
23965
60673
79186
43174
29813
17312
23262
52054
85639
94959
36205
56770
17807
65195
55763
79454
43057
80653
61791
86547
92441
47949
1088
33036
91356
62310
58384
12376
34991
83042
1116
67629
31896
42593
57296
23652
71242
44837
66740
83002
71310
88601
44579
39760
27197
69551
54908
70943
96075
89499
10506
2591
47256
1402
43703
4568
57253
75320
33532
63551
44300
42262
61583
88288
70242
62152
31803
43061
57472
29151
34239
12785
92627
15375
54718
48096
43226
31700
7571
87616
16419
36853
54818
17660
45817
81161
2260
61170
47276
33469
44355
46998
50799
80700
18420
74591
31356
51035
49332
33087
47786
8266
41993
62002
95481
15453
91387
88730
17273
91024
73770
35945
44964
83860
7454
53577
35609
39156
14650
91975
87220
36019
80504
28888
80156
88206
20813
90709
86381
58447
59375
58553
85692
27042
44480
40429
58873
25986
68915
59070
34351
1660
67792
37344
41205
49925
15281
7341
71391
64568
51638
36267
71565
17952
34786
11452
95423
50278
80685
31803
80003
45732
84119
27678
30367
73295
5100
95590
86996
43855
88953
88523
99988
56318
27410
5942
37340
43997
66243
95685
3989
32625
167
39640
73504
77813
85409
855
1685
3078
87894
66124
83360
36864
61741
98339
30499
98060
39569
92239
44331
86546
96327
1302
87365
31392
80776
61022
73386
58386
10347
67580
49180
97163
6497
79165
18331
88057
71300
80570
35263
93942
6959
84881
84304
30181
79569
42189
17032
98457
50353
62538
97691
45977
75103
68947
76677
37307
11815
349
64597
98054
19113
12001
18237
40402
55833
55931
71178
81964
63764
44769
47959
89163
91977
57359
47505
50490
85069
72980
29570
39187
72611
62189
74467
59383
95605
35081
93293
17518
22101
96970
74685
50185
46358
76224
42174
1347
24605
61854
33749
98667
24409
1454
11517
67779
47404
52847
14367
41
38391
43659
64480
22509
6694
85640
26951
98551
34509
35741
13866
79226
332
93855
75688
5906
58193
52997
19948
47889
2890
35293
68514
47615
16960
74940
40848
44080
4986
10465
2752
90594
60950
20722
72350
69228
14426
70933
63434
14231
1876
77352
14227
80844
36354
12700
87679
12614
44167
21902
19779
11930
65935
53559
89344
85620
6172
91296
39545
78306
41491
21522
95357
82058
11716
4409
73462
92580
72658
61465
23485
16955
48762
46562
53691
54795
7700
60017
54795
78009
81455
87209
85347
69138
74343
25034
13175
5962
86164
33036
50487
34711
96932
70970
95895
3953
86475
97536
53611
50519
81897
63831
83752
93209
29654
97843
48037
52859
45232
57088
77327
34414
86034
61789
44611
35665
38898
68956
30394
21601
11759
19094
68626
54741
89623
95546
71356
89068
16369
40112
40684
8020
58800
66025
67076
40552
38422
92659
34200
26995
99703
90923
18596
92425
6035
39737
15859
7497
20061
81717
71775
72993
63107
83393
7381
32789
11645
39661
19026
6207
95736
14023
61522
46693
83221
26546
88606
55658
36568
39867
92293
95258
26131
96817
11034
59385
59359
65224
88781
20021
8785
58308
72812
18534
50006
46118
74212
92548
79129
68710
20099
45429
34749
74398
90823
70303
34428
87379
15769
96054
53140
53239
7869
45166
57894
73786
77403
83454
96376
30360
84358
78672
66342
59807
45824
97186
265
3673
94312
4897
97113
78420
29449
17699
4952
79727
2251
94335
8981
5188
58660
37317
75659
32114
45109
5247
74466
15474
62105
28435
95538
61640
74263
38837
94470
16032
47585
32604
35631
14209
78710
55334
82019
93238
62172
80442
61513
387
26787
24792
88604
28670
81196
4632
65281
7719
38581
93716
2789
30159
94696
87359
51005
9294
12474
15593
27223
78062
23475
96236
50430
16828
44698
76479
56891
15526
77504
60135
8369
34053
6373
24330
6602
22105
22887
50610
25305
54735
77403
86348
45495
47731
70361
37235
98650
83239
60621
478
88238
95588
70038
76
34437
52130
36601
57171
74777
29189
23965
59231
87180
43008
79764
71135
61041
40073
53011
13137
93421
45387
90761
94760
6431
32549
91002
4891
58760
38500
73271
47742
51159
11763
17437
78267
7440
70766
43124
29791
35469
51215
86647
97119
3389
27197
42361
74497
57024
71813
74234
57929
13923
92086
86680
10346
46411
78646
76155
7931
48815
95178
90728
31309
93606
32407
74062
58310
57764
44026
32606
85842
6373
25155
51559
5612
13788
51249
80187
75374
45825
22008
80150
64599
85533
1439
15299
64857
40286
36889
19929
98923
76500
4320
83271
43139
71199
57604
98809
16792
30838
69791
43246
51293
89476
53889
33152
4026
6852
61522
67231
908
7686
13505
38523
38521
85314
59045
82815
36593
33624
24805
351
24205
96966
57587
66444
3167
98287
36576
31473
94275
19427
76000
16993
55723
16432
45239
4243
53560
5535
69161
14021
19452
94311
67794
94433
21110
41101
27064
84003
35627
18207
90780
43451
16058
21397
90394
54518
87623
91705
52670
29699
62312
91603
65142
93730
53154
83083
10394
25137
83252
4959
29648
47358
73163
59987
8552
33898
96408
27644
37272
92519
75750
92958
90201
51213
44389
3015
86031
81060
95997
34787
66797
96572
7571
62776
58986
2246
87424
65249
54372
94742
1730
77282
37162
32801
50579
56262
53543
59152
33440
44079
61343
87902
6217
78927
38824
93546
15953
79173
52030
74289
25308
94643
86091
5121
31125
55572
48376
88508
33803
42183
23633
60766
68923
86806
82290
16150
4759
36943
45596
4200
30578
9592
19997
76714
18130
39782
22953
73805
46993
97942
51898
95596
88732
47793
2139
66244
1301
91402
93307
73928
21088
86743
66595
55777
51237
77288
80171
80396
84001
25996
98032
70038
69069
69901
28229
10073
87278
72639
86997
10219
92235
93878
80235
93357
75792
44468
86022
13134
8373
5333
66449
92986
25317
76240
31825
22473
25003
90883
55321
38918
31557
23282
87876
36123
8711
94955
3931
15142
62063
6349
17488
18797
73744
96109
18141
34266
27042
91259
18078
94510
10715
31237
16347
66656
93458
37798
27775
47985
83852
27118
68449
85638
57948
28938
26104
92950
89146
31156
80927
60016
82430
85159
43277
81412
11348
14696
50005
51764
87357
86541
29121
72930
4631
59257
52053
59309
14449
27548
83174
57026
52785
11914
58460
74031
55570
90894
47676
98807
33822
15748
1312
32955
31823
82102
7518
11574
63439
17888
56698
64934
74855
60072
27314
33369
62207
58197
35191
67319
23058
43559
12747
27008
81617
91077
2064
11087
49003
48245
51291
85319
78337
18292
99383
69276
29512
30607
70871
73070
98350
20540
18953
39249
42071
47887
80832
73336
55446
14834
87400
38658
95358
50487
89510
55732
87650
87397
42377
80181
86030
51134
4910
33361
38421
41654
51938
30883
93846
93606
96833
35064
58137
85411
71950
55319
18919
35083
47757
27286
43058
99533
20632
44200
5937
49130
48017
43090
57519
58573
33341
33673
76493
80819
52510
60048
26095
79396
33948
72477
19228
43092
48641
78905
30839
22587
2685
54402
56494
27522
45965
89022
43534
81700
24517
86338
19016
50168
48853
71540
60386
37103
9178
28003
52202
34918
7744
60597
96145
9633
35972
56113
7485
26863
25781
19086
2598
20776
40588
96141
270
87887
73202
8388
67568
42868
91635
69383
18208
5567
2248
57879
38182
59043
75456
66444
39187
50865
11931
98501
56671
44312
62667
23205
15495
81425
8986
23595
41972
56475
452
24882
33794
75419
67470
82172
12440
97680
66365
96573
95278
84538
32854
49624
42859
74148
80864
29726
21052
94631
80876
21181
36664
26949
15654
57258
78548
70357
60170
62683
73973
32184
40891
43319
33840
7484
96856
38165
89986
36447
21109
76725
38295
80357
46303
6399
27043
80349
45472
97675
33681
20060
67331
22885
29807
44310
4970
63474
82757
74289
8551
4732
89466
49720
84798
83233
80701
46978
42028
61501
18715
52673
10206
80901
73296
35912
94897
41708
9943
69691
45704
16821
27146
28948
27576
32235
71614
218
59215
61311
17132
79393
38500
71144
52253
1321
74422
53904
16885
1402
48204
42340
84022
81072
51830
14448
27576
93461
92534
14920
529
7255
38691
50137
94705
87489
45155
77354
1665
64045
55157
1888
30947
69827
97335
97873
53207
23855
24604
77328
96494
83233
83111
5172
66890
26780
60258
44172
43999
43185
54888
97654
433
64063
40661
34837
53827
69872
67921
62184
15999
4620
25694
93552
47708
66364
41688
15224
35757
45735
19091
17609
57028
37412
91976
87686
64888
91402
43069
24053
42726
65470
41387
63812
42052
26682
30746
90275
4190
84874
39647
16259
83293
53448
65996
11125
47115
4453
5051
50495
30050
72930
82049
46768
74399
5104
34992
8495
78790
59757
27577
36338
76275
605
53023
32945
87043
50916
92628
62254
77653
48406
65756
71834
88057
29107
56410
10573
88281
52796
91335
16093
71285
64981
85853
43797
45967
25154
71564
56373
46413
62315
14968
37866
77552
43806
88791
88505
22101
99567
32054
90740
93400
38996
50235
81167
59818
67575
17353
48727
896
42507
75991
42625
53139
81503
64137
87989
88987
45795
6604
47587
3697
11612
60222
86009
32801
13388
93479
10763
33099
92319
78650
89873
32162
1751
76403
38005
57124
37096
95079
59143
60924
79766
87549
18173
25389
44487
96927
29326
13977
75794
75249
57209
23057
90924
94286
37317
70749
66344
24509
20884
42376
66774
99940
80280
2782
21573
58399
34422
30933
2785
8460
10251
62041
7509
94902
26097
42464
77658
48806
3241
91682
45321
97793
74458
76545
7329
43941
27006
19265
47996
73948
18521
13607
59221
35919
16987
59437
61398
30706
22107
13801
65659
66315
87247
31207
60540
36354
43661
58343
94298
60117
92253
5453
41066
1329
48700
51959
63166
94016
72055
16819
53610
49270
60675
75189
7197
52081
79014
90128
1306
8391
37023
15748
4889
12716
86338
96252
10873
66756
10076
10746
61539
69711
63409
74990
7515
44113
60007
67158
19511
2366
40008
23107
86857
85039
45340
53724
20887
65156
8406
83737
72632
93239
73334
15527
60490
97483
50722
15550
15652
46976
45287
60660
20373
93877
22805
95080
77996
44321
53722
70049
43821
12117
68591
80237
81222
11203
94740
42050
6935
75488
45752
65595
64513
15102
41125
23614
22642
44481
51103
17090
45884
66892
78955
19939
67075
29725
97573
88932
16419
11600
45870
53903
14398
66652
33750
30686
34030
99838
7142
62713
90965
73804
19180
92153
61058
70740
12570
73610
8146
68237
96496
84883
86407
44322
37199
56410
55561
9186
56317
62602
36495
76343
80395
26645
11151
4881
8327
22356
66584
87334
5409
61341
97144
13050
32075
75721
65243
59249
47089
41773
51242
31154
82644
35938
86556
16069
55184
81916
1455
76418
18529
37270
99990
10597
67160
27357
69394
89938
80847
18523
4845
75783
21157
74114
47695
28445
67995
38742
32625
53821
96855
14193
28652
53148
72909
99567
24290
27355
173
51487
84427
18527
52424
9313
50507
43137
18172
72138
45753
25780
31414
67259
40597
2646
91453
30295
90485
21564
22566
38554
2144
63189
67847
66720
64644
24243
92028
78289
73336
24320
65083
25146
51251
37182
51932
11491
87916
18302
14832
98623
63573
80682
95492
69860
63359
7861
88892
36102
3079
26988
33578
93375
64787
46721
93368
2925
98830
83354
79397
81439
44546
71827
96970
29183
78010
38389
90961
67175
75293
20346
60693
99751
58584
99705
2688
79055
2598
20197
99610
93928
73312
62574
85574
81427
44389
83442
79297
69771
74310
48919
90138
43210
12520
38776
90836
85359
98087
11048
47839
37322
34956
4761
75106
22813
9543
38210
42792
84436
29340
94190
9702
99552
1299
49179
56939
30750
30246
83866
31824
73150
75877
36581
97931
96904
38579
63779
66496
5209
84969
90412
68414
17525
24916
22186
60998
55946
63307
49429
46298
18458
9726
45197
36874
78514
25721
43956
22665
26508
90709
93871
72523
50326
3221
25171
75913
93998
5176
64077
75081
12185
17976
83826
63391
40048
54549
80620
37230
78407
62039
58298
10267
47405
42322
36972
34041
25633
32515
24169
90397
37346
18441
18090
75280
9727
43529
65097
93367
38571
99863
91807
25591
11862
56193
76848
20258
77369
53826
57549
90760
35717
74449
81955
62576
32735
79282
45004
47565
87204
29868
3822
18071
52432
34435
94676
8120
42155
76102
89108
76103
30528
90996
5513
2449
56683
69030
87675
93890
7701
80299
35704
42991
89330
13308
17131
26340
44330
64062
93237
778
7518
73683
58969
56194
31920
75479
40123
1436
83110
42780
28940
79173
50829
99000
734
96295
82699
24475
66334
62802
40276
46380
65142
12090
55641
47881
94114
65471
52928
11076
95686
66718
56707
46680
96795
36895
68698
30555
6977
58466
62304
84367
14034
1112
89139
29808
66652
95980
49931
39745
81063
26850
4869
61467
91407
94673
22500
11804
86713
3917
10615
72048
79526
87868
55294
45386
17217
20804
31678
16073
24025
17542
33912
17524
20372
92984
33804
87307
50188
56297
11339
56492
52055
51638
70338
45218
31731
71541
62347
36028
7642
56827
85346
15280
10720
37750
18969
31110
19491
92084
57147
70328
93261
32408
59585
86497
855
62498
90725
63766
39091
12621
51980
34807
12784
55855
60004
38604
72923
64108
79787
70093
38079
18954
16857
68368
24371
92069
2996
75593
40796
56044
43133
4361
11535
45820
18933
19608
29570
5391
30482
91931
84972
58746
73732
33057
25703
67334
41893
46685
6593
53125
27630
64735
54910
56348
16857
49534
50277
90739
97758
8374
14983
9437
1848
31976
28762
89362
48243
41036
80239
67065
62883
61430
73021
95864
80045
34581
32611
34543
58021
40930
47822
80237
67848
40430
79565
4188
97598
44762
4878
89790
74407
3074
66074
34374
41915
82207
15794
78988
48706
3338
76229
81006
72638
82407
33359
21107
93982
83712
97618
68205
34969
86181
97221
72941
64909
24766
50895
58358
90969
12725
77845
66504
20833
13525
75918
6338
93668
54789
9098
92618
28706
80706
27817
94296
52422
24591
37161
11328
95165
46107
1050
22254
79006
42594
60135
5710
14356
4899
39895
26001
62865
34982
92764
55063
73429
74203
57536
87145
54339
68111
48772
45111
50755
22347
79309
32896
10507
68449
18470
65065
92869
61391
64478
64230
25015
3789
59277
62655
36807
55099
69305
171
59193
4826
97179
58237
4847
58878
81421
55760
75705
41912
89170
7523
60158
24294
10789
15297
67583
42103
4454
68403
54742
84785
66676
17719
34188
66125
79173
76643
41141
30375
5502
52677
61281
57711
97532
77277
10862
46227
91165
53575
65682
40661
73975
8967
39120
8649
25682
12117
87618
29777
58333
78679
27540
13929
85143
93966
22179
35610
75141
1265
98618
12131
2007
92616
30411
83212
85965
74800
23652
17035
70684
31894
25758
94518
45231
33685
19150
39450
32786
57522
35263
92888
26233
30626
99367
55416
29814
14684
9918
42395
51905
18056
68285
10445
32698
72997
73237
64952
685
34234
6481
92352
11399
5235
10898
6189
63651
22001
18832
10755
66529
91535
78989
80962
4070
80631
69860
27306
64913
97499
67331
80803
9985
19926
85218
75157
96335
29330
75721
20415
3946
61590
83854
76648
16449
5133
1148
77550
26262
33544
20200
4211
11254
20831
43871
3918
86308
93545
50520
88603
56801
88205
66593
10647
18666
90810
78375
85830
42244
32050
4026
3695
47140
94375
73947
17849
21628
39122
15451
96325
92925
8493
17267
70150
14201
17132
91470
34257
37700
68436
67326
483
69940
83566
73266
69979
91705
1955
19094
64456
69703
9803
99716
42104
35675
80301
15821
30233
36567
95174
49666
38850
50961
19238
60655
78793
67820
44545
44932
5669
45835
54897
2663
73921
61039
60894
34368
84533
75169
73250
19710
83854
84184
61448
70892
81819
71125
8810
5270
5907
28652
1635
26232
41368
90226
97280
81677
2980
8350
36265
13274
29724
58536
58278
20341
93115
69013
7991
60228
13139
27381
52298
603
15810
24883
73519
63765
4862
23194
2124
81601
66252
48833
7704
68441
81571
26262
14295
91454
18128
69827
98580
886
36683
63562
91026
18318
34368
884
25838
13455
61389
65534
60435
14778
3490
63092
91306
49515
81348
81228
52719
25389
63305
9481
29996
21212
5222
3268
24282
8197
65311
60375
37102
25982
23693
94801
95467
55196
30904
33213
65800
66299
16007
38085
71417
25681
19054
74064
36079
14877
15302
61562
67630
15168
10719
79701
99165
52496
65705
70783
74801
7285
96055
33384
85010
10774
49722
56140
6391
29775
64073
48218
8631
22970
28190
35219
24117
27382
55691
29098
11123
2175
26830
48760
89104
44256
19003
13550
70626
82410
85037
11160
80156
19268
77519
97538
27103
74184
21309
68513
23613
58336
94317
81131
74914
55435
34141
19146
11804
94301
17396
55135
84039
16650
89928
78710
88046
24623
21286
72389
10445
92547
46793
22124
21112
25876
31047
45287
90302
10788
30560
71109
24836
78769
92374
74477
82182
80912
1633
50717
88287
103
23011
5417
68078
36891
77952
9438
65997
72602
15796
95354
68443
92894
73174
53546
32897
88474
75493
46182
30008
48738
24713
73740
75645
47384
49105
36904
62583
35397
69744
51653
93570
77416
58931
52431
92650
38150
92010
24834
84812
18133
58198
96576
73115
78722
96496
14726
51484
69219
59678
85620
43185
33810
21128
52487
56653
86052
95757
7047
48510
7135
54689
21629
84883
50412
68705
38746
68472
83488
66823
71162
88503
86680
36347
31773
44305
19269
54704
28936
78690
27748
34340
7218
29897
70321
69334
44134
29865
49892
98350
7884
29897
49166
30895
30850
39570
39910
82820
46412
31540
37400
47163
41484
26922
68909
9748
29090
32733
56680
73827
93145
40728
2628
65944
77657
67578
22902
84970
99863
25986
29061
92045
97064
26551
97532
31007
44105
87550
80567
66124
33413
61304
39603
16840
2630
76675
77234
64812
58849
20974
63432
10686
51642
37072
31394
51670
46647
43037
37827
61402
14686
43320
54830
90298
64345
37114
15551
75167
79220
91493
40908
68442
58661
95936
11218
4374
57241
43598
40253
10222
82645
72265
72346
54677
56938
77403
77045
1477
30421
42531
16455
64735
5710
51894
7642
71521
29224
75156
10200
6867
55189
71976
5988
69551
45378
51905
14474
92172
83870
60900
73651
69580
30093
32715
66563
21602
26034
11988
46105
29981
15226
42830
2820
46839
77813
86299
19737
27034
5268
1993
6869
16150
13930
69934
4803
82013
92015
92659
31800
34231
68390
85863
72787
48304
51856
34359
77780
12529
47738
84157
62424
93515
2586
103
14473
42397
74081
43068
35764
75939
45976
79526
55856
51760
29760
60926
34118
20567
16682
67917
54391
30456
20734
27956
29113
94197
10640
29135
12035
21080
91929
61126
61146
35620
70955
65333
90856
32330
85837
35750
65787
29279
13651
48096
32057
33726
13087
70022
44738
9614
84748
32548
80775
11457
86165
62181
93604
89310
88796
60667
64569
86608
55166
10018
82034
33884
52733
34625
43398
23181
40421
44914
28485
51987
76983
93854
62492
3210
20526
33217
78056
70955
75533
52510
24108
5315
69125
72813
89210
15758
24285
55321
77617
63064
2742
89346
15594
42989
94582
71703
13393
5920
45532
59232
59972
11798
35672
44446
73978
2511
48575
6144
17051
40401
83156
15756
32780
23879
61145
68684
17656
30417
64071
44908
50610
41837
31086
67660
98458
90445
3675
51131
20951
61185
58297
80624
16527
49112
71832
65822
71702
38098
87335
85853
4873
33212
91396
44198
69173
35091
42927
86134
72409
77265
1400
50963
18798
64357
55640
26293
11472
2447
99140
75593
77009
34413
71290
14480
36873
32902
35585
26646
67596
19973
57538
32897
37149
55608
18919
88931
36929
70020
92696
87248
9417
62685
91660
20100
58619
53289
46379
62257
46374
91372
38982
43570
22641
97568
57208
82384
36675
89712
92569
12367
2447
56794
93842
54010
22663
14384
93669
19780
40163
74648
91903
68701
20741
13607
68138
54011
41071
71880
58337
61620
32017
48292
33019
70747
2753
53133
44289
44255
80624
13929
20141
1193
74164
81408
9819
37097
79337
19031
47641
73755
4363
7581
32466
64043
28517
11049
18884
68442
98049
17172
81367
42608
51448
38642
75705
65855
21961
23950
89345
4909
25014
34951
9708
90900
63791
15480
79120
24184
55562
27541
19351
47616
10348
74912
95575
63848
76963
79106
77966
33983
95466
31486
33430
65864
27541
14772
14521
29217
88287
24592
80529
88461
87084
5454
99798
18716
23059
19229
95323
36884
39900
8135
14882
78788
71163
18014
6922
50746
75715
40593
44189
5585
63196
39462
40288
77945
71671
80598
34799
53644
76277
92099
68204
91611
83446
27105
10755
67956
45148
93341
47827
42269
38759
56063
60603
16926
53093
31708
22952
44256
32164
43963
56062
57037
94220
53267
80410
79144
49679
78750
7327
47995
56598
898
5908
57934
70303
49666
61758
46081
25811
30352
84139
42142
93909
87031
11365
84103
68415
58280
13791
68368
91307
56683
95428
54742
10642
45542
76070
20278
20834
34098
47253
84108
12772
45199
65722
88819
52288
89984
64355
72975
57970
20347
18318
10014
29444
79336
83320
33276
2621
27319
34750
65312
66352
27146
56684
69005
85387
25132
90487
76976
6281
97572
48475
26016
25511
85008
20742
23631
85278
78384
19675
28849
87451
69671
36208
25343
28225
61207
69759
49978
20281
40010
95178
68908
96095
38109
71425
37747
32236
64616
46082
41810
13810
47912
25987
74683
4211
331
47045
80727
87687
78117
82691
7665
86657
92095
83818
81218
6575
69007
20215
66074
81719
38982
13274
60376
49930
44478
61261
50540
17758
90823
8712
28423
50195
78350
81196
54939
87451
49497
84083
33998
60809
72391
78976
90052
63985
4004
94403
44466
21
95038
2319
9247
53552
77296
30911
53612
93706
51463
27825
43306
49748
89395
95480
93728
3768
32869
86110
83218
81570
13232
53996
20829
64745
44050
9110
3210
32128
94199
27098
83021
9375
75946
50290
6609
93724
70511
65432
26758
78421
90394
87367
64070
82230
81221
36361
53773
96328
34706
55661
33488
74192
57935
14645
36353
20809
45424
23310
49042
33894
21165
48440
55326
46299
79719
25998
33792
93366
47688
50143
75102
70641
65564
14541
73829
63137
59412
33917
65523
11289
45781
88608
24095
8461
62346
94301
10400
34835
56087
94176
24293
97581
61060
11912
20142
25112
76000
51669
92937
42314
64356
71803
92416
28453
65713
75639
3269
5455
24052
29371
42051
47409
9806
20349
45538
90786
78790
80044
47378
30278
61628
52472
33943
41887
67104
37851
30368
93283
34200
3219
2594
79350
94737
65249
81714
6511
7492
45463
93856
57197
41089
40633
6119
23181
43992
62780
98843
16688
33776
12059
53135
13963
24259
2297
45689
89742
6793
68648
90473
82405
48936
1305
96229
46464
61097
59308
27850
41901
89942
73012
9982
58446
27126
6609
58151
95397
89067
55065
76702
84914
89565
64733
47673
15480
93366
82743
49414
62106
57037
80541
81485
74913
53150
6851
82716
717
89126
47159
75140
51463
30848
85738
44287
45197
36498
76498
10077
12017
12577
94609
9658
75005
42287
70739
78336
43276
9658
89984
91101
2611
30293
90148
85451
20861
69347
28007
59574
50519
33948
74478
36329
4400
97570
53248
19286
79551
78757
91494
5907
60669
66564
36229
9307
93755
82791
48700
99717
78554
42900
87903
30217
5512
41369
22475
50621
43057
84369
58198
91591
21395
66833
30547
51951
46426
80280
73672
96082
55995
19732
81080
33535
13767
33321
34381
64355
41208
85121
93888
50189
62846
75817
37593
66250
70972
51403
58194
42215
94462
7514
66987
65972
14350
71392
13386
69885
63236
23952
23481
98149
54540
41653
72782
6363
7751
15053
9808
57174
32987
89610
34236
15999
90978
89934
6595
12180
38148
63323
62958
13133
77814
69671
26952
18304
52982
1052
39273
19707
48866
71560
1776
15341
78741
95082
26184
13976
64296
59963
41346
88825
67883
90023
70137
10447
65158
6089
8377
32125
97581
98895
95492
21303
93570
52726
69821
77599
40071
77619
68957
25461
90500
39661
42282
96711
55571
2532
4733
33887
4863
64064
20498
52201
64481
92773
63529
28356
62925
28404
21485
99321
56736
62444
47254
52624
89144
28376
56579
24518
27105
22889
12702
60015
84106
35846
5912
43248
1493
55693
70423
92578
11259
8507
50847
89035
87654
33977
62798
79071
4358
85838
82741
19291
12091
94275
1397
64827
25692
82818
1414
42637
18302
56740
10122
15725
78759
35588
10018
84275
22106
19187
8217
8988
48589
83041
93669
56761
2920
69534
56740
10054
22241
9709
88664
79220
78770
23467
54353
15812
8231
24205
48915
51578
83066
29654
13605
54255
89870
45705
71798
81162
81915
79661
97677
70818
68000
7313
30411
29307
64491
1277
71496
53822
97115
55437
38879
51586
20904
97586
25350
88646
501
2678
20049
82300
69029
21959
36512
51185
8419
11197
6540
4474
98618
21518
86323
2659
42415
330
79430
34200
94794
43834
76869
78474
22680
14639
38125
16798
10264
79374
36228
32785
91663
20455
4883
61796
15368
95840
86306
45287
47261
7519
56086
17398
9631
11544
61223
78475
69567
66343
54747
49272
52083
5454
37396
18435
51283
60949
55197
74950
24836
21194
99290
35888
3607
27547
70383
73151
73679
81092
93355
8917
40287
64389
35766
71405
88045
22121
38148
87211
6074
9674
8954
43848
61124
98048
93457
26527
65333
16340
37807
89566
23765
20052
91363
66659
97710
51828
58302
14022
49860
52395
7493
24364
25837
17731
94877
80148
59306
93463
5201
38839
75362
13811
57041
90558
2541
21949
17759
85524
94249
93256
97210
22354
23612
60646
61068
29402
79470
63712
23695
85122
86011
4362
30497
69383
19757
96123
74480
24322
14968
69588
31717
2368
98026
32706
41811
24016
82800
14950
17582
61637
86348
96417
93561
30301
46881
54011
73505
95422
92009
76276
38541
70337
44845
18575
25910
98772
38553
84673
87706
73978
34658
38518
81726
94555
17180
27510
97206
9130
26140
88221
54996
86072
50294
50920
46335
48260
90270
16063
94665
27345
33941
97723
29149
96252
9521
24330
64957
30458
75105
38613
95052
22516
54630
94219
80687
73993
95949
48303
78750
66739
65755
90235
62933
21875
33080
2555
40122
61171
38590
33500
76002
5131
62151
69434
35589
54496
80002
52751
7029
55468
7825
15877
8057
43528
52787
7688
37979
13292
8430
57274
4068
96058
86951
70166
23342
5906
14061
16947
1087
2369
97232
63286
55903
8657
28907
92015
49720
52266
19715
84408
12136
33842
29223
91010
71973
38659
42178
12445
6609
30851
2118
26095
68965
51962
81915
4852
19473
6367
53724
27542
44177
61779
53239
99300
74290
36564
64948
69288
58826
8268
7953
99641
50908
2175
67922
74205
22028
28059
73295
51260
66735
8967
55650
61921
43769
27023
80409
55668
52298
13605
96344
34280
51643
5458
73626
74250
82410
53772
95941
11989
68621
44909
58987
23205
74498
90098
71124
25730
71590
97151
32496
52715
58682
84487
70630
7863
44113
64661
93239
73804
2891
70576
34015
71923
52467
87004
32944
67594
27888
47912
98058
45144
52391
44760
6863
18953
16985
13192
96349
39298
75487
21497
42200
19557
39542
63207
7803
34222
56453
53477
91665
38658
71201
34257
23207
36943
17437
9550
7299
39952
12925
16274
95605
98799
20045
87804
49448
33112
53129
53366
13290
48715
80086
55857
25754
50614
17974
72050
1686
61403
37108
34000
38064
44862
11069
24294
81817
94461
56139
51516
18982
85734
25943
44861
63563
17081
30763
23899
38553
37851
46299
21158
44847
71525
15582
25750
4826
41993
23038
81411
79143
42415
48202
5624
79549
9002
30336
47826
30706
71907
85011
87142
58397
91165
3265
58500
69288
59736
63444
63491
662
27303
11915
8389
90492
94218
35133
58
51328
84106
13649
57611
10136
98958
90498
47346
52465
17829
93113
41653
56620
92174
8449
77813
88215
68070
88645
28411
8718
46242
28710
74777
22813
88072
69947
46269
4423
95493
63306
87923
41207
24411
18141
11772
99935
60435
71277
63064
18306
86646
89917
9426
95785
66347
66212
65671
47419
6562
69865
41887
87401
87084
72438
8215
7123
65082
15475
50685
75191
69883
54818
23280
89858
96213
18159
2586
85909
70067
71458
90312
45387
43137
97281
9708
41624
60070
73610
56967
89119
77469
34846
31310
70020
17095
19942
93406
55046
65099
25305
71092
73458
63837
85754
66205
12213
17470
58397
1345
8347
25016
19228
57175
84840
89907
93910
65282
43
43847
13301
98086
92893
11408
20835
38839
73649
56629
34423
78233
91355
67961
84916
99267
95324
57941
9935
38132
5216
16493
17585
21127
19425
28902
10952
54211
4435
92436
11269
39814
26281
9563
94736
86532
37024
22138
46915
59195
53602
10650
9410
55588
48305
77500
16657
5459
90147
99553
65194
22947
17850
66785
1278
97177
92095
23899
53508
79138
79650
12160
17658
32715
90265
32789
69579
79968
23030
25648
91258
27593
15337
14293
36550
30900
64994
90575
25726
46929
50535
12376
47576
36735
27288
46200
29691
32053
61222
75876
26292
42395
92601
9303
1667
10619
47232
85235
94373
20731
39996
51713
39249
1812
87218
71090
24587
6838
87080
56760
36333
82740
76991
73310
77699
59588
64367
61250
92539
41798
80588
27472
86416
11613
52946
71845
52561
85160
7858
65666
12560
46825
44641
59337
60969
56158
88137
22085
18833
45386
28838
59071
22007
61950
78135
96104
19709
44630
6351
13340
21450
28088
92
90086
26127
25555
22681
79751
89308
53542
23562
45387
85992
40999
86647
6075
8387
49825
51220
38613
42116
78042
34722
99942
8450
45949
87005
21773
11915
99669
26824
23702
90927
90498
46462
84787
43357
14227
8740
89331
68444
16954
81549
1322
51557
98239
9186
77568
26177
1224
48312
66316
9142
7049
65766
89573
54199
89604
10348
32616
2387
85244
56956
36077
88999
72994
39367
29538
81853
87249
33240
67932
32962
51997
17552
34028
3113
2555
38799
99965
41512
53222
85732
42605
26722
52390
55157
98149
25926
20712
47017
48117
9613
68198
6493
88588
15495
39926
99532
88987
95182
43795
39739
17125
95539
59574
49132
21655
36175
18358
97611
29510
24493
25727
15182
45798
20913
21377
82880
87887
24106
34753
52011
80087
35758
64391
17730
61942
78743
33276
15931
76952
168
641
44479
50799
93540
84382
59213
25705
12578
4324
79823
92436
47889
25639
28433
13673
82787
98028
4668
97538
50612
93516
33314
9531
35171
8739
28639
5109
80540
86652
91809
34721
71666
56683
58990
94761
50390
94215
56399
99367
86470
91376
14337
94698
96235
67260
91403
78747
69162
56627
37072
60750
74377
79594
84037
37217
45125
52554
40427
56508
6623
2398
21330
80229
87758
43941
88927
88609
91896
37981
62780
20240
52033
70933
91056
34408
43842
1494
66512
80642
89172
92084
73364
18478
27208
71164
16345
84618
35196
73165
12976
95596
34055
15748
57018
27319
96374
71936
46337
19531
28359
46106
50890
47136
91331
44715
5964
8533
97524
46535
48252
21195
52252
81499
50078
41394
95948
47735
35753
1687
34579
6279
90451
27837
74323
62187
4165
42359
99853
88793
88608
95687
66211
71996
19106
90301
64978
84194
8620
25411
30329
94435
5766
96172
65473
76098
76770
61354
97573
75252
51209
73542
41387
70720
66020
12036
75555
37737
62061
85426
57149
65303
7053
85315
35163
83865
66797
2394
35201
12111
43134
26624
42860
57607
65673
26815
48471
7485
17355
21702
93867
99105
4067
99167
29149
33699
4144
45400
14726
6383
10671
26659
74580
95696
35089
3755
45818
5450
73247
55781
26634
53093
19119
68366
85994
77586
16317
61141
62486
83111
66330
60997
20682
4960
43161
95752
8507
30373
64318
10015
73541
78774
26550
80777
68440
57608
53065
27445
71228
5248
31206
54210
84672
70271
30819
719
64554
83988
82903
11988
16067
37748
95897
71740
15955
87792
30948
69862
68772
7471
9072
16450
83794
91346
52032
1746
45466
72976
35303
52482
34992
69160
26529
8486
22030
85423
71430
50539
51874
54202
49416
36298
49498
50239
37955
76725
28000
82049
71083
5208
48974
2706
7768
79502
28488
11152
26051
44737
45506
30912
51906
61170
23651
39232
80380
19135
6761
20568
85329
26841
99488
9648
11644
88186
83527
74722
54198
94630
22879
90088
44109
85556
9228
13972
73242
29806
91272
975
88978
78554
46176
4255
29650
162
96571
95310
97736
87038
48553
5594
72266
78989
15616
18517
56799
81026
16830
95330
53183
38289
30232
34028
76764
51225
973
44910
71901
22202
19158
89176
16351
2253
64379
31219
55562
16913
83042
37836
41564
48437
92096
13803
2064
54721
3908
65434
3523
45391
97240
20334
45302
66332
89477
86236
27488
69549
26881
8028
66781
35880
84170
46533
70018
62500
9336
38790
48689
61693
60663
14512
96631
26440
6066
73667
32878
80615
62556
4872
64200
4608
4587
89573
84292
2650
32955
54350
42771
14834
29650
55351
72521
64914
46908
52626
78133
30542
20898
46740
53508
31707
96855
2008
60258
20424
34659
82419
28670
80149
70912
33713
58522
95621
87122
15986
6694
40457
31264
91456
52343
93386
61750
46721
18446
40893
70576
53364
35563
84144
5919
97629
318
8676
66719
21499
71555
21917
5204
81725
98183
9660
84089
23342
91684
71096
13762
81598
59206
95880
81197
77651
4672
6941
47394
33588
67681
36486
67029
86056
6018
1822
72182
29150
88264
12913
48576
9584
7580
55790
3795
24016
82094
98911
4452
95948
49178
10604
75170
71810
94580
91662
10605
54769
67990
59747
477
9625
53958
71326
53886
66121
9459
23904
13129
55239
46368
16958
80878
94471
73243
56527
78964
40779
60951
90186
53131
44699
38492
20911
14896
71357
7327
8564
69874
48222
43524
10092
58005
45783
21394
54802
71937
8293
63940
57794
37216
37846
58010
41484
41067
82817
18829
40113
47483
89104
17787
88791
56663
61500
4373
31978
57904
45979
72167
11757
8461
20603
90723
75420
45897
40112
57424
66347
9836
67343
88485
56576
60180
85997
72919
95936
90923
85840
25512
94182
30628
95445
78686
42769
66634
65971
26033
82824
79643
90476
59964
22546
86249
27217
27987
3153
88665
54178
42244
76499
32915
56874
78979
70990
13973
63399
56155
14031
39546
33226
3241
27984
35331
12462
38327
37779
65140
69014
76057
82915
54450
32780
4059
89249
53250
6754
95684
81486
43044
21117
52778
35966
89622
14771
3955
83574
24354
30789
9873
38776
96330
10754
54766
33186
59379
26234
58747
64197
68916
56329
62880
5405
95025
6493
38499
7802
98287
54391
11034
14985
82482
61207
34713
99966
19156
32588
85451
70881
25655
96970
16340
48103
45123
34797
97674
69689
30484
54749
52346
89946
80181
64070
5679
35545
66618
11805
3212
86957
8151
16452
29558
19695
42835
16104
70756
91452
14323
46679
1823
86165
71163
64911
63331
21262
96812
30492
83395
99428
3135
99176
12212
61622
57257
50509
16527
50176
22020
73812
87415
34840
53226
83396
11294
7015
33296
73674
26139
27482
7825
36675
41420
37184
45663
38830
65406
59256
48478
85902
81443
9111
19086
6018
6174
6947
29188
45836
19572
85404
69978
66353
25574
62787
63398
47961
57357
94163
29485
93714
38962
45210
42864
48739
15761
10082
20446
97617
50391
52480
74578
25555
23556
32596
64923
48344
10121
28371
9979
3666
40113
30273
62151
71353
52323
25704
40931
32445
19975
8342
45597
7089
28683
96366
20542
78894
81791
38199
23640
217
79881
78515
63530
94317
69857
68997
24958
15533
29149
8902
62439
10692
60270
59819
86266
7587
96616
8620
43038
458
78793
2083
87489
21051
69612
48323
42100
82755
46301
1434
46301
66297
42521
28150
34808
71502
65653
44505
52033
14041
5168
23763
41327
71559
50244
22952
50392
27788
59805
38197
71324
68450
68448
58898
51275
50858
6482
44807
71045
69553
46885
14457
6367
88302
30126
11247
47503
98454
6007
31729
90970
51614
21911
77587
87244
24690
38580
21252
12217
86657
96944
85143
34357
94188
27524
46913
60937
703
81525
56634
87432
29321
83067
18294
24390
30593
66852
73143
68814
9368
19974
41366
52562
4469
33589
24922
11519
50519
92762
47730
98773
27049
33568
40432
69962
45321
23588
71344
49827
90163
68537
69589
82718
28790
89849
9983
8058
6324
97059
5216
15427
81712
78724
41139
40101
1902
15930
56708
68118
59319
51110
22988
46802
53139
8639
9237
3492
45468
75144
51820
22077
70685
2102
97186
61059
6215
92395
40450
43504
15724
50971
28243
34341
73854
66861
45834
78686
69565
79788
80524
49508
71907
70056
77469
11867
22665
95594
64417
61143
15068
8508
85890
43276
31280
48824
76711
5034
85214
47411
25035
34022
33094
51249
94230
36208
10641
73324
73038
43010
65066
20195
71588
93611
46832
18357
37000
19768
92152
30602
41793
4318
40030
55669
60231
29982
36911
51291
86306
14210
87453
41800
48040
45765
67700
20020
64297
75180
41223
87648
78550
89942
26196
88632
19032
96389
99142
6002
10598
54950
4801
90668
86141
59439
27118
30158
3567
17355
78266
60540
48120
81138
17248
25595
18893
22987
21770
60411
55721
52014
2389
87326
9528
56628
83362
58931
38360
3123
71793
78294
29725
68514
38763
92062
95491
13452
95536
6538
55479
81638
53496
38361
78570
63152
9084
50670
47255
63554
60118
83671
77109
65652
45609
4589
24116
28608
65915
56361
94520
83843
93783
89500
13527
76951
17830
84563
73656
73271
70591
91010
57968
79335
89128
92870
51952
11796
17787
49045
11293
48587
42533
45793
18234
83841
22799
75644
49825
9308
74430
96507
70575
10889
17003
66886
48998
1993
40683
90277
74048
48314
76226
50783
93283
59377
92020
78150
98354
68963
7939
16457
63811
24916
46369
57445
40425
54192
50863
93494
52859
5335
83981
83527
61150
38895
58960
99839
98204
54160
58101
35754
93293
69669
71311
64558
55561
92669
52011
24828
98924
91463
458
47248
97518
24329
48614
17582
55167
53441
13146
42101
42687
95136
32526
66633
46831
68345
92317
29120
31176
65722
85964
49379
75911
22175
60393
76229
80236
22659
85476
83266
91707
16667
63977
97737
53697
2684
76103
14678
83008
43926
499
25992
16989
2310
31253
70480
19733
65215
1744
17032
95397
21132
89585
7450
5222
48291
78555
56904
23311
64009
8192
13183
68620
76649
37698
35688
19799
52364
73597
20995
99892
77200
69478
84655
97503
10159
59358
47387
98649
29444
60476
67394
46302
94128
46141
43042
43077
2590
62205
87623
14051
44613
21379
44026
47486
6459
62471
10573
26425
26947
48682
28113
44659
6006
9353
94555
85115
84989
78515
79196
77554
15572
33485
19832
14428
49872
80640
43457
14638
56372
22153
1951
78322
84372
16000
48633
64070
94797
60492
42595
16263
66554
41087
85592
18636
7562
66331
86789
77080
68813
9144
63491
63422
48218
54176
96857
75838
37998
21385
24243
25174
45279
84144
611
23297
93405
17301
52725
10984
12777
22177
49691
68198
93866
47781
29641
7895
28194
33187
34541
75031
86249
26415
96257
92215
88879
95931
44092
55657
97676
36373
3914
48344
54317
83669
88919
37630
24267
45233
32871
67659
78722
13469
35554
94272
62514
28461
19705
23519
96946
97733
6457
81237
57445
9669
83484
66861
8189
5107
90285
32185
12989
210
16430
73429
16953
99000
5050
56575
95246
86692
20238
25933
10252
24528
75114
47782
3243
1777
67922
72047
81530
26092
86588
11457
71670
67452
44047
97360
4124
45691
36135
96688
49480
88487
60424
10490
35292
76147
5296
30949
98358
62385
23633
89742
74255
35065
57714
43706
24260
99865
80995
80600
44190
34139
63333
11152
47569
84533
9391
14656
66552
36466
75651
37399
66243
15530
90056
20046
83361
10257
46587
49206
43526
7314
2781
35964
28819
39231
9596
9352
16147
72919
24625
18328
87277
17770
14351
61022
87636
41329
75376
9275
8645
39912
99529
87731
35146
41839
96497
40625
1571
18797
5961
22109
11329
73201
32625
10264
86136
19433
70138
12643
39629
83042
24637
50685
7308
42354
24051
65408
79420
12448
55239
73597
59275
66982
43964
5653
36464
2321
68024
44536
27839
60264
99542
94265
21633
209
84193
67335
35733
73122
59837
19228
93890
47512
83948
79968
39190
40341
68476
99863
63248
65605
44166
3417
39374
34380
71237
15819
24589
82208
4454
55803
24500
35192
51800
64770
18716
3478
65594
49715
90822
27859
22890
87582
81503
86855
74454
82411
53129
16500
32989
58969
51780
46340
91395
58961
47354
83272
51236
41173
23175
62555
9819
81199
98544
58160
15247
38494
40825
97558
75667
86654
29001
76108
46463
66565
6607
49450
42865
40557
12161
71084
69478
40728
47252
28361
78409
83936
83751
81601
70664
33612
41773
47910
44095
94174
59373
96592
81618
16146
81637
31559
96545
51913
18366
99461
1592
2947
67954
28063
55359
71798
9180
89327
83396
20803
27848
43827
25174
54190
56465
80687
33882
65355
64956
66692
92939
18073
52524
7027
50392
12340
87242
55297
87961
89694
14111
10466
58434
25005
28079
5338
83561
12897
92240
86594
83710
63390
54741
88953
43018
60377
81027
97763
21414
1799
71091
29923
50439
83687
26737
81229
33147
11534
40971
37592
77519
25233
88948
58661
16996
3802
22544
43706
27102
17953
68848
51489
65282
51668
22225
1711
3134
99269
38611
95551
8499
26843
25537
79125
66521
53169
54718
49691
47387
4257
88596
92098
50127
10244
70747
34697
38109
76228
29368
42992
603
40545
77399
95995
27773
73874
17700
9592
97752
46978
65070
5638
34190
9972
13889
81964
39365
4333
41625
36518
91236
78080
62515
20590
68209
17253
21772
2629
70344
54448
55804
32842
92204
16060
95551
73273
5594
46139
12619
75728
13089
42254
9527
86248
10501
31581
17656
71373
28019
6019
80476
33172
96598
27165
67327
51910
85405
83442
14124
62786
28196
799
32988
27425
64093
80182
37901
92376
38096
72997
18441
87489
65036
67762
50555
19929
86298
35304
68538
44108
63941
39295
50184
93929
8328
16453
72749
19933
28712
59495
99176
69144
37426
91647
11481
20525
53446
90254
18955
60002
57967
188
5908
28668
91288
27987
66090
20772
40965
25941
95514
55843
39781
10897
15368
76107
82639
18478
71094
33588
89675
60094
11567
36324
9324
81956
87851
83843
43853
47571
24
30898
94698
90631
80734
18034
25747
10222
52994
68367
28248
29164
5095
93423
22721
39759
89636
50215
21595
21123
40
23767
63065
95685
84969
36018
13273
82788
639
39868
39996
76984
7291
81895
74810
46559
93092
62781
85730
80912
34042
20
5165
55691
92395
47792
81024
60258
27115
75120
57524
44046
4193
99527
68596
91063
61725
50134
50129
41668
55639
50935
95687
88415
7443
91372
87022
90962
42126
45931
520
10123
87680
75873
86683
77276
38724
24670
22026
84736
893
62052
36970
99252
65282
23109
65576
60770
96720
66640
96976
98550
81489
21870
28422
35551
51695
5169
69963
7726
53443
79375
17831
60805
29653
56634
78772
57712
53997
27230
65422
30825
28937
73144
6481
92617
13760
33993
78634
39215
88632
323
46101
735
70035
75688
52473
78212
18813
59439
92817
85361
66949
7596
30809
82379
24694
73680
15615
25943
64163
95629
63442
4471
59626
27998
47512
77151
32699
4672
10660
96623
89145
6384
60402
26146
89676
8486
90341
71697
58794
27488
97114
27390
86559
43956
83143
43093
71925
79930
73814
30925
46094
66950
46666
78474
29403
24493
46241
18827
43958
2870
1888
27659
57035
53975
22182
44964
17133
1414
60994
66523
150
98787
23467
27383
96614
32767
61143
90595
14485
69771
70285
77028
13315
51336
44809
4047
73097
51963
10670
97488
49679
8493
65415
25266
7624
52632
78574
5160
14211
55354
78151
20472
6949
26817
49536
36575
38641
40591
90854
22332
77996
96975
87032
70575
94901
82414
53524
19236
27922
42084
99717
36775
14228
71362
38438
61069
95742
41481
75938
97623
69124
16380
74955
47263
57747
4060
7667
17490
80347
5208
56674
58185
72266
88821
94879
43940
25160
71133
11765
93841
65686
42609
87792
5228
46694
30765
42880
66094
7223
31189
84123
45551
86459
11171
74447
84167
57527
14323
16960
8581
67516
86339
80716
43176
51580
51995
81753
84068
60160
88826
18025
53695
97763
84288
22179
97268
14656
36913
20473
38246
56495
29928
25264
88630
57718
10488
3823
4872
84475
89610
3932
57328
48701
51034
60695
36685
23572
75136
54819
64076
69704
