975
5525 5597
9273 9334
7124 7212
6837 6853
5468 5471
2073 2150
9717 9756
7764 7801
2216 2306
7933 8006
1154 1233
486 536
2728 2755
9688 9698
380 384
5160 5202
7567 7656
6625 6719
6509 6526
1061 1127
3259 3312
1860 1889
8122 8143
9159 9213
2233 2260
8221 8274
9682 9748
1711 1784
2396 2412
8813 8841
4555 4575
4181 4248
3513 3560
7 12
5474 5528
5104 5162
7744 7827
1897 1910
8175 8181
2479 2522
9306 9353
350 369
7026 7040
7408 7469
4640 4664
7778 7816
1620 1647
7858 7934
9887 9920
1607 1695
5499 5584
1840 1906
5232 5240
9171 9201
3841 3910
2601 2651
1220 1304
4450 4539
3660 3727
2853 2884
4089 4151
2724 2730
5704 5720
5482 5518
3331 3417
1424 1475
1862 1957
6103 6201
7 16
3557 3598
8784 8867
7745 7796
4316 4333
5285 5336
1636 1730
8936 9010
7393 7475
7615 7686
1427 1467
7855 7933
3590 3631
4927 4990
4386 4486
6108 6172
6920 6981
5892 5901
7350 7379
6339 6370
8273 8275
5011 5096
2478 2575
2381 2395
345 370
7180 7214
4414 4468
8815 8850
9262 9310
5204 5258
9110 9194
6866 6911
8335 8380
8284 8307
589 614
5012 5078
9536 9549
3645 3733
8446 8485
9107 9134
1227 1279
160 180
1978 1992
8527 8568
2929 2968
5037 5098
818 869
7150 7200
4899 4923
10 21
4527 4624
8659 8714
8960 8980
6072 6110
7455 7539
1661 1674
9772 9798
2932 2997
2541 2599
5421 5502
9462 9483
6452 6489
3432 3472
8910 8979
1161 1226
3754 3770
9250 9322
5982 6054
1423 1482
9455 9462
1054 1081
7751 7821
1385 1437
2563 2632
6174 6233
964 1044
5149 5155
4997 5039
3900 3927
6928 6957
9727 9749
1056 1154
7635 7645
4018 4068
2116 2195
7966 8019
6846 6914
7048 7147
2807 2875
1029 1047
147 241
211 253
1201 1239
4750 4767
1113 1126
9416 9511
393 428
5418 5473
7030 7098
3185 3190
4061 4154
1443 1446
451 527
6162 6245
9662 9670
7050 7085
2213 2258
5554 5608
8053 8108
8452 8519
6391 6473
654 715
3505 3536
4516 4554
1655 1701
6437 6449
2294 2322
3073 3143
6596 6622
2458 2461
2425 2513
3014 3066
3550 3553
2263 2362
2914 2988
3134 3220
1284 1376
2468 2493
2927 3016
4767 4837
8667 8690
4849 4885
1465 1564
9784 9870
8253 8336
9900 9919
7048 7133
5497 5585
2349 2410
8778 8832
5978 6047
7320 7323
1061 1111
8215 8309
8623 8638
251 330
6341 6355
8620 8651
8028 8074
2673 2745
2959 3004
6321 6395
2032 2074
9109 9187
8922 8961
3641 3721
2921 2995
9454 9465
2163 2252
5194 5278
8475 8488
1349 1370
1014 1111
9099 9106
8134 8204
3674 3754
4147 4203
3626 3668
5767 5832
307 364
7249 7280
3437 3509
1096 1189
9760 9782
1937 2034
1116 1167
4598 4633
8057 8109
5608 5695
4117 4189
1733 1746
1180 1188
2593 2604
8477 8570
4970 5017
1841 1855
598 652
1540 1598
6687 6767
6100 6144
3230 3322
7633 7665
2112 2187
5795 5804
6494 6556
1006 1017
6512 6515
9594 9614
4771 4825
7843 7889
8773 8833
6523 6610
2607 2623
1952 2045
925 930
2135 2148
1367 1373
2095 2121
6833 6924
4047 4111
3097 3170
6933 7020
5645 5712
3123 3219
5906 5914
739 785
2318 2413
6849 6914
5409 5453
9456 9505
8238 8283
9010 9019
6129 6197
6731 6769
7938 8000
8411 8449
8099 8106
9651 9717
6463 6469
4623 4657
1067 1153
4571 4619
9269 9297
454 490
6569 6636
6490 6572
1954 1974
1973 1978
3214 3220
5420 5504
3275 3297
2862 2899
4840 4938
564 636
9891 9972
6542 6618
5512 5596
6175 6187
3174 3260
5096 5123
686 732
1525 1567
106 166
359 383
5507 5508
2556 2600
5552 5650
8743 8814
2044 2141
3966 3992
3163 3250
5814 5906
6947 6950
7759 7768
4040 4048
3090 3144
7237 7283
8616 8709
119 141
8739 8798
458 510
2256 2316
8732 8759
1190 1219
9142 9188
8550 8611
1802 1835
9230 9273
9360 9410
1250 1340
133 170
8658 8720
7854 7861
3570 3655
7142 7148
7432 7503
7415 7432
3566 3612
4336 4338
154 229
5834 5880
2784 2822
6665 6711
9813 9886
7895 7907
7725 7743
4509 4513
88 131
1476 1526
2716 2794
5279 5325
9655 9714
4386 4442
2594 2679
4298 4329
8906 8952
5825 5916
5235 5318
772 790
1170 1199
1568 1645
3763 3780
3080 3085
5188 5215
2159 2226
1048 1130
1361 1450
1641 1733
3322 3381
705 727
8430 8470
4172 4213
5612 5646
5360 5443
9231 9260
564 626
5032 5089
6443 6486
5743 5818
9526 9550
1782 1866
2952 3048
7903 7995
4625 4683
9153 9206
4273 4371
4965 5035
5326 5395
8934 9009
6667 6715
8584 8649
1126 1170
7836 7852
2828 2859
4687 4770
6428 6469
1030 1071
5871 5896
8199 8258
5169 5197
8971 9003
8430 8447
3072 3085
872 890
4722 4773
61 144
3769 3836
7771 7835
7074 7102
7182 7202
7811 7880
5244 5245
3264 3273
2134 2173
2092 2167
1832 1862
435 461
6494 6554
4901 4991
1326 1334
8842 8894
5984 6034
2477 2530
2918 2919
6598 6629
3349 3362
1145 1169
2646 2707
3915 4011
3565 3651
4058 4078
2798 2841
9758 9796
7246 7335
4577 4643
2801 2846
1578 1658
3729 3768
9492 9524
9529 9573
5887 5984
7112 7209
5345 5381
8373 8411
6101 6200
7433 7453
9849 9937
2683 2746
2454 2496
2634 2701
6694 6732
2915 3007
3405 3490
16 100
105 187
6434 6494
9888 9901
7495 7531
9205 9215
8144 8178
9766 9786
7264 7360
557 585
3249 3279
1639 1654
8708 8754
8577 8609
7336 7385
6716 6728
3410 3452
9588 9636
7706 7732
7329 7355
5519 5556
1060 1071
400 476
5520 5619
7190 7267
7139 7194
4159 4250
1000 1038
2853 2878
2842 2878
9089 9134
3361 3434
7700 7783
6912 6941
5762 5826
1311 1336
1741 1814
7963 7995
8913 8917
3993 4037
7331 7400
5947 5966
9324 9400
4743 4791
397 452
7084 7132
1865 1876
4233 4311
4636 4674
7717 7728
7586 7635
8739 8746
7703 7802
5326 5398
5149 5186
6474 6543
3939 3940
4724 4795
3605 3695
9279 9361
899 963
3230 3260
8598 8654
5527 5555
8960 8988
3269 3337
6518 6613
6912 6918
5423 5443
4780 4830
9837 9935
8099 8143
2183 2252
1372 1408
6929 6979
5650 5738
8752 8806
8700 8777
2514 2537
9290 9384
5743 5798
60 160
6297 6330
8385 8402
6516 6517
1368 1401
9246 9323
2418 2438
5988 5989
7833 7916
9417 9461
3753 3827
9516 9583
4186 4194
4166 4234
4337 4372
8438 8493
3096 3148
1087 1140
6936 7005
9219 9225
2583 2590
278 342
8638 8694
7280 7312
4887 4942
8719 8768
5707 5764
7470 7540
238 324
6342 6382
6372 6392
9520 9576
5029 5120
8472 8527
2511 2588
7762 7824
5295 5365
8220 8284
3684 3686
6276 6302
4361 4450
2756 2819
5502 5596
8423 8500
2395 2422
8415 8496
8835 8853
6504 6556
2604 2663
8597 8643
7284 7314
5078 5125
1195 1226
8857 8868
5659 5674
8194 8286
1407 1491
8010 8056
4350 4413
1626 1687
3190 3272
5318 5380
7817 7908
1138 1213
9311 9321
8779 8795
5712 5783
1630 1684
8812 8838
4233 4260
8950 9040
4054 4127
2435 2481
5654 5707
125 216
6275 6292
6818 6836
235 267
7767 7781
1692 1780
2014 2069
503 594
655 719
3470 3474
829 853
6660 6664
4318 4367
4778 4855
4669 4710
5505 5601
2760 2789
8918 8967
6510 6594
6758 6808
5638 5731
1540 1606
7499 7575
7621 7699
6802 6842
6212 6244
5253 5264
879 966
5544 5556
2578 2659
644 654
3454 3471
5000 5074
1831 1916
8423 8463
2563 2616
7813 7887
5283 5301
3015 3042
6333 6390
7404 7450
1975 2055
6132 6229
5263 5313
683 758
4191 4285
5227 5238
1064 1142
2564 2626
9927 9944
7724 7805
4308 4312
7456 7496
9634 9700
5394 5482
2107 2201
3499 3505
8866 8934
4680 4696
9498 9519
5059 5101
4820 4828
1986 2078
1984 2005
5452 5459
1702 1761
1742 1754
880 926
2362 2374
6051 6151
4722 4805
4210 4285
5194 5200
8294 8335
1205 1229
7913 7969
4085 4095
6263 6299
5642 5723
7205 7208
1422 1483
9154 9211
935 996
9357 9372
5443 5504
5714 5720
2866 2913
507 545
3569 3577
8985 9011
2625 2707
6367 6401
7010 7014
1988 2034
9837 9883
1658 1741
6018 6113
7267 7313
1718 1755
5468 5551
2109 2162
2279 2335
3731 3733
1730 1738
6503 6508
3244 3246
6169 6254
9080 9135
4292 4313
4033 4062
422 470
4491 4522
1962 1990
3242 3294
5660 5748
5041 5102
5625 5629
474 489
9520 9574
3323 3386
2253 2291
6423 6521
8352 8420
6713 6750
705 776
8149 8231
5435 5486
7473 7530
4727 4762
1246 1261
3498 3503
7973 8014
487 553
3025 3063
3257 3306
9833 9899
9028 9075
4885 4948
7609 7674
548 550
6898 6917
7868 7934
6165 6261
3688 3767
8554 8639
5779 5835
5521 5549
6149 6173
6340 6369
199 271
200 236
3771 3801
6000 6041
8279 8300
239 325
4591 4595
1270 1358
2961 3038
9289 9380
9139 9185
824 844
705 753
5133 5180
5104 5107
7551 7606
7812 7885
9120 9208
2194 2218
193 223
3526 3560
618 623
6041 6114
7812 7903
7295 7366
4984 5047
6184 6279
4676 4702
7596 7641
4804 4869
3838 3850
2625 2697
516 611
9578 9613
2056 2131
5327 5395
4920 4928
8036 8132
8636 8722
517 585
9777 9831
3318 3396
88 179
820 842
6589 6678
2571 2573
402 436
9412 9437
9280 9299
9127 9206
7520 7596
6919 6998
3135 3158
983 1003
3413 3422
9401 9427
3639 3734
2345 2355
9882 9898
3224 3263
2203 2271
9934 9945
7034 7073
9742 9842
7163 7205
8742 8833
6575 6635
616 675
6646 6695
8306 8397
369 398
6846 6869
8898 8946
1698 1753
709 732
7594 7684
657 694
6448 6469
5739 5743
1389 1403
6350 6391
880 897
1913 1952
7778 7877
6691 6711
1151 1220
1724 1756
6808 6878
9550 9640
7683 7734
6163 6201
1473 1536
3444 3490
4632 4720
7590 7673
5353 5429
265 318
4175 4243
9206 9210
1686 1747
127 204
365 432
8297 8325
5767 5828
1220 1221
3835 3914
6569 6583
578 652
880 883
3401 3411
3820 3889
133 140
9008 9096
5563 5616
5295 5307
9470 9517
8701 8777
91 152
4575 4581
1522 1616
7043 7103
6163 6187
4087 4089
7946 7950
1485 1505
1566 1579
2138 2159
7860 7928
966 1007
3848 3852
9215 9281
5164 5228
5124 5192
9233 9326
4994 5073
1779 1808
3277 3362
871 873
269 310
7276 7337
8147 8232
5237 5325
1942 1951
2120 2128
9437 9479
4588 4650
5965 6045
6488 6513
7789 7849
2189 2227
4902 4953
2261 2332
4992 5017
2159 2232
7751 7770
5582 5633
3253 3266
8623 8691
7281 7326
6249 6343
6686 6708
3472 3560
7434 7523
4462 4555
3946 3992
4205 4243
6384 6424
6805 6835
4097 4161
8815 8906
7296 7329
1915 1965
6118 6152
6539 6563
7715 7779
7488 7499
1290 1355
9149 9187
2709 2765
4190 4199
7369 7389
50 105
8398 8492
5296 5387
899 975
7070 7111
9779 9848
2643 2667
6969 7037
5039 5093
7103 7135
4943 4976
548 646
9431 9506
752 809
9132 9219
4426 4448
1659 1751
7775 7811
2303 2338
