951
8092 8143
8494 8550
16 84
7506 7515
9766 9770
1334 1411
29 32
2108 2126
3758 3796
4636 4699
9927 9971
3835 3890
8708 8747
4289 4335
7175 7272
4866 4886
9766 9797
5928 5977
7297 7359
4297 4339
9846 9915
1645 1736
7859 7904
5010 5025
3269 3335
4433 4446
6709 6807
2929 3019
8450 8506
1969 2043
4129 4211
3881 3960
4792 4802
9410 9460
6972 7037
30 130
9622 9636
1654 1668
8767 8865
4426 4461
8815 8869
293 378
2303 2351
2324 2392
7435 7477
3935 3963
9424 9516
5268 5270
1269 1304
7372 7448
2744 2844
3697 3753
1446 1476
8955 9037
4918 4919
6079 6132
38 121
1079 1152
8157 8230
3868 3909
9359 9392
8066 8130
1923 1931
5091 5121
3193 3200
2729 2818
9813 9818
7238 7331
902 985
8079 8176
3333 3369
4602 4673
2962 3038
4235 4242
5696 5707
5295 5372
1213 1273
9773 9790
3752 3837
6826 6843
196 288
9025 9088
8967 8979
630 638
4540 4563
4866 4876
1947 2000
1830 1851
8988 9038
1731 1738
3599 3618
7763 7777
2110 2143
6280 6284
599 668
1020 1079
4439 4516
6220 6251
3960 4005
3181 3230
7112 7187
4562 4586
2371 2449
3779 3850
5724 5782
3223 3321
6743 6813
4886 4930
3984 4066
8155 8175
4356 4374
555 621
7877 7901
5308 5333
1907 1941
5249 5256
7018 7026
4400 4407
5017 5031
8105 8201
6109 6123
6760 6767
7441 7483
6880 6921
2111 2112
8060 8144
7581 7624
5790 5875
6810 6862
6391 6393
7400 7469
6569 6656
933 953
1165 1187
3160 3260
7992 8027
60 134
3091 3160
8869 8965
1328 1330
4870 4962
2991 3082
3501 3580
4156 4167
8363 8446
2948 2977
5246 5249
1844 1889
9446 9489
6477 6545
877 914
6366 6430
8431 8437
3914 3983
2118 2119
3446 3500
6438 6455
2766 2847
1888 1941
5411 5429
8618 8699
9816 9863
3118 3155
9347 9375
9402 9409
6336 6434
350 448
148 215
4491 4516
7470 7550
1412 1468
7072 7113
5000 5067
6839 6911
6441 6465
8842 8848
7467 7481
1385 1441
4453 4507
7985 8001
9703 9787
9275 9337
3722 3790
6211 6295
5826 5905
8327 8375
766 785
2690 2704
5757 5814
7883 7980
4944 5037
7258 7263
6546 6630
6085 6183
5437 5464
3515 3613
365 459
9369 9389
6818 6918
8977 9032
8571 8582
5418 5441
2717 2815
11 74
3181 3206
3003 3029
450 530
7459 7527
8659 8731
9887 9985
6266 6361
8001 8066
6821 6861
8202 8245
2213 2235
3572 3594
2890 2990
6019 6084
2343 2363
6664 6725
6432 6500
9853 9870
3574 3631
3334 3393
5062 5150
4654 4681
4501 4588
9330 9411
2046 2094
3603 3685
9106 9136
2074 2174
9036 9050
7228 7230
6052 6126
8128 8133
7705 7789
4685 4772
6769 6783
8813 8910
6026 6083
804 901
8795 8880
6453 6546
7207 7283
2652 2672
5970 6020
6323 6324
6631 6678
6710 6742
3159 3253
4610 4634
5927 5978
7757 7853
4309 4377
2561 2562
5707 5804
8500 8562
8962 9011
362 421
3260 3323
7403 7459
5295 5338
5625 5640
8639 8735
1502 1580
1922 1937
1843 1882
1508 1511
1894 1964
3722 3771
1214 1311
3816 3824
876 916
332 425
9645 9665
3023 3114
5424 5497
890 918
806 857
927 976
1765 1846
9475 9537
1877 1898
2310 2311
2150 2182
5178 5212
9086 9167
4018 4071
2566 2654
2379 2419
1891 1918
6428 6502
5690 5728
9688 9775
3183 3196
1223 1239
6354 6391
7433 7464
4930 4984
3796 3823
5953 5958
573 608
5771 5838
8742 8813
8570 8630
2879 2979
5495 5516
725 742
7314 7354
5158 5184
6414 6469
5096 5123
4323 4382
9630 9635
3010 3017
787 820
4220 4244
9685 9741
3843 3939
5859 5932
1141 1159
7570 7590
1417 1490
5783 5793
8590 8675
1620 1697
1891 1913
7929 8026
525 527
5770 5832
9381 9433
5343 5350
670 765
8690 8780
3689 3737
6041 6066
3693 3698
2159 2258
5601 5663
9863 9878
2202 2290
3653 3671
9141 9210
7533 7555
933 1004
1728 1742
9195 9199
8093 8170
4562 4650
6886 6917
5072 5166
2546 2621
1154 1237
4117 4147
9888 9916
9459 9501
7284 7344
2681 2684
5461 5472
6878 6940
8846 8910
9638 9661
4741 4746
8266 8353
5379 5448
4890 4982
979 1012
220 313
8959 8972
7850 7904
6653 6705
5602 5623
6220 6301
6682 6750
8645 8651
893 954
8022 8105
2831 2920
3566 3616
1534 1606
4103 4131
3695 3739
3693 3720
8240 8327
5186 5254
7852 7922
3714 3761
6814 6896
425 458
593 689
4135 4181
9076 9093
2307 2334
4877 4913
7148 7159
7136 7203
5907 5944
5298 5333
8360 8365
7827 7874
2689 2692
9677 9718
8267 8286
19 44
7516 7600
7348 7369
8359 8387
7669 7702
917 1014
9186 9257
9126 9215
3260 3285
2991 3011
6199 6237
9179 9227
2352 2359
3430 3467
3599 3663
1592 1597
8351 8410
5602 5609
9542 9624
6590 6662
9622 9644
6465 6500
6471 6534
8520 8587
9402 9482
2404 2433
9280 9367
583 634
1316 1388
3526 3547
3373 3454
5252 5334
5937 5962
1242 1331
7506 7518
8993 9072
5744 5805
7225 7276
7951 8046
1846 1891
8947 8952
7407 7441
9886 9963
4828 4890
9255 9315
6338 6409
9902 9926
2230 2249
9868 9933
2668 2740
3189 3238
1071 1085
5483 5495
1892 1961
8772 8807
7922 7981
4828 4926
6730 6771
6737 6819
2552 2574
7723 7753
7330 7422
2254 2313
7052 7087
8714 8731
9240 9335
3703 3742
9662 9711
2900 3000
2465 2505
9293 9319
8974 9063
4672 4772
1564 1633
3693 3786
7538 7609
7516 7572
2439 2498
7767 7828
5329 5405
3869 3877
5108 5180
8073 8172
6127 6202
7019 7040
4180 4273
9310 9362
7261 7327
5459 5532
8369 8436
9291 9367
1332 1368
6952 6977
985 1004
5470 5538
722 801
5803 5836
7071 7086
8553 8611
6401 6456
5939 6007
225 251
4553 4554
1207 1224
6124 6178
2713 2751
4152 4219
5661 5761
2204 2227
4087 4108
4215 4266
7638 7655
2026 2059
1008 1014
637 671
1536 1548
1037 1059
7826 7873
296 378
8839 8842
7678 7727
7467 7562
3717 3766
1105 1190
8228 8270
7585 7657
9907 9985
7798 7810
2508 2601
4068 4127
9217 9306
8753 8775
5459 5518
2888 2971
9829 9922
2231 2322
7739 7751
4761 4826
3511 3535
4765 4817
6550 6574
5071 5122
7578 7663
2242 2338
652 719
5353 5393
5071 5149
3162 3228
4413 4493
3607 3615
5888 5893
5466 5526
6112 6186
4587 4627
5785 5791
6083 6159
1156 1240
69 74
5057 5107
4249 4259
7456 7529
747 830
339 361
6407 6484
475 478
1963 2006
3023 3029
5942 6003
6733 6752
2832 2931
1710 1798
6874 6877
1764 1778
2630 2707
5692 5739
4374 4393
5352 5405
2272 2343
1316 1359
2443 2481
8483 8536
1 69
1903 1951
5502 5587
7673 7755
5633 5689
5847 5887
1474 1554
3646 3696
4855 4949
6238 6275
9544 9569
2365 2408
2954 3050
989 1076
6757 6849
718 780
6407 6461
3669 3697
909 985
8818 8876
3780 3793
3320 3409
2923 2928
2101 2182
6360 6422
561 643
6213 6223
1212 1278
3163 3165
5681 5706
3817 3824
8283 8317
433 512
7744 7792
3561 3629
5591 5678
4532 4583
4656 4726
8193 8289
9764 9815
625 700
3336 3358
3526 3607
1195 1221
6955 6990
7155 7253
5636 5676
6859 6873
2688 2764
6315 6382
7127 7191
3420 3473
4699 4723
8730 8758
4339 4417
7606 7692
2692 2743
10 32
9707 9783
7650 7735
9408 9505
382 398
8219 8319
1583 1595
175 194
8692 8740
5841 5937
9123 9210
8675 8705
145 189
5432 5509
7114 7211
1958 1984
7284 7295
68 85
8224 8271
1057 1112
2129 2149
5037 5086
7138 7177
8048 8054
4168 4265
4975 5031
6878 6967
7278 7355
5270 5312
7980 8014
8159 8245
489 547
4630 4704
8290 8356
8663 8681
9700 9757
6839 6913
9225 9244
7463 7531
4930 5001
224 319
9933 9986
1106 1125
9835 9838
3486 3525
558 582
1544 1616
9063 9065
6614 6651
5184 5262
5738 5794
6769 6781
2027 2078
846 905
1543 1638
4687 4721
5499 5530
8234 8307
329 368
6057 6077
8389 8437
5217 5295
6289 6320
6778 6875
79 122
3850 3861
5222 5239
7072 7083
8350 8374
6700 6793
7403 7457
1014 1019
713 753
1 40
224 305
8602 8693
6701 6785
491 578
4336 4346
7246 7250
6094 6116
9856 9865
2743 2829
7971 8063
2584 2665
9392 9492
2098 2106
6706 6729
6045 6080
1896 1919
3797 3799
1578 1591
3606 3612
9243 9292
7306 7389
4609 4626
7647 7700
9000 9013
9601 9620
1201 1204
6188 6272
9217 9267
3491 3509
2398 2412
3747 3825
398 471
2080 2121
1451 1495
8719 8752
4419 4483
5071 5074
1622 1642
1174 1214
650 701
4980 5072
5224 5280
6270 6328
3201 3257
4891 4972
5062 5147
9862 9934
476 530
1685 1694
3057 3109
8256 8307
646 712
9076 9101
4928 4994
8348 8399
1543 1619
55 109
3567 3588
9515 9557
5296 5322
9208 9257
5564 5640
8725 8785
5937 6002
3806 3879
4779 4794
186 220
6558 6587
3408 3479
5505 5572
8007 8096
3099 3129
7168 7181
6389 6406
8175 8247
3353 3372
1190 1217
8115 8205
9511 9550
7411 7433
7090 7109
2891 2932
4481 4557
9127 9197
6549 6614
6697 6787
684 707
2113 2140
2879 2954
9173 9191
8733 8739
494 555
7210 7308
9653 9684
9567 9590
6627 6682
8807 8819
3269 3270
5175 5256
4109 4159
2839 2899
3787 3879
2888 2913
4790 4795
3485 3568
9320 9340
6318 6359
5929 5980
1593 1675
1222 1244
7166 7261
6187 6275
7311 7350
8071 8121
8319 8372
7591 7633
9878 9896
3168 3232
1760 1840
9399 9480
7090 7131
8639 8718
9382 9418
571 663
5543 5544
6753 6799
137 142
1496 1501
4374 4434
3386 3427
6081 6131
6865 6869
9913 9966
9467 9480
1785 1869
1487 1547
3277 3340
8174 8227
8612 8709
1516 1592
4983 5081
6196 6234
8654 8724
2717 2761
421 440
5557 5600
4531 4548
8060 8098
9341 9367
2861 2918
9636 9720
4731 4740
3680 3747
2193 2239
5153 5214
3141 3228
6682 6743
8660 8745
5863 5895
664 697
6988 7087
6774 6835
8099 8192
3631 3729
8766 8781
4187 4212
2836 2866
6306 6339
3456 3486
1025 1111
8923 9002
7765 7794
5396 5480
1807 1888
8928 8946
9429 9466
8956 9026
4209 4254
2149 2173
8219 8266
2739 2780
7958 8045
3968 4011
1691 1731
4938 5028
631 686
1789 1866
1093 1098
7151 7189
5694 5703
6113 6181
2297 2309
9234 9271
4872 4966
1173 1252
4742 4838
8561 8654
2015 2074
7645 7706
1694 1741
9162 9252
4877 4910
8146 8155
1359 1360
1376 1440
4058 4062
8144 8194
5308 5362
5534 5588
9909 9949
7035 7126
618 706
1111 1124
7275 7373
5735 5825
7830 7873
148 173
2089 2126
9091 9102
8257 8354
2794 2836
5690 5719
2921 2940
7501 7544
6881 6924
1138 1235
2934 2968
5675 5676
5282 5345
9772 9845
656 683
4962 4998
5834 5858
5553 5570
7103 7162
