981
4558 48
1363 59
8086 97
9143 90
5062 85
4478 37
7426 78
1245 31
4353 24
4549 97
9893 39
5576 49
5470 77
1675 29
4177 63
2503 22
4311 63
9368 73
6480 83
3130 22
5847 18
941 51
5604 31
2858 97
3771 64
6811 39
4600 22
5691 17
1983 19
3614 89
285 11
6599 30
9817 30
758 42
424 26
7874 93
8757 50
4013 91
6340 35
4843 54
7701 40
3564 97
2110 59
6746 85
4307 61
3104 23
971 33
6122 87
7776 70
4739 91
3171 22
560 90
1286 54
4583 72
6440 15
9274 43
9849 85
6554 18
8092 46
7612 83
2765 41
9425 41
5930 38
8115 38
6262 93
2486 40
989 59
3363 75
3489 62
6318 12
3215 97
3551 55
4357 48
3155 64
3543 60
9672 52
4956 66
1062 30
4581 49
1305 35
3148 43
4788 91
1775 79
719 63
425 31
3821 10
5872 47
5860 54
5358 82
3977 19
1727 20
9671 92
3152 40
4504 30
238 61
1141 48
3424 81
3653 53
9090 46
2996 30
451 34
4903 41
889 98
8523 84
3613 16
754 62
7582 64
5312 96
7723 21
2747 94
2486 62
830 57
7638 90
4142 73
9797 29
8089 93
9294 73
5503 59
4618 20
4531 52
6320 52
5107 68
3727 77
3473 81
6710 85
7632 33
852 35
4356 65
8974 95
1685 45
5331 68
4045 23
2869 88
8325 85
3427 77
8527 58
3030 32
959 26
9785 50
5390 10
2288 60
1718 96
9630 45
5956 12
8615 27
897 78
7565 91
7946 48
2331 39
1064 84
2424 87
3947 14
9778 28
9055 60
6913 12
1920 14
7728 72
5811 35
1760 43
5312 59
9257 42
5511 30
7319 71
7485 94
6303 88
5163 97
2538 81
3167 14
4883 70
1828 43
5522 26
8550 36
1491 49
5890 53
6897 27
7313 94
8382 52
6300 46
5819 20
4654 94
5518 10
7285 50
7935 43
1255 37
1462 98
4595 26
218 22
1967 14
2436 47
2692 22
3664 29
2972 67
4909 73
7432 87
4447 57
605 59
3036 79
6828 58
3394 25
7308 39
4344 44
5591 18
8742 80
1708 28
2511 77
9739 68
483 42
1605 15
9654 91
5720 19
3602 81
5422 87
7519 82
502 73
703 63
837 63
3154 61
7175 49
1678 14
8778 48
6641 69
7364 46
4098 15
1890 22
7573 49
6976 68
3059 67
7522 83
5365 83
1380 27
9742 87
3526 45
3034 19
1546 68
2812 55
4937 41
2856 89
1870 58
4655 72
1539 38
4385 59
3216 23
2019 19
4666 81
6898 32
4135 36
6448 70
8187 91
8595 56
7705 97
8630 32
3006 42
6919 91
74 27
1634 55
8777 60
5164 34
9446 66
6158 78
7459 32
6504 68
6472 45
5855 86
5871 12
7773 60
3176 62
1608 39
3964 19
7690 62
8770 57
3134 65
8436 41
2896 35
745 51
8497 20
7648 65
1904 19
3283 72
9743 47
6789 84
7921 80
7504 57
9234 11
3245 36
7660 66
9864 44
7379 53
9632 57
6105 71
6260 94
7531 10
4333 34
9393 31
4314 30
6460 39
9517 85
8134 89
703 35
9575 26
8312 86
2704 62
9631 88
2952 84
1192 92
2170 30
4532 81
2787 87
1762 74
8575 78
1490 42
335 53
1114 38
654 35
7702 40
9043 30
5554 98
820 76
6384 12
7566 27
1314 81
5740 99
6791 21
633 88
6340 94
3067 15
9328 28
5120 80
7216 30
4208 87
3818 81
9198 98
7664 40
354 44
7497 12
9422 62
3622 26
8943 55
7699 16
8451 29
4943 47
8724 26
5254 98
4972 92
9172 36
6483 17
6093 88
7151 49
2367 63
733 58
2296 30
8747 36
6728 68
65 44
5688 66
8339 80
9012 38
4148 77
3396 73
7629 51
7920 96
3443 14
5641 70
3232 96
2710 20
4176 32
7299 23
3753 87
687 72
6117 17
4450 24
8260 39
8180 19
3237 40
8271 48
2418 95
8743 25
2891 40
8857 47
3035 63
6500 83
4186 81
3019 64
850 53
8830 20
7706 37
7396 77
653 33
9479 48
5479 40
6612 13
7381 97
8693 51
6904 23
5125 36
8895 15
8154 11
8154 20
6058 79
7891 55
3835 97
3092 62
7413 13
7724 36
4687 75
9598 31
9632 33
5076 36
1800 59
3529 45
4199 19
7058 59
4555 32
9694 84
9112 12
4022 63
9875 25
2787 54
8817 76
2206 90
9855 65
8465 21
3772 49
7758 79
9886 52
9781 97
7970 69
9678 23
8568 24
4170 86
1335 71
1648 64
486 27
8190 90
1272 51
2989 72
6066 96
6770 60
7787 69
330 63
4384 51
264 90
2342 81
3897 85
7834 10
9607 84
3954 58
7882 59
2530 52
8676 87
2438 45
9611 63
711 10
9410 82
8806 53
2689 72
629 66
2147 27
552 93
7529 75
5561 54
7427 27
1268 49
6276 45
380 23
414 34
698 31
3478 79
5657 36
5920 10
4128 84
8786 98
6329 38
6823 43
2403 68
9440 64
9197 68
1932 74
6997 88
640 98
1469 84
7803 81
2939 57
4991 59
250 38
847 28
2182 87
1096 67
8687 73
279 83
7002 32
1723 67
2814 62
4968 84
8134 46
9862 67
4327 15
7769 24
4657 42
2104 33
9737 54
8534 16
6492 46
8138 16
6084 81
6484 33
556 86
6728 12
1111 70
721 64
4497 26
3114 30
5333 69
3613 24
5500 57
7720 15
9322 49
5071 32
8957 64
1052 20
7292 99
8852 29
55 50
6978 61
4778 81
7969 81
110 13
1359 27
2559 78
1599 36
1622 10
6687 24
2236 71
575 58
5765 94
4120 89
826 76
5478 19
6343 89
7977 57
9395 20
3616 16
1528 88
1070 27
8367 90
2107 51
8528 44
1864 55
1782 13
3362 47
7916 74
2526 22
4851 33
852 88
9583 94
3680 36
6282 96
7670 18
1324 65
3509 65
5155 35
4766 83
453 82
9009 96
758 71
1484 35
3934 56
1034 64
4322 52
913 94
1956 12
7083 87
5501 43
6551 77
8396 27
3828 74
6355 31
3110 23
2096 10
6354 84
2972 89
5966 97
848 77
910 61
2818 40
1621 45
9542 52
8881 68
377 64
7742 42
8296 61
9120 81
349 11
9630 21
4215 37
8987 73
6358 59
7187 45
1230 34
4382 52
4877 22
7513 84
8558 75
8406 36
6370 51
9045 41
8604 51
3486 31
8437 23
712 26
8928 41
7273 93
4340 64
7317 38
9066 91
5667 25
446 83
9723 95
5955 83
2281 41
5822 57
7861 92
6818 43
8459 47
580 10
2337 67
5540 69
2274 29
9699 21
2263 38
7772 38
5241 29
6518 16
1206 54
9763 33
2746 15
4358 81
7217 44
621 56
6142 30
1262 52
6070 32
4355 39
9483 91
2614 97
6173 26
7242 73
5628 74
9872 61
3001 97
4603 51
868 27
7597 59
4555 11
2352 96
4113 53
9716 60
6965 57
5882 75
2631 24
1854 76
1236 72
7578 64
8953 65
325 44
9256 93
8706 35
6925 20
8189 83
6016 20
5438 52
4549 61
8531 39
960 11
1035 14
9533 96
9075 32
9240 90
906 58
7514 20
8162 83
898 54
2783 31
5829 68
8690 50
2204 77
8572 85
3402 36
9432 58
8750 82
6825 41
4105 53
6440 87
4325 56
6463 61
3992 14
8263 98
1480 18
1851 83
2133 16
6422 56
7376 27
7867 45
9628 54
4426 62
3008 99
7703 13
3042 12
3306 40
6739 19
7668 55
5817 80
9671 52
8315 10
5189 93
5913 44
8184 75
9913 61
469 33
9515 51
5632 52
8783 16
9363 21
543 77
2882 23
4415 88
3529 81
7477 60
2034 42
6974 34
5957 77
5476 60
5467 79
2641 36
4126 98
1067 82
2664 47
2149 19
5977 82
7497 74
6016 10
1691 44
9803 72
6284 99
5010 19
226 15
2905 11
2976 62
5494 50
5556 34
3515 29
2989 90
8485 71
2877 47
7888 90
2991 41
5315 75
9430 88
9895 20
7162 53
4081 49
6984 37
6458 98
3002 65
3618 59
6960 85
7721 34
3269 36
3613 56
55 15
2350 13
2453 87
1384 49
7899 58
509 42
1849 76
7294 73
5871 41
1880 54
5597 39
1868 98
3389 55
5189 83
6266 54
6544 17
1524 65
8981 80
7116 81
9878 93
1528 35
1590 19
1234 55
6494 25
5337 94
6081 17
311 71
5403 39
7568 61
8804 56
9855 64
4180 50
8282 87
7643 91
1173 81
3035 93
669 53
481 82
2568 51
5915 79
787 36
3978 73
4275 49
273 71
9000 62
663 86
5835 86
9844 72
9761 65
2706 30
7805 46
5491 44
2012 98
4708 34
7398 27
2510 82
9549 11
530 96
8184 51
4133 50
2841 83
4006 27
7896 11
7955 97
4690 22
919 66
2582 79
7444 30
679 75
2063 45
8062 61
837 14
2610 25
1679 28
7506 90
547 41
3019 62
7058 98
4861 16
1615 43
6987 56
4620 51
8924 71
2316 72
3187 36
3199 38
3644 52
3746 18
3377 35
5747 99
551 29
7702 10
2029 24
9377 34
7534 72
9357 65
6310 51
5755 76
8749 84
1307 39
5060 99
3461 61
9818 51
8947 59
5696 17
4919 69
2176 79
9932 54
9756 48
3293 86
5999 45
5132 42
1371 41
1400 86
8389 33
5383 69
9608 97
5769 95
6849 90
3969 67
7500 29
1905 87
9979 98
8104 76
4852 29
4643 35
6018 27
2599 46
3300 84
2467 83
6024 79
4970 30
3824 99
153 90
6211 94
3849 43
82 48
2412 76
3442 15
1548 69
2071 21
2551 91
3525 77
2962 61
3380 58
1569 30
3224 67
6815 56
6887 84
892 29
2861 15
4701 88
892 38
809 31
2837 66
3152 78
8217 92
8752 98
2998 20
4618 90
6112 93
9162 91
159 53
4964 89
1303 14
8955 39
6079 14
7852 88
6441 21
9440 53
1629 53
6808 52
348 77
5052 49
6037 44
7480 54
3347 20
6101 56
2653 88
7328 42
8918 22
3179 45
7996 83
1257 28
4605 21
9434 24
7096 55
6048 40
3457 26
8134 53
6482 12
3372 49
8291 18
4858 39
3883 45
5686 69
7078 43
221 14
1404 46
1287 37
9550 73
9706 73
3145 43
7708 48
1971 50
2419 51
872 51
5942 31
474 32
3763 83
6443 44
2483 72
2547 84
