9402
6768
8634
2626
9364
4546
5666
8750
7736
6160
7126
6506
5928
4464
5124
2720
7012
1788
5114
5422
3224
5186
5234
3280
5578
4266
9538
4906
2448
6682
6198
6952
2880
2056
592
4720
2576
3744
6600
318
5326
5162
5524
18
1540
2874
9768
152
8390
496
2316
7202
8034
624
7302
9224
3420
6416
7816
7344
6566
5994
6956
9822
1656
4610
8086
3952
9002
1562
3648
4724
4838
8012
1782
1776
6532
1242
2174
324
8946
2512
7574
5662
7112
8452
5862
1914
4026
1780
2702
2708
1202
4794
3902
9868
4274
8068
4656
6254
8960
1256
9764
484
582
6664
8970
3478
818
7112
844
3740
9534
6218
9928
5170
3628
8020
5986
5344
2654
7822
470
8810
9426
8662
4032
7902
5370
9680
652
9784
6378
742
7786
2300
9612
4386
9534
4948
7726
9332
7332
4038
6534
4312
2232
3596
6482
8326
5348
1878
9554
7000
5526
9962
4910
4030
5608
4060
2416
2010
8106
9674
4738
9982
2668
5282
5310
826
7926
664
1704
4728
76
4560
2582
5438
7676
4170
388
828
720
3440
4276
946
5422
5418
8120
8476
724
5146
9320
3928
8066
758
4996
3600
2062
6118
7852
8110
5018
7002
4152
5468
8972
2468
1116
3280
3768
1440
2120
6146
638
9100
574
8582
8498
8330
9732
5486
7048
7934
3492
8872
6392
9190
1074
4950
2354
7176
1838
2926
1756
4806
8390
2382
3414
6978
4810
4888
6400
6244
6074
7298
2544
3432
3504
840
6154
6436
2798
4554
62
6562
3140
8494
9932
8180
2720
4664
4768
9424
7396
9024
2352
7260
6366
9298
8098
6954
124
62
5710
4122
7672
2988
3108
7342
82
436
9610
8852
2282
7980
4772
7970
4114
6504
3920
9846
6692
9006
3060
590
3138
8028
3246
7756
372
5306
5160
2900
8752
550
5340
2920
9674
3664
258
7424
2780
7326
9460
8058
7034
4162
7342
126
5052
8262
3980
5028
8092
1564
4812
9170
3216
3506
8944
5550
9858
8376
4492
5344
4800
8798
3318
7114
9318
3932
8126
340
4122
4146
8600
26
6368
2116
4844
1864
5208
2000
9874
1832
4772
2512
546
8126
8806
6764
4896
8846
7120
1534
1908
9012
4404
3782
8208
4012
4726
9684
3174
9434
2306
8946
558
5244
88
2642
3198
1548
824
5378
5938
9560
3734
586
2
1452
6398
5050
5768
6224
2056
6736
6328
9732
9594
2702
9994
8002
8532
8746
2208
3910
5356
6656
1044
2654
7962
2004
6272
4740
2752
4794
8996
2744
7418
4590
1660
2110
5620
7676
5152
4234
7434
8160
284
400
7118
692
2434
5424
988
9498
5392
8528
6326
7360
4602
980
9508
2578
960
2716
8184
2270
3226
2178
1338
3110
5142
4752
9146
7586
7130
5688
4126
1136
1508
1918
3212
8410
7924
9494
3492
1058
8820
578
6348
3858
7264
5050
8390
2140
5410
7984
5994
2140
2216
3318
8894
5310
626
6136
7338
9390
2470
3090
6582
1062
1464
6350
7568
9704
5770
3910
1304
5576
5710
1454
8444
408
4938
598
8784
566
1114
6152
6556
7878
936
8940
4782
6734
6366
7636
3198
6584
2402
2466
6166
6424
8244
100
9900
8298
296
5988
6086
9846
9110
5200
8940
7158
4062
5542
7980
9792
6422
6332
4292
9560
2138
5704
3212
2656
6312
1736
920
8380
8130
7480
3090
2180
4878
9922
3998
4768
5572
3318
142
6134
3996
590
8252
5400
8184
9460
8464
7564
1166
7258
3710
8638
8794
5376
1776
6470
3896
714
1046
614
4222
1198
7998
1194
4834
9616
554
9050
538
9014
3720
128
6576
5550
6598
6420
162
4110
8554
9304
9826
4106
8988
8962
3678
1810
7868
6612
60
7016
380
8876
710
8318
2214
1538
5838
9398
1564
9996
4342
4666
420
1926
5254
646
4138
538
8166
5708
2982
1034
4256
1574
9766
7824
8730
9488
9696
9148
2628
9440
9610
2806
6970
9034
1804
1858
6396
5946
2134
4336
6696
5840
6728
5472
5458
2006
7496
8238
3966
188
1074
6594
8284
2694
9294
1036
5462
7756
8556
514
6186
1582
6180
5936
8020
2892
3784
1536
7384
9070
2190
214
1610
7424
1158
7974
2342
1660
6862
8326
7326
3440
2196
5792
542
9400
8270
632
8236
7132
7556
7602
7050
8760
7214
1252
1516
9694
7344
8658
9436
2728
8902
2210
6934
8704
9398
324
9596
5568
3236
4650
8072
5592
6950
1432
6328
1670
2822
5220
5672
2288
1078
9066
5104
6588
1002
4056
428
886
3328
692
2030
6938
6420
7280
3084
2222
1020
608
802
6672
7352
2650
8188
8452
4230
5608
7480
1018
5488
9212
1412
3004
2620
6596
2208
6298
8492
9226
9992
6040
6242
7596
4198
6608
3926
7830
2076
7832
9844
9108
996
732
3382
9228
6946
404
2704
9144
1468
3404
904
4024
7544
5420
4320
5098
2566
8396
322
7782
3388
954
3788
2744
5770
3944
5240
4352
4234
1502
4964
6292
1924
5184
3982
9912
7572
8572
1022
8220
1544
5700
7424
9166
1646
7992
6158
7772
4552
956
8696
4184
7190
7478
9902
164
8876
7128
7686
3510
3816
3140
3854
4384
4522
6108
6056
6852
6008
3470
4674
302
6294
6548
1488
7258
4452
9142
2666
5138
1476
780
5694
1444
2232
4854
9706
1516
4864
7612
8568
9392
4370
3032
396
6448
5414
5908
1454
1984
4128
3296
5462
7440
4676
3816
3728
3608
2060
3938
6080
282
7636
8572
9028
6112
9002
1156
4148
6214
3336
4780
2150
5142
6006
840
5892
4896
5010
7602
2308
8968
3566
7150
1916
5516
1626
4144
7438
4898
9116
258
6304
9566
2800
9722
662
5956
4176
758
2726
7948
7432
1620
7206
3828
9690
6356
2680
4242
416
6490
3584
8234
1600
2964
2804
1170
6320
5744
4916
4282
8364
2558
9478
50
80
2286
1198
7232
7864
9890
4140
6924
2290
5646
154
8576
5746
9076
2658
8434
102
4430
2540
6788
2028
9538
8038
8744
1812
1838
2052
9328
6688
1150
6472
5972
8364
3750
2098
1554
2608
2792
7678
6716
2204
3914
9554
7928
5446
5556
5948
830
4978
3918
8636
2248
8474
7450
6924
8864
4674
268
8478
8328
1884
3616
6700
1196
7138
3176
6968
5310
7416
6512
4238
1528
2226
7462
3716
8954
5362
2322
2244
1924
656
1918
1004
5606
1068
4584
5696
7716
3408
4444
572
3766
5868
3490
3926
7756
3784
3434
2076
740
5132
8590
1646
716
7452
8374
6586
9278
9046
3042
8258
9890
2476
9540
3942
1450
4122
8376
1318
5332
8036
58
2190
4520
1732
2184
2450
2978
4890
1604
618
172
3852
2018
2748
5524
4600
9736
2226
5210
1806
2922
9558
9906
4518
9330
5246
4684
6964
6170
9326
4750
650
6730
7824
4766
9256
5522
6816
4686
9480
24
4508
3830
8148
7658
8174
3516
8058
9196
116
336
848
6854
6522
352
1930
564
352
1374
748
6268
9308
5552
216
288
8092
114
3516
3930
5756
1508
5760
1150
6514
9694
1156
8538
4264
2480
6560
9990
1928
4072
2050
5516
2266
210
1204
2972
250
6192
894
5244
3218
3250
1362
9732
2432
3806
2336
2358
1106
7920
146
8976
132
7790
2016
164
3110
3802
3622
226
3776
6286
578
4528
7678
688
1708
8632
1258
6024
3634
74
7994
584
1078
1426
6318
6384
1396
9186
1392
2416
378
8490
6132
6632
2652
4562
2090
2952
1582
3762
4346
192
9544
3600
2950
2370
2982
8286
3164
7908
7884
784
9274
7864
5518
572
7440
1136
932
3434
2842
894
5956
1328
4576
6634
262
2074
7138
2336
5748
5756
7148
5924
8550
4398
1514
6020
8292
6344
3876
2386
2184
7230
6444
1278
1126
7368
6728
9582
2142
5790
4376
9510
2764
2888
1576
5322
5328
2824
6604
9492
9934
3946
7082
8416
2212
9982
9076
2224
1716
8934
8598
4088
9788
5320
8340
7576
1356
8074
7838
6352
2832
7532
8642
6858
4698
5524
6654
6874
814
6652
6236
5902
340
2640
7906
4152
1484
874
9894
4006
3996
7136
3130
9848
162
3726
2766
4832
1860
9522
4868
6354
2206
5970
9200
4970
8338
7262
5234
6288
6030
2778
3664
4194
94
4052
4682
286
3716
5810
5522
7376
7424
5092
8022
248
9452
5572
5290
2506
3548
7422
7716
4834
6998
9430
2750
9636
7436
490
5154
8338
1614
5562
3430
4688
2450
5398
6010
2664
9940
8544
8052
2838
9172
9810
3866
4524
1612
5582
5626
4246
1270
3288
2392
8416
1538
146
8614
5004
7116
9026
5820
3552
9066
7090
7740
1038
3824
6136
3320
6862
3312
8056
1764
9102
9208
3624
3000
4574
5580
2288
4094
2962
6644
5434
1428
8584
5024
4410
5632
9956
2902
4378
12
5456
542
9896
7292
6084
9342
1206
5134
4528
6424
5230
7084
6976
4012
9278
5252
502
9000
3200
9848
2174
2450
970
394
7596
4068
6614
5730
4676
512
880
7362
9440
5528
1452
2834
5598
1200
1006
4896
86
5398
7562
6360
4818
3960
8584
2812
9516
1806
6096
4516
4010
5246
238
5214
3190
5994
272
5188
3022
5468
3570
5184
2788
8410
4596
5742
4584
5694
1236
520
3242
3332
9838
4328
3308
9284
5596
4302
7358
7800
2074
3234
8534
9912
3736
9012
9178
6860
4426
9452
6768
844
1416
9128
5812
6382
2292
8410
5696
6848
6820
6992
4894
7556
1250
854
8588
7120
9462
662
2854
4738
9624
7312
9690
6338
9136
9562
6014
8976
9318
672
2374
5610
7316
1660
510
4848
2488
7278
7882
7548
7158
5714
9088
5446
8930
8730
5726
8048
1812
138
9534
7608
336
7288
6882
2940
4024
3566
9274
9422
756
7128
4808
3436
9078
1356
1552
8560
5952
8822
2504
7458
6802
7222
4774
7472
2594
9278
6492
2482
5676
2854
1984
3870
9680
7696
4522
9512
2052
1292
9084
274
3636
4786
2342
4376
9226
6996
8070
7648
3564
3214
6750
106
4964
9462
6058
5720
662
6618
2936
9418
4682
2434
5006
9638
30
3384
9244
6302
2874
6612
7478
1966
2262
9118
1966
5246
7420
1016
4136
992
556
4508
7736
5140
1452
1868
4510
2162
4938
1136
6508
9044
4548
4794
1950
3590
7052
9828
9256
628
8424
6860
9748
4750
1670
4406
9210
5892
3994
7768
4200
2920
3168
3884
288
9486
3644
1892
5698
2810
2016
6436
2036
2728
8402
7128
3680
2368
1210
9802
7300
5180
6854
3562
1384
9890
7260
1316
6832
7254
9268
9788
912
8818
500
9752
7806
7304
6096
7814
4174
6318
8722
6976
5292
3454
1068
8096
4378
6544
7056
5662
7228
7890
7040
7204
5908
3252
9084
1714
3444
6500
5776
930
4602
1902
9842
1110
9138
6094
2328
7752
2746
6248
8274
6536
9064
7552
308
4970
3148
1896
6166
6146
1976
1554
444
6998
1254
5204
8956
1844
1874
6922
7988
7520
3312
1246
3320
5302
4688
6674
4712
1712
7642
4256
4976
882
8836
4930
6392
5674
5228
5890
8286
1286
1460
7788
4178
8840
9060
450
1420
7636
6898
558
5142
1554
6012
6140
6112
1144
8938
9554
2396
2016
248
3900
4080
8050
4922
9046
3542
6246
5982
2888
9858
6752
3282
4476
6018
9456
9246
5864
8858
2770
4844
2986
2344
3366
1014
9408
2000
5310
1934
5780
1698
5086
3206
6830
2252
5088
5476
2428
5986
1166
7426
7602
804
4940
6972
3968
6374
5910
7330
7070
1062
3334
6224
5192
9656
6460
4254
9430
6746
960
2548
80
7974
1476
4668
5574
2150
7072
1470
3662
7086
3188
7360
1840
4546
8366
7828
2234
7488
3532
7800
1226
3560
4742
9136
4874
5920
5880
8202
1756
2826
8752
9276
402
4224
8006
436
1118
7040
526
5612
9656
3792
46
9574
7966
1468
9602
938
622
2348
274
4726
1492
2832
2116
5406
1678
2916
8124
706
5830
168
3034
2270
1452
3212
5074
5194
9290
5180
9822
4098
428
2224
3032
5972
3024
8472
6568
8160
8514
420
1658
2842
8142
9808
4678
5630
5820
9654
3772
7584
2026
9762
1084
9228
4068
6600
4062
7168
9042
3286
174
4992
5102
1342
1444
1538
1498
2614
1288
576
4018
9552
1238
6444
4498
5090
8230
5444
8616
9934
3016
4272
810
9358
4058
9426
8178
8212
2324
2254
294
8396
6158
2784
1134
6796
6190
6114
8208
3584
8932
9908
4852
4942
9776
7434
7572
5470
7330
338
6354
1842
2128
8452
2072
3234
4012
1910
250
7762
3688
1966
2522
2862
4998
4420
8904
1524
6340
2868
3124
5134
9292
5350
3616
9302
3498
454
5354
2520
2660
5410
540
3888
4104
3296
7154
4862
6268
9454
4632
7068
4596
8176
3354
9848
7312
7864
5490
9988
8824
7592
1868
7316
4100
2874
1026
1282
4962
2802
7152
6242
4166
8584
6584
1954
6656
7954
9170
8380
6756
5072
9746
5718
5976
2062
3962
4418
5008
7142
8970
390
3562
3200
4426
7692
2548
2586
8384
624
1238
6188
5086
3990
7290
6014
4876
404
9366
7228
9666
7672
504
6024
1808
1926
9684
1102
2872
7290
3626
7982
2006
9612
3672
8184
7798
9012
3338
6088
7232
4780
1166
3440
8744
4078
1620
2888
5728
1236
5202
4550
1138
7092
500
4550
7658
3544
4612
3756
890
8378
204
3270
5830
3746
6312
8364
9654
1070
5278
9828
8012
4230
6308
3410
8102
398
7192
7742
4170
6050
8176
6350
6360
7626
9138
4704
2358
970
4602
3308
7216
84
8884
9428
7898
5654
632
4986
6686
4676
4300
1514
3864
9620
3214
8172
3174
2336
4030
2906
9324
7872
2924
4090
5176
1270
9172
9336
2044
5088
3768
6098
7244
4814
5150
4416
4742
4548
8
634
702
1172
7296
8288
1918
9388
4004
9394
1424
878
9992
7704
336
3544
1956
6536
3688
4906
4712
5822
6300
9832
5966
5564
1778
7764
6192
1364
2848
9732
7818
9300
2296
4618
8244
1480
4098
4752
6212
2048
8914
2874
8102
6942
3106
2880
8650
4528
1908
388
7176
3360
3396
4588
572
9610
4800
162
5876
342
8106
5920
6690
3798
2268
6274
714
4864
9610
3304
4480
2770
7424
9664
6224
4516
6212
1036
8482
2764
4984
1912
1572
8448
1440
6930
6214
8152
2898
2582
9714
9802
5894
9458
7660
6642
6754
5372
9326
3172
3794
9772
6774
2892
212
7554
12
808
6602
4694
6054
7628
1784
356
9770
4724
6710
5762
8216
7372
7822
846
1424
1614
9288
5872
3980
1148
9536
142
6958
3230
3148
1900
5594
896
1566
880
1338
5142
5246
3276
3540
3006
1428
7050
5106
5132
2396
6744
9406
4022
1250
1014
394
3312
6792
9824
4468
7440
1984
4758
1894
5592
3430
2068
9080
544
1016
6412
8770
1552
5560
6774
3268
5312
9014
342
1786
1264
5404
6738
4748
6590
8768
6428
3988
8152
8016
5542
1382
8790
1330
76
4568
1172
714
734
4022
1022
9486
2002
66
7386
4618
312
2704
7028
1528
4160
4738
6284
9006
2104
9506
716
412
5796
9818
2238
8976
6984
5038
2470
9232
8080
2
2508
7028
7576
5022
9962
1450
3964
5502
608
9600
6246
5284
2166
9740
624
5748
4990
6512
7650
4514
6234
9530
7412
8648
9556
1334
9882
7558
7884
2796
920
5538
5314
7150
5640
5978
4898
8904
6984
4378
1784
4668
9744
1940
2378
5944
376
9846
2244
1206
7878
7538
2062
8206
5544
9320
8136
2516
1070
5774
1152
3650
7404
5046
4684
2944
5076
198
6848
274
7628
9496
8606
3602
3184
580
4840
5474
8362
6680
7446
6942
5316
7004
204
9364
3912
8122
550
394
5708
2772
1342
8440
5810
7694
1178
7508
6648
5474
6802
1798
6394
1256
422
8540
7494
338
1446
1802
684
8512
9212
558
8338
1380
1276
1854
4428
6286
668
9122
7366
6192
9936
2720
2984
9752
8032
2012
2
2052
4130
5650
1232
2892
8680
9216
6764
8808
2134
9424
1382
2862
8144
594
7960
7532
4892
344
1822
7502
7592
796
9486
1714
4052
446
9772
8398
5642
1596
9512
9418
4274
1166
3246
2138
6424
1228
754
2790
1972
750
5264
7688
3968
3846
8272
1456
8528
4042
1792
5728
8098
332
2768
3848
8394
7662
9432
838
4606
7388
4540
1694
2570
6904
706
3266
2452
6190
136
6992
940
7788
6808
736
500
3440
630
584
5638
6012
3242
4766
6454
6812
9004
7562
3530
7916
1506
3956
8252
6728
5022
5310
3058
5646
8374
6968
9752
1712
6172
284
2540
374
7354
7324
4744
8446
808
7400
4486
8598
2166
3614
4930
8784
3642
2508
1052
7482
6504
160
8220
5422
3682
9026
3262
5836
4042
1892
9978
8980
1268
1130
8468
3178
2864
564
2150
4740
496
8414
8000
8560
8598
3892
9588
5468
1918
9070
3668
5022
3734
5450
9414
3582
2756
42
9906
634
170
6242
7718
1238
5986
7242
8812
530
5852
7536
2410
8014
3218
6024
3280
1830
2528
6298
1480
520
238
7214
7512
3708
6748
3360
1942
6984
7944
7654
3662
422
3902
4774
5850
3926
6878
6224
8056
8368
5196
68
5606
520
6780
3746
1208
184
5258
3612
8354
3230
3210
4432
1148
4896
5938
9614
3728
6568
8538
884
1118
1104
3724
294
2648
4918
3142
1434
3788
1958
4076
1816
6964
154
8096
88
7428
7508
452
1212
2440
9692
4364
2526
4414
1388
8314
5422
2590
3218
1428
798
1276
8800
2134
5798
3198
8128
8174
5280
7094
1144
2300
7494
7176
578
9756
614
3636
6722
1140
4724
4050
2
6944
222
9750
9580
5678
8916
3542
1972
1006
5810
2672
9166
36
2816
8788
6080
4974
3980
7910
1322
3020
6738
7286
7470
652
4546
6138
2996
9518
6666
3450
6460
6910
3026
9396
3076
2562
262
9660
872
2280
8234
5768
1380
8144
9606
504
2598
4214
4354
3482
2100
918
4464
5544
9790
1208
4612
6690
4232
8612
9480
1776
5562
808
7626
234
7814
5966
2798
2634
8700
574
1842
1928
6672
7016
6404
1462
2104
7902
5064
592
6946
554
6180
3422
2160
2698
3366
1400
1064
3732
8352
1164
7360
1684
5734
1774
4846
1664
1098
3102
1324
5516
7646
8898
8204
9074
4
6222
1962
8904
9928
7844
2904
2110
1308
1784
5560
1682
8056
1940
2486
1836
1502
1566
6456
764
9058
5172
7414
5142
7664
720
3820
2140
6894
466
8832
4668
108
8192
4422
3750
9882
7398
1916
4212
5520
6058
2592
1170
5556
7534
7586
1432
6732
3856
4378
3496
6508
134
9598
9430
8980
1334
1650
4846
7852
2452
4588
8804
1520
9984
2500
5430
8832
7594
6144
2142
7460
7128
4054
1796
1656
2498
4520
8956
7618
2038
272
1920
8472
944
7798
1518
7550
2790
7710
8324
8830
9200
7758
1872
5604
2496
3640
4362
764
8338
6814
7982
9110
636
5396
4266
5870
1898
3858
8594
6456
76
3406
2678
9754
7240
2204
3806
2642
7834
5466
9102
5924
6864
1356
4414
8184
3722
3522
7360
4332
5526
1818
4058
5370
576
5742
6468
8100
8912
1942
7168
6252
154
3532
7008
3332
4358
5272
9582
1720
7254
444
2128
4322
5108
8520
1214
9928
4304
2610
4114
9184
956
9056
6652
2976
8402
1016
6084
2916
4362
2642
6962
5494
2328
9284
6206
4882
8440
2342
4332
9444
2096
9328
9350
5566
4022
498
9988
9858
6668
9758
3326
3358
714
2654
9260
1340
1728
9082
3132
4958
8386
8750
8738
9254
948
914
3768
6984
7180
9446
4022
2578
6746
2670
1302
9956
8284
9802
7218
5034
1734
2184
1278
4336
3636
7312
5620
506
1156
1630
2386
2192
6716
5266
3286
3152
5158
8268
6138
5306
3708
2856
488
3826
6270
7816
2954
9340
4814
6222
9232
9032
7916
6366
1818
2960
5862
3270
4572
6348
6166
6050
4630
2504
9676
7640
3348
2786
6864
4182
6412
6452
6448
1042
28
1544
1248
5478
4014
806
5180
7614
9192
8900
554
2718
2362
7530
6446
8106
7538
1164
4226
392
766
6782
3892
6410
866
1736
1668
4870
9962
4974
8116
1208
7974
8924
8298
5164
2322
5316
5902
1294
2744
7794
384
9118
5898
8268
2828
9096
2910
5646
3886
8906
2986
3860
8812
1294
3260
4536
970
1160
2146
4290
9346
4346
5426
9664
4680
7562
6648
3856
98
6874
8098
1898
5376
26
7078
2864
6994
7688
7536
9814
8844
9300
656
7014
3888
6674
3156
9730
5348
5120
1988
3352
9086
1220
1386
474
3364
670
512
5978
7040
5672
3872
672
9356
9930
108
2380
4890
2756
7900
4950
3714
4598
8432
9086
948
2290
2748
990
4948
2842
7786
1854
776
378
3252
1950
4064
8100
9900
7982
348
3824
6784
6340
9326
8856
7968
1836
3448
9734
6824
5268
8146
1262
8494
1726
3538
748
1890
4196
8260
6784
5648
1356
3246
8160
7760
9528
6220
3068
6520
5278
482
538
1708
1506
4734
1748
9566
8062
2074
6810
2232
4446
3982
6704
7744
912
4328
2598
354
2384
84
9658
656
374
5176
2446
7870
4032
2930
9840
818
7174
2872
6458
9216
3816
7904
1422
5342
9070
6044
2848
5014
3486
1030
2342
3258
1956
6508
4900
8444
3606
3066
76
3532
4372
8556
2032
2464
4496
588
5910
6910
1280
2576
6512
3844
7236
9068
4558
6508
9812
8878
7208
4506
5714
6002
7462
9002
384
7194
3528
5372
3696
5502
4422
4252
1618
6094
3330
3332
1532
1854
2042
492
7040
6120
8356
4200
6934
7306
262
3942
6544
2754
9600
6486
6748
9002
1564
2064
3728
8236
4224
6510
3502
5774
5040
9628
1210
9106
6504
1688
6948
7774
9952
6184
3664
9622
2610
6656
2102
5218
5556
6798
6724
2742
1214
9788
8584
2202
4374
9328
4920
986
4464
9894
6164
8786
9182
2396
7684
6228
3358
218
2824
6734
5538
6122
7786
9618
6712
1128
9702
4890
4444
7270
9972
7606
6210
1234
870
4008
374
6446
7570
9382
3928
2136
5504
9658
3010
4768
1794
4476
5622
5710
8236
7204
8658
3216
4198
2394
9510
2638
388
5522
5604
716
9422
9512
5986
7200
5960
7686
7088
4288
572
8718
54
256
3866
7070
396
5154
5950
8360
7630
9456
2470
886
7840
1300
986
9606
6740
1268
1080
9770
6186
3614
4748
1316
6364
4062
1522
2816
368
8416
8264
4704
8750
3964
9448
5674
1868
3168
4480
780
7512
1100
8318
7480
3682
7738
4044
314
9488
8946
6366
9432
750
8676
1118
6376
8932
952
1408
1456
6724
6968
5816
9152
3710
9222
9680
4020
2658
4970
8216
730
8380
4606
7468
7250
9796
2070
6400
6698
6376
8116
7968
4762
5904
614
2094
2562
5740
452
7012
3040
8770
1078
3988
8930
1464
4638
1606
8332
9458
9000
6622
8404
1990
226
8362
3424
7582
4012
6020
858
2788
406
4778
428
8456
952
5682
7608
8346
3694
8886
9300
3050
4598
8710
5438
9454
9640
5486
7818
6194
8924
6066
1240
2506
7248
7068
1586
986
3700
6912
3810
8446
4104
9736
1754
3822
5306
6418
308
2576
9038
5058
4338
2386
4472
9064
7842
4600
994
3158
5942
4300
7230
9936
508
5528
7090
6658
9782
5596
9710
4328
7560
1680
7226
2022
9552
3838
4424
3944
1126
404
6116
6888
7508
1150
3868
3264
128
3462
820
6150
5480
4128
3298
6816
9422
7154
6026
9000
4972
9234
2682
7318
7426
9422
2160
7908
7572
704
4728
1304
908
9066
2652
8392
2232
1472
7262
3002
3754
2332
3238
5078
7616
5128
1046
6814
5380
8420
4006
7966
104
7406
5556
3250
4740
3740
3742
5740
4298
6050
4580
248
5730
8596
1452
2494
9980
3578
5642
918
7994
5762
9254
3860
4658
3454
7542
9578
914
3734
4552
2690
666
3958
7744
2694
3304
6900
8308
5658
2008
9302
7580
1882
3948
2238
6574
7610
6204
7550
5002
8516
7292
3344
3768
7538
4550
3486
366
4872
8026
5454
7798
9538
9346
5456
8136
3188
8792
4
2160
9102
1854
352
5484
8694
4282
2184
8926
9786
9824
2336
4046
2948
7660
3030
9714
6544
5620
1412
7152
3962
1212
4396
3948
1578
392
6990
7378
4908
6996
9240
7678
8140
6504
8382
8824
1598
4164
5692
9848
1850
5448
7402
7214
7834
7960
6518
4478
2590
5648
8896
3492
4632
5560
32
5540
5996
2160
1464
1274
594
8696
4458
90
5400
5906
6378
6406
2470
584
9196
4892
8548
5082
7190
9644
9036
8566
2652
7808
1458
6230
8014
350
1242
9850
1926
6042
6072
4134
7476
2846
1070
714
6056
9376
8136
3354
8388
7832
5886
8998
4838
3516
1396
9460
3394
1906
9886
1924
7374
8656
7216
4292
9796
8748
8354
6890
7248
9494
1856
4684
5172
4726
8168
6288
5222
4802
4262
134
9732
794
2484
4388
5962
7640
6688
5936
2414
8446
8622
712
4512
4142
6878
5086
1102
8074
108
8832
918
202
7128
876
6286
2518
7904
4840
6460
6426
4582
4194
7062
1530
3638
7122
4540
9114
5218
6574
4328
9964
3804
5242
6718
5952
3768
3946
1464
1214
5536
770
8468
9922
6474
9176
614
2328
8892
7848
6072
8680
8120
4932
9136
4044
9516
3644
2908
6334
3482
7046
5076
6892
2530
6016
8672
5374
950
8356
6526
7166
7004
4556
1356
4992
5882
212
1102
7750
8418
3454
1324
3156
6848
848
9648
7936
8648
1338
6086
4394
6908
5788
5902
6316
8204
9194
3178
7622
678
1476
4570
2374
442
7104
3862
5924
9740
2614
4456
8228
7562
454
2998
2602
6168
784
1280
9148
908
34
9726
578
6132
1140
8290
3516
3732
6860
9692
8532
3790
8832
5236
4578
8070
1992
6086
5874
6722
3836
3284
4982
1536
4820
7298
1266
1564
8800
4276
2012
2664
9866
330
268
6570
8052
9326
2094
410
8094
7448
5600
2378
9434
4468
2358
8806
1742
1772
3846
9458
3170
3150
7792
3516
5962
7314
4496
9822
5706
3590
440
6780
642
242
8068
7742
4402
3990
3452
9232
2206
3362
7312
8418
2584
8814
8698
7276
5588
2202
6362
2232
9612
7322
868
3184
9452
8616
1012
8554
8904
8368
6706
2460
4892
3478
4412
7828
1794
2668
5876
3482
6448
9736
3812
9346
538
4158
396
5792
3182
4586
2860
2144
6776
8530
2934
6658
2082
7550
8954
6488
3130
4682
2068
9524
3006
5094
6036
5164
1582
7316
3878
8034
928
7510
2340
2990
1016
9720
8056
298
3824
4186
74
1768
1912
7624
5094
3818
9758
7396
836
7588
7604
5812
7202
4872
962
5558
620
454
6780
972
6214
3244
3702
2146
818
3924
9122
5360
5908
3082
4894
8264
9698
2168
5980
8582
7116
3426
902
7508
6098
8518
384
4318
2974
1212
7912
432
2866
5606
6092
246
2226
3132
9312
5650
4842
592
2540
5736
8484
7708
2282
8100
5356
2774
4078
8490
2650
5046
3778
6394
7296
2522
3898
3136
5610
7976
4770
7774
14
5370
252
6840
3302
754
6590
48
4980
6052
9108
334
7362
2060
1170
6774
2972
6566
3620
6336
288
2894
8428
6350
2148
8654
1532
3294
6764
5870
4002
658
5126
1502
3344
4676
7188
8724
5804
7274
9184
4880
1706
4236
3794
3636
7432
4078
6594
5714
8330
5660
258
8798
5030
8232
798
8170
6000
2032
4026
1372
4256
4674
5796
7136
8240
80
5040
2158
1180
4054
3014
7030
5032
24
2650
7330
9418
7946
2348
8826
4360
6118
22
3394
8680
808
744
238
9850
9148
4452
6212
4228
9650
2428
5478
4870
9586
3448
8040
6034
7682
176
6366
8292
5938
748
4458
5546
9476
3886
8708
9238
7924
2728
180
4958
9914
3796
8612
614
7718
7622
9190
2224
1128
9572
366
8054
2486
5984
7954
1666
5460
9514
7790
4346
202
2128
3834
1540
4302
8028
5268
7926
7648
7526
396
3970
3574
7162
7918
7162
2600
5462
8912
3120
7442
1240
2116
4876
32
2322
8178
8614
4514
7516
4730
540
5030
1784
6408
6166
4056
6984
4098
18
9690
1214
4754
4416
7592
3854
8832
7674
5766
4964
9986
4196
4520
320
2350
1338
7148
3002
8522
532
4758
6414
7422
1970
8704
876
38
4584
1134
9686
734
828
3532
5226
1676
1188
3102
962
240
7458
4340
218
2404
6120
8660
6762
4354
2474
7376
6504
976
4868
2076
5502
6418
216
6376
4488
6100
9690
6142
2186
8630
5902
7556
7162
4128
3994
1926
490
9910
2906
3344
4094
600
8078
8218
2464
9378
1844
6016
7590
8296
3228
7794
4100
1048
8090
5916
9204
1068
7634
9738
2606
8674
5522
6670
6462
244
9834
7976
5740
6098
8146
6894
2908
1682
854
3822
1936
4454
4476
578
7182
2762
6096
8878
7702
6690
8596
7084
456
2252
4362
6338
2016
7872
1992
5128
7256
8714
5382
5736
1242
936
4830
8104
6364
2980
6268
5104
906
8476
6170
1748
6482
6686
2696
4690
6708
9206
6116
2600
4104
5514
6714
2858
7526
5900
732
5934
1326
7138
1754
1542
5812
4158
1386
4954
4788
5366
262
144
3376
6194
8008
8214
4608
5004
6612
9142
6394
1558
9220
470
8688
4300
9172
3170
9820
4624
1962
7016
1046
6786
7974
7390
2040
5188
6358
7946
2648
7906
4042
5408
3080
3724
9720
3916
5892
512
1354
2540
5932
8952
7884
8438
6910
404
9812
8694
9280
1784
2664
3328
8282
9956
4874
3590
168
6882
3126
4802
6786
9984
4318
518
6422
9406
4548
2942
9472
2288
2698
4014
2918
5680
4122
7480
4376
6314
8106
5802
4656
3278
2026
730
5644
266
4338
9274
3706
4862
3004
3238
3818
1304
1644
2310
2158
1350
5278
7332
9010
592
9070
4154
8744
2078
8528
6914
2284
2576
8012
6282
1094
8040
2530
7078
3946
944
1086
8416
8804
4630
6726
5378
2344
2438
9600
7206
344
9456
3254
228
5382
1886
6688
2164
1872
4712
8244
9904
5296
5388
192
5372
4018
3178
1966
3382
5100
6066
1866
7022
8850
7154
8096
5092
3590
2868
1754
4078
8266
3278
8486
8990
9344
2444
1576
4174
6302
2072
3138
5734
9408
6538
9386
3052
3446
8640
1440
9870
8470
3000
2712
4942
9230
5266
9926
7914
6542
8026
3616
7174
134
3502
3914
3490
9536
388
3958
9570
5776
6294
1446
8188
1064
1358
6432
6814
8086
5422
6054
4078
9790
6668
2828
9544
7670
3652
4796
5418
9862
1798
2622
4746
194
7434
9906
2534
3868
8320
54
4958
5402
9020
1790
9024
1910
2890
5112
8686
2786
4060
8452
8078
3348
4318
2212
4238
5456
1798
9698
5190
6866
4432
5410
6620
7098
2298
8832
582
6540
1078
2536
4188
7206
5942
2144
4100
3348
8862
3484
5726
4102
8212
2668
5554
9180
1186
6220
6030
7236
7918
8220
1098
5066
6724
2940
1026
5686
9952
3176
8754
7498
6074
9294
8040
2126
7616
5536
568
7710
9198
6384
2662
1202
1876
686
7024
2380
7586
422
4588
7722
8048
8868
1220
3112
7922
5018
458
6568
5796
490
5388
9186
7054
6428
8200
364
3578
6272
9682
8700
8596
1938
1846
9470
4062
6020
9094
4910
908
168
556
7512
5458
1884
276
6520
2786
7656
932
9766
9526
7854
5456
4482
5240
6950
2058
2430
1688
5206
1844
3366
5220
5556
3868
506
9044
3942
4606
7758
7878
7226
1986
3850
1630
1748
2736
2302
1104
464
1272
8416
9160
7302
7530
8640
596
64
9874
7016
3860
5356
7590
1810
8062
3370
8564
2198
6030
4944
6530
8664
8668
7960
8290
6048
2722
2542
5804
6488
4804
8132
814
696
7216
1090
2596
6660
7846
8378
5436
7130
4050
6576
4422
3496
4200
8870
2814
7248
9226
4038
9292
792
652
6696
8154
1868
3024
2010
9494
9430
2438
9840
4356
8178
6316
124
6166
7282
3982
1464
586
3426
5428
2052
5014
1266
3534
6068
4642
1554
1472
8870
8042
6160
6590
618
9124
9308
9570
4488
3614
552
1162
4560
656
2366
1576
592
3320
3532
3794
8568
9716
4952
2834
8608
9052
4294
6028
4994
2958
776
5632
7324
726
3512
8000
3846
1868
2534
1530
5654
6972
5296
1572
1462
8090
3402
5108
9842
5930
2340
8392
4654
9982
8312
1210
9244
3568
5232
8650
3656
8874
4454
868
7108
7348
7594
5130
6108
2652
2140
98
9266
2336
4482
9778
9470
3180
1082
6106
1962
6854
9560
5888
9140
9976
1994
4318
7350
2064
8220
6914
1124
8350
9388
1120
2288
2972
1320
5154
9476
4212
2418
3786
9618
8402
94
3364
7298
9556
2492
7096
5162
1930
9476
9752
9694
6794
3008
1632
2218
5284
1580
9094
2216
9858
8064
1678
4850
1256
6388
1852
7012
484
3114
5346
8370
9496
9414
2844
3038
2824
4054
6496
7892
7320
4694
1570
3402
7576
5444
8130
8980
258
6100
8498
8012
8002
3570
9324
1418
4348
6546
686
630
6744
1820
3910
2052
4320
2044
9138
3878
4492
1710
3192
5562
8344
7624
8646
8048
1008
9220
1704
3870
8536
3386
2314
5718
240
76
94
4184
8400
6164
1810
9170
8612
26
1688
4258
5358
6478
1554
2622
8642
9696
3188
4536
1436
9656
4320
8520
208
9262
1474
9018
7948
2064
2300
8306
3506
9850
4572
4162
6166
9742
162
274
5476
6298
724
6984
3476
7082
2938
5006
646
8732
4824
4184
5276
2956
5654
7108
6092
1852
1406
6822
902
884
3870
7898
228
4984
3090
3648
2970
3732
9360
4628
3898
9398
3310
2566
3594
6810
2698
6916
9200
3900
1250
120
8360
2730
9682
2256
2520
5956
8814
9000
9178
6338
7548
2632
10
5516
8222
2968
4584
862
6002
8354
4292
5592
8622
296
8516
4390
1008
6272
1840
8270
7308
8548
7258
2410
604
1676
9532
5176
1380
102
1404
5114
7186
6442
1848
1282
1558
1704
1410
5266
4166
5842
3260
6860
7424
2632
326
9408
7942
614
802
1648
5050
1906
2296
3072
3164
7894
3558
4144
6014
5564
4708
8138
934
5260
6096
1414
5640
4064
4480
9302
2522
7296
5782
114
2980
8512
2696
6494
1150
4018
2914
7382
7410
894
6644
2310
2576
586
5702
5336
3394
5296
5020
2516
452
4064
1568
2866
2626
8058
8954
3866
2074
1942
3036
804
262
1534
1176
32
8100
3376
8224
8910
9492
574
4514
7458
30
9314
1582
8202
3508
6686
4824
5154
2728
4234
7192
7684
3942
3142
208
5214
9468
5158
2178
7396
1254
1148
8272
3574
2008
1306
3042
6910
7692
2566
5760
2070
7114
252
2202
1834
5728
3490
5444
2064
6948
1834
6688
5344
240
294
690
7590
8916
6616
8746
8
2012
1234
662
3154
236
4770
9000
1236
4628
5780
3752
4926
2620
9458
9152
1330
8474
5106
9658
6342
7298
2962
3600
7216
5976
3318
8690
4342
3608
4980
622
7108
3132
4370
4120
7864
2504
2310
9058
3616
2870
9522
9824
4014
9816
6652
1094
7852
2126
2614
9290
7850
262
6584
6240
3698
2132
4208
4200
1310
5320
6238
6804
2400
1204
2346
5292
5574
7202
2528
4834
2826
6204
3126
9554
7400
8000
2942
8706
614
2458
6486
7738
2386
1190
9296
9560
8184
2754
6478
8038
4340
1176
9190
4676
5602
2100
1314
962
3306
1776
8450
3232
7240
4560
9100
1750
5952
7950
7172
8438
8678
6580
1034
3800
1122
2970
8146
2360
7546
5286
3216
416
5526
8376
9422
2430
7654
5800
2000
6150
6690
9918
6138
9596
1008
4086
7030
6592
7558
1316
934
8968
6318
1820
7406
7872
9076
6348
4780
7528
520
1464
7092
6664
7132
9762
2092
9862
222
9680
4580
7272
9374
344
2108
702
2268
5530
5788
7034
3830
1976
5352
2072
4332
6222
2976
3602
5930
416
3428
2902
7692
4486
1318
7560
5390
3646
280
2296
5170
6026
4662
3746
3170
2986
5946
9252
9296
6748
2508
9514
276
7810
9302
7888
1596
372
4792
2572
6696
9770
2614
7250
7802
6552
2528
2270
8322
4110
5704
8776
1422
3400
8964
9590
4724
5978
4628
6774
1460
9812
9040
1540
5266
6558
1996
2444
9818
2284
1268
2438
1850
7910
6380
6882
3748
4272
588
3444
6464
8734
4068
4700
9038
2150
4054
902
1374
6050
4368
8482
784
6830
6316
3278
430
6622
4088
1088
5014
9696
3028
9320
2914
3500
480
6686
3386
8876
2774
7880
3806
4252
6126
376
6450
5254
5560
2070
9818
9584
1520
1784
9286
9094
6514
304
4486
4532
9044
2136
5992
4428
5308
7212
6032
2598
9224
5172
672
5450
9704
8658
4186
6342
3560
3076
846
5212
6772
9078
6288
6112
5722
8198
6478
9614
784
5136
2212
2578
3890
2864
9798
622
6288
62
7324
6328
6974
1062
1448
2566
584
5098
9444
1180
7672
514
4450
3956
7536
9630
8630
2880
5014
3454
6920
5798
8340
4620
3562
3432
3278
9930
5268
7138
324
1348
3802
7924
4172
4366
5156
6016
7926
2206
3538
4388
3552
2440
2918
3514
854
7522
6064
7854
7166
6758
9580
4086
6994
3274
7588
5826
6290
9178
2464
6538
8526
9000
1552
7736
7604
5106
3430
7372
3542
6724
8678
8944
6606
5550
5182
714
8826
2544
8136
9592
7310
6108
8804
9254
1194
2644
5742
9534
8586
3312
5698
2806
1784
8136
6068
3976
102
9188
1254
834
9730
9504
8004
7628
5488
1880
2884
5354
4706
8184
5616
412
5990
7024
7054
9802
9992
4370
82
5068
5452
7620
9374
9812
3092
7902
8386
308
924
7376
6630
100
5566
9450
3160
7954
7714
7428
8820
3682
5300
9928
9804
7114
4192
6794
7256
3566
7254
8454
5742
1580
8140
3328
4028
3186
6834
2748
94
4984
2610
7134
4596
3588
2162
9078
2090
776
3054
828
9426
8416
4218
7132
566
3790
6046
830
2630
758
7868
1306
1496
144
158
6158
5380
9716
522
6076
1112
1922
1532
4672
3310
1932
3032
4690
4206
1700
9152
6824
1904
800
5126
4030
5838
8622
9182
8
2578
9378
5596
3658
7414
4534
6226
70
3820
6432
1282
1116
7914
9912
284
5382
6352
1890
8672
64
7414
8076
7774
2870
9764
6042
9582
102
4156
1696
5186
6824
3900
8316
9070
2550
9874
6994
5012
7038
9596
744
1480
7208
7216
1318
5374
4408
4032
5954
3942
7804
3746
1334
8220
4964
9154
7438
4834
6934
3684
742
3454
6878
7866
7290
9210
2256
118
6692
3446
7434
1088
5260
3292
972
7302
5534
6464
4694
9440
4952
7252
7304
9554
9036
9124
7756
8092
1758
6316
1186
3256
5044
6220
744
6036
7464
4742
558
6870
9474
6596
4986
5012
8596
8760
6068
2284
6232
6196
5800
3198
3396
3250
4646
3836
446
3780
58
3506
1366
1024
3326
5894
2650
1826
8750
9890
4408
4340
8562
416
2644
2428
4670
4346
1514
9102
7384
9916
654
3186
714
3206
4652
4600
1084
2502
5494
8168
8850
8936
2146
1056
5478
2580
1666
9670
6036
7532
5290
1384
1666
9054
5016
9536
9812
2676
5376
682
986
7422
372
2682
3756
3136
9380
7168
2970
3164
8850
2488
5812
8456
4372
6102
9082
6200
5258
4410
6154
7366
7912
6956
8140
832
104
1442
6668
2242
2430
5026
8530
7328
1372
2308
5290
5304
9414
8782
3578
422
7146
2252
2956
952
4240
1904
6130
4058
1314
5622
7028
4362
8230
2116
1646
5396
7590
1170
1800
6210
2344
6792
5232
4722
9824
2360
3284
2558
8220
8738
2914
9188
3318
2508
554
5888
7432
1610
1520
1114
6378
3468
134
526
1508
480
9306
2964
1990
4906
1484
9010
3870
3886
9454
4940
8392
5222
5336
2414
2524
3454
7884
1968
7552
2984
1618
4006
8966
4008
1026
5934
6598
4968
6886
3448
408
3540
1882
8328
9212
6434
1808
5422
1006
5666
6118
9692
8048
3606
7930
62
4662
5450
7428
2608
3026
4128
9186
2010
7490
2818
508
1274
9668
6206
4048
5414
8274
3654
8812
7474
6630
7954
3694
6414
100
7518
268
6138
3352
1532
9406
6208
9880
3916
5282
6030
1022
6912
6790
594
2130
6256
6736
6456
9942
426
7598
9328
7998
3788
4304
8518
4202
2634
6200
5004
7542
5520
4118
220
7940
3162
6460
3606
3246
2300
5400
2894
9406
6048
7632
3722
7390
4358
4176
1618
5986
2002
2670
9712
2284
7314
1972
6578
9014
4522
2206
9570
968
1258
2694
6598
7716
5202
9548
914
7506
1426
1036
4092
2600
6384
2224
7264
288
5304
3824
3740
8310
3900
7874
2786
9974
8206
5562
7804
5694
5776
6470
5474
5334
8852
2832
3116
196
8100
834
1664
5072
2550
1370
2186
8712
4330
1002
1808
1234
4462
7838
6440
3372
4192
104
6334
8948
938
922
230
2082
9376
3862
1290
5616
4068
4396
5848
7688
6410
7296
2270
9022
2754
1478
5954
6144
9256
138
92
4756
6068
2320
238
9690
964
9126
7234
730
5456
936
5942
7692
7130
1942
7118
896
9038
7414
906
276
8556
3530
1158
2912
712
8194
7166
7538
5406
5660
3534
7658
7366
9962
7988
1224
7886
542
6322
4500
304
6996
5458
1066
4982
3826
258
9442
2674
7866
7634
2052
5922
860
7150
2
4386
776
9724
3268
4226
9264
8372
4632
7816
5928
3606
8832
9230
3258
1732
7848
8
4730
6944
1554
880
724
7044
8848
6004
6640
8862
2762
2856
9306
2000
4798
6802
5788
5258
9978
8526
7542
776
342
6654
5488
9902
8584
5300
9970
6464
5406
5232
8462
6300
4580
6276
9554
1170
6476
7214
5008
4840
6400
8650
9908
1630
6772
1328
9738
6792
1454
2018
8214
8424
6038
1576
5376
5832
7350
7156
4818
9900
6184
9576
3274
8554
3340
1618
3308
5110
6926
172
6596
5998
8908
5122
4906
6630
8298
6238
4322
1508
300
1924
6756
7016
5078
1390
6214
7554
8058
6724
1508
7482
5060
4668
7654
7336
4768
4648
1286
5790
7644
3872
5480
9830
3454
7120
7568
1326
1754
6220
1690
2660
1362
340
7810
5634
202
760
1570
8546
8042
6622
2602
8174
2400
1686
9804
7836
6424
5046
8296
9344
638
5372
9396
5726
7006
3706
5206
7652
6410
7122
9862
5550
8976
3732
2484
6706
3238
8510
1788
3974
1586
5856
1112
3002
3930
9946
1188
9972
2586
8508
7798
3684
2594
5776
3542
8884
4490
5876
6134
6120
3344
4004
6544
7028
9516
4054
2784
3542
2914
3754
6524
5768
3242
9392
8588
4950
6216
7934
3904
738
7852
2196
3654
1720
7904
5606
5302
4998
1124
7314
4078
5786
260
7396
2080
8028
9366
6852
1166
8144
3956
5758
1688
9768
5858
8474
7824
8728
5994
2168
5486
9926
4724
206
4492
8636
7530
4074
4770
6900
8014
4610
3398
5012
9858
2494
5490
1528
9156
9420
1132
8572
8282
44
8496
3990
4834
2038
1724
190
3616
866
9820
3870
6014
1350
6214
8230
2390
5864
9876
3598
5838
740
4986
7278
7490
5708
8318
1836
9388
670
9312
1444
2666
3074
5018
412
678
4594
4006
5462
4990
3788
4992
3074
3706
7894
5056
2178
8460
4202
7974
8230
1924
2146
8208
7428
132
3964
1752
1120
4524
9590
5500
2728
682
8464
3914
2058
134
6876
4822
2328
8188
510
7828
6100
5312
2824
3122
3700
9676
5740
3140
430
2310
4468
8980
8188
9538
7160
9600
3656
9674
5412
2296
2946
2492
8626
2090
4648
662
9894
2632
8962
586
6798
6534
9798
8626
5376
9770
2522
3186
9950
3478
8810
5800
9006
2832
9284
4810
8310
2910
2552
8518
1358
3530
800
634
5394
4218
8314
3540
5706
7754
6620
5612
4412
6040
9018
5726
570
9986
1190
586
4562
1140
1816
5696
1128
3778
8032
8260
7206
9736
140
5470
9064
1814
9176
1390
7254
5564
5588
1996
242
8172
2166
902
1534
798
6580
5064
3054
8382
976
5794
7846
1554
6268
8934
8012
722
6220
684
6612
2136
8952
4968
3930
4840
1966
300
2262
9776
2524
1826
6436
3740
1070
2086
1028
8514
9816
7776
7234
4430
8418
4158
8766
8326
7442
2824
9268
6832
8420
5352
5086
5420
5690
4710
4696
6052
7686
7064
5356
9378
5824
7204
1932
6822
7048
3054
9596
4770
8466
3526
6972
2206
2726
2510
1210
9022
5380
6270
1934
9746
7794
9484
2736
4790
2406
8490
9682
2780
2638
6428
2306
4748
6974
5278
9672
2566
9562
2214
4418
1848
2156
930
7080
2826
9078
6652
2102
5696
6718
6024
7962
2194
3408
8504
8374
2452
728
6108
1934
9450
1894
6852
7590
3088
2130
1840
160
1214
8466
8950
7742
3600
4968
5654
40
8248
9248
7354
7742
416
9262
3694
8918
7382
6260
7550
5658
8290
2512
9408
4716
3986
6916
7374
8740
162
3584
2880
8648
8490
3180
698
6864
8068
9654
2496
9676
3564
2052
7000
8998
1760
7382
3918
4204
8392
8208
2582
9482
1604
4778
4586
8732
7856
4022
4354
6780
7818
2288
5278
7624
7660
6094
7186
2064
5078
3298
6724
6424
1608
8298
8676
138
870
522
3768
6558
5620
4274
9312
6480
2036
2712
188
9126
3538
1356
8012
7480
5708
4718
8356
9464
7302
8022
5894
5482
4786
4960
6226
5046
9864
1420
5954
4532
3498
5470
6062
82
9290
6214
5864
3002
9284
636
2404
4260
5278
9218
9152
450
3630
8148
7666
5542
6828
7992
102
2492
700
2526
6098
6250
944
4258
1620
8598
7788
958
6834
7154
4382
750
4548
7212
7462
638
1528
806
9682
5312
7792
6134
5332
2902
6502
9598
7764
3334
9766
7790
2300
3700
4180
4624
6640
5784
6616
5254
3592
2592
9938
7636
8144
716
8462
8648
2924
3856
8836
3974
1364
5342
7678
526
7654
1200
90
1578
8054
6780
9704
9016
2126
9812
5030
7654
9546
2338
6302
9274
2118
32
6108
6780
876
1628
9270
4336
5300
9308
8336
7654
7514
7488
8790
10
8584
4272
4408
5326
6268
2644
6500
9128
9956
5326
4250
2090
1086
948
3572
9830
9842
5740
2800
9366
7678
9334
5852
5924
5486
5826
6508
6818
2422
4322
3190
6212
1976
9102
1934
7780
3810
5192
5966
4862
8490
552
9584
6168
346
2170
6348
9832
284
9060
8624
4544
7218
880
2936
3220
318
7806
3720
9096
9194
4986
7094
6564
7560
8944
4604
8136
6014
9294
9258
7628
9642
2140
9360
7122
5034
8430
8096
4996
8562
4198
7070
1864
1932
1444
5756
6528
4214
2120
9514
2162
9466
9446
2514
5512
7228
662
3262
8340
814
7926
5822
4262
7022
4856
7782
1952
2768
7384
2844
8584
1424
9012
7918
8682
8156
2644
1856
9370
9454
2330
9502
5402
3080
4890
4204
6206
670
184
2618
4708
4684
1912
2134
1808
522
8788
3944
9412
9500
2018
3638
4716
6492
8076
160
6340
3438
3824
9850
6380
1976
3484
3404
212
5734
746
3800
9606
2988
7416
3056
8980
8698
3730
3832
7496
3016
1726
8466
920
1292
172
4370
7884
4228
5940
8392
8456
3404
4434
6496
6016
4326
6832
8426
5746
2130
2880
8872
3462
8642
588
2936
2862
5924
564
7614
3578
4280
9512
7536
8360
8544
7296
2800
7334
3062
4334
6926
2216
9296
2358
5396
2340
5098
4158
3476
1740
7928
4718
4000
2382
7480
4310
3068
6186
9142
5646
7452
3612
3122
7004
9834
2788
1948
2372
2370
6294
4520
3130
3454
4386
5992
1044
4572
1460
6014
3448
5884
4670
4322
8158
7268
838
3602
7140
5592
6676
8760
1532
1662
586
3780
1964
4460
5570
2588
2866
8836
580
870
4308
2698
7284
6712
3660
2236
6680
3684
6634
3568
7424
7096
312
8946
8200
5338
3978
5190
4992
6900
1674
5282
1740
5778
6932
7310
1460
7978
9472
3126
8464
3412
2212
8942
3058
6184
4954
9994
8016
3104
2876
6772
7886
2604
8712
1828
7162
7206
4524
7096
4218
3174
3600
1212
2498
6852
7566
5552
7392
4796
6280
5278
5746
8804
4456
7878
7378
3878
9128
7962
5000
1350
7728
6386
5836
9108
8012
1064
6826
8326
2240
7972
2666
1838
4932
8288
5642
2496
6260
3910
6152
8948
4586
8458
7584
3026
4912
8360
3810
922
8510
3306
7824
3648
8624
7864
264
9784
1624
1150
5428
8502
9058
8870
8970
7960
5876
7358
7082
6338
4608
258
256
9200
1048
9638
8636
5248
2816
5836
9542
9074
2526
6510
7086
6224
5756
950
3828
5288
9486
3648
6454
5414
3978
8040
672
2896
4918
6386
7728
3766
1894
7634
8700
3994
6004
3156
568
8844
9552
5942
2814
6118
7950
1884
9372
482
5930
4856
6116
8598
3576
5080
1416
9154
3548
776
5590
7070
3818
4028
8060
608
2028
1250
4060
6676
2308
4632
288
5636
954
4044
4070
3954
9314
4140
1098
600
6962
9474
3064
5196
4744
3774
7450
944
2994
6816
7454
5120
4954
1690
2482
6342
1422
1334
1760
3404
9866
4134
5294
1058
1902
4020
564
6472
1590
1412
5158
3954
4264
238
3920
666
4510
6222
5718
4978
8068
5464
294
5458
44
6808
4818
4500
9446
2246
8776
7936
9150
4976
2434
7734
962
7066
6036
7340
3292
4720
8272
1304
4468
9412
6268
5372
666
7736
9578
4408
3902
1302
9426
4082
1566
332
2478
3840
2276
8244
6336
2534
9128
7140
5326
3286
6090
7812
6914
7360
3854
9242
9486
30
1872
3686
1064
9338
4758
9430
7046
2632
24
1180
3926
1332
862
7140
2604
1804
9438
8694
6712
4774
8858
7908
4258
2802
2842
8062
4740
5714
1338
2720
8072
1024
8294
1898
2116
1986
194
4946
2330
6574
8272
7738
4940
9858
1976
3170
1394
4456
282
9644
7880
5556
7628
4404
2406
2500
7832
2208
2352
2014
8202
6202
9902
3378
5312
228
1988
2978
6794
8792
6042
2446
8514
4482
3910
3006
2306
2220
9420
176
9568
5244
2944
7830
7682
5634
5274
3060
42
1058
7886
1444
768
9626
6322
7302
6290
2446
8392
1368
2326
4932
2496
7850
7230
3714
8288
3514
6898
2220
3164
8166
7536
1928
4558
2572
8988
6072
3248
8166
4556
2032
8994
824
1454
976
2678
9934
2796
7778
1056
7926
6078
2358
3686
536
156
3900
4492
5176
9992
2214
8086
2264
4588
7352
2450
2316
1476
6266
6786
1208
8526
3890
9872
2158
3042
7604
1674
7334
2088
8338
5254
8680
7084
4394
5754
6576
2816
218
2444
6004
4358
6402
5074
5908
7176
850
4458
6372
3254
2560
5876
4424
4688
4586
4858
1248
8628
9584
8530
3358
9930
7424
8642
3840
6628
5002
1760
2900
338
98
2774
964
7956
7808
9458
3366
8210
5928
8690
3060
1504
9482
248
3216
8642
7306
804
9836
4020
9880
7538
6052
3968
916
8852
8876
3692
5258
6148
8128
7244
1498
5914
8070
26
6770
7148
1764
6116
4172
8410
794
8
5102
1612
5096
1586
1378
3066
7116
1956
466
574
4620
2022
7876
8950
9440
842
1432
292
1624
584
3862
7356
764
9904
250
7554
2692
8016
8930
7602
5734
7338
5366
2280
8472
1216
2970
3340
470
3294
5524
6334
2618
4134
8334
4800
4396
5114
8784
8562
5462
7322
1476
6890
4594
1806
2628
2522
9414
4162
340
1434
8732
2106
4232
2868
3704
9702
7832
5106
4590
2920
8108
5200
4742
6380
6034
3718
48
718
6622
84
9342
6792
5698
2706
8268
1860
3430
1556
8060
4534
8616
122
3672
2060
8854
2752
9320
5848
9188
124
7830
4648
7668
592
6032
2902
5322
5786
6340
4362
3746
6856
8850
3056
2800
9596
640
2632
8346
3560
3122
4308
7586
3234
3792
2558
234
6980
6158
2046
7952
1902
5120
3046
4794
6120
8770
5818
8534
5058
2408
9358
3336
9918
5294
4670
9444
4014
948
2578
2008
9914
8740
3264
9716
2646
7316
9704
14
9496
8602
1358
7302
5584
6368
3012
7458
4354
8924
8808
330
2670
9818
2308
3306
4576
9164
8998
7164
8686
5040
7524
4126
296
9476
252
1648
1282
4318
2610
360
7694
7426
966
3894
2110
8826
9868
6576
1564
4604
7646
7114
1776
6222
7404
2236
5992
6080
9284
2062
8312
8076
4928
352
1496
3768
1632
8794
2340
3448
6992
1082
4394
1884
9376
1194
3750
2434
8032
3052
4922
7470
2384
6016
4380
2308
7296
4538
3006
3914
3422
2908
1380
8738
8970
5538
412
1770
6406
4044
8848
2920
7772
7608
3518
6626
5220
198
2292
3430
9714
1616
4734
7946
4142
9104
8510
1276
5790
9854
1324
492
6962
3622
5320
4480
4696
9688
7946
2780
6008
8942
2638
8276
7396
9282
1082
2762
8152
9432
6904
8750
2076
3602
9340
6192
758
4272
7720
7226
6322
2118
548
2264
3944
9006
3228
9582
4506
9604
9922
320
224
7144
7782
4810
4640
334
9864
5446
8448
2386
1798
2274
4364
7368
8794
5312
5822
9764
4856
770
2548
5164
3586
9646
9948
7454
8910
316
9118
3460
1048
8720
9574
2448
1824
8618
9094
9740
4718
9588
5004
1468
2844
158
8242
2690
506
3844
4142
7818
9678
406
6266
4584
4070
8664
6372
3796
7910
9392
3344
7448
2858
960
3250
5120
1010
6434
3920
1484
6978
4962
9534
7570
750
3484
2848
4476
2740
8904
3394
6196
4076
6906
8276
2692
6044
6174
6176
8740
9724
2412
6718
4412
4450
9492
6426
22
5990
6134
8430
8124
2950
8512
6830
1330
4060
5550
3474
312
3286
650
8148
6756
5948
7502
5858
726
8374
528
1372
8428
4830
6192
9746
9478
3638
8206
5374
3840
8632
1986
9706
4944
2962
1452
1606
2526
1162
8500
3130
6866
1216
9258
5892
1166
7104
1166
4590
3162
7020
294
9018
2120
7158
2188
7314
9632
2720
1212
2240
5236
9046
506
6330
4114
9144
440
3806
3412
7190
8124
9238
1364
7794
738
7680
5052
3686
5964
4192
3292
9948
7786
7528
6710
820
948
2120
8004
6192
8988
4850
7242
6950
3440
3120
2418
234
6922
9692
5880
8354
572
5090
1594
9300
5730
6448
124
7214
3410
2474
2670
8852
8590
1462
360
3666
7250
7942
2032
8072
9078
5794
4546
884
4156
7748
2558
8480
7570
9540
1138
8476
9340
5888
468
3942
4906
8010
9814
2942
4830
1294
8138
3992
1222
9910
2124
4098
4610
7104
4012
2714
5316
9854
786
160
4498
4050
6012
4064
8188
9626
892
1640
5462
3316
8540
3006
1262
5306
4154
3488
5536
2502
5470
7510
6206
1764
420
5824
1998
6022
2106
7184
1378
5232
6816
9976
1568
710
8134
2904
4774
8522
8448
4896
3178
1318
1610
5986
7448
7730
3458
6554
6308
3578
9510
8736
5082
6892
9328
9060
3270
7922
6626
1486
7924
5082
7908
2216
7268
9770
5832
7222
8246
7724
6702
6116
4026
1044
4242
8950
1430
2298
9502
7876
9858
6886
240
5368
4204
6244
9052
3972
8398
8040
5298
6872
6052
1696
2854
6884
2044
8398
712
8126
5844
2904
1122
5072
1818
6522
9334
2474
5740
4746
8556
2114
6934
4320
5102
994
5836
7074
5104
4306
8642
84
5240
7058
5502
86
8494
2700
5914
1638
6384
9980
2862
1788
734
3628
3326
2246
7686
2918
6200
8792
1662
5808
3716
3164
2522
7814
9142
2276
7188
8586
2958
902
5696
290
6758
7316
8202
7794
5528
7636
5216
5272
9888
9970
4850
8950
264
9988
9726
5902
6430
6648
5216
7312
4590
6368
2164
1384
108
7212
7306
3518
1804
2082
9516
3060
6184
7382
7822
9354
2786
2612
7216
8590
1562
2996
8326
6508
2516
6214
1008
3348
2524
1620
1812
708
2440
406
5328
7902
4570
8114
4724
6772
5004
2392
7004
9376
4700
2756
3004
6760
5346
8226
3668
646
5182
2948
1070
4182
8428
6520
4954
2640
5052
2016
594
1470
8102
192
260
5596
1394
5636
5162
310
1640
4690
1944
1266
8738
6516
4920
2864
4696
5472
5306
9104
4038
2538
9082
1258
7530
6610
30
7378
2492
8608
3304
5070
2924
4732
3462
160
5560
130
8402
8008
2730
2948
1464
2076
6632
8970
8396
6400
7370
908
818
2342
2172
2872
5176
2612
6358
1762
1582
4356
6462
9228
2208
2030
6636
8040
3624
740
7176
282
7992
544
8142
6062
6036
5898
8222
4352
8172
70
9626
2034
9752
5312
560
8536
294
8160
6038
5972
7012
1136
7206
7322
8152
7996
7404
4420
5570
8658
4268
6934
7892
6470
6284
9984
7986
6754
2218
208
7834
6440
4192
64
3120
5114
2082
7718
2024
7838
756
6080
4780
8544
5266
1040
5196
8620
1924
5546
7872
6020
8714
5246
2644
3648
3180
7534
1220
7684
8626
4220
2790
9882
2654
1812
3548
2876
7826
7016
2748
2520
2732
6450
2330
2172
3222
5906
896
6934
7206
7416
40
6308
2012
6770
9406
7996
1924
8024
8426
9972
5448
2624
610
8206
5916
1370
9712
4998
4108
6618
6864
6254
1388
