9617
2005
8003
2308
1030
1453
3013
6125
2551
8896
3142
8781
2530
8628
4432
6155
4095
8824
9060
6899
3839
5475
6592
970
8425
8128
6434
9093
500
7799
1604
4627
1783
3334
3882
1492
6081
3597
5522
8113
992
7049
3875
3989
5957
736
1786
9298
2425
9976
9333
7678
4542
8429
2479
6890
358
8405
7040
2205
9686
2879
9143
5381
1655
672
1580
4316
3033
3460
1788
5773
4768
4701
245
3690
5839
1829
7144
6292
38
9382
3955
8354
6594
2282
6648
6522
5409
9117
1286
3368
952
2202
9443
2525
7071
318
5027
6468
9730
6195
3745
2291
7514
367
3891
3410
9685
2390
7414
5558
716
8822
9798
1038
1165
9151
5777
8464
6529
8625
847
6400
2826
6764
4889
769
679
6667
7992
6033
6797
8044
563
3764
9838
8731
8117
1583
381
1719
8824
47
8212
6126
8693
7356
1552
3725
5559
4883
556
5632
9030
3155
2017
5574
5064
855
5500
2361
5234
9834
3127
8402
7976
8714
804
7100
7397
8340
7446
1378
7026
9593
9425
1142
4406
146
1640
9584
9126
3297
203
4338
4744
8275
3187
9282
8462
8978
3968
2956
4713
3848
8152
2771
8864
1409
1785
4563
2686
8035
1136
2570
5652
9984
4164
5970
4083
2886
6415
8015
4497
1894
1509
140
309
3477
2077
5620
5988
6154
8327
8492
6763
8492
2032
5012
1444
3806
3412
9629
2169
9672
6722
7798
9319
9295
7077
926
2587
881
969
5644
7085
6677
917
4642
8393
1664
8754
2015
8550
8237
754
5451
7397
7303
8526
5135
6862
7173
5780
7077
5418
3898
6660
4974
9089
4643
1236
6163
6421
9493
52
5690
2074
5798
3328
8372
7901
8178
5068
1614
4841
2613
4823
8010
6260
4683
1980
6735
5598
4306
5286
3811
9681
1321
9329
3540
4999
975
7211
2167
524
557
7858
5313
1848
2886
2472
4569
7324
2943
7773
1220
5204
5698
2478
2848
4152
2188
8400
263
2216
8375
6451
1648
7633
1728
771
7075
6828
4039
7463
7339
3679
3421
8708
6118
6193
2114
2864
163
657
6522
1537
8026
8184
2419
9710
6540
2082
4604
2131
5853
1567
4903
7595
9565
6579
2653
8067
948
3122
1550
7566
1876
5269
1357
7737
7951
5536
6912
9092
5888
5851
6450
7403
9467
2268
2484
1664
8073
7971
701
6521
3652
1056
7050
6600
3106
378
2372
5476
4174
6451
9644
1641
3111
7640
8040
251
4995
6502
8033
1390
8400
5168
8147
5745
7957
7355
9840
1141
8635
839
2464
4176
1875
5456
4826
511
9910
1208
8104
5938
7294
436
8988
1712
8381
9454
3772
1264
9960
9970
6830
6405
9619
9381
5891
284
5102
8987
2391
5470
6938
4257
7595
4591
7039
1906
9984
4822
4907
8697
3786
4237
2253
5214
7284
6513
5913
9341
8536
5223
9128
4811
5318
6082
5073
8355
8140
6958
2170
4110
3823
4052
4866
7837
2213
4659
1240
6131
9128
8844
3062
1186
3719
1650
9090
1595
2577
9516
5988
1414
4348
9525
6624
1051
9012
885
9013
6513
7048
7534
7325
7924
8951
414
6023
5561
7514
2806
7084
6291
7051
7986
7638
1081
8595
971
2069
4913
7235
60
5684
1249
5415
31
7631
4278
6318
9654
1919
5155
479
9854
7892
575
6937
998
7783
2849
1969
2030
615
534
4407
6041
2349
2557
2093
6644
4331
4864
3676
9352
5577
5830
1794
6607
1988
3968
4947
4253
7613
8408
5639
2757
2432
4135
3600
8323
2539
5720
3090
2915
4522
1665
8115
7185
4438
846
1681
5626
2701
5068
2667
9580
6149
4665
5775
4349
3143
7993
5139
9429
2932
9245
7166
3053
3328
9863
9646
430
5491
9417
7120
8667
595
6192
4578
2567
1203
607
5289
2432
9709
8225
2798
8608
3753
4420
3802
3778
9646
545
2266
9707
7412
5367
5948
6239
7121
4202
8511
3252
7682
8182
3597
3898
6327
6101
5576
6355
6490
9466
6557
8724
2357
2583
5997
4399
3198
8283
3325
9406
3796
4185
8301
316
3230
1893
3774
9984
4283
6613
3770
1782
8004
8802
7776
3848
632
8900
576
42
6437
626
2801
4719
1611
867
8603
2923
4490
1623
175
218
3554
9491
2575
4977
8390
9169
7486
9483
7977
15
2007
5821
3893
2411
1787
9557
9275
7050
3428
2922
441
6948
8218
6147
5445
8320
2217
9647
8735
4328
1658
4628
5517
2031
4085
3394
3156
1269
7568
8524
3459
7926
7335
5910
7180
6234
8030
202
3510
5411
8414
9145
8491
7962
1185
3458
4947
5863
7285
463
2593
5916
9973
2187
8614
1892
1054
8477
5159
239
598
9303
7729
2019
8328
3255
5368
6335
4249
9670
6997
952
6416
84
7755
4161
3371
1517
8774
6956
7573
4153
4705
3527
1323
7482
3608
1296
2881
3300
1131
7553
7309
8349
6422
6018
4018
7936
425
6434
8179
7431
5622
553
2344
9694
9491
3640
9610
9863
3904
782
6445
4069
8850
6433
6409
1142
2641
8803
4512
1184
1006
7737
2257
5152
3066
1129
1254
5975
6027
1160
8015
3444
4654
1143
3459
7630
6661
8803
3043
2703
6905
7628
8862
787
7998
1603
9038
972
7069
7370
495
8002
3584
7643
4064
3671
4154
2321
6887
3365
6889
8270
6700
4913
7259
5697
2004
9877
3392
3555
3869
3917
9853
396
4172
8844
673
6165
329
9499
3902
6679
9999
3468
5583
2371
3447
3108
5896
3917
7742
235
9625
9328
3072
5030
7163
3208
2215
69
3777
6468
8442
1221
6538
6930
2690
9353
9925
2522
1033
2980
6549
3694
1406
6425
1213
2593
8560
2364
9580
9250
7006
2540
6675
9010
1099
2659
9952
6486
8212
8703
1096
5276
2946
1708
8427
205
7148
572
8677
7134
6818
9352
1147
48
9450
6743
5191
6638
7248
391
4586
6299
5583
2045
2247
7456
904
4415
5374
7444
5752
6288
4006
7107
7429
8496
5243
2715
3749
2001
103
8578
6351
160
6989
6599
8873
4898
1228
1923
4170
334
5350
3033
5984
2842
2710
114
6678
4562
6088
268
4038
3186
7860
433
9482
7704
195
1127
6212
2621
2775
6716
5510
9256
5024
5339
5044
6056
7069
1133
2562
2709
6646
2249
1455
6457
6089
6296
3016
9142
5040
9398
6010
9512
7553
616
8747
8190
839
9935
9946
8230
5009
8582
1200
9450
2945
224
6352
1025
8282
521
9059
9595
1447
6053
6809
111
7696
2076
226
9732
1022
3866
4013
8123
8913
1442
2806
9136
8212
7786
477
8972
3580
1074
3176
9716
4268
8040
8762
104
9031
4935
2008
5792
8200
8126
270
8464
7740
4130
4441
9262
3385
1314
7915
1057
9092
4411
5807
1102
675
4689
6217
1811
3320
2339
9329
8819
5114
8439
4991
1527
1305
5690
5305
2311
4650
3864
1954
9514
3556
6443
5733
8821
1510
7638
3435
7667
3604
8270
1814
4221
3479
1581
4173
5218
5421
3139
9877
9456
451
7511
346
2174
7673
510
1276
4642
2492
7575
9779
1648
9661
4171
9146
5230
1866
464
7666
8342
3245
3513
2759
4919
7343
252
4900
4028
9318
2952
5072
1736
9698
8369
5200
4106
6795
9583
8158
2585
9209
4467
6154
5573
1889
3162
6066
7818
8890
1327
6387
2620
3880
8501
7739
6673
5527
1466
6380
6498
8312
3040
8111
4265
7337
8323
945
9417
2509
8988
6695
2565
5114
8137
28
7281
7439
1545
679
356
3784
5195
7821
7111
6331
8367
8161
43
1438
1480
5311
2247
2488
1652
1666
3966
394
3739
8786
9538
4947
9118
1526
9369
7571
7451
4302
199
6454
9377
9281
2171
529
9327
7832
7725
2181
6198
7922
1878
6946
5350
1714
2359
827
6766
4539
604
4729
2979
2230
5306
9874
4167
4435
2644
2943
688
7390
8506
7461
4687
5553
3756
5227
4655
4714
5029
1892
7217
8288
6326
5211
4832
65
9177
8938
264
6913
6508
1892
7097
9101
7992
8459
8237
6921
1898
1655
9916
5709
2972
9511
1985
8343
5783
9758
4017
9072
1910
463
3495
3799
773
46
6594
4221
6090
6386
3812
6346
2250
2966
8872
6314
9450
1266
5278
4063
968
5010
7428
3086
9525
4198
8953
7104
1689
1812
5433
2578
5425
6342
3047
484
3958
7539
9670
3861
1593
9798
5151
7778
4497
4880
3687
6542
9694
6550
6994
6142
7776
4239
1493
1424
2812
6266
7216
1850
4714
3500
1873
7624
8725
1915
5461
3168
283
7700
7880
5235
1549
3404
1459
4048
5794
976
9598
9067
2130
4665
7312
9335
3150
4341
4527
644
9253
8842
1191
3667
6874
8697
7053
2683
774
8433
8312
9947
1011
4721
1418
3717
352
4740
6321
9484
7642
5100
749
2666
7334
561
4769
5207
7872
8248
8085
8913
2318
5155
8194
6314
4276
4424
4782
660
2109
5251
675
9172
6476
9513
8033
5992
7752
4206
9517
1414
6721
2579
2892
8552
8716
2870
7668
7680
468
595
3640
1190
2949
5807
6725
9128
272
8304
1874
7030
2920
9091
1473
4321
3882
7844
4043
8754
5542
1925
6922
2134
3064
3268
3222
7748
7527
8010
6592
4071
7475
8319
624
6220
9240
6759
4294
7309
5208
7932
7855
259
6837
8709
7170
8774
7666
6604
5644
9496
2842
7807
9365
4201
8260
5468
2833
685
949
5830
6691
4229
1134
4766
9173
9918
2726
1490
1387
9844
7408
885
2499
2256
5730
924
2165
1129
2176
8543
3806
8082
6067
9591
3136
2417
4464
1343
9258
7201
1480
183
6435
1297
6309
965
818
4362
2784
5991
403
1567
7212
4510
8552
1602
7852
7636
2420
1306
3954
9525
4745
2967
5146
1610
7382
3117
4919
1348
8241
6305
4117
5639
4911
2400
5801
2468
6149
3533
5339
5824
6564
4123
1046
7173
3014
5044
7872
5
3545
8741
2744
6604
7826
2044
8289
8686
3027
2258
6706
2843
3697
9732
2911
8005
6403
6071
7931
373
3850
1365
4062
6077
3149
9971
9860
7273
9108
2483
1619
102
2380
4596
6487
128
2270
3597
8225
8992
3207
1752
5865
423
1947
8788
108
5733
2097
6808
8089
6147
2276
2961
7866
6164
5235
6187
6377
2357
4876
6945
5033
3802
8104
9802
1629
1352
4714
4153
9813
318
1238
3061
3258
2355
9639
7135
7825
209
6157
1867
8519
4651
624
2883
8880
8764
1431
8971
1574
2223
1202
5217
8408
3003
664
4516
3890
2549
3084
2739
8648
4899
1834
4056
5308
1108
3634
4547
5650
6045
5926
7862
6253
3930
5306
8071
2480
8450
1068
4883
1221
689
6546
6531
3097
9679
6902
7341
6955
4602
3094
5642
7670
9345
3725
6445
722
6675
5378
2836
6210
2472
4505
9104
80
7084
424
4502
9988
4891
2017
3642
9271
7488
6923
5785
9790
6539
1277
3469
7898
1488
2206
1303
7056
9719
6714
4963
9018
9918
6134
4499
1091
8820
6270
919
6959
3742
1176
374
516
2636
5468
9054
1696
4428
9149
762
8964
1566
9151
9666
3827
1472
5267
3481
8233
5276
4602
9793
2
6498
5370
7396
8756
3978
7239
5462
2783
4538
8570
7058
978
2184
4081
1649
8728
2501
1502
9879
1852
998
2689
428
1109
1809
6989
499
7353
690
9995
3569
892
1199
5998
5939
9118
2147
3927
8471
6181
4107
6687
6932
2423
8515
1039
4431
7070
2291
2327
1618
6890
1358
8377
915
8044
4179
6338
7814
3661
2719
6590
5197
275
4397
8292
3770
217
672
7485
4383
355
8031
4127
8278
8084
8822
5825
9792
1063
8781
8656
754
1143
2088
9811
3189
4000
7801
5697
4790
3472
6896
7544
4831
6642
8569
2311
9795
3810
1251
559
3220
926
6096
8607
2201
51
7392
3975
1790
9166
5540
9115
3209
8999
9018
2943
7934
3371
2628
1054
8346
3269
6865
1348
6663
898
2861
5144
3621
5655
7221
4839
7417
4017
6582
5542
8189
3225
3268
9362
2318
205
2435
7523
9256
5958
241
4562
2249
3015
2420
8016
9187
9301
1133
3723
1903
8472
4273
8963
3605
6080
3707
9849
7424
2720
4773
5181
5148
3466
4266
7223
955
4975
5927
9880
8587
6732
4799
229
1739
3234
2417
8208
6679
2731
8897
9199
1104
5423
4122
7909
7427
2693
6199
5967
1470
6832
5
757
486
9461
9884
5032
9280
8087
3563
9509
7198
3321
7375
1135
9574
3759
5642
2523
5904
3154
6766
5755
5422
7376
5159
1941
2078
4295
9137
9039
1183
4497
3573
9993
599
1297
1306
2462
1617
1816
9442
4828
7819
5424
6245
3286
2470
7928
6082
8852
9519
5109
1521
532
7991
3005
2092
3319
2960
6929
3057
3701
4343
9737
55
8881
507
6272
3925
5613
8493
4207
4453
2983
2579
5026
6382
9412
7154
4228
2475
6907
7261
9698
3720
5613
4294
9541
6442
5306
4801
6522
1133
4026
3334
8365
5952
9958
6633
7976
2586
7839
6298
6478
7474
6319
7932
7145
7121
2946
6765
2686
6362
7239
7297
906
4751
1427
7253
7047
6884
7797
4987
1720
7351
4266
9254
4449
9945
3780
1663
1326
8206
5258
2326
3529
1993
651
8635
7538
8602
5221
8734
2208
619
2197
6787
7958
4484
1797
6332
5180
9390
7024
5155
9399
4467
7437
4019
2504
8125
518
40
480
2139
5940
7640
2666
9888
6950
7615
306
5637
3822
9100
9825
3641
8380
9972
6735
8024
7735
9451
8361
6373
9050
3419
1001
7495
5091
2956
2792
7940
978
5808
6800
1634
692
8199
1217
2038
3430
3772
6928
3027
9288
7111
4359
2677
3864
8517
890
9113
1636
9835
6024
6010
7355
6288
9716
3262
591
3096
3326
8828
2976
369
2979
3115
45
5895
3392
9099
502
8485
2603
7205
3592
4961
7962
4867
7198
3681
6062
9576
3521
3773
5506
3685
8245
9063
7793
409
2968
166
220
5976
4410
5404
8962
7556
8346
1899
8178
8603
6571
5561
7866
8779
3213
6337
9575
6137
2883
1431
6214
7564
863
5469
1957
914
8267
8832
9637
7325
6709
1801
9882
9842
2812
5671
6825
4988
9252
6982
206
6755
179
5150
7020
5683
2432
9840
1569
7890
1305
6381
7583
9172
7662
2984
9185
2199
8337
9633
5492
6365
547
8298
5875
7653
2744
2420
6638
3945
5156
5488
1733
5862
1951
1007
2129
6487
2510
8107
2745
5543
9228
5077
412
409
2702
8997
4269
2952
4711
5832
7417
1424
7153
2011
7490
5698
5917
2032
6608
8323
2388
9143
3721
7808
8806
4567
7491
4770
5949
7305
7306
6173
5713
8799
1094
2678
5875
2282
2353
3489
3552
5577
3731
789
2905
7348
1297
8099
5392
142
3776
89
4720
6415
2861
228
4053
4963
2290
6349
7615
6782
5846
3492
4724
9176
9043
3982
3237
6319
6184
3546
8743
5819
4451
1779
961
2529
4661
6954
8442
1452
3091
8818
1448
1669
3199
2994
7886
4585
4850
6003
2308
20
6987
4677
3823
2443
7664
2848
3663
6395
9317
655
5798
6289
7213
9773
141
4372
2693
684
5978
3152
8776
9161
9556
3147
8461
726
2864
5326
7873
5133
205
4038
6826
4656
9982
831
5682
5474
3489
3381
3274
9609
4747
3374
1791
4536
6624
2259
7225
9558
7428
6574
9681
845
4818
5173
4015
8384
8880
5254
822
2434
3630
6346
5197
6576
373
6542
502
9776
8160
8787
9434
3823
4235
3684
4604
7176
5488
5886
5069
7933
5669
642
492
4878
6496
2402
7422
1171
2604
6142
7807
3975
3583
8438
7699
8400
5564
8854
6085
8259
5772
9658
5354
7500
6576
3487
7711
4200
7021
2679
2319
2923
5789
1862
6358
9555
2387
8630
4420
2243
652
76
5789
9306
3725
5528
6134
3783
3043
4737
3220
3953
7994
5321
2602
2302
4009
2569
8201
8631
7288
8961
258
4182
8182
2822
6040
7862
1947
6414
1326
2390
7959
295
5566
6575
975
9297
8074
2639
7775
2158
367
7189
3548
5202
6362
8094
2154
2068
9191
4070
8067
5605
7707
2235
2111
7006
8932
3120
7597
5219
2122
7300
1399
1415
7913
5476
8101
9801
9754
9890
733
765
7297
1422
9990
1260
9911
3383
4494
2521
4343
1483
903
8366
4059
2270
4109
7083
3894
6143
2980
7142
8446
8973
534
2971
1172
1699
9805
9623
3491
2964
615
6319
6012
8531
877
6669
4917
5336
2810
1050
2179
652
5211
4918
1021
4036
8816
4905
4330
1673
1113
3380
300
9440
4658
9118
3245
995
9658
8196
8426
6889
9856
7799
611
6416
2093
2062
9720
6549
5547
2449
2954
4860
8391
3355
2573
7969
2027
7425
7010
8558
9194
3292
2152
5344
4502
1804
6425
7796
6042
7489
2273
829
4356
2512
4343
7983
141
8959
2696
2093
3846
1278
8094
6501
678
8858
1487
6733
7332
4686
6080
1663
6644
5652
3381
3631
9057
4261
8624
8111
3162
5735
1424
5180
6458
2163
6385
9179
1140
7291
8076
6422
32
2149
2689
7236
7675
8004
7673
3200
3065
2428
6587
791
2695
5764
4483
8345
6476
8781
3385
6055
2975
6228
6023
8422
5125
235
7763
9961
8927
219
9878
5098
4511
6665
2194
3606
4832
9030
5651
7723
3246
8112
2208
1032
3865
7346
3758
576
9828
915
8213
3396
2059
3150
1560
2193
669
8203
5366
9409
7786
2847
262
4881
285
9742
332
4232
1620
5563
9511
4910
5230
110
4186
8679
3992
1442
2243
2049
6631
7873
2197
1106
1361
2796
3008
6180
1046
6413
1727
5635
6325
9002
6973
4071
9491
5437
5786
8736
9600
1053
1176
3373
2345
1187
9917
3016
6332
5968
6086
7258
8286
1563
5996
2979
893
8288
5433
8429
8577
7659
33
3344
2033
334
3581
8983
5926
2948
2910
839
8880
9764
1046
6820
1449
7543
5848
7489
4631
4363
8976
9227
4159
8738
7705
1505
6102
3258
1674
112
6352
5871
6201
4004
1349
8557
6976
5063
4839
2149
435
1328
7322
4705
2034
9199
464
3487
9266
9884
449
5312
8050
3764
648
7879
9653
9003
8804
8236
7790
5014
3663
6735
5144
6905
1140
7292
515
9712
4086
9980
753
4139
12
4774
7381
2160
9454
8277
5027
1209
4077
3269
3275
748
8192
3547
945
8977
6111
5815
5472
2129
4706
425
6335
9626
2247
6477
4127
2642
3029
9169
3510
1028
2291
5666
7195
872
8346
2283
7789
3930
2344
3789
2396
9907
2287
6304
9868
948
550
3792
6378
5300
9462
2025
4446
1257
8760
7986
2943
6384
4080
4846
2503
755
3384
127
3380
1410
1605
2311
6271
1052
4125
7336
6677
2575
5170
8543
9846
3146
5539
2664
3124
6483
6693
1999
6899
5088
1599
8895
6317
1691
4591
2582
3276
781
6933
4249
7013
5570
3140
7302
740
9227
6163
905
5406
3480
1825
4144
7104
1264
1150
1137
9543
2172
1951
5085
8862
6917
2846
1480
4143
9344
395
5225
8939
2814
4771
1595
8615
8512
2410
5253
1240
9897
3654
567
8445
2118
5556
6930
6293
5510
5713
4740
2672
1601
9254
7898
3386
4597
5093
4034
6225
8238
2417
8976
5149
5530
99
524
3357
7984
2518
5479
8700
8696
5748
8881
7227
3474
8563
9825
4401
3336
5096
3070
3001
1531
4402
3416
417
8733
5649
467
1743
3558
5768
4779
5854
4510
1348
2761
7062
4765
4641
5019
2178
7051
1265
953
4684
3379
7023
1595
5974
1617
6086
4123
383
9387
1860
8569
4726
8516
8349
5575
2733
491
8430
143
2000
6345
5155
7657
2586
8719
7352
7451
5876
7228
2264
9688
8479
5086
4032
3695
4439
8311
7319
1037
6475
4150
7885
5228
9910
833
2323
504
6848
7295
1081
6125
9830
3791
6445
8509
3332
5899
851
9514
8907
6689
7075
7509
6238
2135
9514
870
4537
5317
1223
6191
5260
4401
9136
8230
9602
972
8772
4004
908
478
2421
4806
8989
3112
2831
5828
9012
1684
532
1819
5288
8281
2953
3330
7724
3650
7030
3327
4223
6158
1613
3217
5180
6957
4908
4942
9895
6359
3668
1875
4541
664
6664
8142
4811
5627
3406
726
3682
3777
82
5335
3593
3506
8816
7990
3126
3540
3959
4175
7687
1112
4987
5082
6616
9937
6954
301
7629
9429
2543
5200
7796
9018
3770
7157
2305
5352
2460
1423
5456
5354
1407
9268
7555
6439
2336
8257
9595
5812
9748
8898
2273
4913
7767
5962
7004
966
5397
4724
7464
8122
2128
1877
3706
2854
5210
7467
8063
7490
941
8867
532
1126
7849
4964
4564
998
1877
6139
4825
9843
3881
2533
6200
9669
4738
8551
9048
7891
1160
7171
1824
9628
4424
6720
2694
725
891
1246
4660
8190
5503
384
6804
3902
5281
1193
1704
9448
4679
2114
2534
6597
7011
3671
4374
9248
927
8306
2335
1394
7101
7742
3288
1077
2635
7126
2792
183
351
7547
7617
280
8666
1873
678
4506
6430
4259
9587
6910
9947
6518
9799
3950
6961
7936
6444
8447
6844
3690
9711
7597
6372
8835
3235
7134
8059
2829
8519
851
3608
6287
6970
2522
2583
3202
9211
5683
2428
261
3843
6448
2498
1304
4944
8086
1770
8175
9588
1859
3576
314
6686
7749
8824
555
8412
7998
7010
1588
5655
1050
4641
1336
671
4201
5745
4059
8218
988
1384
8982
9681
4154
2870
4591
3795
9719
6973
8201
2369
9980
7646
8731
7915
6339
3314
2682
8614
160
5270
432
8979
3652
8983
3683
884
6538
7402
2752
2268
4850
3867
7730
5119
1182
8769
8515
401
7117
5353
8301
4592
4244
7594
5478
9189
2934
5498
4730
1819
8230
541
4204
5422
1393
2085
855
3511
5651
201
6408
2425
8850
4850
5778
6997
5016
7543
3074
2752
3152
9484
1381
4339
7015
7904
9987
7015
5633
201
1019
8421
7523
6543
5835
3539
4824
9327
4762
1495
4509
4932
2287
4323
3136
1407
8909
1282
1497
8417
9211
5415
6237
2172
3106
7686
6978
6837
59
9881
1451
2611
7683
8769
3189
6714
8919
4194
5661
6103
3435
4836
8263
8935
7315
5637
3727
7888
7763
5958
2856
841
6532
1517
2799
7566
314
1062
6476
9944
5794
6576
5388
1996
8061
4253
9055
5526
5808
337
5
4364
8992
8874
6075
9750
6196
2992
9206
6034
3024
6186
5204
5243
916
6274
7230
3861
9616
4052
2553
1916
6645
6906
2461
6679
422
4301
1158
4502
1024
2450
4916
9656
406
938
2865
1855
6068
9263
4866
7186
3454
8378
6452
3230
4300
3091
1642
2659
8968
1595
8799
1837
9135
5782
1561
1054
4224
5897
9856
5387
326
4810
7229
8529
8539
9635
330
4566
1468
297
6717
8737
7258
4273
1732
7866
4922
8195
2766
9912
3770
3892
186
5892
4873
6841
8336
5488
6100
6812
6727
5424
1441
8519
3053
9555
1486
8220
6132
102
4546
65
6090
1115
1743
6595
8119
6676
5510
639
1261
570
5477
32
9187
7377
2301
8132
5968
3397
4683
3366
4423
4132
179
6314
5871
4006
6213
1751
2653
1732
4165
3237
8059
4369
3178
4870
6023
6259
3123
90
5816
9878
5541
7396
173
5782
6113
1554
8550
2066
3604
9305
8794
6941
8709
716
530
8807
4983
7426
1235
1636
9872
1831
8996
6892
3389
1653
6623
1189
6949
1008
2819
1077
8243
7789
4281
7676
8792
4361
2177
4256
3175
9608
991
7975
1000
1215
7697
9458
3838
2666
3569
1106
1827
418
745
3918
6906
1787
150
5197
7519
9706
8774
4970
6846
5164
2737
4162
1415
8017
633
1169
1548
4597
1937
3248
3308
7805
7983
5922
8631
288
8228
8254
6626
5129
5138
8022
4519
9799
8630
6217
3248
4540
1453
7530
9067
5554
45
7362
6126
4790
6538
3336
7641
8970
4341
3067
3153
5568
5069
4523
3265
7100
8368
8636
3065
8538
3771
8116
7573
4736
5493
9438
6090
4303
7154
8350
8007
8165
1714
3915
1273
3735
8884
7178
2567
9512
9263
5676
5280
292
992
741
8489
3288
5531
6341
9188
129
8317
5083
1800
1475
2194
9618
4224
1407
6723
8952
5589
7703
4860
6405
5440
4268
1919
6657
6927
1761
3370
5509
9389
8281
8559
3537
5622
9771
2077
1285
4310
5984
2657
3286
1064
8448
311
5059
9115
9001
1583
3144
3344
7302
6972
2571
8945
604
8624
8181
8110
1201
8733
5368
5433
7695
4240
9746
7698
3847
2940
7046
566
8310
5588
4951
2612
3533
5765
1620
5635
349
232
1281
1461
746
403
6082
724
5463
171
5908
9603
5952
5209
5392
4823
1658
8376
678
4181
814
2618
1260
8969
5546
4387
1745
2733
1127
89
7271
8141
334
266
8668
4189
5514
3402
266
6346
5541
5151
533
6195
5396
396
9899
691
1898
5829
1955
8740
1821
1039
7384
3908
6844
8583
3421
5024
8948
9798
4310
8312
9723
6925
1942
44
4308
6447
2538
7350
5196
1328
951
9907
9049
535
2505
836
6568
1304
6089
9170
1986
2907
4046
876
6334
1868
1277
5100
8546
8485
395
6327
1133
273
8419
2690
3246
1651
2491
453
2604
4577
1922
74
1650
3385
3888
5001
9025
4897
3670
9323
6714
5192
3574
2843
4434
260
7236
8103
6988
3548
168
7434
7977
6836
5673
1451
9166
4805
3108
5830
5823
9138
6623
2235
6109
170
5986
6264
2352
1426
2317
473
6919
5342
5884
3398
9183
2279
519
2453
1937
8501
204
7982
9585
2319
1191
2737
3866
2863
8170
6445
2892
2464
4738
6169
1777
141
1011
9695
9323
7177
1981
3996
5661
6782
5703
9028
6097
9873
5028
8506
7489
9860
6254
5029
6488
7598
9152
773
8963
3204
9191
4600
1264
7241
1276
3966
45
1472
9177
332
9499
5268
6436
5737
6105
3182
6785
9543
9200
7661
3921
2511
6103
1517
3970
1311
8547
9964
5682
7653
2239
6504
8475
5883
2741
3786
8205
4464
159
1875
1863
4964
8965
294
3205
2811
8136
5861
4133
1567
1442
5526
9529
6172
2809
8535
807
2688
6665
819
2321
7262
2502
3810
7068
2882
5732
9703
1352
8918
246
387
4030
3278
1941
7247
47
2655
2679
3143
1859
1813
441
4509
2830
1709
3404
3692
6465
9011
5156
3996
8995
4152
6857
2979
3539
5596
6547
3315
4959
2031
7889
5832
9847
2536
5459
4494
1326
7782
8612
7078
1812
2983
1768
1761
8923
9065
9554
5484
572
4189
3691
3831
1251
6384
5036
7118
557
7620
6515
5123
9271
9755
4082
8875
4365
6910
9596
6879
4650
5939
5509
7437
6533
4096
3433
5614
7637
4621
2307
8051
4405
3047
4373
845
6563
6082
6419
5956
4736
1800
555
4042
788
5099
1726
9342
6123
8263
717
3286
6925
9303
3835
2928
73
3334
3874
3080
4234
1545
6554
6156
2561
7144
8254
676
2647
3654
6688
2696
263
7817
894
1941
336
8126
1830
1930
3235
1923
547
3034
8748
5663
8498
5974
6002
2858
5911
8335
3220
6345
928
4315
3923
1953
1250
3723
376
4995
3080
7366
3506
7499
5928
8406
1985
4667
8504
1771
7590
4924
1570
3718
1438
7368
5611
5158
7160
8584
783
2483
4224
5746
1571
3856
24
8665
6202
3888
2591
403
3520
6369
8241
9851
2720
7270
8133
5622
9575
2294
9261
2685
8749
6235
2233
7359
8222
4679
2894
5468
2079
1476
9492
4809
3309
6785
7732
5588
3465
6642
1684
7247
1316
9797
6148
4667
478
9997
925
3813
2354
4169
6733
7465
348
3280
9099
7947
7087
3301
1969
6628
4377
4605
9402
7473
355
2585
4075
1751
9164
324
2704
6892
4198
8426
3051
3599
4150
7593
8353
4342
5728
8302
4511
1248
1943
5443
8707
9973
1794
1556
7770
5904
6249
1753
6237
3783
8497
5858
8932
8965
1982
8553
4073
731
5018
3175
1197
7562
2204
9525
9561
2312
6216
3482
7005
550
1284
4726
1700
8938
2580
6582
9363
8546
9559
6350
2636
8411
7463
5828
2396
4805
3437
1703
8082
8579
6599
4028
8896
7814
2455
1074
5244
4885
4215
5347
4250
6630
9989
8646
4034
9541
5069
3970
6937
5370
4930
5806
7803
2768
4229
4079
8583
8346
791
2412
5806
8592
6400
4196
1202
3718
3190
4309
642
3581
7409
1642
8785
1515
6504
8622
5111
5647
6737
8578
2342
1765
5619
8125
7126
565
7942
655
2728
3797
7004
7338
4290
4108
4167
9541
9500
4949
8884
4665
3226
1747
8929
8115
2386
340
1998
5925
8442
2528
5748
3594
9948
922
1357
4874
9700
9133
2745
5291
2007
6474
7598
2205
5234
1853
9858
2732
2236
9240
7439
8295
6172
5454
2279
8414
5254
206
5461
1713
6187
1000
7258
6770
5199
1703
227
202
1681
5363
5939
792
9601
786
1677
5880
9859
2162
3255
6538
862
6901
5084
9595
993
3404
3761
2528
2567
694
873
1150
669
8216
9821
3614
9649
697
8037
6185
492
7338
7425
5533
5570
917
6581
833
1537
8687
7635
204
6472
3900
9595
1193
5051
7916
4869
9568
4576
5611
3692
3092
4171
1680
3613
3432
4711
6858
1344
1514
5726
4029
759
4116
3243
3431
245
7165
8299
1525
3633
7994
3875
9584
3937
172
48
7425
7523
5130
9018
8792
2272
4688
6792
5024
9585
6885
514
1181
2012
1617
37
4212
9610
3195
5945
2302
4833
1800
4641
5491
5758
9081
2768
9164
7554
282
1820
7198
8170
430
5475
4442
461
4477
4825
4291
7712
8098
5868
5277
970
4749
1126
5543
9821
9937
385
6975
1523
8387
6103
5503
2350
8082
3794
2317
5166
6344
3096
3086
6464
7165
5163
3429
3176
6205
794
7766
5600
5549
9246
2671
7455
3715
2467
713
661
951
6670
3115
4693
4243
7902
2259
3080
3939
6956
7548
5422
1984
693
2572
8802
2969
9514
8158
8293
1190
6067
7709
6524
3930
2378
9201
1791
2929
6868
5516
7077
9343
9534
4833
2302
1959
4963
3627
5172
6941
4758
1322
4519
6202
4037
8978
9562
7987
6026
5952
1121
2668
1175
847
1361
9990
7504
7990
9832
4897
6038
1649
3421
9237
9292
7544
144
2269
3720
7097
7927
4773
3481
7804
7687
1861
4161
6098
6533
2364
71
816
9276
3954
5080
8567
1562
7710
8169
6613
8960
9716
5267
3881
2451
7587
352
4191
6225
1135
6306
6702
2916
6404
316
6711
8354
8853
6854
4440
4632
991
2661
5849
7951
3727
7782
6023
6134
4761
663
927
7909
268
5899
9815
635
9699
3204
5633
8232
1119
1763
7430
8156
5346
1305
8208
4193
2607
313
9908
6746
3639
9887
6507
8356
3652
5795
2024
5957
5182
7657
8536
3023
6063
4675
2263
668
8483
4126
218
7917
4193
2741
3538
6275
46
1790
7145
6377
6771
7018
3396
161
4986
7832
2333
5185
6533
7979
6318
4177
6697
6591
7330
9442
5900
627
3488
3982
4027
2169
9713
3395
8866
5463
6391
9196
1055
9129
3884
7823
9646
1884
4908
9991
8253
4268
8789
9772
4531
3570
5814
1436
9139
5470
3288
8614
4346
2762
2931
6400
485
452
5796
4717
9115
8381
8818
8295
4388
8048
332
9061
5393
2251
1209
8848
429
3451
8182
1589
8154
6791
4753
8777
2837
881
9541
410
4020
5899
2241
5643
9369
1902
2307
8756
8430
4751
986
81
9818
8254
1738
2767
3292
6263
8345
9465
7182
3278
7845
8290
244
7261
4787
569
8144
1084
4465
6608
3868
8590
1364
6434
9725
2287
2140
9022
2901
2112
2928
216
5440
1516
124
2723
845
5906
192
633
8264
843
4670
4881
4658
7735
4407
9195
242
5101
4790
8895
5344
8049
9472
5215
676
910
5679
6649
8254
2288
2705
9197
5799
2173
2577
1126
4490
1233
3300
4438
8031
5766
7158
2209
5424
9304
2706
2978
8381
1571
1046
4249
9459
9222
152
5622
2174
2068
2405
7568
2560
3599
7712
1704
2522
7656
1547
6769
1648
1792
542
8855
245
5010
1802
7418
8036
7246
307
5499
6105
5792
6489
3579
8798
6562
632
9268
1287
1867
8713
6979
9639
3379
5970
6625
1201
9259
1633
6957
7800
8516
9295
3509
568
7088
419
6464
2535
2686
7131
1982
295
2721
234
4762
9303
8785
1903
6378
4817
2294
7981
5517
9900
8272
9503
5571
4569
5816
4223
8339
8224
7260
1890
7284
575
7310
5305
3565
437
927
7201
6814
1303
439
7492
9037
9266
8833
3528
734
8358
9215
2507
211
7562
3965
3609
5969
7204
296
8591
1745
2272
2097
5164
3651
7041
4134
1680
5334
1699
6081
2056
1246
6821
6595
1250
1817
3874
7815
5309
840
5707
5417
9725
6641
3774
474
2082
2782
6500
456
6970
2448
514
8138
7071
4650
4263
3204
9076
2443
1093
5742
1676
2928
2676
4965
300
7038
8618
5009
3363
8973
2803
1347
4705
6774
4996
2090
6451
7230
6783
1438
2644
1441
2681
1467
9774
8441
5809
9478
403
6201
8414
2157
9577
3349
6306
5130
7354
5035
3360
1457
4397
1607
8564
9419
318
9462
8005
8066
8483
386
7270
5854
743
1201
2052
7693
7445
7113
6500
1891
6894
4257
7344
3782
1751
5977
3110
3613
6378
3110
755
1591
9089
208
4759
1740
8278
9333
370
4592
97
4232
6204
5181
6197
2252
963
3115
8066
2022
7650
9140
3919
9537
3113
1510
2359
1893
5366
5051
7320
347
7535
2417
5560
5564
9765
6774
2261
748
2908
4447
5170
3754
677
8936
4234
1907
7365
2230
1635
6420
2347
6521
2126
9921
2925
302
9933
6635
2096
2114
138
351
891
2727
6520
9903
3863
6755
9231
1180
727
8989
6733
4056
4031
172
143
1773
1630
5107
7592
8023
8973
3836
5050
7729
3367
2159
4564
9469
6786
5156
4907
2250
5057
3284
5684
8243
5750
8617
6509
7846
4522
9510
6620
7044
3828
8604
412
368
4327
1012
1591
7330
1435
3427
4878
7395
4749
1695
3138
8279
6318
5046
8898
2286
4553
1635
3873
3239
2770
9184
3762
5900
117
9363
7835
2314
3470
291
145
2729
531
9580
8662
9403
1968
9623
5700
6476
1354
5157
3796
6152
6497
8650
9054
4141
5235
4489
8828
7483
4111
9471
2847
3867
2224
9533
6534
4944
6303
2122
4878
5104
9530
3082
137
6239
6688
9456
6246
1595
2789
4638
3972
5758
4123
2349
9141
710
7292
5281
8635
5616
4329
8158
8102
2712
1818
3985
8883
1960
4709
8074
7059
1620
1005
8791
2387
5872
2563
9468
5144
983
5265
6205
4761
5112
7083
1650
5200
8285
5037
2261
5274
6708
9042
9873
8334
4285
3489
8946
2627
6960
5742
576
1520
1967
1732
9205
7800
4956
8088
4391
5039
4415
659
7912
6365
5356
7038
4321
9067
7760
1628
6775
4498
2419
7956
656
8610
7943
7872
9283
9298
5863
3231
105
8438
9791
4432
414
6536
8207
4277
1979
3029
1386
3438
9768
994
4
3595
7185
1241
3319
6334
1958
162
1979
5488
8894
412
992
7365
7974
904
6711
2694
5200
6795
4074
8685
3631
4246
5604
5883
9786
3721
9227
8646
9948
8953
8545
7897
4391
5600
2222
7424
1480
8218
997
9809
9930
134
1057
3907
5160
3176
4058
6689
8506
4154
4611
3995
2968
7938
6768
5562
2885
687
7764
5963
4688
9532
31
472
671
8840
3413
1434
1820
3092
8351
4792
3399
8710
1789
4644
2473
4697
5450
9793
2490
5070
4681
7512
3824
5048
9724
9192
9576
2441
8538
9256
6232
9892
6688
6622
6608
2982
1512
7238
6904
5277
10
6367
52
7008
274
3460
7935
7272
6289
6017
5764
8108
2904
1392
6418
4790
6701
7261
6720
4485
5233
1351
1093
7603
727
1916
3621
4322
8556
2013
4083
1899
200
4709
4933
1746
2948
9529
2953
9084
2203
7533
6363
2085
6263
3322
6952
9552
8558
8109
5212
5426
5694
685
7858
4138
3304
9802
9824
6984
6653
9691
2344
2340
1217
2053
4212
5030
8080
6456
1587
3084
564
3944
6503
1553
1932
1421
2912
1487
3491
1590
3863
4119
3885
6018
6033
8494
7899
1198
9145
6568
822
6276
7628
1256
6795
5822
5980
7953
8726
5274
4390
9480
184
5895
7657
1868
728
8157
7043
4923
4369
3339
6988
4130
3534
9915
9549
9082
407
4373
5699
7329
1388
8595
7015
6729
6021
1003
49
9579
9453
5679
7707
4735
1048
5199
4781
3515
8914
2143
5900
8554
1185
6423
3342
5574
2664
804
2335
3220
255
1429
1775
719
4107
4329
2420
4921
884
374
2506
4528
6879
9155
2425
6765
8806
4592
4402
933
9104
7083
2087
7852
2273
6304
236
2557
4367
1279
1419
3242
8926
3922
4185
1509
5543
6764
2720
8299
5358
6925
1971
6720
7735
2267
1834
6282
4260
7631
6348
3093
8573
2260
1910
2105
2079
3631
7469
7951
6856
1710
2258
9488
3887
5547
929
6106
7117
3764
3091
8433
5588
8665
3127
8147
5778
1734
2120
3679
6863
5061
4365
1234
1573
5037
3950
5728
7335
5338
8609
1135
9383
4304
9087
1126
1640
7647
5406
7477
8493
5169
733
6988
7644
5907
9248
8071
6569
7060
6525
1050
68
9404
5185
7293
4240
6774
3955
5027
9014
4819
170
889
4189
5863
749
2604
8783
1511
1012
4618
4926
8630
5709
7919
3128
9001
3902
4811
1927
7672
7753
9888
4378
7482
7577
6742
6282
5290
2602
1141
1263
5054
8267
7446
6361
4904
7610
6724
6902
3979
8104
5014
5388
7793
8606
7011
9839
426
3783
9169
2626
5344
9492
7904
7903
4708
7576
5156
8874
9559
8698
6338
8395
2799
6901
4063
3260
3500
1778
3069
3606
4861
5391
2570
55
3997
1546
6838
257
8510
7946
4081
8149
4419
4176
103
1675
3423
7982
427
6537
5801
8060
2502
8316
1470
9869
5592
4717
2566
6879
5872
3781
6069
5741
8717
2154
9856
7231
598
7325
7499
2664
8927
4251
8881
806
6233
3496
1185
2733
2034
934
9660
2736
6267
9971
4352
5011
6477
406
2987
9733
3192
7702
9440
3333
5860
8059
7978
9504
690
1973
8743
9192
6487
4118
8523
5199
3011
639
1681
6236
9761
9608
7994
9652
598
3116
9431
5177
7684
7417
2001
5695
5065
6407
4395
4344
7433
4701
8439
7420
1129
9187
8589
505
6182
6792
2992
9555
8803
1498
9530
8314
6772
8297
6623
7824
2904
3634
8376
2567
6562
4940
7034
8501
968
9582
4862
316
6558
2780
1949
1140
5797
5553
7582
69
8805
784
5721
3893
9940
179
4495
2323
5219
8649
8218
2628
2003
7727
4281
8342
4868
1691
3221
205
1015
2408
5585
1905
9843
8594
9286
1909
1419
9858
5870
4197
1342
809
5142
7743
7668
7855
5736
8235
5433
7109
535
118
9392
9234
3472
6732
1986
4414
3932
6835
3694
2289
9400
3656
8526
1016
1402
8316
3593
5474
2479
7331
1544
411
3440
7055
501
1370
4505
6932
3225
7215
7338
6453
3196
8184
3595
3889
5639
3929
6788
5206
6471
3648
9780
8485
9113
4880
9364
9419
3243
1252
3006
7963
4381
4849
2289
5488
1206
8452
9523
1801
1614
5969
8081
8620
608
9204
9054
49
7453
9004
8478
1089
500
1418
5328
6725
4602
2579
9955
401
2441
1117
368
785
4289
6526
9869
7105
3323
1202
8467
1061
374
3924
2394
220
976
5331
4942
3690
9610
5297
6773
1868
1147
720
6934
691
7143
6761
2343
1518
2853
1324
6516
8815
3796
8048
5934
1971
2500
7390
2541
6068
5282
6169
1458
1334
8257
2055
597
7778
5061
9386
4596
3300
3389
9178
5350
1118
1486
3739
1002
9560
760
7503
3748
4222
3372
7006
3788
5314
9867
7511
4062
8302
4370
4630
6553
5177
65
2480
5414
4599
5544
2797
8079
4053
1907
8152
2034
9870
9596
9075
929
4543
6571
8421
26
1937
6324
5718
5285
3271
6168
1270
1073
3534
6581
3417
389
8487
6813
2
6967
2480
8513
6420
2218
4757
8056
8575
6317
6650
6417
4100
4226
9700
3590
3624
9643
8065
274
4644
8494
8322
6698
4531
2016
1465
8062
6842
4264
5996
4184
67
8417
5181
90
8338
8449
2825
4336
3667
1056
9009
313
8234
9953
2744
7770
6191
944
2584
8768
945
2639
1331
4601
2245
2835
9327
5021
9080
2520
631
4793
4643
9987
7399
2168
5038
5142
8812
6577
9212
3934
3960
7319
8694
9684
1588
5510
7918
2878
6716
4959
3858
1724
6352
9326
1744
2910
4252
3320
8960
4651
6297
2157
1900
3872
8457
9105
4080
3615
208
740
8849
4526
4158
5680
1407
5698
6891
5341
4929
2036
9361
9362
1453
1947
1615
1986
4439
7914
4124
2273
5263
9156
8726
3266
2694
2450
8201
696
2864
9244
2371
1535
3208
8682
2224
4640
759
9214
6858
2944
1179
1142
1488
1209
5301
6977
4046
2215
3932
9748
9671
523
6670
6352
1464
4329
9026
1865
5213
4182
955
2330
1669
3630
9489
4851
7611
8324
6690
7167
1151
7065
829
1445
1468
2462
9317
1252
7315
1189
4399
1120
805
1498
8553
9867
9524
6727
6991
9794
8592
5
6913
5819
148
6538
8602
8541
912
2412
9062
1888
7018
7134
3112
4626
1000
1763
7329
7142
6098
49
6218
3707
1765
5429
2967
2065
3672
7577
2857
7913
193
5566
4441
7868
7001
8175
1485
6505
6274
6391
1248
7628
3882
9178
1841
9186
8535
377
7056
6427
4136
8060
3589
8143
5687
8683
4429
2497
6521
5904
7997
1632
438
2226
1944
3871
5003
9025
5433
5963
6730
5758
3171
3561
8529
760
1354
6168
6845
5717
34
3012
5558
3264
3984
2751
2562
6226
5769
5875
2925
6281
4910
2988
7421
255
7420
6876
3500
6371
8884
2919
8768
3111
983
9076
9756
5842
7765
6789
7412
3959
9731
3675
832
6343
3365
2204
5076
9704
5310
8894
7871
8194
3499
8551
6537
5916
4185
2741
9634
9740
3906
2407
1540
8271
2191
3643
4135
679
1364
3633
5056
4476
564
9206
1965
8882
7577
2798
8450
9553
3811
8710
2094
9484
8028
3471
5345
7654
15
1744
2100
3352
4418
9612
1446
3141
95
9021
5599
3016
6909
380
729
5030
9552
5864
2811
6944
459
6909
4525
8278
2907
789
966
9135
6825
6847
146
6028
2366
9406
4919
1247
2735
8063
5294
2885
8037
5940
7110
646
7347
1952
8337
641
6505
7645
4552
6431
3537
2248
5806
8845
6483
4681
2937
3149
8092
6390
6202
7439
8066
1637
4231
8847
9156
8440
6917
1652
6763
7641
865
8894
7244
2549
4690
6835
3371
7660
7190
8177
9270
5605
2128
3627
6632
4149
1251
1991
8149
9125
4556
195
616
635
1870
8910
7839
5901
3886
6438
2738
7924
9959
306
8829
3607
5377
1199
7239
54
9031
1349
5698
5318
772
2965
9681
4132
4790
8107
896
7254
4732
3171
2948
3868
7743
3832
2660
1961
1739
2647
8784
9338
2330
9506
3923
7703
9705
9859
4869
7221
4664
3123
7237
7247
7896
8235
5632
2492
7172
5695
8059
211
9608
4825
4183
9445
1985
4617
9643
9356
7149
8769
5283
6073
358
4385
2432
7895
7441
8116
6361
6690
7675
9765
6677
4931
8806
605
5339
7426
1494
6092
4285
3099
3117
3359
5595
7981
5144
1076
4036
7913
2930
9450
1922
9895
8121
365
1440
8179
5530
936
2081
3119
449
4691
4767
5745
9868
578
7634
2708
5454
7540
2409
3030
7664
8669
695
8228
9944
5379
9891
4192
3962
381
8307
7941
4951
8418
9501
7569
1790
9532
7773
814
5683
9717
5034
578
7299
1176
1852
4976
2607
2506
5877
2052
1549
3365
3725
1063
8817
9690
7901
3871
4001
4876
8364
3811
9735
9904
4923
1015
7165
122
3858
1037
3232
448
4632
6029
8925
5869
3804
6934
8202
4276
5868
9831
7655
6991
5359
4160
5011
11
252
7081
7198
2663
5383
5049
6702
2700
390
7032
5037
9120
4523
1863
837
2726
3780
8311
4852
4877
829
7357
8712
6690
5347
6684
6183
3276
4157
9760
1916
1437
6536
156
1536
1902
9220
8303
4615
5631
1600
382
3111
6849
6836
8269
6518
9323
2836
28
7843
344
5655
9203
6219
2954
7904
2788
4960
6500
4464
2135
3603
1936
8456
9034
1407
9647
2399
8842
8345
7246
3428
8470
2490
4502
9621
3650
7106
5210
187
9530
6430
6314
802
9744
7439
5215
906
3990
8092
8061
1372
7083
3734
7669
6907
7004
1457
4683
927
3567
2902
4790
3869
486
9042
4562
6665
831
5330
4037
8472
1946
8526
6971
8578
6791
4724
6635
8722
2176
2912
9203
2368
3728
6230
2997
3862
7649
9539
2087
4397
1551
5685
4640
3353
5912
400
4887
7741
7543
9599
4973
3843
8453
4413
7387
5255
6513
6036
7189
91
1613
8812
9219
2851
9644
5731
3121
1516
8136
7844
7850
264
3258
828
46
7325
4406
4923
6194
1388
4879
285
7829
4208
7757
2988
9126
6395
3575
9298
1888
5314
8708
8021
6989
9341
2502
591
2792
5681
7677
5773
239
7313
9568
6232
5100
2790
9680
3568
3734
5753
745
3795
5828
6750
2762
476
5241
1574
954
7222
6508
9619
9632
6402
6733
4138
7813
8260
3040
2492
742
3483
9680
8407
8073
3066
8973
8320
8421
2858
5442
728
7034
8572
7461
435
9158
6209
5724
3918
190
2599
5500
4989
3695
6206
8625
9388
3969
4100
9838
1475
7820
6224
2940
5535
4209
4998
6013
5880
7889
301
1096
2879
3743
2707
8004
8066
1256
2653
1964
2817
7877
3403
6314
9057
7625
3372
1513
4471
7088
7014
8092
8756
699
1791
1011
6175
2246
7392
1220
4268
3234
5536
3012
878
5199
6124
5060
1528
1855
6322
9367
7580
6618
79
7381
9314
2485
8457
6478
7772
4030
2319
182
4061
1235
3496
4908
4682
1790
7628
3914
527
7395
823
8468
5746
8905
2114
9665
8682
7484
8593
8728
2028
2074
9369
1203
6553
8608
7358
2862
6271
6383
4867
155
7207
2052
2018
8914
7193
9967
9899
8656
4677
9250
5634
9673
7578
1464
5796
5169
490
3829
3875
4890
8068
9386
598
1550
7090
2526
7102
2921
2386
2742
7462
4717
8183
1537
2381
2409
5482
5079
1699
1150
7682
1082
1161
5454
2493
2020
2743
9410
916
4271
1999
9360
8282
4585
6882
524
189
3953
4830
8650
7753
6955
9132
9358
4701
7849
4900
6010
7190
5941
1594
2414
1154
9627
4259
4723
6178
4154
7199
2299
8089
2873
700
7832
2572
2174
6149
1549
9018
6385
4095
1353
1685
1926
5051
5005
5936
4
9472
8973
3818
9582
2201
8499
8035
3983
3406
3323
3667
4383
3826
1522
1353
7529
1324
6876
8452
8424
7026
9687
9515
3570
535
6748
4122
3815
5493
6702
2715
3447
91
4544
2082
7439
3158
6798
5797
1745
1816
2526
3395
8593
4162
7286
865
497
2139
7644
2519
1416
2838
1137
5552
294
8671
8736
6696
2771
5005
1267
7736
8650
8332
3982
9269
3188
7789
940
1536
5676
2989
9522
5851
2250
1312
6425
4004
3179
874
9662
4058
8415
7739
6756
3220
9088
8276
8375
637
6651
8188
4435
6197
243
5542
9680
3718
2133
9364
3201
983
682
5500
9473
4607
1128
9696
9488
1305
4077
916
4748
1762
5276
5953
2119
9058
7395
4601
6791
2932
3184
5894
9208
8641
6921
580
9585
8303
9126
673
8025
4199
4984
3435
6095
9718
1993
1281
1676
2740
2066
5229
9079
1750
7773
5742
5154
7205
5316
4380
4792
5694
2601
5218
8688
1265
6854
8118
4089
1436
3998
6883
7373
7456
6285
1036
6323
8917
2361
1974
7771
232
8397
1620
134
6215
6190
4341
8951
535
5206
1896
301
3940
9222
8405
5797
4598
7516
5356
7144
2820
8640
9363
2102
9249
2136
1920
3351
5594
1305
3540
1312
9149
2114
8399
7652
103
2795
787
9007
5792
1784
7965
674
4193
5088
1298
8144
4176
7458
3241
3685
4056
3397
3173
3361
9976
2641
1853
3200
1338
6191
2019
4440
128
4904
4266
3575
5995
4679
6015
4373
67
4486
2065
6855
1581
227
5074
3165
1904
7161
9855
3544
2515
3284
2720
1589
5344
4372
4114
5113
4833
9156
6510
7197
874
8821
8951
5485
6310
485
3546
7988
8558
7699
4910
336
6604
579
1129
1888
1228
6843
5260
4086
1430
9930
7810
2523
1009
1836
6870
2301
3256
3997
6780
1812
763
8490
1788
4957
1409
2817
9045
2653
3049
7176
2700
283
4547
797
3409
9887
2022
6551
1774
4509
1625
7160
4188
627
8427
5844
9201
1201
8388
3240
9120
6068
5033
951
7888
6564
5572
5682
7233
9669
1194
2665
2855
7233
3192
1125
2191
5122
9100
8774
705
2192
4362
6922
7689
4839
912
9292
2410
6201
9904
8068
2444
8323
6929
8718
1239
7090
4045
6885
2537
3959
1187
1479
249
759
3966
4642
9593
6328
4504
176
8186
5853
5686
2092
650
2662
7671
7070
2357
8733
447
3674
9467
1295
4803
7116
5816
8450
8658
6855
2677
5638
9956
3388
9424
9455
7963
6737
198
9215
3044
4513
655
6160
9572
8798
6347
3175
3485
5891
9945
6113
4127
391
4418
7759
1853
9551
418
4964
9507
1023
2142
9396
588
9802
8519
5305
9419
823
9196
7059
1183
2864
5233
472
8509
9900
1095
1891
5770
8634
4429
7604
2510
8129
9146
863
9219
8187
1378
9694
6772
7935
9674
8116
870
8315
2960
3592
211
9621
8173
8581
353
6364
6582
7251
3316
8173
9871
2633
9007
199
4990
9750
4904
4432
2336
3962
3521
873
1890
179
1329
7752
9778
7047
33
7292
5457
3499
8303
5044
4752
690
6870
1801
3671
8956
2101
6630
8913
741
4151
2168
8720
9222
8666
1284
8121
2372
6360
7986
1363
6347
7896
8793
2826
6422
7583
6484
9262
719
1218
2200
8083
3920
2465
445
6138
7082
5895
9452
6759
1260
3586
1738
3415
1568
7575
6869
7071
862
3709
2385
3506
287
2395
8572
8381
2548
1710
5128
7708
4287
3146
9929
512
3101
3477
9264
7499
2987
3163
2767
9224
6631
3416
2076
2751
50
7454
6282
4388
7201
2516
3858
6042
6500
398
5829
1782
2877
993
9761
4340
1990
6276
4907
211
9810
5606
7546
8923
3740
9032
8617
3996
4549
3593
1614
6850
9271
9995
5378
8891
6031
6164
7178
6423
8357
3192
7901
9922
6358
3381
5646
2985
6378
6156
8977
2812
9707
5290
3761
4505
9914
9246
3280
4735
9311
7542
5416
9009
5494
9931
5626
1783
1221
1924
2833
293
259
4181
2395
2286
3541
6501
1079
274
9785
6416
3910
2708
6869
78
9373
5892
884
9027
4392
7342
6567
21
9264
9615
2158
7566
4244
6805
1348
1774
6850
5917
9548
9770
8495
1333
7368
6088
7919
3629
7677
3633
7206
184
7513
4442
1822
9558
3219
6412
2414
5160
7402
665
7233
4584
1703
502
6214
7324
4911
8815
2106
372
233
5234
2267
7236
2232
4203
4424
767
7914
1668
8148
1510
1777
9486
8438
239
8078
3342
2374
6508
4180
6399
9300
6193
9533
1552
3493
4883
9632
1021
9399
1432
99
8155
9502
5567
1582
7408
4500
8017
685
1474
6052
1537
9424
8643
4817
2642
9332
5626
2274
1619
7019
6306
9790
5439
3624
6327
8979
1161
2
3922
1735
2195
3117
6824
3464
9138
7569
2882
6190
1506
5101
4925
2815
4908
8672
868
9951
8242
4273
8131
1739
9039
7366
2507
3883
7882
9610
9217
6828
9647
352
676
475
8415
8532
323
4018
1029
6356
1629
4901
8032
4605
4672
5092
8020
6502
4313
2419
3277
6382
6928
6085
7950
6230
6898
6305
717
6858
3633
1868
1925
9619
7120
1957
6624
3715
4750
7875
8053
9533
9168
3635
4164
2674
5562
5152
7676
2244
4506
4555
6510
1370
6013
1737
7656
3167
294
4098
7003
1065
4075
798
2092
1265
6395
9501
9184
3811
4681
30
7798
9838
4936
4433
8694
8771
9127
9913
9005
7365
2624
8549
4265
4703
9890
3464
428
5032
7504
8563
7040
7650
3326
5945
685
5339
4543
9067
625
9266
7216
5236
376
8662
8538
1689
2251
3811
3322
854
9610
9092
9288
3044
1476
29
3586
4926
6963
7129
3947
6063
9494
2138
1984
1153
3851
4630
6871
7056
6225
6314
844
844
3019
7465
630
9268
5835
4652
841
1498
3715
5474
4274
8673
4643
4628
9758
3821
621
7889
1673
7367
7698
3457
2381
1874
7616
9072
4675
5077
8217
6967
3666
4921
3773
5061
7316
9818
8177
8388
3416
3097
7305
7554
4386
9394
3852
633
5572
8490
9380
1767
535
8431
1899
5635
9245
5620
3767
7893
7805
4663
2414
2560
5532
1302
9681
2034
9301
4020
6999
5174
4670
3676
2850
8374
2865
6350
3124
2963
4562
7689
878
2887
3610
4805
600
1333
1370
6370
8318
7900
3988
530
1848
8366
489
5338
3897
9662
5851
4420
2209
1252
2449
9322
6781
5924
3894
7936
2760
287
6691
627
7818
4301
5831
3342
7310
208
6611
3916
3999
3251
7484
5693
228
9122
295
1594
9174
2187
527
6533
4150
5188
3748
9946
8136
4435
7869
7301
8942
3956
5103
3806
6888
1077
4940
6799
7354
5046
9586
5810
4655
6883
4669
3410
5107
951
2057
1887
1159
20
796
4473
6476
9398
5200
2767
8938
4405
9014
6794
5918
8459
2849
2432
6347
5738
3279
6647
8913
7153
3715
9179
7737
1433
5032
5513
8809
5510
2881
49
8798
9646
1125
2871
8884
533
2153
882
6897
7634
8813
8384
4383
5802
9496
6515
5988
4843
2592
7883
5571
2015
3309
9379
2910
9065
7271
8169
9404
1459
3115
5297
6105
1781
770
1860
3498
3836
1271
2475
6037
7193
9713
3201
4766
937
4905
3236
847
8927
6857
2266
6758
8843
2887
8463
9035
5408
2067
6723
2073
3220
6578
8868
2993
7891
1370
5003
304
9332
503
3404
8918
1845
3104
9819
8749
2516
9683
1176
4070
1679
1713
2858
3369
8280
3958
7460
4277
4188
2761
3714
8165
6410
3107
2673
2946
364
8190
5673
1894
2836
6494
8726
4408
6928
4476
6103
2438
2318
4497
6976
4412
410
5022
5679
3741
3671
7171
5370
2765
2340
9867
9325
3404
9283
9872
1951
3441
6940
8762
6557
8673
4038
2295
7989
595
5522
9703
4266
4400
1200
2889
2151
2440
4935
6413
3730
5021
1179
3639
4746
5120
9349
6002
2625
4900
1203
9574
6072
5173
7678
6181
5620
9907
7502
501
1272
1734
8469
9738
604
114
1221
2597
9122
7103
9981
8927
4634
7312
1597
4580
162
6906
7171
3339
8809
8402
5431
3972
9072
157
4065
2240
2278
3228
6154
9279
3560
3840
2890
1285
8469
429
6167
100
946
5805
4685
7426
4084
6511
4776
7464
2695
1564
9865
2196
5847
2735
658
7592
4213
8114
6777
3504
4500
365
4555
9833
7836
2593
7374
4245
7759
5090
2490
1101
7944
1139
8922
7334
8205
2571
4187
7308
4791
5670
3957
6808
6159
5891
2330
7729
7965
6089
6511
100
5714
8400
6866
260
2549
162
3650
3184
967
8191
6627
6809
4134
7677
4172
4855
5574
9064
7682
8945
2646
501
966
1304
8509
495
4257
9816
6509
9964
540
2602
7453
4823
5859
1864
3600
4434
5561
2128
886
2824
9703
2078
8022
5001
3317
9703
7031
9623
7566
4017
7519
1818
1434
4201
5572
4758
5164
9726
1336
5399
7433
659
1878
2192
4939
5772
8363
6691
774
176
7229
976
5574
8967
8667
5754
3549
2472
9629
9327
1589
6441
1496
1249
2708
70
7038
9669
4325
7685
7869
959
8985
336
760
4218
880
5095
6991
7969
3399
7519
2361
692
5537
4888
7435
5760
6875
3795
3099
7055
5624
5155
4833
5161
5797
2340
2883
9648
3168
6597
9212
8418
3348
4794
7345
3672
4597
2932
8512
6022
7139
7130
4337
9575
6547
4761
3244
1053
406
635
2003
6420
2581
7698
4419
7141
2036
667
902
6061
432
3684
2950
9903
311
7957
8681
6907
4697
2635
1135
7001
3303
55
2434
8048
1932
9381
1546
9626
9600
8282
1590
4069
4439
6493
5549
2897
4106
7271
7706
736
8385
5071
9536
2636
3564
2651
984
5042
4347
1109
5018
2217
2613
7796
7024
6854
3590
9799
1763
9497
7302
1495
6603
807
8953
7038
8599
632
7077
4130
516
5697
3026
6861
902
4995
5077
2617
903
7584
1539
3917
632
4219
1193
5039
9320
2929
6953
1935
1795
8178
2854
1341
5983
5062
6392
8736
980
5846
7477
7641
4578
5703
726
2479
3298
9366
1734
7773
8014
2630
5973
2077
9119
5071
9891
4427
499
9002
668
1934
966
2293
9874
2652
3501
8968
9994
1906
8633
1022
1439
8539
3299
6992
3276
5032
8395
9144
9712
812
6266
7552
4671
2449
7463
3736
8293
9151
8272
7919
8493
5060
6829
2575
943
7034
900
1976
5616
496
1152
8427
3835
2121
5534
6984
6403
4480
8573
3748
3031
4227
2259
5881
5158
2082
2951
7658
4546
139
4325
4653
2932
6927
7053
3097
3224
6093
3127
6638
9013
9108
5134
7208
5560
7482
4363
5816
4421
375
2707
453
9157
7554
4525
1806
8730
196
6862
4244
2534
5709
8389
4443
2760
904
6715
6195
4825
8646
5846
1389
8765
522
6014
9282
81
2256
7151
1145
5971
2886
3408
9612
9323
6068
7910
4265
1718
7182
4531
4515
8513
9123
3461
99
209
7348
9454
6171
5605
8869
1525
2185
8466
2761
8904
8599
6103
9226
9346
5874
3053
5071
5508
5157
3032
8402
5953
3589
5248
8454
7158
8004
5422
9834
1886
1250
8226
3016
5682
8148
2588
1293
8353
5736
6716
2260
3218
3941
1277
629
7657
2137
1704
4640
7300
2188
5518
630
6271
6573
1578
37
1003
4230
9937
1836
8577
4277
1326
1289
4736
5760
8459
3827
1121
3920
2822
9645
7373
2029
7325
8519
6454
1674
1665
5059
4661
6700
3251
3405
3293
9920
7926
6673
6149
7815
1161
6470
2772
7000
9585
7519
6560
9129
1679
3766
1986
7594
4005
6111
9595
2309
1860
1254
9562
1887
7243
2243
290
1560
1661
4170
2715
2456
742
5691
1419
3237
4420
3871
1905
78
4182
688
1962
2737
2975
7317
4971
5315
5686
9049
2522
3864
2329
9323
2410
9064
3484
8761
4646
3810
6060
2840
6583
8859
7972
1557
5068
4139
1141
5422
2145
7461
610
3704
2555
458
2804
9804
4790
2562
7139
825
5522
7020
4429
7244
1198
5680
8447
4671
3582
7231
7348
2976
8090
