91029
64214
72559
19864
18015
44882
77977
9865
53000
87388
99107
4575
11481
14331
47621
37398
8975
92808
60246
15163
73255
21618
46631
21185
42652
45936
41202
86184
14696
38073
19202
46497
35269
88585
9347
80016
81551
63639
34690
9581
90104
67142
73772
95016
31427
82237
62970
77402
18005
58692
93497
97740
11327
80518
79029
5205
41790
33688
10095
44780
48683
90981
39682
63093
66636
64595
96043
80191
95391
46481
53816
3978
54939
74183
14143
8839
86836
97223
4372
48678
93470
59997
17633
6543
17724
44066
46476
89167
419
59453
88960
99743
17760
242
3947
50698
40126
70778
36209
97392
18664
8289
34980
34672
95577
87423
69127
17363
43794
11450
88772
69636
32067
77074
7536
78235
25828
51976
93890
76183
87191
71730
34974
3107
51993
44183
69928
96091
93103
32029
34337
44343
38815
86422
44385
67198
14358
69124
89526
11847
45947
85793
51418
82628
91605
99112
52834
90407
36023
51556
68309
18145
99258
81290
97850
57499
49190
89524
84878
66933
17607
54074
57494
3783
51656
84941
10997
10773
79112
88575
65753
88637
85801
31358
77446
56836
62377
19559
45669
20723
37760
30673
11753
4520
42654
18713
58698
3283
28455
75638
10189
42837
35707
82753
93417
76466
84255
89034
38828
28283
48344
64444
48671
45542
63034
51875
53888
79033
61472
21965
78139
668
51164
57290
73712
96460
16720
30947
43051
72418
62935
61988
94166
27750
99542
59915
23200
78767
53487
58525
53265
27868
36832
25210
25825
65617
23583
43267
51199
79121
83689
46885
79375
22507
27276
12660
31378
73227
39145
31595
34619
42849
48484
28945
90561
13037
36820
78952
53983
37947
72558
13703
21016
19269
87357
5312
52173
55406
63815
46953
46975
97809
35921
44939
35614
73660
42303
19312
60422
40440
45358
80235
76374
52508
72297
82403
47127
50674
71124
57007
97717
13429
50971
75410
59379
58079
47028
64361
93693
44294
46232
9545
82358
40565
76370
97573
63942
86737
44300
51906
80325
28977
8631
38396
83824
21418
31647
64517
50571
19433
91927
36278
43398
21013
61057
31884
82652
56090
77133
58047
20830
61951
69263
24802
27954
48901
73905
4887
1818
19118
92489
43826
11074
48757
88346
82049
39384
64000
43670
78453
88026
92000
70580
31544
71890
93488
41139
90055
89169
2211
12037
6959
85853
80717
46648
57412
77017
53484
68445
18462
63164
55087
34530
20867
40093
34523
462
61541
63648
72470
5080
17636
95678
48050
72103
37410
45664
45821
50238
380
51787
32872
71659
95886
63212
31720
92573
77089
89148
31755
35241
59715
31268
18423
83464
199
60081
62171
16302
61668
68137
19702
8254
27068
59901
23479
91070
40089
12484
18135
22327
4483
63244
15721
59306
94938
15421
6776
67452
23961
93007
72720
35541
12391
20570
43162
14423
67177
32743
51230
63566
62652
47044
83998
6007
67608
56090
94882
61411
69835
10333
60412
88525
97530
14218
36776
95413
42879
99306
59033
8402
5430
60493
981
53579
43120
57719
92024
12880
83143
78817
97960
76007
91675
61292
71251
53271
85240
86325
22109
26304
38433
88828
64032
97297
78488
59351
8274
21789
59048
32112
40928
48416
24757
16083
54978
44404
72743
57145
30326
56476
24132
53138
55238
99838
34798
57982
91570
26655
77353
57122
57859
36599
11982
46172
36950
24361
88576
42584
19433
86521
52142
79397
61503
35509
59707
12478
44382
83731
84446
38466
72550
42162
79208
22454
42170
92605
60128
66963
10441
1399
57825
63945
2373
1846
89080
602
74091
79719
14489
50484
20579
67132
74447
59572
99285
66900
5033
71223
67668
15170
52029
51816
71004
77111
5670
63672
67462
98451
1458
40901
38974
57110
17103
71893
58345
17194
17111
80212
30616
88494
42917
2973
20766
91845
25102
62641
97561
19363
84025
28880
90921
94236
44767
53763
17313
74151
63176
97971
11886
61909
81319
59400
18766
39758
77783
16547
23126
80205
74601
78339
75012
60833
65821
91923
46458
14915
66694
12243
99664
1477
74999
68465
19896
29098
86280
77891
98752
28901
45661
42432
189
23541
86525
79902
32983
77316
80766
96424
16089
81998
20795
1245
44823
49306
45174
22584
35704
27055
4726
44451
30470
21056
60453
16161
30829
40255
66182
4948
53068
57683
80323
75619
24713
73882
75479
2497
56077
57849
23667
39778
69190
59321
84706
1860
30276
97363
15750
43769
10373
86057
50185
98759
22220
95918
68914
89099
45190
78128
38416
74373
77154
73871
40997
91502
87011
25623
78927
58746
35345
13676
10565
9187
91551
21597
28419
45541
49065
37886
63334
43345
41562
48015
47622
94475
88812
88851
23645
20782
62995
33046
30334
37209
32381
65366
29948
30471
23749
27775
18017
77596
19258
35978
54108
39466
64701
9812
59399
15289
55057
35651
5642
10521
94705
96015
27996
72994
34838
3140
24009
89605
67448
1575
58704
20046
30047
50536
70049
14914
13723
14423
65114
74631
9940
27712
5894
22138
77288
25587
12087
99915
64537
18818
31622
59500
92418
39109
60756
32261
50340
28536
34716
10299
38486
31834
26151
26370
45136
55375
66746
10589
63130
23438
60225
81510
7261
38899
47029
9518
20902
99
26865
48354
47526
20235
7915
42610
32756
20452
52522
61934
17760
35791
74142
93843
43728
5876
68960
13620
56828
80913
74357
36874
96455
23251
77854
99654
35633
51759
53145
86195
71629
1172
42377
57066
50794
3397
6215
10294
51248
82568
42499
72261
92472
98783
40773
12565
35672
65565
78574
30347
69309
92352
64110
90157
74103
14797
8113
96902
52498
85249
43291
56559
7538
47914
33983
17896
49698
65113
75436
52853
72522
18271
12087
44550
64037
70616
84938
96029
76163
82067
78579
50199
52557
44178
87133
56262
63150
21211
97478
76635
39080
34341
72578
69196
85455
12890
95058
50765
70195
15058
81961
54276
16804
38695
76408
52055
76722
8571
35685
43083
95835
87154
98825
34960
759
35380
28964
45048
31690
1844
30067
26418
53997
24856
25272
28397
9868
92392
76531
18481
29818
7365
36753
924
52060
21316
98234
87604
16082
44449
25135
17320
66294
38291
36947
66243
43114
60280
83601
7161
96043
49217
39340
46185
11044
92383
46447
2297
69604
74287
53056
83675
16784
9022
23440
23506
78433
65688
11095
5292
70258
15084
72010
55852
15681
40743
40103
62107
35901
96704
67680
48459
2309
64302
77396
1858
6970
91754
8556
59587
6732
5805
68321
69764
95625
23740
45905
18750
79384
98767
38966
93513
43873
33368
26641
83008
55872
96041
35835
16194
90350
26593
51719
48785
88432
78501
25337
24554
31912
11125
92075
57676
64945
55621
29526
93919
36946
89636
59258
68274
76236
91527
69585
78410
19100
22132
17951
34487
3351
7788
31293
18257
43284
45053
35545
64095
42242
35365
50900
72643
37291
48812
90254
40008
45731
62665
55907
28015
46862
75835
34577
20246
77497
43057
95991
98754
52455
89776
9900
3118
56992
56986
12346
2347
38631
29431
23204
93916
65399
20552
24793
29577
96802
62463
34721
75591
53229
13219
91538
33242
62130
29605
76292
61546
29313
55382
79454
72097
91942
8321
67877
66441
56523
84183
81722
38861
20604
49860
31202
44825
78163
29800
64585
32321
94717
66230
40269
3107
87929
82772
43336
82276
47658
50374
53439
64957
53430
6590
5645
10973
78344
36290
35708
17853
44372
35189
88993
80956
95775
26713
70245
54058
34283
45209
39699
8014
71954
90534
59949
63807
48713
12050
7572
1621
97854
91000
89760
73113
81867
45209
13802
19456
542
27062
96378
64265
88850
91911
22254
89395
92135
63983
53878
10902
79216
68140
64348
95812
17769
34338
74855
26239
17981
27715
31961
45796
75905
48357
29974
94704
49702
41824
8462
71453
2673
2222
81040
36708
14771
74471
38197
13188
4740
64678
24498
89244
46175
52151
46592
46051
60409
6187
39718
53666
66227
46905
49732
67416
47448
20728
38245
1135
3529
84495
85765
85665
9783
40995
67212
16716
90567
5527
53940
17912
65904
53180
54948
19696
32216
73645
30013
50405
6337
82564
50404
34379
52947
31144
46993
92144
73823
66621
15259
69283
57787
83468
11948
99662
46497
60753
58643
87290
14850
63897
51981
36236
97597
56206
24550
81177
32113
11753
46773
57923
66244
72026
55065
21053
49222
20627
45498
67693
9834
33973
58488
78252
90023
442
35263
60069
85102
96664
31276
77991
47602
4541
76175
98313
47685
17132
51339
59773
28621
88886
88072
48881
24858
34677
18475
286
7638
15425
78968
47721
89091
73585
53550
60020
97318
57551
14373
30313
36398
98067
48528
64776
27398
28236
76088
41008
93524
71450
30038
22306
54526
45425
44833
4444
53875
2116
81494
27205
67360
18725
45154
22169
83461
25246
86988
69595
57450
81069
70810
35101
44674
58616
2140
8253
51559
41375
18644
78771
2777
63918
69730
38903
9203
2729
38437
5431
50330
6249
44788
29261
59853
9910
94316
39796
94244
22609
13222
62525
48066
92425
49992
61361
52371
35254
68557
92551
81215
28768
23315
74939
32866
14229
60837
65509
25540
83288
2764
86271
68577
8954
74785
52438
36267
65044
42572
30804
96853
45465
66197
13696
62610
73570
92242
77276
9677
59250
22792
84620
99229
83529
78926
7751
50366
9583
60305
28658
16636
39847
55108
92019
36568
88340
67952
27523
83510
28047
21911
76327
43900
52706
15701
98760
55106
4789
23526
585
37144
7242
91164
34092
56590
81492
44537
3104
43913
48448
7398
37677
37782
46859
66150
79120
57915
86434
63371
87743
67149
54939
88273
51519
298
37060
45331
58681
93237
96567
33216
79596
17073
79582
26116
28968
51780
59072
4319
56068
96375
55898
25230
83172
2801
780
87103
82810
30080
35415
21444
94558
30570
81808
10139
7919
5497
15956
76440
86192
44267
84876
43998
62390
31705
27176
91246
88677
29259
3248
86949
97733
3197
13384
98097
53776
71669
97868
19190
76816
74521
46851
55703
331
53564
82361
57506
41276
18038
24259
58175
77607
44330
21096
25293
73882
35172
4370
50539
65536
87527
78254
59612
91746
47261
36862
51537
5174
79979
88139
69600
75949
72393
49622
84311
88162
86323
97859
33084
66778
5448
7609
55637
49188
59223
84449
50414
55924
31922
17721
6414
87338
75408
12929
75302
4915
72313
78177
6844
22625
62415
3054
88242
69043
93386
43196
92575
56845
39904
90537
86183
1970
66631
35445
13705
52801
43926
53728
22517
72406
1293
60327
65756
50841
20777
27076
86454
31502
85155
37533
56799
22355
22043
72941
40616
57843
29415
8813
75771
73170
40357
20514
96489
77930
12061
13684
7607
94967
62077
52253
48936
92382
41274
7769
65644
89829
3720
64125
58644
67706
92733
28446
95838
86142
80947
73391
43425
86293
13289
46469
83511
18036
57400
92162
9927
61064
59205
99270
90717
99213
38254
30831
27413
32690
29342
49291
22940
91237
21251
75317
3707
4888
56996
59868
95543
56270
28425
79960
14050
33269
73402
79227
65921
21785
13946
8801
49336
63922
54631
38167
45512
35756
28852
38347
862
14703
15380
99707
3156
64707
3748
15488
69395
69435
54425
83356
80593
77256
17213
63872
57844
55456
45227
98053
63201
8718
30559
33129
33397
78151
28273
47169
45050
4428
58207
19268
60509
28505
25269
57309
89824
27992
71080
55819
90099
98222
24321
81938
68343
50436
90155
58154
45820
35043
93217
14620
41210
43624
90794
37995
73307
1520
12640
66190
70867
59050
64665
17527
92078
61672
22025
43757
37318
84935
27535
48246
75300
92709
81651
2676
55693
53104
11208
22495
96724
61130
2207
26700
56811
20716
8343
54319
31473
61995
23106
53786
14540
30442
76558
90978
26387
3777
27868
6856
55678
66806
43787
42039
92932
39558
41229
63009
19148
90419
55425
53681
15374
23567
14047
23412
76734
90577
97340
55215
4818
96183
83032
65082
48883
7384
26645
49853
69617
98050
1845
69025
11054
34150
3513
80675
39735
17901
25341
49381
42653
53321
76914
70328
41936
85647
53891
34529
6979
33335
20600
99213
94492
1646
8989
59514
70166
31368
85231
21329
22110
56562
48957
746
46729
45375
98703
74709
52944
93360
31133
96982
15500
5510
65591
19064
25819
65157
49329
87299
57799
12082
93663
64488
99624
82091
84618
60019
66048
64528
45177
33488
33387
64241
88206
64314
11504
3927
4756
45824
95372
38012
69105
67824
7375
37624
62858
10021
18827
14187
17289
21330
88852
23819
21288
76279
77537
4371
87354
30560
80896
52492
9902
15818
41484
29669
25144
43969
26068
77628
15637
72909
88263
61275
39847
67686
44105
4417
75507
2198
25815
11411
58770
34166
42083
9370
96755
63942
52479
81534
56832
84233
31792
56317
81367
92126
34668
51563
8469
94677
43490
76382
96582
48220
62603
33413
69860
99199
26478
42069
6765
95855
50986
30268
62494
40026
82096
50025
35135
34064
29526
90054
19045
87797
60545
65555
69901
61686
53807
32092
79508
94093
63248
37264
31103
52237
76449
40829
74800
33277
75046
14564
99886
9187
30269
93671
27692
65194
72817
70709
2887
60973
61546
6401
17407
98578
43931
52087
15880
1912
11946
51180
85570
24666
75889
4310
52951
97984
76310
34019
910
99594
92079
92261
51243
84124
78222
2555
62856
34563
62321
34856
55557
72502
2528
37053
7517
97462
19105
76028
43967
20736
97406
88944
80525
59673
17192
98117
31272
20629
60790
45384
29806
73656
91455
96715
72654
78543
9565
35418
86691
54786
20539
16165
50314
58923
11917
2542
5500
14528
97039
7099
44639
16299
77652
53194
87953
79157
92075
37753
95916
93255
94181
74872
23786
87384
3145
98739
52498
56757
60639
64696
56023
11300
77127
73716
91539
68093
77234
26288
21949
83971
56111
98893
31440
85716
87935
62205
89361
56667
27717
46242
6161
16840
98433
93451
8059
46752
85272
96494
47229
99409
47671
4216
83818
59770
92449
74806
91399
30296
32655
25634
57648
57693
21184
91531
67543
6713
3529
20246
22144
86376
47368
8070
34424
19071
77017
38952
68332
44443
62079
57888
81022
14327
46518
439
50283
47796
57051
5968
78437
41063
34762
32015
31447
65744
51471
5383
30826
58292
36074
96944
34949
47123
48983
89717
16695
45623
39160
71770
76478
8484
85555
8273
15625
90157
79756
16915
20487
53329
75839
79183
44274
41680
53499
12388
20254
70086
48184
21442
46379
49359
94803
27208
81223
39774
24206
36816
75004
39616
61156
13706
90329
70332
22183
93505
30432
68849
47380
90744
74243
45690
98130
88804
86679
83319
93668
27970
18738
65657
68934
55899
15445
97857
15394
4553
83028
87468
41964
69017
44904
62089
27213
41470
1020
15210
55957
90039
72188
68256
70381
10031
66829
81386
11627
17691
18608
50048
36917
31372
1725
5747
58383
37162
3308
23745
79334
90654
15780
82332
99191
37106
58460
68334
51380
54457
45827
85571
36216
48493
40132
49547
20272
21103
55825
38970
53446
53197
29028
26052
82377
63045
15565
37752
91621
22413
92233
20871
94601
77220
20040
29766
65903
61111
10497
53565
40140
60884
73041
66477
34498
23802
67884
83313
57252
17901
59810
71985
32635
19560
88899
26411
72439
93742
69791
87126
71759
22328
55154
2597
13580
79386
12122
9832
36530
48789
83460
69662
626
81403
10912
48201
44519
77604
59736
30780
42378
6832
55078
7153
45393
72547
46004
67421
31373
55025
962
35286
51732
22904
2067
18443
26335
43590
85887
71171
52540
81898
23574
48165
63295
75816
91125
64298
63640
38919
39135
66303
66491
67584
5370
18127
74065
67181
2872
98343
33254
38900
65214
22276
3529
72497
60557
30209
59196
15906
69539
85578
83813
30706
6739
13555
99897
39399
28415
41397
76541
94317
9274
34755
11076
77557
36619
76426
54696
3426
54450
24570
91565
26901
16797
5292
9885
89384
96964
41438
30671
66009
53999
70562
92731
50295
98631
69039
28464
55166
28766
44250
97495
27397
79735
11241
56030
4125
26718
73691
592
76358
96508
14453
4678
68052
17350
52537
31729
66503
40274
2887
96324
96750
52208
41085
8661
82303
60771
45171
50812
88193
98296
15873
18265
6483
94584
90786
83271
94100
44976
88717
17858
55108
13474
15972
93461
93368
16200
44807
42306
14802
98113
95081
88626
54109
18704
88125
32131
22597
51015
26000
51356
61265
60608
90387
18717
50627
75295
8169
70768
6698
73378
73340
56129
68764
5155
8672
59640
12054
35600
89355
58488
38494
4814
54539
71849
96073
80288
92333
74922
11857
77901
62008
56231
19306
75762
56164
53632
32729
37624
53777
87341
83522
75353
21619
46023
45010
4770
52601
35039
99707
20128
8010
81725
95070
96032
88397
82099
21243
25242
19587
22910
21186
18913
2498
47906
36231
46744
86693
19590
3982
442
62665
7543
90941
54518
43028
10256
9774
57930
27200
61393
35321
50098
73646
9799
6680
26132
50616
82565
2921
77534
94734
18861
29752
18027
50264
8658
57176
79476
96188
64760
78682
89881
22928
38153
19031
49210
47404
88174
78624
15956
57873
42443
37131
11287
34863
41956
59620
39715
33549
52352
24521
85126
39870
3869
22869
63093
18605
28909
28672
56442
41235
77924
57111
83378
54920
26168
40982
17910
96672
62228
23901
20614
20897
56945
3490
5919
26902
27913
52427
58274
89253
31808
7295
9076
72611
34041
99073
82400
76949
78520
53878
5908
94814
38223
41285
45280
83062
39077
64945
97451
34794
84280
21373
70966
84570
1881
71017
95790
27601
35325
19154
96964
47207
65236
7609
56451
80104
39423
20327
57826
56098
33694
89448
16156
6709
21650
90991
79446
363
40301
20314
62201
76382
92553
9175
40247
7844
55152
8843
74176
95256
73501
91418
85382
69130
7887
37656
49426
49210
96844
28124
16715
13737
26658
66126
59888
35770
65883
17708
13373
16069
12385
65930
84111
63703
82071
25696
46633
93688
44619
12850
77791
7566
73820
66289
34803
81765
68561
18976
16609
87265
36118
61811
49452
75060
23223
31603
51203
63832
17246
76483
78572
42482
4597
39500
3890
61782
20237
35938
57907
26807
72415
56125
4499
44722
42438
51245
1206
25223
81932
90716
2185
17156
8443
81685
12400
74342
65726
2887
15605
88583
27268
65744
52634
79696
39331
25290
97399
42477
43958
22147
48232
95765
55100
67824
77456
23318
42009
88241
84168
86244
73445
80697
70187
12997
6843
23285
63333
27675
93733
99254
64721
86299
43104
62648
53778
33666
71729
45710
49510
23461
72016
46622
76672
40399
15207
72863
29134
74015
36988
44385
90394
35619
53632
32032
39125
72041
51508
38970
46913
94477
76604
9989
76462
18805
83377
84060
12857
38125
50223
9776
52765
42741
71109
44441
16912
81207
95297
57400
1051
80659
8186
66924
54854
81419
40539
43098
8444
68251
25232
72157
24397
32162
33124
14801
17469
99246
47159
15835
59284
7187
4631
58860
80525
89568
61699
7615
12391
44649
97588
2448
98183
25523
8483
80078
26481
309
90801
1248
61391
50149
61725
20457
81916
14311
72873
79804
1309
6203
953
11576
14841
59283
37657
69803
24267
57515
62095
63384
53940
17634
36272
33641
99262
40024
87746
46239
40284
25659
71173
66494
40424
1789
9712
52698
25812
87875
16400
91992
397
88465
3254
68497
8772
72661
65514
67856
53519
76440
84325
43664
78723
97031
62489
14351
54289
48449
32844
7408
13979
1092
9779
71687
44440
635
17517
14052
63047
53246
86534
82250
10220
6476
48332
2256
1609
77692
27493
11260
31651
99442
93731
51170
19389
12028
69135
4856
75348
19099
51708
5829
60846
2948
6040
69496
86449
98669
72596
13544
69664
5846
51835
951
76063
76191
50188
5401
40584
58180
51073
47541
65999
63068
52450
93824
16107
5520
11446
45615
20955
55246
99872
70794
73901
4211
67845
19553
71384
32051
71680
94976
70709
49810
10242
83675
75360
94771
30777
95344
78574
4574
5285
65984
92079
54255
17887
50633
44592
24354
93772
20961
20422
68612
26531
80376
59551
11064
89863
14077
45394
18296
3663
57894
68949
89580
42222
96234
22179
84358
39944
80217
74977
17324
1309
68789
40692
98213
65541
56976
94006
66407
19532
5425
39167
81308
28886
76488
21738
28687
24910
62016
82112
21818
23611
62497
42172
79434
22024
69547
7055
88452
90361
43154
97690
43722
11404
27307
68762
9933
83412
78617
97596
26499
6539
69111
94830
65225
12074
80616
10593
44721
31420
66750
73662
36829
87510
78132
61894
73378
72751
14689
81700
92938
77280
87918
91382
6265
80582
44906
75614
78666
79930
9855
3146
35091
95086
59444
77322
58272
54068
1983
48502
98587
28746
34988
55115
22353
76634
82655
89415
91749
1760
94449
62938
33223
2754
16190
27999
45274
28857
28340
58615
37163
52225
54912
40350
13453
55890
10997
10839
32720
56738
47892
95595
23545
54559
43756
28731
83532
92432
60816
81425
41128
57145
11853
94338
94161
41058
74269
46006
16086
10045
62594
72506
28178
99265
78672
55149
93020
46521
47697
70468
20654
7379
1964
20090
24282
68395
60489
41002
78660
98006
14973
66314
53881
85838
18500
1550
42642
49745
54577
29899
56831
60559
5809
26705
49802
22003
39366
48494
68377
36278
52704
53870
89104
14715
44041
33483
44480
5035
392
95507
35273
22547
57493
87527
80135
18009
43424
55289
78047
27854
10562
77162
57822
27691
18715
54506
18729
44264
3207
76485
16500
44660
48138
76773
42939
13609
96781
67583
60654
65274
51240
42793
2577
29043
63857
83138
49674
66858
30221
33974
37045
80717
5177
1800
21711
80007
98847
76898
11073
87058
67394
11470
83950
58583
25023
28998
78165
6907
22333
86983
56242
27683
58772
80964
74028
97166
10641
4740
31523
21688
34606
98816
74080
23102
76005
54917
43385
48777
21472
63493
53138
93425
32538
28435
76378
28670
25064
20575
34188
1972
93694
99085
82635
21644
84650
80128
90069
64739
31821
66618
72766
21531
84596
19260
69283
10911
14756
86403
43338
10806
95685
90515
60902
51973
59308
11637
60823
43841
35462
96617
53542
73734
72207
36627
1804
60485
89151
7974
71128
3079
79123
42939
35323
55851
33453
20784
87891
91752
12205
71598
42970
46462
96584
50035
27638
90554
66387
95564
71416
15970
59167
16551
24663
49360
24467
31774
70245
45582
29048
25934
48317
56825
198
8967
32575
45286
11483
22542
29305
9383
87648
87795
50669
99847
99091
77942
23687
60046
86459
4637
60205
58460
1608
90580
14913
90682
43111
29873
93936
30647
97839
25385
98249
95820
37966
91658
21034
79649
40436
95113
82352
7522
87363
54541
7033
25725
91043
14260
33842
76216
60861
59627
44292
85131
42459
50119
86751
59923
67414
19068
99118
96165
66797
32058
70839
15498
70899
72992
60204
72651
30897
67045
32822
44963
11820
82980
31795
44016
31012
73979
2468
52203
20173
49170
25300
67717
50489
88389
2225
6953
8484
36213
72173
60382
60036
84361
73202
98820
88291
32742
14710
81915
6629
79793
16180
51510
25899
76989
87486
12484
66368
94716
39107
6491
29252
59232
45694
96012
86515
98262
96832
81226
72319
93596
53692
42016
98485
46256
16635
32336
71652
37888
67048
30794
83545
70319
89262
65105
73128
14492
18570
80748
6427
19072
5686
56106
99250
81825
21225
79214
68482
43061
22877
11476
69719
26803
32836
76776
7467
18796
43314
67195
51960
76309
95775
94231
38105
75549
77108
46172
97933
44919
42385
3821
14531
55404
38833
58039
49553
38720
25136
33052
48710
21623
75122
21449
14908
29299
24757
92216
31841
78583
10290
85266
80613
75376
62155
89248
52990
93203
13701
26176
28712
47616
52545
20643
64258
45227
50823
53336
80506
39931
22526
57629
11734
29498
58038
50023
4677
3579
25866
50238
45443
44234
33476
3101
45054
86624
2790
57225
37108
18372
14179
30481
30969
81813
18989
60983
22460
23438
54767
22968
79067
86649
2348
7379
2899
37354
69353
9636
30492
77772
24929
44977
37343
15544
1787
955
24332
7268
5470
52550
14727
10299
84174
57799
69740
2544
37234
27132
60233
6942
23332
96253
75500
40313
83366
4765
76349
6537
52912
30212
26951
72166
24377
14891
64592
25242
66120
20066
51538
63503
19600
75896
18612
59033
45484
83981
84967
70556
58489
4251
30223
51475
23923
41862
82013
70680
89914
58109
14193
88005
94828
36662
87815
95119
87171
72038
561
83106
27663
73277
83866
84666
787
8385
3332
18767
89415
99538
48826
26564
76894
47612
85052
40807
33443
25928
44096
98781
18357
23868
95332
33254
84773
70399
79351
7896
71650
23133
6972
49974
47779
98429
28126
61442
43431
84965
60082
50984
77603
7189
59205
31010
43773
1064
29089
97913
9996
78628
77074
33273
58787
43943
24741
8049
54675
4626
78762
88519
37394
10248
76990
40177
68754
65752
61670
36492
92098
35117
53361
9533
28411
96033
46696
63261
58384
77603
82968
82208
56076
54628
38293
12064
95007
41816
49587
57992
31004
36130
75947
40968
78773
96853
4668
43890
28351
1215
36483
50470
50345
98123
52210
1229
11657
94996
57887
12507
55886
60826
4090
63090
60366
56172
23178
84681
2477
50293
10668
80495
91550
21581
31557
32323
45281
56832
98794
11630
76233
97881
22918
1494
76056
91965
67182
57598
30929
21855
85094
43565
31032
61524
8377
78788
79424
98340
43772
99879
57006
27663
43529
60995
80766
5229
6391
1200
43096
13290
62579
97851
60341
71683
84951
99684
76813
76314
83927
79854
21394
5210
9584
53797
52897
88075
97211
76511
49343
28496
36812
36680
66412
37523
2386
89262
41969
84043
8498
40065
55572
15684
31820
19457
46662
52192
74249
66126
55821
4469
56625
34949
74026
73821
39122
78453
20240
58838
25197
55514
96063
81004
58659
44018
50609
49876
86227
28097
56601
40413
39934
67960
80756
57444
8602
25027
4850
5591
55697
57487
36813
29922
31714
95227
96054
15088
61785
87642
32709
73213
15322
63129
50995
17095
26860
67499
61363
80009
22326
90594
47626
88287
81857
80714
3215
13342
14126
55035
80218
97472
83019
41390
53116
63160
24298
97368
63392
87910
37622
77406
67393
54646
29306
74085
16392
26925
46160
98338
93805
36875
62141
81494
13703
47185
64548
14261
66790
79233
94379
916
93874
70546
37318
97071
17982
33557
74907
57663
48730
3205
20367
83798
87338
98385
5793
34229
76323
26258
43434
34270
42999
37850
42871
7507
99907
7430
10121
62540
68534
56869
80002
66427
5048
67107
78854
34015
22919
54297
64471
6689
10361
98883
51339
95172
65213
23036
36208
88747
43697
35714
25677
58487
22447
26973
20753
63429
33277
15931
92982
32471
8518
66766
4458
78196
31763
70688
38985
99512
82467
11787
20668
54907
12024
18600
43637
49816
78632
33566
54744
90135
77747
60751
68289
13163
77702
609
92858
6698
64022
17281
88403
48230
84240
84667
2000
25759
21146
21335
49372
53843
22063
28134
8428
19500
57044
54473
49795
36553
82823
40931
50440
54287
81517
64289
7077
60574
38700
78767
59697
13600
23099
35972
57386
23887
38677
86397
71998
19171
52556
65229
18392
19999
39475
44738
63992
67411
95259
96992
23493
33867
40827
55586
45339
33999
36875
22270
65009
54518
86091
39029
69156
61543
19216
74815
94351
78000
3939
22475
6944
31861
7297
43488
10872
22954
58595
62233
87163
79003
94089
6083
57676
89959
34995
15800
84636
71657
90650
36518
29158
59015
99266
9401
18127
57960
32746
46078
93979
64625
23033
22705
44227
90461
29101
13612
50254
50135
17442
19501
71040
77988
62033
96931
7510
26042
9147
61292
78751
27269
94210
47621
48172
89819
24033
58907
3271
79275
5327
54328
18123
2532
81169
41569
97150
99915
54858
21384
36411
16324
81102
85564
61691
65229
18171
73217
69758
37391
46471
60637
76693
22227
47697
13108
1159
24890
27448
55584
15687
13153
21295
56991
16625
90912
59375
79746
36792
85621
69151
86770
81993
51356
93070
46888
31542
42792
82903
51977
59589
27091
9300
45669
78008
1365
6503
2910
96442
92766
90136
44588
24046
9210
18035
19071
68878
75158
40734
96743
70364
40876
71316
28319
60411
1870
63238
74058
4144
81425
35062
2571
62643
87019
40745
84749
22009
56298
60218
69264
19725
77105
30920
56212
63173
43343
70336
42006
87776
98484
63170
34203
17416
13571
9529
74898
26712
55606
35508
2980
98776
94813
2311
76430
81117
40936
74305
61201
81243
51931
18995
54475
73899
90043
89212
87179
45335
92137
16310
37367
81381
37073
8772
74322
48121
29768
83342
90735
46177
87627
84864
32874
37473
20920
63888
33963
87012
98703
44615
73601
98510
57713
5540
25263
38626
8359
53451
46060
87848
16460
74704
4881
81491
86173
3163
84219
83835
30847
30664
5834
7801
25080
7272
13736
44328
39300
18482
99430
81715
91622
18742
15560
61584
52710
79015
84720
94052
37305
49237
58479
21430
25607
47093
72827
9188
94651
83473
44712
19784
3513
12062
62331
58160
13459
43460
19489
32739
81039
73556
67266
85941
97652
70684
94990
80513
78250
85740
87136
53274
49295
53785
23873
27515
98183
56349
33085
11472
85258
70934
11730
75328
16083
49756
50055
60359
81810
59142
40854
1556
15061
71955
50149
40655
10084
35645
29391
27791
59727
1121
59338
59697
12611
54416
57889
47425
73087
52568
64264
80896
12919
61932
68911
21095
51292
62273
21539
11163
98522
95688
36637
11728
25804
28154
92995
87918
13638
20546
18026
50340
70287
33725
22752
28335
12174
23616
36510
16062
53360
45468
72395
79092
4044
24667
50585
18041
20559
45333
10115
98419
21658
34716
8305
28832
14731
29995
21901
2992
90668
19158
17864
5439
11337
33242
31067
72241
43873
28845
4534
65180
68517
47768
5970
79461
38898
35417
30193
98447
39941
24447
49057
14587
80828
24796
32551
11191
85188
90314
64950
19994
5841
21542
15972
95719
47795
36704
89023
10802
30696
50534
3958
81786
13584
56428
70368
18660
28070
72343
63143
2922
35155
10393
8953
12970
59924
23565
77942
23051
4273
98343
37156
47757
4418
15110
35511
49468
31927
45317
85016
35517
37244
49321
60306
50787
29382
32908
34150
93399
16635
77227
46614
9232
924
69947
18826
88055
44480
36751
857
58209
73639
76942
54262
83042
77784
30744
23608
80561
85965
63991
84354
48473
35820
27609
71490
29668
16103
75945
59056
55576
68964
61777
53446
52209
7709
1914
29043
44796
30412
73974
3561
35691
54150
7251
15397
28702
15336
30672
16832
13242
25509
45283
54130
37641
79820
35764
39670
21846
91683
72017
4137
5544
81579
7568
88104
69836
29795
45032
83864
74350
99298
96103
54343
68164
52487
65389
64808
30241
89864
82749
99384
84474
25159
83478
36357
13445
61177
17406
86108
13073
50015
86576
12996
83301
691
63011
68079
15510
56739
34892
84838
32626
82832
59777
27906
15268
23638
24562
2609
50203
37066
83355
31629
15304
43033
87025
84622
9330
59086
21620
80283
47214
61094
76851
48352
78936
91379
58304
26607
65848
92026
58761
50678
60461
91931
31404
51550
85823
4071
23627
82362
17182
44762
65249
2146
90632
70319
90511
57031
7807
89043
38824
98043
48002
69326
69594
59001
31884
41996
55482
63098
7896
82640
45659
50652
59655
50721
89530
73627
23424
9986
34000
78325
69035
45036
70349
56382
97366
40823
4061
43843
83506
12561
57779
44101
80279
25809
59755
4866
50912
73069
16749
35039
52179
87637
86112
15675
4929
61785
87403
59653
70747
15257
74287
54035
61583
72200
9584
38038
49780
12920
4717
52284
68103
59793
56500
40009
83723
66992
65997
3833
91399
73019
15645
14564
50124
53747
37059
8565
24812
85533
84607
56797
34513
37996
82153
92774
99864
68069
78482
8512
80767
96863
85952
92283
6475
50650
246
73493
55664
77509
64022
92463
46534
77554
35389
57323
22072
34710
36722
5587
48543
16991
19170
37436
3940
34764
43721
35385
84369
15438
78475
65829
54282
37665
65388
16062
75559
16062
13038
96018
72294
92221
43114
46591
59916
19260
2788
90358
55665
2593
86851
41916
28325
98949
77360
15889
18417
17737
86468
2031
7508
36644
68290
1835
8075
40548
97705
33294
3530
98352
42954
66154
84126
46956
36846
22639
27020
40015
87071
76813
64224
15888
82528
86147
88233
70376
62143
63614
15398
31003
92206
7463
80466
95219
84043
10364
84115
52759
2325
55945
70679
82029
80058
75190
59847
99645
818
36788
97467
64067
76599
84504
43584
67344
40363
86394
44795
52980
1018
1776
93472
35867
89063
80679
1040
77624
74828
40319
53478
19844
49740
3835
58775
30029
19818
82642
85768
40076
47942
63911
65094
3024
28623
80441
21179
89482
27748
28003
87179
81019
16648
12294
70895
32798
15478
19279
70089
89522
28418
10062
83659
98140
68915
1221
3611
17579
80384
38553
39184
24328
3072
35500
66761
34575
53592
59032
44843
57695
77158
27338
10267
54800
47171
62089
69127
87094
12549
76601
92288
20588
14269
91556
29474
51519
41764
62839
12362
32483
50581
31493
97431
31598
36067
4459
60846
2242
68247
7470
4343
24185
82318
62856
19222
33916
60777
99363
92068
71070
9674
58173
18816
48886
64886
18134
31580
61351
52997
20526
41041
59489
82260
27266
69423
36769
67832
78283
69183
66596
34901
38043
4457
98893
45066
12124
25089
83349
73654
8821
78527
81134
39097
35847
71818
17865
74353
352
98032
44449
87546
24137
15666
5594
61245
55075
42057
89815
73795
21018
95058
5380
91986
81661
27481
62855
79760
34482
52697
11528
73685
84477
53895
86289
59861
93329
23692
33920
21435
15016
93289
73504
8839
82586
55993
88449
57101
76354
98687
26800
60661
24329
5895
7848
48793
92735
11163
4994
24077
5743
21780
20655
60820
87407
19853
68727
2012
36265
81049
23860
37992
67208
86894
30651
78026
79206
57896
27399
44897
85069
35438
70442
19062
96567
92790
65114
16167
34228
50803
84894
18695
80442
59479
77006
82129
43600
12466
89289
94056
42663
49104
55566
15499
88763
79082
73625
29058
41048
40135
22164
71117
92180
65354
78132
883
18590
30513
34622
30377
69132
81677
47727
34710
45284
57174
52950
81383
67941
58357
40138
1476
61263
54393
19092
12455
99671
62946
88899
83179
93170
85438
59672
3756
71129
91044
15879
48826
61021
20595
98546
37718
78214
49260
83768
95164
52932
40277
37804
45194
52009
49855
96270
48559
72185
64340
76804
40095
85534
70263
16337
38529
7024
58432
72594
61834
40122
94897
388
23910
42600
81616
7371
99538
52669
44594
7068
77953
7835
96076
91066
91447
19130
59492
48375
79934
3065
96583
15993
91216
62438
67163
41386
88481
33807
60521
11625
75485
56511
54830
99733
72146
47883
91052
32299
87905
69664
31068
99885
6411
59491
24223
9397
87008
34932
2739
45378
7921
12107
31352
15859
19200
24808
75675
94284
16141
75188
87680
5603
65400
27608
13141
12998
15612
34039
74602
81100
28828
59558
78415
40617
95991
76605
44480
25996
34862
29454
86038
57217
25144
41119
88602
40556
3147
64591
54281
42899
32933
24380
77707
77011
56661
70869
86907
1967
96999
51987
73118
62620
97849
62138
89556
85170
88770
50901
79278
83143
76341
21365
97417
71039
15894
78930
75326
33710
79828
25225
64832
24656
46897
75445
53838
93491
97797
84821
11933
63474
45328
127
17076
98616
66336
96123
18496
86098
82399
72764
24027
8020
41839
72271
32213
20601
2322
71060
71606
96819
17767
52332
90464
58726
52934
52323
42973
72264
68415
85668
79681
58717
2980
44645
42977
74937
4144
86676
96124
31469
87796
70111
18501
83472
43796
78647
82099
86271
59940
57040
62288
67795
45067
91710
34173
96126
67201
37897
88172
57896
4667
66987
41025
77034
13466
55321
90032
4577
51640
69445
65613
61950
2360
4759
10391
6309
50902
53769
80264
85760
18177
1811
21491
53674
7421
11998
39039
21382
37676
66104
44371
70198
66709
55178
54359
91706
19885
5320
57679
5672
20234
2719
25397
69732
15777
4614
56898
45596
91742
35913
75928
71400
72274
41497
74818
34016
52089
79936
56877
66341
13531
63208
70039
3017
57172
32949
14421
57522
8329
42751
40798
5755
32119
13298
79207
74385
19648
8184
88841
96939
37365
25195
19241
3692
61602
56653
2049
68743
26351
61688
25536
28989
38668
36230
58684
61385
94355
45748
94217
77585
36329
10091
93522
25775
72846
24796
31899
27535
55891
70753
16604
87942
5614
63354
75212
53859
6310
37635
36323
71705
10912
77361
64590
95020
16964
63882
45076
66891
95068
47827
54829
56985
92668
5441
9716
52797
3283
9118
74749
45470
90050
41362
76645
32483
21741
10617
31656
82718
13238
52770
34984
22653
36937
79749
53301
96310
87711
31254
43784
4971
79995
24457
55153
4498
79898
89830
57503
36179
19893
28017
62170
34125
75499
39446
90545
89343
14357
44541
94279
74472
15123
82016
94541
4803
5896
9435
84775
84444
49985
6298
47221
76620
66506
57739
28343
79703
50699
36929
57692
18254
2136
7092
10249
38297
91757
33727
43656
50542
37999
19785
75457
65125
83784
56958
58208
63532
6982
25677
66437
5500
23373
26076
40538
5276
68402
47995
78593
33658
54289
58331
82980
78958
45958
73364
13237
81654
37575
5896
26394
46885
52336
43099
64396
18362
16450
97982
53112
66813
70348
5744
78130
76573
45767
92746
80636
48810
13063
96796
4123
47233
9250
78442
59834
6567
95112
47010
51516
97758
28841
40378
16820
85978
45797
76846
22238
70676
5858
77990
97855
44140
93283
60006
82321
39636
14229
12141
66549
31117
73283
45607
85707
78027
71897
93673
25245
85257
75831
29035
68691
3034
23815
74596
35684
89342
61518
21867
45622
5361
86415
88595
56558
89558
2716
68116
35949
27691
8027
94371
839
73518
45905
73739
54684
91566
70185
72627
31519
76019
50979
92495
8735
18582
89604
12243
57474
86241
79155
96307
15120
75802
66324
86671
25569
20902
4165
20746
94830
56421
68616
95331
34719
76650
95352
13963
62212
40804
37314
78658
45365
33812
88744
65968
87941
58580
50414
7638
17941
86638
61401
84645
51694
13231
56908
79437
4293
85071
89655
70162
13534
27916
4677
48828
80692
31573
81302
77790
69247
8965
12399
92832
89757
1057
63810
73577
51205
30267
35190
55289
72662
38916
60848
24701
83039
82301
36599
31433
7273
58928
59805
11818
49533
10697
10498
54332
32032
20384
67845
51907
68405
77578
40756
89069
51378
4167
59297
93830
77311
70579
2136
86942
66610
38300
34342
27051
90027
22869
66076
37083
23908
31684
64318
90196
13722
36634
92890
63564
17721
3777
17877
66819
2028
96680
83679
34417
98763
14779
66387
34328
98535
26017
12136
60721
92488
58120
66003
48264
25633
69473
9440
2533
24789
90285
67809
34138
46625
81662
23101
85955
19819
50951
44952
79150
69494
47685
30327
13396
11636
25273
26743
95959
76675
90448
48256
35182
64710
3486
69620
56007
8268
84203
26971
41547
59224
92777
70474
76578
60424
34952
38485
45687
91025
92892
18153
87470
8264
90726
75788
98883
38807
46140
14630
28263
60481
74457
10494
26120
78880
42539
55118
72810
53062
57413
64329
17221
65243
23000
71811
42788
32096
4759
11515
58794
77182
70262
83375
33250
83969
77688
19616
19996
78711
49605
87420
94740
5245
58035
23793
14406
78533
40993
88147
59547
15806
61373
87376
94438
710
4023
29422
63944
6528
67589
89800
42825
81083
95524
55671
21683
70348
11553
79698
67723
19477
54780
97453
80295
64378
30507
10157
61904
13125
33631
17443
89818
18915
47081
56626
18035
44354
6964
37744
68677
23543
44861
55681
86337
37629
52888
43410
11383
74662
6838
77021
73767
8516
31900
9557
46630
96932
2292
60039
65722
86027
85766
26997
78566
29063
97971
35100
81720
15675
46448
49944
36711
22054
20871
52495
78614
77151
88144
2529
30212
47399
30317
35297
55595
73086
6607
95220
42027
93134
50412
71330
96481
38066
85766
49158
41624
1282
92483
40555
66186
16650
9554
58338
75170
8221
89034
26283
67022
63482
47546
70210
33888
89463
69099
8304
20951
42496
81595
83587
39474
67095
77925
78251
26226
51613
22984
28859
48884
84954
92086
67129
67840
2267
61208
73645
12411
16748
35971
92690
72086
36201
6981
13893
37107
12088
7998
88507
73210
7929
91991
16930
66444
9700
1882
29183
77468
65812
62356
20668
94980
75363
41480
12940
39707
15011
94076
5001
72365
12637
69961
41859
67740
35725
24378
46740
56182
39781
60508
15606
90314
85637
37677
17568
50976
16490
32995
71969
67385
98530
48633
26130
6119
59253
23781
89538
63767
6952
5540
90024
23921
95141
75701
72439
8908
12162
81372
25103
66313
11823
79612
21995
12482
53836
90022
26479
17544
35393
40880
6867
61588
71691
17177
56312
82537
27820
21483
71963
37786
71822
59588
33716
16915
12874
55585
80290
1304
4721
53350
67671
84272
43615
96089
56126
3342
62582
24787
81854
46459
67090
63226
84035
67033
40276
68703
24319
37079
61011
69546
67310
26745
39497
72891
12402
54956
69498
54912
41265
63844
20135
85895
96325
77656
76749
63555
39907
45661
99177
86786
6324
2674
22227
46153
99404
28017
43696
73051
4050
35920
19620
54125
38521
97123
42881
20796
73815
1788
23750
37123
80416
12334
24753
47532
66106
64587
37384
21603
44074
48906
46842
20931
56464
22305
44544
7766
8070
39399
25426
93087
47749
56506
27105
41088
88961
32458
77171
71519
39426
79932
43825
93213
27073
6154
41292
39926
75952
10882
46978
81709
58472
72031
6276
38469
375
1425
55635
35799
55897
28235
64456
78388
62040
6144
92111
64895
60431
38766
80195
19979
52789
19943
29191
87064
77628
23099
73324
69369
39423
27937
94089
18906
6636
51794
28369
92395
70711
76592
35610
19820
11386
98224
83700
24478
16268
44479
70001
50497
99337
54464
22694
55590
27232
15523
12195
11718
92977
80762
6562
28804
2341
30810
29716
97228
97123
84093
8071
23524
66885
8676
55356
26959
29234
98698
54964
69630
91523
43025
29646
76886
63381
90081
1267
33500
17054
99927
5171
81965
65876
42376
46415
25371
96004
34728
32478
31765
63716
99458
50277
30737
51383
97308
56026
66972
20560
77130
35288
55643
13449
97731
95889
94567
81543
18770
76989
38327
59618
13156
74683
57226
35437
87135
35160
30245
55932
85779
25452
73125
71471
17789
72107
13371
98703
30865
48715
13511
14931
57229
61188
27289
22452
85904
89629
1114
38811
25000
69997
54222
32038
31731
18818
68462
99811
14203
40392
22799
57817
28522
54336
99031
50098
61312
63049
77559
6691
61719
96494
31101
66961
21897
49997
95005
77095
50598
60111
90373
11253
25257
30024
2169
14489
66050
36873
85213
19307
16682
93541
80780
90407
62313
79394
249
70113
89395
15560
74142
30028
62856
67089
66942
76988
85097
57970
31859
64575
18315
36737
86120
22842
6608
33875
28899
46837
88182
75874
65265
26074
99141
27589
48471
94361
68580
84350
65348
41176
72466
92974
43872
38159
11524
59181
39795
16428
97155
53054
855
66262
14483
60330
58504
62960
35332
82995
29526
59534
61372
50553
4035
33962
52630
40467
93462
34539
60253
35194
97706
92900
20877
77180
44887
27243
30071
31569
46566
4476
20881
43239
78739
63295
72745
75088
80863
41888
46282
67305
39937
42544
70780
94190
28961
80563
31996
64939
56972
93204
38054
12174
80100
87357
23705
86855
42192
58845
8429
55803
60380
25656
71871
53228
25821
31008
3424
84491
9618
81156
2374
14448
78988
22474
55325
41366
96321
76333
14768
35471
653
29092
13950
55165
87132
16869
86572
70153
76389
1202
75157
22141
536
30809
88424
71699
17512
46024
15722
57330
92461
55420
56523
16355
69471
78315
24480
82678
26862
18360
87667
1162
84089
82255
39229
47301
21314
55386
93103
87671
57483
23945
81775
53912
69097
51105
89948
93661
90907
53194
86472
29700
60660
26989
31853
4641
25188
79751
54934
63414
67412
70783
71089
84521
98480
32927
64946
89045
70565
66075
23830
66622
96714
89394
33037
90706
98163
39886
17285
55793
95825
38258
67173
1468
45790
59827
9897
42977
34647
95849
89084
40291
89382
59382
85450
39115
26343
11512
63770
27710
93033
79577
40698
89875
33055
47233
71349
25904
69470
41824
66968
85801
18504
67
19240
55675
11463
12851
6968
15929
91161
5974
26593
76801
44607
4168
55127
49066
40966
9750
45656
87968
40693
35886
75661
83183
59153
19657
41198
81594
87843
16059
33381
66763
48774
13208
89408
29561
51623
56902
88145
13691
63057
41995
44738
8084
90021
75987
68113
23966
31107
5116
74628
82834
82898
26058
62382
84756
71057
64414
77478
36753
27725
98918
37826
66840
40143
96355
86241
54545
7135
53244
86399
8688
40042
46546
86288
8444
36773
39276
5362
42865
57149
82523
85967
21067
47594
38151
12183
15814
69808
42488
68935
99632
11362
8918
2916
5121
85410
77462
93253
50001
8525
788
30835
74464
6677
98542
75912
26184
70768
61740
7422
91075
46716
10885
82009
18551
36377
90053
78652
3659
30157
57092
50382
60522
90591
34025
46575
94842
22047
67720
23074
5111
30397
25989
24445
994
74098
66133
722
78838
40877
87201
77219
28325
70356
8292
82352
26053
53989
50852
32184
26275
8428
59316
95949
6336
45510
90967
65134
60187
24065
78796
55673
97657
47272
31869
49431
36195
4309
91012
21279
716
61417
14067
31091
28377
50030
79055
14551
46007
8785
60563
11925
2291
27568
22514
36874
89100
99384
17732
7597
43768
42406
17348
24313
79906
29114
25159
90994
90857
36024
51102
62733
69450
18067
49934
76565
7182
72448
31655
29129
23149
59921
87726
69578
32841
53137
21836
83944
35527
99628
93115
75964
27693
2566
56552
57777
29125
25972
20805
10192
38094
87184
81315
80540
67044
96075
58623
76219
79173
6099
5551
90557
66543
29411
55894
19547
62557
93759
6154
57964
99604
59660
77448
18621
6055
50636
66128
94924
57805
39400
900
89229
21047
54044
39051
97250
48018
83103
39544
19846
93099
4366
22349
1471
4304
21643
97515
26043
22821
4563
36892
98993
82767
40018
51326
28413
56205
39507
12327
65332
17727
1962
92265
88053
85302
92635
87774
29986
11267
39769
11241
32840
21178
43259
34584
22074
53239
61212
4224
50237
53120
80369
2204
49355
37139
90726
1264
93024
91049
75283
11099
33760
78383
7035
13954
60333
66351
40201
3636
93321
75138
54755
53371
59260
75507
70208
1858
21978
27816
7436
32582
44642
11016
87768
32066
48411
28945
4372
98821
2449
94178
83547
2644
93022
39350
5487
52984
14360
7614
86388
70718
99582
10535
89989
35176
75987
69980
96702
62915
29250
84506
1877
47734
46499
52503
56140
10101
48902
6693
24817
23130
58888
24244
74977
718
95821
30938
51909
5827
97293
54823
54943
19687
81616
70433
41667
91663
91196
89301
9929
29206
97844
28972
20281
36696
64882
18068
96144
82011
76615
93810
61245
73041
13630
47102
83914
41951
13570
33042
82596
78828
38047
44815
67743
21028
69702
59190
65342
36836
56807
82472
14766
37322
79355
58760
76079
42493
99646
20989
86725
35382
96051
98274
61558
11231
44548
39551
84865
2058
94242
47410
99800
17201
2082
82037
27294
26918
18835
11539
40843
15961
18755
97839
4818
86713
82541
58220
46293
53642
97204
47626
92374
55801
55503
61993
37847
92950
41496
53449
57978
54822
69995
33729
46468
62490
17171
68729
44547
48356
8144
47200
5167
61735
71219
75143
7923
70782
75883
50539
64949
36758
17591
70221
6910
50352
46852
55496
65440
12499
68237
4191
68064
23052
34595
62886
85889
17277
84681
44121
85422
73492
72400
82691
12211
93161
12470
47099
33349
31730
10544
24414
53019
21734
15394
69530
66027
9983
57432
48952
98170
71397
15591
68175
41816
6705
84649
42831
56171
28125
98325
61043
77977
7281
80165
52409
95437
44501
17190
34163
78146
99687
12150
54949
25647
69181
8166
8723
3923
99097
94098
84369
40920
24867
56395
90676
92926
36782
65670
79552
39103
91803
3469
26207
98667
40852
17044
53081
71207
93378
50977
2037
4376
46790
50904
48335
71310
78183
46227
28640
50360
30985
68174
38914
56503
97542
98305
3734
34438
50055
74044
31272
41402
36916
96836
56238
27978
47224
42955
56081
53874
84455
1437
19602
29962
28907
31129
62180
17942
96811
90514
1412
80092
10333
84370
5827
61521
75571
50670
41613
78262
41247
33311
76199
80108
96288
52900
82728
16505
59797
23288
48390
79191
78398
32731
80874
88784
54816
94818
90883
66038
54877
79506
23934
54566
44694
61230
66908
30076
75802
10947
2843
76153
93366
41130
57814
31559
46915
55178
58893
88600
84485
24697
59652
28239
17776
36370
27947
20000
94090
551
77277
15244
49052
28893
32583
82375
27684
75453
36337
10544
58029
34130
88731
89963
26365
88208
50474
19582
47974
96784
39481
40541
38039
47421
35809
92495
20108
53152
90774
67606
16946
34404
184
10162
32944
63024
5570
23137
91524
56499
99996
91333
1992
52849
18049
1059
44948
26675
17152
19448
94708
77633
80025
72725
13470
43881
57063
95975
75198
17528
64328
73232
72921
18190
66836
39977
79444
67805
51987
496
613
97823
12754
91567
17461
42235
10803
65611
41622
19897
81796
11159
60992
71640
57616
44598
7825
92304
32882
75231
65126
767
28069
8945
61778
69019
30216
91537
4848
30099
69048
70723
27584
12632
19601
82596
71694
22525
97871
32342
22701
70289
60686
24649
5591
47405
36961
90892
78010
3586
56627
84322
5437
22545
34420
90395
94988
86912
49881
70053
16590
33539
8254
58980
57225
93466
18469
89080
13310
126
40180
27414
10764
76567
45040
39632
99036
15589
89055
66325
9142
95930
29518
87503
83093
32483
71997
31419
26685
62770
61324
52608
52233
99057
63721
9817
69842
76340
41274
52294
12436
60996
18758
33232
16750
32229
73176
93221
19363
18933
42884
96519
58100
34113
45969
21207
38994
39218
98434
64708
17120
47686
83953
34720
47557
57629
23422
1005
34840
83073
41891
7484
17011
672
72022
99443
83644
65220
4367
75086
55122
52786
60111
91337
4067
20884
17069
36341
23330
90579
86768
32961
87273
26326
73569
12406
9983
94693
46346
81177
2464
23653
80163
74467
39786
21169
16750
14878
50141
43918
74182
51810
93838
12605
16122
25995
89152
68030
83812
62112
93338
78780
42490
64891
51521
76825
19935
48164
82868
98254
83609
77270
64228
84989
70652
83706
83880
23345
70595
39063
42967
15692
56189
19081
63747
43196
99791
95782
39166
82489
91356
39515
46383
62592
36044
67050
11022
23269
69983
59991
31866
95034
76771
75756
54466
9682
56183
30082
76241
51535
72172
36409
49884
49808
63452
82832
48228
24966
28701
61044
32171
68800
11766
88360
15759
75558
68388
7291
24093
72125
23566
42574
61929
19603
99812
24888
92180
50581
9163
64942
98425
99185
21279
91295
9505
47478
13878
11142
99867
73567
15202
78456
16467
82167
35973
49381
46055
61708
99853
326
96498
92398
89102
47573
69820
38956
11242
78850
55844
80022
77545
40273
15638
63708
54039
73230
61875
26072
37963
64205
93943
58927
73632
21142
49898
52440
77628
45060
50060
76269
66103
40332
71625
45015
93803
65470
25562
18325
68272
17567
29258
69916
61275
93005
44702
56787
38832
92658
38334
7181
70380
3561
981
63618
44786
57338
33998
46895
6396
4215
19988
7413
71998
47570
41017
16838
57740
76050
18323
81029
53701
88469
11055
4815
61149
43563
37838
77621
84430
3077
1292
49887
67429
9388
52175
96709
14833
96581
24445
52512
22493
41288
50029
11892
99750
39742
44398
36548
93802
49404
98850
81655
99144
54473
97888
88834
78759
27771
33710
16293
15429
45233
99197
86179
89545
48161
97384
22591
23756
45523
73414
72782
56650
59940
69045
67343
12583
61134
93225
85759
37081
39549
99715
83179
41811
13001
53751
35061
92228
51593
81824
25488
56502
83079
95455
84318
24234
91927
65802
32286
92330
41908
82534
68379
13091
40397
64351
74769
16814
80290
78047
15339
41828
50970
2846
6548
82264
86900
87016
37057
61409
13220
9563
92330
71736
55642
30554
48242
49936
25724
77879
51186
71781
81842
30007
10791
54668
13613
82411
47018
23955
71579
46571
63201
15577
99784
17264
97992
19847
82891
48696
91567
44952
80925
8008
34343
95440
78711
18689
86602
44055
84723
48501
83571
20331
17618
55296
45717
63168
49827
29311
93740
10640
78111
54738
59362
80288
35432
35429
94661
680
63080
36509
47986
59934
84987
21165
37569
55404
88683
20906
57025
82475
92947
72841
60828
96871
96814
44688
90565
86800
69291
52759
27354
34392
73163
71801
64937
17966
54358
8149
31595
3985
41130
7399
23980
79757
59759
29795
38674
73670
13579
75003
70129
16910
18012
74460
96895
48447
16450
10442
57350
20140
95094
98161
10245
57068
81807
67785
51764
34640
79398
33958
42934
37488
14759
23288
32424
16434
31954
23356
37329
84758
53839
35660
10358
94183
30696
86509
74697
77639
23003
8091
97541
33425
59778
21331
31943
74743
66952
76586
36572
12289
15279
58287
21352
32257
74368
24358
99528
79114
65618
35733
58238
61623
85792
30973
45884
46524
69836
67727
42679
26955
92770
77437
36328
20870
1303
80520
4229
69469
85604
61080
64467
74246
88317
89792
64997
30136
70385
659
76663
27504
83969
74943
59836
83119
6947
67251
49075
87603
33512
16112
51895
71450
23145
67760
93008
49043
91173
29743
7990
14348
12354
18516
36297
36874
48710
33281
38145
61839
34076
49114
67381
52451
70085
94411
85013
65690
6227
55897
7207
39634
71500
42591
46679
69826
22669
61389
28106
23770
45332
39657
24369
5838
97062
75053
31298
1721
45871
34023
18563
48638
45991
91654
15984
83808
47788
63929
66451
98482
79090
1747
7923
17693
98297
59353
52128
90294
97964
87189
5790
74484
28407
87323
51284
39509
77745
24565
39259
81305
93974
76929
90192
20117
95777
29292
86532
60883
9322
98275
48279
24020
10218
18642
56329
73587
56976
8648
96654
40648
39304
97222
33222
52212
39681
36147
13699
14872
70006
26630
91533
1766
15987
9082
55507
10687
14952
319
2521
20638
55678
3187
19183
50963
99549
64124
51578
74387
58274
45467
94315
25085
15910
25297
34544
7960
32664
91776
91621
36660
99775
64945
67064
49896
13946
9544
58783
96443
20205
47838
39258
21224
29144
54068
74880
75175
64448
39618
40888
74674
63690
62060
44353
6830
76338
77839
71341
57217
26734
34748
84496
5214
75381
872
4798
72853
51135
34548
29729
38892
22133
90980
79216
25943
45198
68436
31236
53488
93092
16750
13375
61315
25251
2293
96512
71086
39524
90781
75442
36733
24000
35217
30734
61609
7125
46541
76339
20105
64757
16319
16364
92444
70377
25550
98191
39513
80835
76392
19863
51030
78647
41012
80511
10508
33233
9030
5845
58909
78834
81572
77194
92076
34236
71605
26913
68821
25927
47224
43593
80232
5150
80338
95241
36381
3335
84488
61465
26750
23229
45380
21727
26035
68813
43961
79622
4751
78432
44221
13924
17867
91925
86447
45085
18143
13837
9574
400
92114
79295
22001
87355
39193
99133
23711
44629
73863
46595
80793
93471
4621
6733
16046
1310
85182
7293
55332
81485
80508
61632
69001
62748
32019
82741
79237
15272
89134
57245
82114
67352
59395
13801
35440
595
22522
57773
64613
16721
34727
66388
83381
98594
65055
94022
93051
33384
95255
86725
37346
67880
77604
75064
85196
26241
50749
28993
35681
14326
4589
62364
53603
27980
34813
66968
68922
64321
54407
11961
15801
76987
71808
72077
79876
83634
38168
12222
57834
39177
74604
19640
25253
51150
24829
71325
18550
67582
5121
79979
2570
46847
45413
63073
11742
63845
85129
55241
34365
7347
21689
34713
16758
6142
78924
81846
96599
84192
20708
76023
47723
81363
22735
32165
79558
96436
17178
99574
42464
38521
32733
32629
73485
9779
63912
76024
98082
79818
75878
23376
87042
16016
25511
34990
14418
64690
67448
11878
815
59474
35829
90681
27900
46670
55118
88514
22656
92249
65128
43907
54282
26237
46817
24029
10616
78377
13274
23050
57502
94781
74199
44649
77335
31063
17596
71947
24060
58813
68560
18786
82296
83350
11755
99975
13112
73090
45863
37335
95261
36513
46607
64074
58789
2646
65847
75426
61561
49163
627
74930
82465
56068
77876
56613
80633
62782
69060
58253
47194
11491
81870
70994
72619
67482
88280
65950
115
84621
56710
98805
64582
96888
36661
61488
86104
60539
45792
52891
78722
73003
13870
63147
27014
5716
14570
3640
29084
16936
60068
24094
7565
13826
83604
39070
2539
94850
17496
28712
8524
78913
18589
75247
9557
77230
29568
7305
3989
56518
23253
8036
47989
38814
52317
32246
65966
78599
11523
23285
60798
36215
75612
22548
82458
39805
96675
75384
38746
36210
80405
27541
81954
50784
29320
1066
15307
12969
38736
35177
74634
2158
69812
99787
58893
81889
11793
24040
93533
4508
60528
56601
76661
25942
43163
13777
27343
99624
83543
8259
73907
7863
64201
25124
22109
81623
23174
61958
68788
66430
89199
85182
76539
27285
54303
47982
67913
49972
50347
92641
52988
52469
11130
46969
71274
22740
56720
37307
89922
65944
3942
63933
96880
93373
99112
88716
30631
42114
76818
56991
21751
54589
80019
37985
50614
5046
23767
71258
34469
79950
52133
72299
6049
15614
96262
78875
40466
52739
13421
42080
52766
12071
4318
3102
44784
2132
6183
20928
87412
72250
96212
89763
87233
47853
11720
53114
46995
53829
75104
60421
59348
72106
13635
96984
4640
70505
96860
51784
64946
68110
84871
41829
86385
11623
87068
63777
97643
64165
4314
55255
26001
50267
37872
39713
57913
78756
24898
19233
9276
51551
74557
66306
43388
87915
55783
86806
38939
61613
19596
5969
7905
94845
37947
2745
238
32992
68843
87691
73020
2593
84407
49343
77615
75097
71643
82592
44097
80416
33167
74592
71443
19645
36777
46408
72525
23051
87018
80576
17292
1093
17192
91927
85904
57537
92542
66955
1284
7351
95100
62279
31225
55712
58055
71441
94509
45769
31367
37672
76410
3731
16765
1389
7270
41194
71706
80883
92571
