4323
7229
935
6738
2781
2523
2852
6932
5976
4402
7607
1560
1351
6482
3365
4739
8115
1774
7904
609
6461
3627
1409
7173
7286
3285
4706
9740
2174
6698
8420
5978
1454
4952
4844
5665
5268
1648
6325
1371
682
4011
1171
9871
1619
2735
8709
7767
6691
3012
391
6987
6951
6555
2464
2948
8295
3669
297
2758
7031
2300
3157
9472
4415
7251
9004
4294
1012
5972
6861
952
3956
9219
7454
6042
5961
5374
1420
2843
6878
4554
767
8959
4329
7472
1385
4129
432
340
8798
9460
1215
6314
5493
4194
6345
5242
2200
826
2362
8104
4963
1318
9056
7559
2855
9746
7409
4235
2319
6974
405
5382
957
9229
7981
5137
7163
1665
3535
7104
8634
1111
3120
1493
7480
1314
7427
9932
663
2478
3398
7471
1097
9855
9659
914
2895
793
3621
5483
5249
7234
8393
4781
4347
7927
3186
2104
9531
4797
867
2930
3192
3187
9737
8787
8165
289
9822
5909
7250
5521
5299
2521
8101
4040
4827
2638
7418
5538
3890
5176
3748
9324
4988
1708
7234
8936
1693
1255
9235
7612
4509
223
4182
5268
3853
5979
2630
8567
1387
4099
2094
928
7635
1358
1305
7040
3360
460
73
4569
2495
2357
8530
2736
6216
6501
6916
4697
2221
8211
9123
4709
2081
8565
7416
4445
7702
4990
3645
4641
1584
7299
9196
7567
8539
8185
872
784
5730
1244
7372
6741
6185
6933
2713
3216
1820
1322
2638
9974
3265
4998
9159
6940
4401
4368
2395
5019
6171
2532
8398
7561
8115
8363
3338
5920
6609
4925
2845
9614
463
7730
4323
3952
6892
2035
6795
7383
6221
8342
1895
4231
3890
3266
7534
6416
3455
7417
9596
5434
3457
2624
2187
846
4969
3879
2613
7207
1310
4697
3564
5997
2236
3975
3430
8918
5860
3854
5950
5005
1613
5691
3117
4730
5662
9887
2261
6331
6009
7390
6716
135
5421
3868
3107
7331
8861
5218
6100
1941
3477
3455
2969
8681
4297
3689
3817
5164
5844
1598
2944
1786
3743
6817
9729
1834
8813
9961
9675
6293
3681
7975
9557
7125
5093
3426
2312
8072
6899
5526
4310
3611
6406
8257
8401
5820
4745
5358
4567
5125
2805
9700
1070
5482
2885
6537
4109
2949
953
8864
5084
1954
9008
4337
9973
4103
822
9008
6451
8001
3840
4283
5253
2260
2614
3619
900
6093
7457
1537
3250
5552
7106
89
652
1424
4203
4516
5567
6842
1641
5166
7123
5201
9822
7541
7455
7545
9934
3855
5795
587
6219
2322
3279
8156
1493
8590
6802
6888
3673
6462
5353
7913
121
6538
2827
6435
3602
5851
9716
2965
7282
7907
7299
9968
2004
8482
3185
3147
8565
7060
135
3
3895
8748
3340
7198
9283
6110
3612
8204
9949
2035
2460
3182
1998
4311
6225
2066
9724
7509
6670
9339
6022
3414
7267
7180
5808
2936
8426
3160
7901
7796
8907
2672
6306
9787
184
3069
7403
6700
1309
938
3984
6701
5382
1298
2446
6697
4519
3872
9722
673
9175
6100
1350
5765
5238
3197
1703
2379
5081
8574
2692
8302
4378
6509
4233
3339
4898
813
7229
4764
9389
7333
9117
2831
7364
7089
2577
9079
2873
3938
656
9825
4220
7040
4915
848
4596
4817
2832
7072
3591
3277
2944
5871
7363
3068
9587
2894
1221
9870
2361
3792
8069
2177
7258
5055
7554
5226
4167
2851
3603
6665
7832
1474
5851
3358
4071
5347
3713
9567
8578
7456
5912
2609
9740
4934
3709
641
365
5045
5878
2802
7194
2548
2893
6943
248
9892
9397
3821
9932
1203
6349
4019
4736
1373
3388
298
1407
9880
6213
170
8739
6844
6769
729
5636
323
7362
9508
4124
7046
2755
5651
9924
7351
5550
2766
74
5273
8087
5118
6514
7157
4705
7843
1174
9558
8937
8391
7554
7940
4271
5419
5437
5229
4040
2565
2958
6669
5008
3773
7823
3307
1892
8276
1799
8707
8129
4976
6535
7838
954
9909
6939
1680
5570
1423
4214
6565
8097
2489
1495
4794
6334
3689
4543
7876
64
8381
2211
4067
1812
1889
2718
6769
9454
2519
6827
5134
2751
4490
2297
51
9795
6832
3331
5454
3610
3609
7765
9722
7406
1327
2870
3946
6715
1201
1333
6402
7441
5900
8159
1445
8315
6160
8194
8023
4500
8362
896
3655
3015
1838
9693
1023
7506
7038
1502
7149
5246
4996
1172
1925
6232
6363
7265
5185
3110
9950
5589
3937
7836
4113
2243
3321
5393
2609
81
845
2358
9988
1721
7166
7650
7734
5385
4697
9131
7275
4703
8004
1193
9118
6215
1291
2898
1284
945
9854
6343
427
7175
2356
7223
6093
5214
1983
2158
1865
7746
7279
9350
7467
4880
9717
5246
7615
1676
8958
7087
198
3652
7147
2205
3895
6661
2995
6819
6806
1861
9042
1688
6062
287
4571
2395
2745
5269
1613
3676
9776
8029
4509
8354
2207
3558
8886
3447
3363
3180
4688
3027
7914
5268
6513
4607
1876
1926
1477
1475
7338
1819
7614
4601
9975
3800
5531
7101
8403
3093
9610
9362
1450
8724
4283
3282
3073
7165
9345
8666
8139
2496
5677
9944
6878
9156
2210
9217
2026
7304
5484
5328
2460
8384
5530
5397
9992
1765
6209
6264
6456
7322
6260
8396
9058
8393
9658
5228
4729
2125
2188
6699
4837
247
3003
9310
4377
2914
3783
8988
7633
4274
8587
2885
7958
1960
3760
8505
8324
6712
7755
5025
110
2226
3399
1136
8131
8478
9007
536
1817
5969
2397
2612
5350
3574
6175
8137
1887
4313
4859
9429
5654
2429
8415
5511
1756
5407
3415
9609
3707
8340
6042
8914
7007
2450
5778
439
8957
5228
5215
8034
275
123
2807
5659
9318
8512
2473
2803
2928
3648
3988
8736
1173
1214
4219
8309
3734
8373
9644
9290
2491
5845
9173
3274
9018
6925
2709
7246
680
6116
2397
3275
605
1463
6976
2835
2853
1363
3902
1969
6225
9599
7112
6159
3606
4472
2092
8997
8165
1448
6850
7472
6940
5497
2962
4206
3689
7380
9847
8960
8958
6127
1843
5482
8350
6222
7348
7450
1508
6465
9335
9074
6017
2974
3905
6528
9141
3950
2204
9355
3548
9867
6884
4753
4124
5852
5726
1831
995
34
7711
3551
6128
773
4329
3921
7880
2866
23
5796
3864
5255
6301
356
3643
5996
8493
3710
8721
9432
7370
6639
9933
163
3599
5337
2302
8102
4724
7868
1563
7317
71
8468
4679
4341
4722
7002
6292
3733
1498
5786
6967
6448
271
1174
3731
4163
4028
9375
8573
6459
8035
6116
5122
6906
2886
4884
7214
3924
1040
7198
2867
2794
3577
9288
1424
7467
7155
3042
1769
9034
6222
8320
9231
2718
935
6003
6280
2591
7838
79
1954
5972
9881
7360
3999
1815
3797
8945
7484
8098
6582
8085
9707
6002
6901
6847
1192
1002
9225
5855
3604
8291
9719
7290
4602
3848
4235
8054
2654
1564
4760
7161
7987
9419
8090
4752
5767
9957
6484
5537
320
895
2866
9116
8043
4988
9750
1801
245
855
4885
5143
9373
8516
8544
1489
2669
9264
6317
6816
4502
6205
3530
688
862
6093
1770
8696
1396
1387
4236
1669
7199
2461
2350
7504
5253
5897
1551
8855
9648
8126
1071
7267
2508
2320
2830
182
6668
4129
6012
3022
9341
1789
3552
8301
4315
6742
3887
4193
7741
5889
5021
9649
2735
8629
4898
367
5746
9796
1097
4683
4045
8059
5057
9084
7755
9381
2333
733
4458
4252
338
8478
9422
7566
4102
9183
751
3903
2882
76
9881
5609
7095
596
2502
8884
6324
6967
2851
718
6667
4952
4740
786
6036
5314
7520
2863
1810
5489
2345
6946
2338
1193
2466
7889
2183
6175
664
2656
697
6440
843
2420
1719
8676
2653
6320
6586
8753
7250
1176
715
8697
8725
2011
8919
6012
4962
3777
8769
6702
9795
823
7956
518
4076
9748
465
4578
8219
4230
5221
250
8752
9538
1132
2547
4877
4589
7497
5303
2720
3868
808
4300
3228
9579
6572
851
8661
6536
1206
8292
3593
5737
4285
3283
4296
6686
8987
7045
3427
5097
3181
4571
4019
7207
4370
6786
1933
5977
1726
5171
7061
517
9478
3858
8470
8439
8799
7392
3927
1028
9216
7826
3636
9058
5039
3404
1267
6399
3113
9336
6412
9850
389
5155
6463
4531
8238
1494
7968
8902
4756
3063
9026
2895
8746
6144
6692
268
1189
5016
5647
8016
4696
2904
4605
6685
8615
5992
4044
595
691
5149
3903
4710
9030
6119
3171
8397
2237
5794
1270
8149
275
3428
2846
265
8225
2791
8615
5303
9362
3016
7013
1804
7425
5422
688
3232
3426
2594
8187
6245
9758
7499
6998
6434
2798
594
2175
7920
9097
2464
7636
9691
9354
4726
418
645
4041
4858
4470
9620
4482
385
8721
9511
4499
1868
4773
8132
4533
9106
571
3921
9864
2295
1729
6123
7217
1855
732
7470
9758
9532
2885
1358
4792
8860
8440
3238
8112
8257
7711
7589
4594
8330
6430
2946
2581
5014
1175
5663
8905
1034
5119
817
4645
7721
789
7397
3761
9909
7938
8802
2829
212
2162
8221
6812
9038
8704
1615
9888
5994
6252
9850
5677
3797
6651
7692
3582
8956
204
5555
7523
4138
7058
1029
9026
911
9422
4871
3774
9659
1445
2285
3822
5548
4231
4559
6797
2843
201
6891
7247
7914
4078
6873
9688
4683
7366
7967
1216
5064
9709
563
2955
7134
9175
8043
3861
2635
6854
8990
5459
9770
2722
3144
7349
2612
1607
4468
9464
8995
2011
2147
5599
1157
4867
7045
5431
6938
4306
1081
6588
8843
853
3674
8131
9674
4355
8998
7468
1235
2340
1519
8189
5219
894
4603
9113
6646
9610
6001
5801
8980
7512
1137
4865
2292
1873
4507
3085
8158
9110
5554
1742
5918
6057
5578
3472
9255
466
5615
2140
3761
5426
7487
6160
4091
5056
1126
1010
499
9031
8908
5735
7897
9273
9147
7858
8262
5290
7840
4276
149
7739
5380
5526
2779
2488
8928
6562
6884
929
1477
2820
3626
2913
9215
1883
7831
9029
4282
6255
1361
5495
8513
1240
3385
743
6693
7612
4155
9318
8808
7195
6493
856
9311
7682
8458
408
2922
8921
6984
6081
6258
5612
6243
5556
2284
9031
2430
7925
5274
2451
7096
3306
7530
5261
1937
9355
1838
597
1230
2143
4642
188
1936
4119
2272
7300
235
8698
4952
9204
2696
6770
3736
6657
4531
6294
1874
9458
976
4014
8470
556
7638
3050
2176
7787
3555
5401
4750
3351
8235
5588
1736
7811
8937
8654
8710
9470
3331
9387
6820
3552
1727
7510
1105
2068
8374
51
5537
8571
9081
6075
711
2367
7682
6831
9647
4237
326
6772
3598
9941
8388
7615
3666
423
561
5453
6092
3802
586
6751
3589
9246
5640
9243
6429
844
5926
2291
8768
626
6331
6254
986
3364
6947
4888
5232
4151
5999
1643
1304
1348
8063
2565
3007
2405
9265
9821
6594
3393
2927
5897
6897
2270
5182
739
3586
809
3917
919
5205
7887
1068
5160
7030
9582
6282
602
1118
2935
4807
554
4423
5888
432
3301
3416
7756
1719
6423
6858
6052
914
1625
5575
276
6289
6441
9164
8941
1841
5687
8780
730
2943
1406
9317
8225
5014
9700
5994
8453
3596
4707
875
1811
3336
4681
755
4463
9095
8125
7371
531
1856
3298
3000
7366
3201
7888
143
5867
409
4145
9823
4440
8457
7844
9050
7166
3901
6388
8877
3472
9087
9423
7071
5623
9394
4776
9275
9971
3598
7877
5983
2886
9802
1970
2830
3259
6712
3075
8278
2865
1986
3873
7403
4799
3130
893
4954
3391
3877
7144
7550
7486
419
8384
9075
4928
7254
2407
8803
5550
5108
9869
6197
7881
436
9205
7902
5861
1112
1670
6451
4644
9476
5536
7944
3048
6113
8018
5667
2772
6866
3329
9423
1636
9046
8476
5786
1968
1922
5994
4927
4949
4598
3825
2712
3084
4338
8239
4017
528
3967
8949
9951
2097
48
9396
4051
9898
7408
3779
5590
684
5084
7225
1145
5121
1977
3265
2845
8022
1779
5931
2894
4916
5823
8421
8255
7422
225
324
6554
9526
7940
4305
7017
4981
1611
9507
4128
257
7383
8542
7028
7342
3701
8703
7489
4659
3278
4687
3758
5142
8794
4871
1381
1532
5580
3683
74
5300
4493
3253
2348
1165
5243
4454
3560
1435
6840
6475
3933
3721
176
1430
467
7628
237
6285
4960
179
888
2161
662
3846
3150
8213
7331
9067
447
8655
6901
4471
3658
1896
5864
5120
6117
7587
1720
8374
7517
3153
6427
3915
9985
2082
6673
9062
7183
9241
677
9438
5319
8157
597
243
4365
88
3023
361
8974
1556
7316
9374
5354
6224
8069
6373
6665
6318
4600
1721
4941
1363
7326
8929
5837
7527
2594
4842
5500
2534
4014
1483
5132
846
1916
1792
2920
2411
3490
1957
1920
5758
1215
2769
3474
2459
9333
8961
6096
1519
5921
1487
3400
790
108
623
3217
8997
6967
5109
3396
5644
5435
5707
8511
7852
3172
2195
6617
685
8278
2376
8342
5320
1005
6248
818
5560
5593
5091
247
2991
4918
9431
8537
8761
1871
578
839
7289
9783
2517
831
8474
9490
3412
3676
7427
1967
6841
3359
6019
6630
4300
5675
3340
8283
521
2224
9297
3170
9703
2213
129
4734
6156
7324
8018
862
3994
5174
7677
3272
6760
2388
2109
1156
2211
6631
1875
2208
2006
3239
2888
9909
4799
5647
1359
4588
8550
5515
2570
3439
4131
1081
8619
1529
1210
7719
3705
4216
8400
9407
9693
236
8683
4403
8669
582
128
4521
8774
128
395
5766
9727
8681
4327
896
4454
2803
2341
7888
6684
4717
1039
4381
8007
3476
5139
4804
8599
5216
7932
7326
8767
6501
5049
1365
1064
9659
3543
9641
6213
928
3611
8868
8449
6936
5257
8694
3387
3870
1473
1560
9505
3976
5780
1220
6966
6414
7659
1125
3776
3336
8265
1960
900
9641
7084
3939
9775
3043
3068
4225
817
9110
5703
6082
334
1543
3254
5974
6717
9650
1839
605
3275
8183
9426
7568
988
3921
8605
3883
1066
3881
7025
9697
6524
8583
801
6530
6855
720
148
2060
2517
4996
6837
1009
9979
2787
8128
5190
2874
4803
3075
1847
2957
7386
2176
6099
9459
964
8775
264
9922
9778
3892
3663
5575
662
2914
8922
9140
9754
847
9347
74
9170
3367
4367
3110
5817
1470
94
7502
8226
6899
8422
1452
6967
5880
545
3248
695
570
1559
3013
7015
6131
4680
6164
8393
6380
6798
8855
8893
2917
8983
4806
5600
1367
682
4278
4827
1427
830
6576
4792
7395
5205
6021
6220
7281
7124
8697
1837
9968
7541
7707
8142
9634
3233
8727
3387
5740
5879
112
2945
3929
5536
2716
7728
8148
4332
3542
8053
2935
2632
7294
1488
2809
2672
4397
6945
2622
5955
343
7280
3461
371
7773
2112
3055
718
6440
1317
4933
8293
7313
1293
1862
2017
5585
4608
261
3532
1559
938
4927
1231
5622
8636
9510
8028
9739
3580
7841
9204
7318
1405
9750
9768
3925
6629
6765
1471
9846
9175
7291
4191
9672
599
1563
3318
8024
9867
9609
1145
7992
7645
7394
1938
9949
9006
2048
8691
7214
6168
1856
8297
1245
5199
9111
5830
1152
9327
2101
8216
4851
605
1669
3988
7945
4478
1085
6688
8657
2334
3247
502
5828
8684
160
865
530
1894
9971
6852
1973
9375
5662
8743
5431
1746
2267
9043
1781
1364
5325
7977
544
5883
2186
4591
2520
911
4508
5883
3096
342
4943
8336
6429
1457
926
8060
783
2908
2142
4416
1660
6661
6288
7263
4896
9761
2022
4113
2375
8103
8043
1902
9585
3504
5908
6953
3690
3788
6744
3883
1662
221
3216
6041
8529
3055
5677
2294
8068
9488
1661
7108
3248
2415
5354
495
6723
9219
4561
5482
8400
6751
5603
1831
5892
3608
3416
5368
4630
8984
5794
9422
1379
4695
8130
5345
2409
1932
8433
705
2385
2222
6510
5190
9395
3650
1304
8428
8234
6497
4084
2526
6618
8644
5113
5815
4227
8407
5430
4429
1739
1845
5410
7563
69
4358
3112
1692
4260
4762
6599
6052
7815
3103
2141
1167
7059
5162
330
9572
6041
8561
453
8382
8651
7256
515
1956
3845
1119
9277
9283
7952
5456
9083
2480
1685
5635
2437
3167
4833
4648
1993
897
4843
363
6934
2720
7378
4641
2535
1026
9741
1955
5913
9989
8559
9068
3233
2010
8002
4722
4182
8605
2222
6378
9015
1342
7972
7819
7986
5667
1459
8904
2299
6558
2624
5836
121
4030
4857
7698
4762
3940
8450
2276
2948
1793
8462
3594
4909
7967
4217
124
8323
256
1964
8726
4225
6148
6934
1304
6053
4596
3398
9148
7746
2666
3765
360
3751
6828
7261
5524
5814
2224
3025
4333
4679
1664
9087
6966
9773
4503
782
6881
452
9833
1252
1648
8203
9827
1093
8720
316
8414
3017
7235
9664
958
5180
5651
3524
1210
264
3720
7725
6016
5024
2612
4425
5637
9256
8447
6527
7477
217
4329
6964
1411
138
4030
8940
5449
8374
6992
6939
7489
1130
864
8851
7254
2364
4167
7052
1839
6583
8031
2322
5949
6620
8654
6559
4688
4597
9795
4648
9463
8017
2581
6463
8352
9189
5603
6495
3620
7790
7680
6181
758
199
2899
2548
7294
4252
8559
2535
9232
6539
6246
4663
8575
5815
5425
9647
3853
2457
394
4085
655
8841
5408
1630
9947
1637
7149
7270
3758
5728
4454
7717
5681
3422
3520
5724
9034
4173
8400
5199
7961
9281
6676
4704
9185
3530
5998
6168
6126
830
4504
4633
2101
2480
5026
3661
1973
723
905
7573
5858
5543
703
5603
4607
2022
8656
8263
5548
4991
1960
5478
1773
1416
7238
4603
5293
524
4353
4967
428
3096
9185
2453
6985
5641
7064
8913
3679
2959
8383
5155
7852
4033
7480
4921
7070
3180
765
6387
8363
1550
2036
277
9608
695
181
3286
7487
4541
8949
5596
6790
9288
7242
3824
6839
2689
1023
6895
4000
5052
5620
1960
9447
2397
1640
7936
8573
564
7676
5600
3425
163
8396
5897
6003
9532
2232
3672
18
3324
7729
6332
4652
5392
3128
1733
2618
9972
939
7681
2685
3246
108
6860
8654
9876
2185
9230
1418
4920
9142
6083
4250
4133
2963
4080
1633
5114
8926
5435
9822
7247
6609
7710
5421
2112
3808
8805
1705
2988
6009
3233
5031
8976
658
1209
7092
4988
7385
2783
3597
7159
5876
6720
3816
1962
479
8402
520
10
517
1658
4337
6759
2387
8537
3950
2886
9861
3775
9038
1610
4248
9437
2181
4192
9857
2048
51
4220
9132
6548
7901
8630
4730
8481
3271
2634
1581
2040
5208
7395
9594
7897
6391
7454
5496
8461
6823
2813
4420
7915
9460
1572
5831
2512
8439
9184
620
2155
2059
1248
8256
6302
9907
1893
315
7575
3748
190
7535
8391
2178
2531
132
5909
2971
2560
3520
6612
5221
123
8826
3140
9775
2785
4728
1270
5823
8481
1470
6497
6077
3807
7087
2222
81
222
704
4026
7505
3368
5480
890
8167
3391
3410
3249
8807
4686
6018
7384
2037
5726
6069
8461
2303
8222
1723
7524
5408
9503
7232
2075
6720
6216
6806
2767
2280
5460
3389
5839
280
5763
1149
471
7185
6784
5969
6405
3906
1493
340
6996
8496
9478
6216
7335
5457
2505
7718
3814
2861
3279
2170
6659
3111
6715
736
8565
2936
4312
9873
8211
1896
347
2172
7774
4226
3676
6987
96
1260
5297
744
738
7798
7986
8661
3309
4205
9598
1020
4367
1691
5358
8166
9973
192
3061
1750
385
881
7578
1750
8481
6277
5563
6788
3514
3098
6340
3513
8271
4675
7947
5473
9208
9990
556
9587
1544
9055
623
2140
767
911
3416
7946
7761
8974
6702
2355
4490
6533
5898
4985
9170
2576
1918
3062
2851
3705
2364
850
5214
1807
6393
7477
2799
8650
2981
4213
8132
8371
8961
3949
2664
3213
6149
9324
2474
3814
2601
1425
9365
191
8855
9720
4640
7644
9354
9589
5849
6577
8268
6080
4533
7575
3511
9254
1862
6399
1261
1888
1002
4233
1999
7159
6887
7672
5354
2344
8392
6636
9043
5131
9630
4657
4017
8826
8215
6892
2906
8504
2054
6
9928
3635
1478
6878
8540
2255
8657
245
3509
8873
2071
6773
2490
8908
9511
3284
6680
6341
2613
7507
6310
9001
96
4858
6048
1130
6380
2514
8397
2145
4845
8029
4404
7305
245
3455
5626
7560
5111
5593
6776
8142
2381
740
6532
3401
6552
4220
5186
9895
7018
1153
5987
4158
8783
9760
8239
2985
395
1591
2822
7599
6938
1727
2302
5271
7528
5139
5739
2036
9879
5372
814
3317
5776
3172
863
2859
3117
2673
5838
2230
1147
1217
4771
7424
9331
8338
8977
4524
943
9747
9074
4591
8191
4461
9395
3173
9407
1173
2180
3635
1420
2277
5830
9053
4583
2651
7025
9613
4773
7289
2909
4463
9438
8556
5328
9097
7525
993
4768
8821
8742
567
4751
1483
2634
2720
4749
1286
3175
2126
1305
8829
4068
3143
1515
7149
195
7726
5139
9043
818
4268
1580
5251
9116
5381
2945
5546
8372
7645
1381
9637
3373
2824
6586
7301
8819
6156
3401
4238
8454
4608
3061
2368
9037
2450
9325
5053
835
7555
1678
1006
1651
2656
5383
9743
7800
5619
49
3440
4591
2982
785
3240
6386
809
2992
7821
322
1779
9348
966
246
9245
4909
5534
1314
2287
4984
3927
9503
4858
3347
2971
8629
9741
8031
9138
5553
8991
9869
5674
4971
3799
740
4845
8995
3327
2707
9984
9344
8334
2045
8250
2995
6845
5253
3934
7398
6778
1600
4817
309
5221
5482
3156
495
4992
2394
890
2582
8984
7295
774
272
3743
1307
6005
9756
7040
335
1106
4575
3117
5491
9329
5267
2156
4653
302
1471
9065
794
3950
3863
4471
9066
8449
1534
7153
1125
7458
5773
9309
9201
7718
6920
838
3032
3798
8313
593
4364
3017
5029
5705
5708
1399
9436
1160
7666
3381
8650
6865
3694
3703
7586
6337
5699
9796
1487
2069
5830
8043
2888
6995
8735
4233
4141
7928
6628
5844
9312
3451
7215
3578
7324
8523
5572
6468
4563
123
65
7555
5737
526
5123
4361
9808
1692
2085
5394
4688
5077
8739
748
899
9371
2969
571
9784
3775
357
3160
252
3517
2146
212
2745
6282
8619
7104
1321
9507
1000
9190
4613
8079
2601
9353
3797
2451
8743
1705
9628
3108
1200
1202
9139
8924
5274
6126
9626
3876
8706
2925
3973
6876
778
8595
7124
1880
2096
9136
5048
3937
8496
6763
7768
8438
6557
9247
9277
2701
5630
6615
7005
5484
5252
4913
6084
6495
1256
8174
7622
524
8484
2240
1718
516
5990
5486
2744
3710
1377
3892
6346
5121
2426
4937
8671
3568
7358
9326
6936
6167
9842
9696
9866
9540
7608
2717
3551
7499
9617
2807
3392
2144
1822
5189
9137
4081
431
1945
7315
5550
2497
4967
7652
5514
664
6285
2178
2587
9525
4434
2836
3897
9050
6266
3489
2194
7546
9946
4870
3297
5263
4434
5443
9353
57
8267
168
2873
3032
1751
1400
9635
5207
3307
5712
3093
7722
2270
8293
2659
1783
5493
3820
5566
656
7232
864
364
4944
7024
443
455
5232
6021
3288
1147
1574
7206
3526
3626
2072
8521
6203
7202
4597
5564
8414
4115
7431
1848
6207
6357
917
2978
6055
3375
2331
498
8316
7131
5321
2486
3219
8996
7776
2237
5484
8906
9969
4408
2300
57
8231
936
62
7289
4271
6734
1165
2633
7046
2878
4194
171
9564
2233
3595
5424
8492
5413
5614
4553
1413
3169
8129
4778
5529
950
498
688
5650
7338
590
8714
2295
761
7652
4723
2031
1694
8114
8568
3589
46
8177
2400
4412
7292
721
8019
9372
6367
4702
9857
1852
3024
5624
7295
5484
8180
4340
3180
4651
9222
4950
1612
2249
3569
1225
366
1492
3583
1113
1539
9838
5681
5426
3327
7157
6255
3770
2302
5867
2318
1953
8667
584
819
1226
8934
5553
5967
1865
6413
7377
2330
3915
5314
5827
5683
6274
5549
2847
9779
5370
2960
644
6070
638
5866
5211
7247
5766
9099
9235
4284
9014
127
9199
81
9234
5945
3952
9925
6420
1388
2475
9465
9110
4039
933
4297
446
3958
901
8087
3502
1160
6597
4472
9278
8857
4360
7841
168
5471
288
4441
8770
375
8259
7225
7334
4008
8017
7263
9330
6566
1876
3563
9426
8790
7865
4428
8089
4473
214
5284
364
757
9944
9600
5425
1407
244
2641
6686
335
2643
6203
1857
7308
3344
9701
4392
6689
8907
5522
4430
6832
7533
2351
7338
2069
2461
2203
9136
6810
8788
4174
5153
7755
4188
7774
9724
7509
8161
1254
2517
5703
9844
9129
8176
5621
935
9811
2960
6359
6917
7186
6297
6678
5875
8663
9627
5047
9596
4504
4082
7257
2884
7535
9800
3828
6955
2686
9136
3842
6547
3418
239
9159
3692
6965
5120
7890
8801
6601
9786
8593
1477
3627
5280
1648
8345
4228
7219
1265
1662
1712
6540
7204
7306
1849
9621
8164
5868
6215
4875
8951
5352
9600
4173
4757
4101
5840
4299
2227
1712
76
145
6515
3512
4638
3047
1219
5031
718
1130
5375
6554
8156
8673
4571
4648
3390
7735
2132
557
2035
6738
37
9838
104
2517
2912
8117
5809
2685
5157
4018
8698
4301
6593
6154
6527
9138
4799
3562
2262
5841
94
2211
9361
7180
1804
8496
7797
6853
494
4883
3812
3551
8381
7622
2762
5740
1720
5025
2928
7961
3176
1489
768
5489
1188
6871
4360
4709
9168
7537
8077
8824
7623
3850
3082
1947
9580
2914
2888
268
8761
8151
3575
4347
3543
4556
9018
7786
2108
6161
6215
7350
9335
4836
5826
6461
5508
3489
2907
8997
5125
1599
7637
9523
2732
1894
9733
7539
2824
6430
6608
9850
7310
4754
1504
5785
6349
7326
4215
4476
5174
6324
8310
6066
6244
8368
508
7694
1326
1943
153
5949
7762
610
9266
1675
4454
3444
6590
2804
5470
8910
1666
8419
5029
5417
9376
6878
5110
8740
5549
7855
2604
1882
9261
6285
3757
7134
580
2649
9372
5650
4388
5535
2312
3743
5672
4152
7990
2638
9923
5608
5267
7684
5289
1822
6759
7216
2903
9212
1506
8879
5116
2200
9312
271
5600
5609
3604
8181
6500
800
742
1580
740
4193
8629
6318
4729
4535
7114
1183
8402
1660
1799
8268
5545
6216
6821
9548
4541
1580
9824
2504
6493
1181
1365
6711
292
7868
1984
1561
984
7992
7523
5705
9914
7640
5980
7075
4594
6100
6707
256
6520
1300
5508
3237
9556
2041
6200
8031
4296
730
2777
556
5855
2123
2625
9087
9318
8788
9254
987
5822
7606
9039
8262
6022
9265
1952
3538
9261
860
3244
1810
2672
7582
8076
6035
2757
6041
5221
3589
5817
7201
5559
3347
3979
6938
1098
4602
9197
5620
7654
6793
2897
8800
4660
6054
4555
8555
2509
1249
3481
3739
4629
2673
6441
1239
4775
8242
6788
2630
8693
4844
1884
7373
7599
3324
8785
4911
9189
7088
3757
8328
9429
4531
6886
2917
9575
6615
287
5265
4528
5911
305
6616
9734
6630
8350
9184
9623
9082
6544
186
1034
3268
8
3353
9041
2672
914
9694
1981
7767
1981
8183
1444
2155
3014
9670
5341
4237
4686
5371
9553
8911
2212
3522
5047
9486
1420
1751
2061
6095
3801
1058
3846
8528
1746
7665
818
9246
3578
1955
9369
1516
5800
4992
5767
8143
9635
6832
4347
9963
4359
6535
3565
7765
5491
4828
2830
9804
2647
5193
4757
975
9698
5264
8697
1696
8417
2969
1293
9338
1060
9804
4832
5745
6315
6837
9708
6247
7649
7254
6717
5563
6296
5152
9068
8873
5467
2613
4075
1476
5894
3243
6833
5372
7325
1950
608
20
7055
6
9993
2036
2024
5086
8172
815
920
5054
7120
2938
6099
5917
3229
8304
1909
6228
5056
365
4329
9401
8704
6040
1487
1665
9492
3729
3012
9663
778
4927
3376
4638
3853
2479
325
4865
6044
2847
7646
7187
5546
6580
1975
3496
5931
654
2238
7964
9235
8868
2917
5029
8930
9730
8014
6110
7475
8737
2971
6148
9687
3817
9147
3146
6545
9559
6040
9827
2696
9366
5736
9699
1963
7305
6843
4928
9504
6986
6611
1016
275
4951
6826
1846
5495
2132
6522
5258
5903
4944
930
811
3593
2406
5534
1232
2164
1388
335
253
3761
7667
139
2332
1726
5543
4236
1145
3885
5074
4580
6508
4186
3127
6663
2504
5518
2760
4771
6325
6030
7921
9078
1608
1151
7123
1699
5122
7036
148
3385
9240
6380
5299
3305
9205
5683
9446
8641
7726
5289
1141
764
5921
9250
9859
1608
777
1153
3644
2201
8544
488
4669
5203
555
5816
6280
3763
1557
3931
3811
8479
6485
7217
9398
3547
384
7847
6923
5899
2960
4367
9479
7788
7329
5772
5044
6343
786
4423
1794
7932
2725
7317
2088
2307
7160
5131
3785
8041
2781
2499
5190
6303
6622
3822
8567
1010
6270
3189
9408
1012
7172
4463
2608
1117
1975
4290
9618
2023
8973
6943
3338
9709
1725
2333
1631
5780
211
9407
8581
3375
41
1988
8574
8815
6405
9009
2483
4170
6723
1077
4140
2220
512
8545
172
6350
9523
6785
2363
9383
9592
4506
9894
5893
2981
6791
2547
159
9526
2353
7793
9114
5461
9189
9295
9066
4183
7305
9710
8569
6444
1983
5732
8512
6647
3220
6819
3280
9554
6265
9462
9361
1373
7852
3189
3516
7488
528
1919
2074
8645
1674
7695
7575
54
6402
1600
1521
5343
5516
3872
4943
1290
8052
9326
678
1879
8361
2505
8272
275
4563
1213
8842
289
301
3076
1186
960
6760
6674
1584
7342
895
7902
2187
5294
251
9370
797
7487
5630
4905
6218
358
575
7134
3832
1786
8099
4109
1248
3533
8878
5666
7319
2687
5890
5979
7621
2867
5040
4391
4882
8298
7042
1712
1155
2487
4629
2691
4834
6357
7510
1511
3312
5111
3695
4269
9926
3923
8967
5102
6580
4222
4135
7166
4489
4136
2902
5809
3279
9675
6364
4824
4504
7122
5699
3216
6417
7743
4138
361
4120
4965
5136
7137
5129
2374
5172
8984
1780
2007
2881
729
5096
7517
707
130
5324
3657
3810
5936
3358
252
5910
2583
5776
8662
9768
2904
6508
1956
530
4396
5514
1178
1534
8718
7617
8920
6887
6898
7145
4353
3773
6251
850
6650
8395
8542
8214
6158
9088
7135
2830
9873
8314
1746
4792
7199
3772
3693
1126
8323
6360
1631
2506
2193
6631
7147
4531
770
8472
6965
7864
1794
2867
5171
148
5980
2968
5320
8993
6391
6495
766
6427
9404
5108
391
4647
4371
8522
8709
4416
882
211
3429
407
6330
4342
582
7717
6332
5013
5913
8002
8519
8889
1989
1687
1194
149
3557
1141
9696
3489
4631
7825
8753
6437
2993
7755
4934
8031
5152
2662
8912
370
8018
9884
4263
8374
775
3127
8128
7685
9614
427
2660
4399
5920
7092
9125
7314
4183
6696
9117
8475
3994
8163
3100
7131
2995
7883
9928
927
2432
3893
5555
2717
2688
7364
8737
3961
5827
4510
6907
5281
8101
4832
6100
9384
34
7596
4843
2824
4706
639
983
2871
3105
6865
6070
788
3864
2696
6531
7410
9364
6335
1744
3025
1592
6239
2204
3344
7223
5679
3173
4716
681
6515
8920
7818
291
737
1983
1387
5537
6068
9376
5068
5491
1686
1533
219
3839
5021
6877
8534
3981
9530
9489
3442
3763
2827
9750
3670
8391
1062
7061
9918
3399
7909
9792
5820
6076
9243
6580
6933
1417
1089
4450
1114
4088
6313
6234
6846
1706
1404
9957
1783
4451
1276
2324
2714
1906
1373
7767
8857
4499
3574
2294
2500
1492
4919
1510
9008
9237
9839
7551
2671
8060
9670
2540
6523
174
5397
3996
6006
5029
1666
4705
7848
3412
1191
8256
9416
9055
2731
2311
8169
15
1812
1142
5714
5587
8655
6953
5651
7178
7104
2748
2703
4027
2813
5821
2229
9753
2826
1960
6710
5812
8588
8839
8061
3333
792
395
6982
1543
5587
1410
2985
1553
4412
4386
2091
6044
7213
6814
9564
3782
4909
7910
6715
3095
706
7255
9151
9895
1853
379
115
6140
4070
156
249
6131
3204
5013
1614
7542
5732
7196
786
584
9650
521
5821
7684
9817
3112
1175
8821
4376
6517
6523
3362
2614
3111
5802
5634
5850
9431
3725
6608
5876
4600
2120
4491
9546
3961
5267
4441
2301
863
4112
9233
2115
2331
8407
632
9348
1254
8861
31
9990
987
1786
7154
4552
2958
8948
8394
7250
5144
820
9667
9608
7123
4658
2508
1496
8160
7740
8758
1358
9405
1812
4892
9589
310
3148
420
5431
5769
9501
9624
5720
2377
580
4609
8580
2815
5133
9445
587
103
3302
6243
6523
7732
4518
7470
7052
541
165
8453
4668
1810
8327
5962
1256
5942
6285
8941
2788
8870
1950
746
7363
3454
3831
9077
9686
1437
6977
1312
1073
1412
670
7730
8420
1126
8819
2118
5769
4851
3194
6871
114
8032
3261
5255
3192
2765
8789
7700
5144
2051
1511
4477
600
1031
4686
4110
8524
1203
8358
8049
7530
5700
2885
9916
9585
3845
8188
5196
2639
6991
403
8647
6755
2373
8627
6351
7658
5658
8637
9125
9044
7277
372
3334
5950
3594
2516
3454
5807
8518
9086
4026
6448
9023
4321
1064
2039
5372
3046
4936
4974
6616
2896
2921
3759
6297
8720
4608
6657
8486
3545
6128
550
4966
4580
4749
1487
9184
6699
2121
3854
1779
8236
9194
4775
9951
5533
8843
1326
9073
5351
2925
4682
6320
6023
6065
9684
2403
6274
5536
7443
9122
7958
7029
7259
6155
2849
8848
1756
9674
5544
2647
4741
6714
8047
7628
2498
3476
8673
3189
3179
7654
2676
6929
1151
7910
719
3102
4197
6732
6067
4546
673
5177
2518
2148
8586
183
5011
5441
9127
3650
7975
1435
9283
2984
2233
6581
5424
8417
6401
9616
5620
8049
3641
5175
1773
2350
2190
8756
8985
8211
7964
4397
6348
1075
6135
4415
1875
7465
192
2963
3427
6190
1453
804
5832
1864
6678
8678
8116
8427
6890
4197
8264
5674
4685
2147
1519
7573
864
9353
7152
7732
2822
559
9824
2658
2439
2129
8532
1793
4801
8137
3802
5403
6870
9344
3922
5660
8225
8620
7889
5915
3262
3927
4699
3164
1631
341
1321
8639
5356
2450
8162
5121
5951
669
1662
9006
43
6158
1194
1213
6687
6731
5860
8772
9906
4286
5867
4118
3256
507
7683
4691
9061
4033
7002
8470
4864
5151
1954
485
9915
2488
7034
896
9993
3756
4847
859
2955
3193
7173
2813
8337
708
3164
7916
8098
7079
7856
5586
9840
7935
277
4295
1974
8508
931
1843
6080
1945
4359
5157
6944
1613
442
9862
4092
7451
5194
3481
9425
6728
7594
2880
2400
7658
1821
7592
3328
1046
8530
7169
6123
2729
6683
366
4747
7646
5638
9083
4394
3501
1012
8868
9423
5443
367
2757
4047
5660
8100
1496
1472
6917
1798
8247
9701
2854
6943
9878
1911
8638
4563
1171
7348
3350
3918
8947
7840
3769
3348
9783
6567
1502
2641
9951
1765
433
588
5082
4680
6041
7396
6143
9306
7529
6392
5002
6529
523
989
9521
5261
5223
8451
3528
4164
2164
8433
924
9590
3553
8464
8388
8576
9818
8544
263
8039
4616
7620
8233
165
5965
8314
5145
9343
4219
7439
8146
7458
1782
4660
1750
9951
7684
5567
5127
4124
9522
6533
9219
993
9093
1702
717
9120
9727
458
7963
2940
8650
257
5092
126
9565
3181
1562
7711
5308
1718
8987
1980
9078
60
1752
6699
713
7622
5746
7341
2130
4654
7558
3137
2670
377
9743
8394
1852
2269
5946
7364
7352
4876
3206
4702
7436
4640
7623
7644
6665
9605
2012
234
6209
2394
3227
1128
9638
4637
2887
9646
8087
9455
6687
661
8837
8585
1495
8282
6650
2363
5099
484
1109
1143
5868
7440
7579
2087
3153
864
5573
1576
6966
3183
6771
7751
5490
6937
997
410
8317
8241
6780
7339
8875
1801
3906
8873
4190
6950
4958
262
718
7627
5984
22
8826
1859
9288
9066
778
220
8894
4570
3228
5724
7307
7559
7584
9
7037
7117
4299
4953
7957
5627
9300
6351
1164
6573
6916
6638
6828
4490
5187
8389
5524
9469
4189
8029
5076
2845
3718
1946
6060
6721
8905
156
2355
6021
904
5314
9923
2358
1613
2276
5324
9321
5758
6389
6046
2081
2103
5784
2552
414
29
1349
1446
336
9924
5761
2273
6272
465
5126
2065
8397
2023
2317
418
2505
400
9554
6308
5702
3324
4195
4858
8933
5949
519
6349
7135
3387
6286
4492
259
6008
771
3246
2565
5635
3009
7572
7787
7616
6900
7417
382
7331
1519
1957
4408
3860
336
2234
3238
4082
8285
2623
1092
2673
1957
328
8679
62
6895
6330
8912
1661
6294
6959
554
7600
8068
4189
2711
4134
8732
7415
811
9462
9776
5742
5602
1276
401
3843
1492
7748
7676
6123
8678
3663
2247
4853
5875
1182
5444
737
8176
2960
9056
6146
2653
9810
948
9537
9408
1891
1327
8125
768
6189
9531
5573
1377
2121
5784
9095
1172
41
6952
2376
7067
9889
2483
6053
9432
2997
3996
3867
3884
748
9619
2787
2155
4720
5707
4355
3656
3594
8874
4618
873
8900
332
3565
3480
7714
9536
87
5349
516
4102
9236
9960
1120
6127
2805
2220
5929
1396
1829
8961
1634
5956
4350
5708
6785
3894
1536
7446
7624
7461
7981
8308
4610
8776
1844
5003
4543
5207
922
2561
57
2093
7117
2601
7340
7785
7919
8074
5110
5270
2260
6871
275
1167
5995
5008
6621
7066
784
7912
4598
2966
2398
7393
628
7441
2131
1919
9228
894
9615
7671
909
2863
8424
579
3856
2507
176
2088
912
7080
3119
7820
812
7324
6305
4508
9401
2899
9051
9800
9195
6415
1954
7810
7814
4869
9012
4058
4602
9004
7495
7145
388
2307
8773
1473
5482
5012
7565
6399
7430
7861
871
2096
4869
9295
7951
8912
2009
5795
7653
8281
465
353
9713
6459
6666
4369
382
3572
6820
4143
9675
5768
7657
5588
6168
8657
9679
7289
2410
6121
2257
609
5441
5471
4297
1877
1994
8157
8524
7683
4849
2166
4856
1371
7146
1240
6962
4900
7909
4229
583
2422
9937
5136
4419
7717
3473
9706
8916
2605
6505
1013
6929
9804
3562
9752
208
7119
6389
1251
1203
7447
827
6040
7580
8073
904
9278
5471
4936
598
3313
8754
8397
2181
2188
2992
9162
8562
8139
8938
3290
3950
9346
2606
2228
9860
8806
4853
6192
8870
2166
3947
8507
1754
3452
4347
8239
1442
2154
2116
470
9353
8205
4208
6976
7838
678
5200
4835
9704
8544
7452
7587
8832
4106
4890
8339
6842
7832
4554
3538
6132
9456
1098
5427
1446
4749
6989
7652
3776
3157
6821
6938
2687
2393
6551
3169
1418
939
720
7775
2041
3924
7507
4526
3355
1150
7336
6708
7287
4773
8491
463
3925
7348
9454
1217
6485
5471
1
731
5417
274
4089
2335
7765
2437
2544
7124
2939
1703
3776
9222
9701
9802
9320
3715
3443
2257
6430
4216
7692
2269
4319
481
6844
496
4408
7537
8843
6064
331
8621
4783
6528
2398
6327
1404
1541
1262
1411
5091
4362
7405
4496
1377
4638
9354
5533
967
1763
8840
5902
3582
1045
7720
1042
4192
4874
4357
8748
1955
583
7591
7780
3132
7302
3872
6271
7390
6418
9503
5599
5458
954
746
5939
2478
1739
9409
342
6252
890
2342
6339
5392
8233
1295
8254
2742
971
3940
8674
7194
5826
3917
3160
8525
5216
7029
1051
3451
8710
8725
44
3948
3214
4608
6841
2520
6223
8024
4841
5767
4749
9091
7955
8174
2463
4511
899
2314
2612
3757
9910
821
5308
2786
8143
7040
5410
1691
759
722
2893
6997
6239
5511
1962
5942
5874
939
22
6789
3747
4769
7545
6307
7030
4520
4580
2055
1634
8177
2188
5636
4905
4444
9553
5866
8782
3291
1692
2880
2107
4458
5197
9677
8526
1810
2028
1986
4210
4337
4216
8413
7056
9348
9365
5331
4855
8561
6996
2570
3963
2627
1980
1599
2975
7526
8441
1868
7359
9185
9324
7361
3881
1051
1080
947
3280
8128
7707
7837
9244
9360
7327
4610
7627
3542
3568
2706
8741
6434
8940
5497
6715
7559
7498
1147
5835
1852
6349
5037
2499
8403
7266
1167
9253
6685
6307
6498
5133
1080
6460
7502
3741
1717
1730
6631
5008
2522
8743
9450
9625
4035
6421
6912
6206
4173
3214
9651
4973
5052
9571
4974
1868
5077
4377
6926
3939
9511
974
9523
1335
4722
3573
9677
8068
4966
1979
2749
2427
3973
9527
4670
374
9226
8423
9734
5380
5640
1719
9052
6191
9541
2674
4533
5718
5084
9265
1106
6464
7179
1510
8833
6480
1810
5410
6049
6925
6279
7045
8429
7915
3646
6379
1267
6859
3818
135
2626
6713
8939
3322
701
7845
5290
7236
7227
6494
8859
113
4044
3525
4612
4378
1876
4278
3301
3529
3838
4338
9879
3806
5614
8098
1466
5073
5087
1570
1770
7290
2553
2902
8890
6463
8375
1135
1065
2286
7823
898
411
7885
194
4748
4043
4770
3834
4208
3829
7368
7515
5328
9050
3291
2619
1293
1802
3315
7087
1315
3908
1946
876
5424
1634
7750
6305
1372
8371
2539
952
1096
6076
4355
5204
9193
6847
661
2686
5059
7599
5459
7834
3046
8626
6644
8092
9227
8347
7984
6023
3369
6105
1169
4764
1805
7695
8451
3663
7476
2023
1135
8311
1352
7634
7379
1746
3719
2810
7549
6636
4800
1577
8114
9548
5587
9470
4189
6300
5569
5304
3423
4328
2021
5711
3862
3943
1167
4616
475
4647
1375
1442
7687
6721
5489
5782
2616
8036
7995
4056
6552
5042
1408
5102
8491
6857
4867
4039
2955
8174
2161
7489
6895
7913
2052
2040
238
7058
4956
2537
7180
5274
6568
6328
6103
2498
9041
3315
6325
5059
4728
1411
7844
2002
6969
6515
7178
8275
6465
2248
4300
343
7960
7994
9779
5813
4962
8587
1850
8669
3717
6631
6558
5218
5136
799
2757
8802
8454
1198
5871
6979
5434
8139
4214
572
5861
5753
1623
8970
8556
9007
9015
8751
6564
7542
2491
1797
6536
1843
1764
348
7558
744
9590
785
5824
3368
8960
4874
5107
9548
9053
394
706
2431
7901
5357
6818
9015
6323
7916
4101
3716
9673
5026
4806
2660
3573
3597
2786
436
6382
1418
131
3221
3740
4487
1243
6002
2425
3716
924
6218
2996
1678
7244
692
6837
8846
5717
8112
6872
4903
7752
5164
9597
849
4131
5305
364
756
9852
9188
9966
237
4466
2550
2323
5708
5413
2446
6312
8768
9454
7596
5545
8194
1844
1122
8212
8899
9713
7339
128
9145
2882
7585
494
8500
8109
8592
7850
5607
9896
6215
2765
684
9941
8706
7054
7063
2130
4674
652
1696
411
4131
6257
3822
9255
6379
7825
9561
9802
9463
8334
6723
4621
4512
7028
7194
3087
5498
4465
2954
5464
3188
6323
7124
5569
1421
2869
5081
4292
1019
8168
7907
4263
2148
206
9386
5062
8277
4400
4662
2143
247
4621
7980
1358
8034
8286
3272
704
1057
6956
3106
9802
4504
1205
1494
1098
9402
833
3501
5324
6561
3777
7755
1561
8910
6920
5104
9386
1089
8146
8582
8889
3002
7233
7985
9838
9737
8960
5923
3849
3700
7960
6034
3613
44
5623
5969
4237
2164
1005
5845
7176
6703
4992
6766
3953
312
5238
2122
1375
2780
7083
9964
3868
9998
6073
7337
8027
9032
547
126
2650
8224
8283
7339
1158
5679
8220
9605
5470
9084
2407
5529
9947
4355
4566
7178
7223
9659
9615
2039
3273
9429
4977
2884
1777
5240
487
6855
219
4194
2518
4423
5029
9899
5941
1410
1222
4801
7204
2030
9157
9361
9577
2147
9355
3497
6031
6131
5781
4995
929
439
790
2102
521
2493
9101
9497
6794
4116
6511
5846
5674
9314
5020
4120
6123
7925
4119
2275
4286
4948
6337
2431
3288
9363
8401
2465
3987
3119
2765
9280
8369
7026
5165
2509
879
4538
8454
1205
5125
2364
1413
3191
8192
9384
7819
9884
666
6165
475
5308
1684
1057
798
9586
6374
9561
8630
9862
1932
7027
6880
1412
3465
596
9879
3336
2657
5351
5075
770
4816
2104
2753
979
7488
5572
3904
144
2675
9869
8702
5723
1648
124
3682
5779
2448
4000
6768
5954
161
14
584
5513
7076
5559
4642
5108
4400
5256
7948
8786
2891
5331
4865
1846
1639
6628
6439
2119
6416
2068
4851
7798
8579
361
8763
3830
4202
6126
5827
9868
9305
1134
1152
1545
1453
1830
5521
199
6648
7335
2568
8342
6249
134
5354
6611
3395
2337
2576
6949
7221
6774
5486
8953
8630
7387
7216
2319
6731
6078
3003
8998
6871
5104
402
607
2519
1610
6940
646
527
6270
9984
6638
442
9695
490
4721
7297
765
7697
9091
2575
3460
8562
9678
3219
6023
8049
6176
8868
7640
4583
9235
5648
5219
9775
8171
9385
8764
5819
9495
3879
209
5023
6109
8987
7098
8683
6140
8395
6935
7923
8874
9732
5663
2052
8411
7461
5839
8383
2829
5165
1435
7290
7639
3140
9769
936
1270
2361
7102
9493
7278
1166
9115
7039
1886
4667
3276
4821
8631
5895
9063
6010
2538
7665
5963
6886
2003
1802
9194
4275
5778
9857
8281
1577
9063
8146
6248
1927
4979
1510
1919
6632
9594
349
2104
1762
3212
1536
5721
3336
669
8943
6060
8247
8264
9861
6721
8160
9080
7088
3142
9165
9217
7771
8808
153
7293
4434
927
6037
4704
2898
772
4411
558
5204
2522
5360
4025
3185
3023
6087
4344
7893
6006
4083
844
3847
6126
7031
7626
719
2597
5713
5849
9053
8543
1919
8187
6044
5970
6156
9216
7468
9432
6336
1722
7106
4837
3374
484
728
9654
5111
9622
5183
7090
1692
9715
2612
7235
8520
8428
2025
9160
823
5498
8321
2362
3039
3068
8177
4714
2509
2422
5403
2045
4937
5334
5385
8624
4425
7558
3260
3919
6204
9662
8548
7326
1892
5323
5849
4669
7894
2900
6
8520
5850
7155
6261
238
867
6565
7906
3507
7550
484
3322
1574
9888
756
175
2626
2255
6785
7711
3457
2644
5035
2804
4289
1132
6506
4745
4466
7449
6609
3976
3019
7549
6785
4874
5983
1628
7009
3476
1078
4124
9911
7351
4659
945
799
5725
5007
739
5067
5938
3787
4040
2735
9475
2167
528
2492
7331
8112
7368
7904
1754
3391
6663
8639
4767
2121
3692
8836
8639
8035
5597
566
2375
1101
4515
6231
9958
6937
5860
3420
1448
6321
9039
7879
9907
8038
1856
3412
9054
4657
9039
6307
8633
871
9567
8099
8662
8572
4919
6488
3043
3862
1427
8416
6598
9585
5031
5460
8336
6623
5011
4612
7318
7828
3336
8500
2836
8600
9866
8886
6625
8058
1975
1012
9286
1123
6725
239
3664
3619
9589
2521
1257
9091
6175
3726
2504
5704
5840
218
3590
3728
9593
3215
4558
1004
4774
3112
6141
9500
2973
6101
3567
6668
5086
4912
6758
8621
4551
4206
3319
6661
1173
3836
3922
6990
3319
7724
6384
1356
7119
1676
8781
3825
9322
91
1500
1633
410
8472
5589
3706
1150
2634
8959
2480
4713
2650
1477
3010
3290
5889
7730
590
3525
3814
3159
7683
6440
2213
7533
1687
4061
1211
2905
3060
8614
4975
4686
299
4095
4215
672
3295
7492
7913
3547
4691
9543
5411
8800
5848
4970
4647
2382
7583
1901
947
992
6927
4295
1355
1086
8160
1485
7004
5753
5344
9111
8852
8801
9112
8550
3851
1049
6877
7990
5084
9873
3753
2983
3478
1480
5341
5366
1690
9344
5621
7167
6405
8048
2569
4074
5297
2670
3115
759
6690
6161
2627
1717
9551
2934
2437
8737
6652
7504
7154
2672
4649
7388
4719
2109
380
7330
1505
7283
9989
8625
8752
4754
1277
1489
7244
8212
9040
2140
6721
7060
1447
2842
7081
4154
8944
3007
4184
6103
199
5001
5117
800
9825
4600
4684
174
2078
2427
2315
4741
2330
5083
7629
9755
374
5758
8058
8587
4474
6075
6667
1174
5729
2469
3813
6559
6123
7613
2444
9200
2527
3125
4486
6276
4837
4812
5172
1685
691
9761
6155
490
8397
5300
1408
9326
7240
9326
9115
1989
1987
6487
3529
4178
9803
9443
4402
430
3720
1558
2673
381
5995
1461
4706
7696
150
3674
2959
4620
6921
5865
1284
1307
7673
1331
8490
4528
7014
503
93
4614
4420
6340
9361
9926
266
8787
7778
7412
7408
5716
509
1907
8716
8896
9220
9599
2058
6824
1577
9394
4835
2307
5023
5629
7988
3095
2569
4576
3878
4725
515
6339
1959
8994
1403
7925
4122
5894
2422
537
5403
7220
7
5866
9846
5333
6277
7597
3442
3303
7843
8485
4386
621
898
2756
8503
5229
4945
7059
858
5781
6013
2309
7261
8161
9254
5722
218
818
7435
1667
3566
8225
7688
7306
7446
8287
1494
942
6441
5088
675
5305
5866
7464
6665
2099
50
7450
6983
7726
4640
1816
6515
8079
8654
5171
3881
2785
6624
2584
8533
3118
2913
3428
2488
621
3929
5714
4576
1142
3727
6807
2620
1776
9608
3689
6659
6126
8117
5468
726
5624
2164
3559
3393
7370
5933
9681
2245
9896
3940
2601
9941
2921
5270
3440
8135
3556
3912
5073
5082
7961
583
6314
1670
7080
1067
6575
390
1232
6314
656
2750
8527
1936
8144
4467
7126
7948
9419
5638
8081
8308
6582
2346
3948
6072
6455
7188
4324
4268
8633
5009
3313
6766
6033
7641
9528
4328
8799
4760
2769
1707
5316
6563
7949
6733
1299
8916
3191
2235
7554
8519
8516
6298
2331
6856
614
7922
8941
4895
2277
3434
3607
5550
688
7144
3930
1344
9001
8334
3630
8908
3065
5235
6701
2806
8940
483
7195
9602
8122
5263
