9530
11630
28539
59417
74220
48081
13483
30781
9106
73206
55805
58164
55140
17253
41495
1477
10152
15410
1916
72753
67671
59745
55831
96390
75562
32608
49573
75356
7657
91967
40803
19712
80892
30925
13529
40426
49163
67361
84417
4185
97334
55819
46133
48004
35261
21517
92319
5132
23875
72008
6191
14233
26684
47184
36403
4562
89939
10537
64384
49655
51637
10251
17938
21339
30677
97418
65126
41061
86162
461
26678
40284
16788
30713
74917
93110
60426
92096
68458
31815
43315
56019
46795
41517
56730
34101
89896
92274
88694
92033
22190
42711
31748
40995
38768
5805
20048
93534
10107
61875
87541
96811
29871
68473
18922
33929
58279
50879
12009
48557
67050
83808
59152
4001
21123
93386
52348
23517
82627
67457
50680
92524
25973
57645
61848
52472
24347
68336
76632
89369
40984
20779
21370
45854
86706
95917
20355
84460
82399
65861
36366
23
34757
75425
42716
72555
16471
46888
63885
91303
18473
29903
8794
19792
3319
94007
52064
37323
47754
76474
59705
55327
21922
21588
23186
85153
61421
14149
44156
58763
50718
36170
55028
56078
866
47773
1138
99045
81750
56748
98563
8
69083
18119
19027
45150
34411
88693
36428
78279
39078
14828
70851
37884
36029
10976
50032
17185
1415
39001
77500
24170
50496
39825
76704
68779
34411
66213
18136
15822
41060
92269
21244
70481
98069
26330
53142
63831
15886
62695
11024
59081
52685
37839
72737
41805
55264
67264
987
69380
27533
34099
87934
51834
47657
90977
54008
83582
19641
57718
90704
49449
9257
47678
46473
42220
69859
54959
28597
74582
45292
45813
51661
25655
23913
36645
39135
79532
91656
79225
27545
4792
96946
58656
47606
19903
98766
46396
12887
27559
86175
48578
98202
91102
10950
61915
29641
75725
18039
84133
93381
49150
60616
28383
90346
62686
37017
96468
36627
67811
3298
55446
17514
30571
19344
31168
32576
95221
1183
31362
81659
20964
6040
71014
50109
36042
45351
3736
53904
63550
47303
85562
73564
19021
622
38285
73773
15302
9741
91165
92237
9393
19502
55623
53443
24910
39675
58150
94546
59840
24696
6046
14310
54971
14059
794
67655
59859
2116
31239
90998
71762
37436
27279
59476
64288
77390
382
9837
31512
51627
47919
96709
55120
97325
57042
5937
99022
84459
43555
86305
73130
22638
37969
88912
41062
22086
16496
69153
58969
3878
6680
84727
35137
3026
9076
29416
84080
88455
9724
16098
20383
58856
27086
85863
34056
78388
39652
89054
1230
55992
39013
33774
814
98257
84918
77296
86984
42198
53095
6168
27295
52595
97230
68978
69880
39704
92267
53443
99899
72025
14260
84443
24584
91244
50499
22537
65748
4663
66306
67980
97536
91792
45139
90254
43451
41378
65378
25491
61765
92421
25208
84979
13715
75497
50168
57006
55589
70318
84258
55211
13509
22862
89255
51773
98840
84082
96654
45756
25436
21202
68260
95041
67637
41227
93952
73946
72701
32282
90060
16332
95026
21681
4799
87189
43586
37685
37568
97363
49199
61543
37957
28569
33029
6002
47913
11676
84896
9158
67935
78672
84854
2940
40307
28170
46664
17472
75929
23902
39644
69368
79119
36163
35675
25690
91136
30167
75774
58023
77168
3787
56023
90442
3333
53697
77352
48145
79382
18577
6623
32152
72465
16456
43319
18972
95560
75636
34359
57478
28051
32238
91639
92680
63859
47691
69535
73609
73938
87150
27974
10325
40194
59212
96560
17790
82696
60959
85337
93282
72851
87507
14282
70988
14826
11602
87001
14631
23577
50033
78901
59890
54551
63426
18050
68727
75038
6404
71730
75726
51836
1302
8093
22478
35535
47070
15939
69617
42150
96663
8650
55631
17240
82207
28392
17902
40184
24517
70781
78929
17425
45039
62887
89065
46496
23250
43665
75649
76642
60554
58338
18874
41471
50451
11933
96393
55856
81678
33439
30496
99643
64277
61661
93611
15204
53659
75949
97182
2179
5019
73114
95636
15034
80594
45269
31894
83038
57063
89544
64971
10562
41189
25156
93155
35102
67665
78116
78235
81109
73276
66402
63965
88208
39906
14282
74169
62875
13589
99072
30249
30371
46605
22743
49233
25414
32486
84173
12408
89362
25780
49867
4716
93220
27665
21339
97711
91443
65469
50185
61520
949
74747
28562
84941
56487
83523
74918
72248
27688
30056
16330
53585
15406
85813
44227
51013
56183
40331
42523
39585
24090
85194
61689
29337
45000
82488
53851
35423
30868
80771
6346
24630
21358
84200
40627
21809
63744
23993
5774
16
61348
19397
47802
93105
90183
47434
68900
49814
96073
18847
66010
97217
36263
32008
46595
39704
7949
80212
76152
67355
20689
39641
30866
87028
7014
98548
17743
29105
59232
2425
38118
66271
56952
72589
91554
2370
22632
50559
62713
90506
42339
15090
51724
87281
48414
97016
25128
8603
31256
69334
68626
71466
45587
54155
41441
33861
50267
75908
93496
7405
60121
60314
54760
33416
51808
88556
5664
99878
23158
36183
13104
96548
94699
23867
65492
26421
19096
40416
5883
1574
15641
30074
39229
5558
87733
22019
29724
54377
83276
63701
21849
22847
78905
62179
99680
22005
89160
34490
50666
84432
60655
46637
86643
83219
21500
38942
77037
30724
38953
67245
23
72476
13840
98922
69473
88377
92281
24969
57640
67159
91388
84848
94
58132
35587
13199
41235
96727
52983
6582
18461
24678
39353
11373
41603
22277
1726
50537
88989
276
82509
6980
90047
87421
48327
25122
49796
95231
83886
95583
46037
52867
12136
77518
91031
48165
6256
41203
4761
19741
9412
1404
94958
52727
87665
75019
73129
47068
40502
22828
25894
1372
47080
29270
94754
94141
63202
84124
21686
70777
75373
33731
99181
48721
51941
28449
94451
58311
91148
73274
96639
72317
5305
42124
16557
92196
63174
89562
71925
11169
97982
85014
67851
94422
70647
85617
2818
42081
62735
60209
25750
97443
98454
67815
81356
87334
18231
39277
12646
91733
72278
52151
19721
96209
55853
53512
96018
34740
78455
35658
6953
3537
45608
5765
1740
85863
90025
19416
75642
67898
18176
1440
45012
94806
40638
80469
92418
47118
73053
78584
91068
72518
9292
81178
1849
94731
88071
33479
17384
27483
85956
46051
48553
33488
8325
61389
88700
61785
24039
80625
51906
77815
73122
36748
46336
99067
33755
88767
65557
2479
68895
99099
75319
57106
28596
5514
78306
76153
78203
83677
18025
97845
77964
82667
7016
1835
33390
92042
21262
61636
29483
79883
12253
60593
87866
32084
29440
25196
49570
52325
47561
74545
12238
34576
56210
52172
26010
71615
5674
66475
13994
6866
94925
29274
4531
97910
91996
69729
74177
62965
43989
34839
73172
69259
76113
86330
21298
78579
15249
97758
17438
33260
86470
80651
80927
43747
34541
35073
20721
82542
86368
81712
56221
48459
35903
10078
43977
21181
88558
2269
52765
53274
18644
10652
98551
74955
50072
19898
11186
4956
41144
65979
39764
40424
90381
70484
91508
15796
80968
86546
33452
61699
75131
71195
28811
50992
85915
99364
50133
66574
18059
75605
5770
93004
55062
91753
82571
31433
9118
14833
17804
46348
52897
76770
46275
40168
20112
11029
7705
16447
66120
50323
35825
62351
26683
63578
78982
29726
5306
2953
44062
66534
19249
20057
88104
68501
97633
44497
61523
34393
48748
83656
20182
49235
45015
13486
93475
24428
17680
13842
31681
98321
14618
50536
16995
53945
65736
39081
5878
16183
47114
1643
59106
4579
70348
54684
4984
50844
93243
94199
35478
4598
22654
71309
37977
45503
63238
63332
66835
17503
69929
26764
6444
10947
4947
72605
24244
48615
25007
15391
21522
56943
37121
73673
37147
35588
18988
54509
42586
60321
32689
23073
59371
41520
92445
54826
33250
73216
29335
94484
94285
67658
57228
95726
1432
13765
60356
3361
44515
78262
37520
80663
16380
7997
5368
1463
72319
29024
61125
60965
2299
10805
43125
70567
86031
13920
5278
8726
71728
37253
97948
44021
70539
36197
2105
63899
31446
82394
55733
56505
21465
98843
30463
43307
15406
97551
74438
49864
71862
19369
71580
31943
91082
11728
9450
49101
52786
35056
67283
1170
57900
42416
70145
40209
68080
14234
17297
17178
10367
28369
48894
5383
70673
19399
42536
22360
97034
89741
7832
67434
41299
32337
72309
80426
92281
82994
57372
65694
38824
47073
24318
36112
50394
61671
30481
82607
86081
69080
36153
40526
5477
59482
18608
35173
75613
62159
96308
30204
67890
21788
63430
3530
45747
57744
37319
79545
90868
29731
67833
64045
67311
61961
22461
83693
29499
83284
44724
32430
72516
78709
70730
53295
81997
84272
33099
54280
93572
77996
69976
76521
77762
20637
66635
24881
9224
9716
10674
20579
3529
61213
28300
44655
67302
71888
11466
57232
80332
3752
58235
22123
37682
11264
27921
9090
74344
73115
13197
45688
3692
5537
13407
45435
55814
39405
84772
8635
37504
73980
32839
29116
33941
794
4466
33849
25398
67494
35027
19332
1114
5519
98426
49244
60816
82896
96592
42915
76382
88271
41856
27274
20207
73065
94668
5262
86406
34765
14565
16360
75302
72849
12106
52459
45878
46066
83268
16317
86112
48564
74925
89112
25328
76240
12318
2536
13505
9099
79965
51681
82156
50744
36958
98112
89958
82005
27729
49917
1587
8226
31612
12709
33734
28751
6818
18818
93528
43371
48016
48525
70593
82442
93043
75180
35818
11935
57018
12184
6392
33162
23040
70676
47120
42853
33625
11877
2868
19370
68985
83559
35221
41481
35126
58543
16861
86473
42231
52774
3481
63532
95803
3448
45194
35826
45588
1371
27704
8005
83763
50563
68576
36555
21936
37210
30920
29627
47556
22204
52622
47009
50833
23473
15471
17138
81509
98190
65237
15586
31582
36902
53415
9879
23614
90610
83819
20433
88352
37023
88135
15936
21803
76210
54146
95999
30009
927
20077
43529
35165
3499
22887
52548
14198
8150
44462
34988
62029
35241
81376
34536
998
25422
59377
75358
97345
48967
53054
99176
9696
98374
74469
29289
99246
24829
61526
20086
18979
52826
57866
90272
74057
72351
7515
73838
47069
50137
37855
94786
38843
80829
1201
10678
27998
77209
65492
79623
81993
3759
63412
73553
89327
28706
93298
41956
58014
27480
49562
49183
69856
99741
29516
6944
25539
66271
43627
45805
15123
3151
21689
16442
72576
22130
76636
93219
81357
90096
79682
97403
80961
44846
69697
93277
71280
56372
57688
39940
8565
10002
15474
66773
22684
86351
32684
93675
32076
87620
29755
37354
86616
69556
81645
71809
21681
4735
27348
98111
22835
77359
52689
61600
14372
56076
75011
24837
24995
85904
85861
1254
34996
63715
12638
63995
59539
19702
51550
4318
57015
10166
42235
847
23280
77837
64494
82036
6237
69726
86867
72214
90848
49858
65841
10368
20238
87085
97229
97391
16109
99939
24261
22350
48405
55030
12610
79597
72402
67518
23817
1128
47746
44655
62687
4189
440
14350
74974
37848
94409
42291
2694
96339
88540
22686
62551
46221
8462
82932
9015
36253
4623
36784
92584
44551
15729
70997
53232
7640
44631
53719
78966
32068
9116
55886
80525
67778
20770
21037
21583
82861
23550
72896
67507
83514
71262
70898
91481
9561
17804
35697
35298
70271
30474
1640
80643
92229
74797
35211
72090
2783
71337
70231
13199
53985
40795
96427
67959
97197
29292
80298
80491
69529
8273
59732
64211
59944
6863
5007
51697
7709
81780
13282
18524
44855
96793
92725
10620
97105
97428
88570
86021
42110
89713
61344
76943
99132
47516
86307
97663
20604
77438
74484
68980
3396
49394
12766
6925
50976
15498
10254
17458
92884
80810
27155
75376
78296
68754
99477
41362
67867
16632
57284
51643
22714
38981
83657
85983
28974
26650
89884
1790
18516
37601
58324
53697
66420
24303
72910
85999
36122
59425
57121
81558
26284
51898
81351
83433
57306
25399
40856
5817
62650
68447
66073
72858
29115
28278
99807
77231
15967
94070
15475
77918
65496
45614
78246
97984
7545
17109
25639
1878
59631
57154
94808
12504
22699
77349
38959
27434
87150
59560
20088
64174
52139
40130
13946
48197
47106
37065
93955
13067
37573
29426
54314
90784
71276
61709
37122
12062
32738
91543
252
20559
31816
80441
7907
55660
32106
24546
65655
83138
98053
72539
50848
9280
5825
88050
4234
16879
31585
36575
41313
40200
74221
59657
70563
52582
40153
59917
11179
51624
4282
19605
11404
344
33558
71819
86464
71251
20662
73962
92687
37857
69638
98992
51601
64310
87787
25550
78487
25584
95786
33137
3295
1339
75704
71373
75772
4439
33971
58228
59182
11643
40695
49545
80046
14976
71682
1021
63157
68496
4550
10441
78753
16460
98732
76973
10362
86907
75185
22904
6473
97897
86936
21579
99999
69673
23375
1258
25573
26971
66822
6463
63794
62811
23090
71745
55929
63589
85413
43507
72253
66314
54485
55687
75148
36419
74794
80191
93030
4883
40744
3769
60030
1165
92649
400
80208
51652
96391
18544
96694
56994
15327
31272
69352
84067
91481
36453
9305
47867
23275
87553
36305
66992
83172
71673
85935
49607
36841
56451
7085
12552
84674
64717
45610
79494
7078
80738
92693
56209
73123
72809
48877
3338
8211
44213
6311
40693
95594
26548
41578
62701
80733
7450
93974
21468
37940
24735
45544
93218
44680
83528
43495
45903
98294
51690
93418
73332
8424
16666
1499
25400
35476
1285
25753
52001
86630
53439
2606
1730
20010
72137
14361
97383
81249
772
89405
47335
49721
81911
57719
27427
7649
43102
57655
17138
67257
62090
50806
88266
11934
88304
59915
36127
17089
93773
42109
58948
77304
70238
44887
12602
43352
2050
3494
86938
37642
96113
59890
61897
8566
79851
53534
58120
24462
43188
30460
15895
396
25153
33169
67058
3822
7089
90848
69663
69117
91191
31935
6486
87602
85271
31188
26063
41794
5639
58689
91379
34682
69453
35343
5076
16803
71070
54789
51601
21840
61923
39651
36723
25710
98565
17143
88629
3849
33042
8588
25592
97810
71877
47949
33169
64840
83637
37725
18277
39084
61405
14625
35429
33301
88995
77548
59013
28597
94981
73683
62052
12631
21520
6336
31791
89779
21517
95500
4196
58996
47063
68256
36124
16016
34898
29666
95730
15254
7031
771
73207
83502
85940
11948
13805
83015
91341
2288
80573
47892
88411
6626
77582
44251
28260
46949
89083
36264
27726
51441
65914
15620
52022
224
70906
51971
16798
6130
40368
88265
68012
51757
43247
88861
54290
53412
80114
60950
42543
94567
69459
74144
23776
93152
57404
49094
22834
65696
36929
28168
95571
4338
6600
55721
49087
25380
54820
24272
50038
46626
15889
81223
38935
26443
38447
23488
46144
54838
5594
51952
31838
50452
64392
14755
20615
31628
61893
76091
93703
23949
71474
75716
45076
21957
79101
77948
57663
95738
23466
65762
70140
21100
42905
65130
90550
21160
11255
24803
60710
93350
94966
97779
18854
58769
58801
95555
18377
50075
42430
55348
13009
40406
51215
84122
95606
21779
28065
68712
47735
32158
57195
45012
94522
80150
94071
47197
37505
31346
3677
46913
57978
85737
86196
59007
21325
30148
92523
4571
93660
50985
74902
19990
26819
60262
39026
24075
70728
42025
4477
15346
535
83937
42784
57550
47526
72527
59740
49150
95940
71757
6183
91739
58756
8720
10431
39107
55438
33808
78526
29807
28007
84818
90329
80634
9281
85373
38399
84006
99694
8649
31976
16424
80179
77311
58740
71306
47645
97659
30729
63077
19028
6611
4571
82247
42109
42053
47952
41528
52252
81994
60317
93858
66612
70479
99189
52644
87913
76216
58384
88814
77698
89880
7399
13081
65907
88214
93615
99506
37296
61217
41626
45720
69605
51459
35992
71230
72703
77199
94220
35229
14379
82180
68528
91241
13636
21325
5178
52011
53272
8128
37146
39859
10735
99130
52354
83167
51363
59775
8695
93825
41703
42633
70162
1444
48305
32437
90436
3621
79576
59385
4215
84080
8666
86120
51687
15307
4675
15287
45667
81276
32485
57367
23402
28742
24905
39986
1515
2630
21396
47762
15595
19076
28599
65155
6982
24061
12424
54429
62330
26299
62019
36122
5589
4716
71084
28448
18298
26106
78720
86390
39289
94042
23554
30308
24950
32249
79941
95549
67341
31900
71254
46757
70822
93228
75973
15192
18112
20447
62067
5490
20793
99331
13846
5559
42949
23347
89530
4088
50772
56942
46380
35595
69351
8502
57934
64695
22479
84569
43510
68610
47192
24060
11838
36876
71569
16232
841
30128
41683
89657
12297
81787
67363
17899
25184
26908
10318
47942
30654
85895
21137
48966
39405
87878
77251
72207
40097
3816
78595
87778
58056
67230
7382
81320
45917
32194
24139
11829
41580
23301
58051
95676
93116
71251
42233
3140
56624
77706
1080
18935
46955
22608
80398
64983
83938
73501
25792
1981
79196
95926
7417
8612
29191
47347
6247
64585
57313
78264
37247
51698
67870
45420
816
38875
16517
67272
73907
98045
15761
65718
18188
93918
8770
32173
4302
81873
82682
40083
28052
9763
45424
28380
62630
74111
4144
24286
32894
63832
47008
40336
70395
42298
62962
79937
50406
68642
17099
10269
30639
62042
37209
34012
88804
47978
62387
97305
38766
8193
44909
41189
15715
47766
27815
55811
32285
26085
49543
57810
54424
99579
93741
65665
18468
86533
94507
20946
73455
95205
41501
2334
41993
67733
59554
13796
34993
17752
20545
50317
18536
75123
30752
34952
9107
35149
11324
14833
7264
74385
53677
80015
46560
84891
3867
87726
97244
71101
26335
43976
34908
41098
96255
54843
51134
9494
28950
82668
39810
89827
34776
58740
89426
44469
38920
10634
78425
312
20578
56458
34473
57426
90775
70189
69467
43903
31454
651
4010
1773
19514
9308
88571
10885
47074
24180
85015
92388
6974
7639
14746
62962
92048
14324
21785
19875
38944
26785
98142
43715
34871
89414
19370
70104
97654
77043
46451
18115
25662
6991
6051
3253
49240
78719
66075
52782
94782
67428
86534
47903
32246
78159
25340
12858
56479
83833
84943
89030
26071
74505
54632
51399
86623
20769
75671
1087
18893
12769
70609
58768
77693
1874
61787
5647
99000
2730
38142
28402
23412
7222
48602
35826
99482
64361
69729
80516
70438
62785
26972
37521
66112
97837
99599
75750
8409
45775
38402
66579
83693
26830
2642
82266
59428
69956
50611
11309
56216
33814
99325
16892
43989
21767
17934
97432
34773
76371
23514
73769
52876
56408
16815
15077
73508
75157
48339
98453
22266
14611
75479
46236
88665
64646
74242
47796
22345
62721
86014
52781
36196
79387
42941
55696
83875
81653
33915
37380
53181
54422
92262
4277
26381
71761
76026
4441
79585
49370
56183
99171
36853
15170
45707
39867
71968
80320
83542
48049
57824
6077
15689
28335
48304
9666
11712
41104
60181
25651
29124
69495
15
54067
68902
1968
19938
27297
95970
84011
45422
22083
3030
81235
67737
31711
83955
19243
65077
41872
54669
61730
52873
2615
57915
39112
43287
65131
75906
81538
19228
41562
77295
57762
98658
78787
76622
48685
17291
30711
13625
35499
35809
3853
12408
76376
51975
8094
72250
23095
85166
30501
6142
99328
68089
67706
5962
53306
65809
50861
74242
96130
74870
52287
73941
93216
40082
68360
61600
88633
86080
52528
16779
7554
4179
74498
27054
62837
22250
53836
67054
92765
32316
27986
57232
33984
41876
1717
25347
95204
23492
41437
62478
30244
51764
96716
71671
85880
77896
39773
86930
46170
87454
17735
8251
37766
86551
39316
72201
98546
42508
31991
4416
33398
12081
57198
87713
38624
98324
63717
17024
48090
15724
90009
76995
73957
74480
59193
16838
46363
64978
77585
81704
28917
76918
92311
67591
84332
13753
91628
4166
72266
73979
87346
39723
17493
26339
48425
74426
26207
39016
11397
34057
83867
11511
1205
85284
55408
11836
95724
48300
28184
43543
84763
72248
51691
91942
84714
1032
6393
82424
87373
72991
45912
98629
10560
1556
9796
46937
29281
56477
71260
87595
96702
42810
13804
98546
94491
23474
6730
67592
80838
28716
51863
69707
11739
5603
75366
12712
51787
25846
22082
79931
46464
46401
79575
17624
99514
21471
14046
7421
54047
75770
38934
66416
91107
32021
27789
11858
36913
10286
49940
95751
60128
97790
54849
70298
43741
31396
45065
20959
46644
74944
19048
22728
92623
78188
6558
23251
28939
25302
51836
17385
33237
64526
22415
84413
72080
54133
35866
12079
96078
75437
37990
81690
23651
14923
54518
74781
98676
3144
60782
8752
8050
85108
85640
75546
82512
89289
37779
45701
56148
35626
87339
73684
7818
23828
82652
60120
5555
62969
57904
62887
10983
84992
93976
85619
39279
25178
2861
12203
97132
63119
79405
13084
58127
81553
10558
26411
58927
75055
80669
57665
42821
91802
6986
1106
3269
88430
48723
91557
55377
75892
42049
15226
28621
97133
66686
90142
16605
26645
64845
85465
80554
21736
36007
27322
58572
50605
87886
81391
78743
27941
14539
56231
9641
13119
90689
69622
62489
92428
7726
87796
82626
46260
29368
50569
10154
974
34923
21214
4988
49432
8005
72245
80002
56241
7768
91643
16799
10563
34518
77133
77657
86943
51802
3890
93241
813
56758
72493
73790
24931
51300
31761
46041
10850
29351
90300
26592
80289
82874
86494
68137
41251
30398
30108
76953
41896
54506
93239
71849
79713
8444
62299
39133
89120
49855
87830
4380
45518
45085
21313
86527
44404
75418
67243
28725
67882
98852
78870
30891
42101
7013
62856
79382
37344
41944
29951
28895
7199
66515
57358
48460
71367
9581
92812
26400
181
51260
29320
46144
13771
18961
11083
45816
8631
20139
57359
23400
77334
7201
76665
11607
70992
68181
63927
50129
80896
47957
13237
12398
73654
16965
71573
20949
71067
20037
44296
634
59223
54760
24487
21600
3038
26940
66704
71347
23253
84696
50693
88229
11449
77605
98305
13738
45852
20700
48536
93948
23518
73759
12033
23047
1752
43563
16406
45574
17648
94378
59503
88268
98349
54859
82857
69981
8236
94904
55735
10169
69135
97879
72783
12190
95654
99481
15291
36374
51509
31886
63826
36425
87518
20765
95013
83609
45756
16385
34686
86320
18868
34303
17944
41171
71949
47796
47817
82300
37521
59119
44225
4905
63414
57145
99063
5753
48660
82544
76859
66557
70204
79532
95715
59920
73310
3819
60141
88828
15294
49969
62385
26135
67708
87731
55834
18756
69645
26296
31511
15342
10511
96989
4607
84280
89810
72244
50233
36519
75949
89087
92727
67727
93764
67909
14519
72036
58575
60676
69269
68820
17211
62013
98886
73564
79436
67320
63556
42668
85853
25953
31292
1452
55046
26883
98469
28829
14766
44745
19022
10431
37160
88652
60366
9428
59226
62741
6495
45917
73859
39751
87811
41534
53678
9276
14244
33142
64579
10818
14691
87341
76079
94919
19900
59811
12225
86709
49953
74054
5975
33526
60266
21806
35241
10414
1789
58046
88924
49513
11707
8053
21084
84087
30015
2160
57605
81647
94224
50241
51011
41339
56436
65567
5473
71201
5552
83240
63158
20837
30209
44526
77510
38264
97616
31922
12016
35024
82225
61692
82219
44002
49200
87063
53331
84648
89104
27530
35918
23614
28866
3695
43670
61970
8460
94
45762
28943
26550
19110
36144
91968
11547
35218
77720
90080
62734
84380
62794
57108
30580
40507
39548
81141
3937
27325
36038
41482
55434
72440
16384
85385
97008
38516
28479
60290
53160
68007
54088
52948
7370
50574
55805
86220
24097
9464
67687
7691
26264
49056
54969
9378
15431
25491
40799
96615
40078
83405
68023
66541
54468
41956
36673
57410
64412
10419
13134
1771
55311
6906
40964
48907
81918
68847
90865
59489
41896
95790
56041
91460
27250
21656
22807
61365
99376
72577
64516
29126
61614
67830
93136
32792
25294
59780
54545
65213
97395
79984
98378
39547
71923
94559
35782
92214
54450
9174
27809
43106
28484
90096
5371
62821
66235
57618
14671
19372
3857
63427
27586
83198
15361
73909
87053
24930
31940
99020
84637
60812
48438
96558
93059
2579
1122
60015
1540
9044
98836
83630
71813
97475
93274
52810
14490
77724
96701
716
81972
74678
65051
73475
36340
75309
35154
29956
16357
66714
91704
6337
23244
9109
5682
41237
13826
89178
15571
31430
27194
37897
72856
60793
78544
74025
9613
3531
61970
13792
94453
2317
6931
78019
68064
56095
32332
20166
41125
98917
33629
86609
18572
95536
86242
67626
24079
26715
94634
56851
87723
7392
92637
66085
72750
76380
64321
8389
58569
70056
40126
7302
63477
93896
90350
6655
47954
16091
15232
55866
83899
67344
37662
95306
7827
29793
58430
37414
42069
68862
11147
27420
44624
87521
13624
98348
66154
53511
70997
59957
54394
98841
10388
72190
62092
76457
90731
9499
35578
41850
56138
18859
14290
97278
69532
46814
1693
86175
59118
74639
39454
92763
56432
58420
85544
65342
35721
40274
14275
93643
4695
57311
42098
74642
73961
97363
40020
52618
60097
20446
5656
57445
31049
60128
51443
538
63702
79562
18512
85550
36419
31574
16334
60857
56851
91104
85754
51194
89077
74869
47987
59041
61087
47610
47357
31803
83115
96679
27016
25114
76886
22558
52680
77366
92953
29309
68668
66223
46238
40616
46173
68691
61957
96291
59264
61069
95360
6175
13448
27315
2909
52806
10622
8780
15722
22235
43512
43720
97608
6927
77785
97455
94980
21403
24938
80610
90685
28211
44640
18904
16050
56545
51975
15602
98153
53007
69892
64629
15270
79747
97286
26392
41784
55655
88274
13803
37647
10740
68992
18190
25118
13146
32126
45494
6053
86228
87188
17281
17501
75946
42981
86177
76049
77209
69179
22810
79422
21034
11401
95468
38141
7402
95210
95536
96124
95048
67315
22797
5393
39020
22001
43862
76600
76554
2808
38895
16067
21076
83997
37158
88361
71925
42155
70160
2083
29173
6205
88446
82093
95590
96948
27419
47972
86615
64253
75617
58580
69984
27899
72753
82746
48149
60267
78716
7042
17867
93676
14781
52640
79924
76867
1618
6249
11735
95294
12858
94559
4654
91090
45854
83458
56578
36753
82138
63160
40897
95151
57542
92533
53848
94151
58945
24113
51416
51587
18182
87681
5731
10232
43427
23942
17643
78744
51530
19682
72236
45736
44587
65050
43953
40883
96162
24048
96070
87903
24285
42732
24532
23519
16139
47205
10278
41107
74643
37348
75753
90789
16095
88549
43470
65934
47048
24615
58332
35011
15236
16212
76510
5225
67684
27567
76277
3037
5876
27800
72443
73004
70485
16430
39320
34577
42167
89048
82127
51268
91065
38514
71667
43980
14230
77305
28947
99654
9596
79981
59718
96498
65956
92752
36926
61729
60782
84349
30697
79690
89931
16441
78455
72713
63554
71834
8725
96994
27797
12674
45743
28492
40238
26215
52390
51610
39240
47433
25021
12733
30348
87808
51330
12548
39152
50781
55400
97983
87882
59857
64343
37324
55042
60285
29801
75808
56178
59281
29994
35625
44841
62606
70847
88613
20258
19786
30573
68847
49673
87241
35103
42968
42419
31850
46976
49311
96274
20533
49380
93448
94414
4963
6590
87226
45495
1770
56068
62606
93030
21442
89046
9943
12923
17175
77259
75556
75258
64552
64094
88726
34662
34940
48155
77169
35727
65633
77947
34958
87089
73228
10260
44314
17558
45158
40420
12453
38863
21903
30259
25547
63136
92516
96348
23757
91040
46851
78407
2083
51379
17941
53881
69026
42641
61715
13809
6835
50295
15695
59272
22192
57215
73770
25063
70894
56637
18690
20444
59733
12578
36112
45281
27829
9832
55292
45105
52150
62701
65056
52464
11661
31980
59849
50117
81058
42163
84858
33994
19264
88668
856
81800
89003
81119
2836
30947
86127
5686
68680
95178
71242
24133
44428
91033
53981
80477
34014
45736
48888
97545
55603
81060
87355
95046
41990
80523
75419
26142
544
87932
48411
37480
98946
86225
56817
86550
6385
1694
70364
20910
54355
85174
27835
56446
58908
51770
51983
89343
71894
27598
45934
65627
88593
17172
85228
80932
59643
42402
72988
22631
22891
49473
30495
24306
1313
71282
82251
68793
6906
58689
56327
79409
27655
58058
29436
47229
73823
60123
25700
69605
62827
77326
84548
63785
3012
66932
71121
13668
28706
78529
37840
62272
89745
97445
95515
3595
11833
59033
47662
25797
48123
41794
7941
35404
42900
67893
35192
91754
62058
76703
32504
22489
15222
52693
3042
9831
42967
20880
84948
62992
51201
63018
46515
56248
85544
16384
40222
86688
81012
26175
28822
23811
4866
25702
61752
72840
81363
13443
10818
13863
83029
719
86879
62859
88733
79184
32776
40161
33180
77388
99333
69383
47594
98827
59720
35200
77288
67706
70415
46312
60554
85717
84467
42258
92058
12098
94965
57710
19510
43358
21401
83777
23345
9074
43583
90568
97396
56206
85197
84417
11075
91099
17512
28683
56110
56606
56506
62405
42733
8880
26561
4595
68549
83034
70617
82243
53375
82085
63179
59269
15527
8295
19714
49092
51882
45955
68386
75481
66479
1622
38483
2414
6266
25471
46163
12636
46593
9679
38797
3146
62348
78800
87716
92383
54911
71693
4549
15683
95425
21117
87549
95004
10322
57588
84521
45283
26750
88753
45215
48309
93587
54038
27676
24502
96299
70729
53738
42267
5532
65088
38990
48125
91856
94774
51347
96180
68083
30519
6296
14357
16675
18668
30447
6337
11032
87739
61321
99141
21729
85377
34838
94118
76040
41471
38007
88337
52156
88050
53238
39382
30367
23776
66566
3216
38462
3460
36000
44983
26065
40540
93688
45595
26309
63990
79514
97712
11370
80055
28948
41276
70043
36698
27348
72869
11335
98413
18240
53657
35706
7175
64134
77564
80591
24966
91003
12236
29402
38331
31915
36381
9356
84053
24785
85103
55868
45891
87988
45354
68597
73412
72108
79994
25187
63392
61712
63492
82645
15089
89877
89679
1697
940
49528
74707
48140
9506
99815
71729
5951
23651
83950
62544
60305
3815
1745
1901
12169
79144
80260
21532
31993
15527
81540
98480
67229
67082
39019
41934
44043
36465
34925
49486
37386
27614
12916
1208
3954
57387
92858
79855
32981
22545
75315
53950
11330
44157
13898
54499
11432
21777
83469
3743
51907
37583
18048
96700
8796
59287
20578
95350
17757
74904
70967
57156
7798
46843
93238
92263
68484
91529
52598
47226
6785
8693
35513
29062
91012
7976
17285
88189
5212
68474
86746
17700
53119
50267
33128
59156
62192
32555
78582
52072
86661
63946
13112
74245
4240
28317
8955
38565
47860
98810
31846
97624
34349
78807
14274
38938
18160
84086
38466
14009
44366
60084
16102
50504
70807
71197
183
61143
57356
84737
73160
80595
87223
5259
19311
26121
31224
25563
52681
21937
37053
36627
70206
24118
77241
59732
93693
21995
86304
10963
14166
72381
18244
50077
28536
78222
53095
87593
41907
3053
22341
58012
54488
94829
11585
95406
72714
45655
77320
18364
57591
83111
74488
35288
99824
17943
36631
37069
58196
73437
37508
87477
43018
77480
2881
89563
17317
29186
84823
32993
3614
64482
16706
61827
77913
73673
49424
10196
88690
54603
93145
49342
27540
39738
2314
62356
8395
58816
82529
5361
39063
82188
49488
32007
63105
76605
69302
77653
13152
14547
27406
20191
16495
34880
69043
9896
81638
87931
40855
776
73429
76214
57051
60107
18888
32698
16030
20177
79654
54293
34487
29113
43533
35564
27080
31505
2980
20225
12518
82623
35713
54766
8059
81917
21089
78285
82959
99334
40648
36408
68919
36175
26438
16229
32727
63705
4928
13402
90472
19037
89573
6066
28941
37862
85426
38572
13478
96348
37938
7537
65161
40533
50968
44994
55851
12673
76412
23851
36268
375
41977
21222
67434
27945
99465
34916
34007
81100
84613
33168
47519
30718
5024
35242
3661
24808
3326
92203
47430
20960
47049
52659
90820
25956
98849
54506
59774
37624
6745
77757
65183
97889
49491
41897
72978
64606
59267
19415
1484
74155
270
57244
65433
24718
85483
88287
52792
12160
11547
43871
14116
56070
30804
55577
1470
61895
32739
98682
46355
38665
17059
19027
42046
79343
40835
80552
59245
37440
68720
48919
28037
11589
24065
54264
3831
71642
79556
35500
65439
37158
67086
96179
10174
73329
3704
87817
25494
2839
82543
283
48889
10527
56226
80660
66449
81539
60346
37022
38413
18568
82541
39789
6053
95354
25504
45072
35850
30594
89913
35343
41096
54692
59718
94846
21814
6963
1873
71755
66956
72432
31387
52405
233
67916
99025
35919
39984
20939
18682
25951
4244
71223
33083
77773
31850
98134
7602
8758
91562
72372
97609
52678
71266
93270
98784
17577
9215
70894
958
29151
39505
72429
49716
80589
80770
19571
83091
89916
15594
25438
79321
34600
56699
98366
48920
45786
65103
93206
44268
34568
24677
12301
64218
16323
56226
29023
56289
19041
1556
19078
18219
11132
32423
38924
27256
20129
36104
61465
99815
444
60637
81678
18264
46286
40231
11682
78913
63620
83466
34325
1684
45053
49577
89398
68679
8569
64032
58069
3816
40915
41099
67
13194
39703
98596
80742
50754
55065
64275
51364
67829
80359
80690
7235
24699
73995
41395
20500
81131
79491
45473
97214
72563
22005
2251
99309
42341
13255
99679
12782
12341
35952
9957
41505
71411
28317
94775
37076
3684
64820
54152
66842
30458
95617
28610
6499
28374
45857
31706
73237
22973
94170
56186
50276
10189
83572
31800
43566
29015
66723
69289
30496
60187
29213
61276
62240
94166
64422
80645
58854
57379
42208
41440
84721
51442
85245
37669
71643
27599
52362
65306
89639
93756
47186
15526
48468
21966
34146
55628
3412
94384
63120
3230
96612
60919
11778
92304
22292
10125
67850
19450
92694
23343
69345
28362
99618
52213
27251
36464
59023
51927
37299
1621
29519
86592
4504
29740
20978
41686
54340
52648
77883
23001
18370
39722
96878
56274
1499
47401
83292
10016
70464
56082
70334
59072
29236
10436
60943
32925
68916
94435
35927
99883
91949
61192
53307
9491
20301
47224
35059
49303
9561
55088
90287
74145
31910
52998
13600
15266
22969
5245
12501
93668
98307
4333
58707
97519
92597
31433
41192
50239
91543
25699
91686
44311
39752
90710
10264
87903
10466
68440
58656
9011
60348
60448
56133
91499
33270
19055
81596
54095
35912
41113
78219
21278
28772
77648
3085
17817
27932
78754
13074
92030
28230
27372
97905
51370
20157
95297
34534
20730
47533
2388
4512
68201
69611
40760
82734
45519
6506
18506
59240
29975
35707
10119
25713
35637
26116
4565
63862
92859
83027
25158
71016
69411
28108
21810
7696
48214
92403
70176
28034
67265
99571
69316
97399
79777
51030
40280
8485
16366
23304
68982
18526
7460
66312
87915
1523
61370
28478
10949
94720
34174
57993
56181
9224
55831
73821
58985
16377
43653
65564
49833
24478
61417
54943
97830
24128
29385
36894
79438
1859
92745
18413
26739
52583
42617
70787
34694
5023
3493
35445
11830
27472
3983
80568
93271
8181
17862
81820
52310
72223
22964
93862
24614
6556
94432
66123
29395
68439
85126
6054
11014
48521
87007
84496
3409
80783
16631
74299
2305
20901
90137
90867
27066
47878
26309
60764
77909
79205
30620
77172
65450
83917
21845
15454
42343
3217
9347
6220
67263
88875
69108
58148
33404
96347
85239
84779
64628
63340
28488
3881
96702
18656
88605
36473
55569
13262
78424
36288
33326
76906
98560
46829
81364
67818
44835
66662
47818
66277
55155
29606
36996
24993
69835
56840
24669
41754
25133
14045
73426
38338
49106
15504
89820
72838
46815
4679
86184
62971
75251
45211
61776
20996
23544
96040
41600
44519
2616
59586
97904
65979
97669
18559
41326
9410
32109
70266
99888
28167
82770
13075
89322
15874
97117
86631
41352
48188
13490
14345
36672
97502
52649
75012
50620
63824
22411
84908
83550
91611
86664
86532
58610
8098
23920
50748
53100
46202
75381
56269
26147
63730
23044
6765
15181
470
96683
1139
27885
83416
56200
26472
35167
39392
44748
70946
8860
31140
4897
32455
64512
63594
84546
56239
80496
54331
55473
47833
77372
17891
8392
81030
56089
7509
37340
68458
81997
8323
7778
84811
44020
55024
55240
26110
73500
71287
78976
27795
95935
24622
64594
83341
18793
57235
21045
84044
89232
69025
97655
80453
28209
50973
56658
80250
2235
78740
86749
11531
92301
94294
71350
91342
54606
69238
28037
9189
69006
84675
32912
90500
89461
18701
83286
77629
74758
26947
96625
96213
67166
55940
52614
5338
91092
64569
32364
63785
65570
45275
5405
91153
82230
60876
41038
11748
96645
14559
45450
83602
27194
31800
27321
37558
10573
16762
73708
64069
26561
52479
87650
74425
17877
91158
56665
16662
30210
67146
32978
60371
48819
95110
3841
65253
89781
64793
51595
47323
74783
28732
14517
9553
62990
14543
11055
74215
40319
69564
15202
27522
56202
52716
54452
87143
8855
66404
95559
52302
93042
80600
18828
74773
22367
41400
65454
47701
90387
50807
21052
48047
39484
29006
52876
45759
13955
13441
71905
30981
94161
25397
79274
48671
12495
87443
2141
72328
24284
1988
36559
89131
94457
71915
72764
22685
32567
22888
37985
66502
49827
8264
24115
20935
84585
25813
99802
48382
20396
16818
10866
94897
8428
1683
27301
9238
37846
43096
4593
70934
13953
93650
34006
73291
17167
42776
5625
56522
41336
45669
38755
81909
70550
5541
8789
80461
63632
21768
65575
57463
45882
60467
54318
92435
33631
39313
89538
70126
26770
99029
51227
66689
77974
88238
76895
50563
35364
29082
65978
27986
73548
55240
98430
72755
92781
37866
70751
34793
32783
6036
28127
2683
36774
313
74093
76294
19746
61414
18764
23654
62536
29613
887
55450
31292
65320
83161
99083
61822
65918
70465
6015
89770
79107
62812
67468
6050
1767
71493
87960
58449
69609
15767
80135
89518
39891
31812
54788
38001
36076
53330
43229
27629
71150
25417
83721
99849
88660
48953
27442
62059
73928
53904
59727
31993
75783
36936
78537
94415
47511
48951
16892
3892
33746
45892
3889
85387
33441
30180
74107
66451
28204
89616
62990
86580
77444
26656
1461
43091
49493
70385
96696
3946
267
43113
9463
83807
86493
4866
50543
97
11135
34325
40434
2932
80884
33150
29316
70153
49426
65255
19691
47182
83837
67923
68020
41978
30076
41283
8005
23572
59942
41771
4380
37641
82785
25991
43381
85739
65486
40153
24050
22617
54228
36663
67450
80955
61938
28585
7417
99164
64988
18356
28111
69615
11676
32942
86890
27139
97652
8596
94556
8859
61784
3283
13096
26025
88083
47576
42459
70697
67946
17947
39503
73192
67496
32720
70978
2870
19328
79872
15059
79567
40392
24175
31342
35216
37139
22387
98182
53648
26452
98791
98901
57090
24051
13862
88419
56519
85732
38394
6611
89157
90806
63119
89733
16191
4515
14927
58567
54545
54910
53103
68743
57285
85556
31460
24486
3929
56240
34435
76034
62774
10519
43368
79373
22325
78575
39641
66532
66357
76259
73809
43815
26516
49947
90593
20587
95928
12528
24014
7917
37253
19867
8231
80675
41581
13606
67930
3188
7641
9124
65918
91209
49940
59120
23529
42443
5164
72127
31521
31939
88785
97368
46022
93384
81152
89518
30381
61103
1864
98818
83852
27991
56182
28396
72100
76525
68453
34250
38816
79204
81026
18911
36953
28164
8433
52362
97870
88819
87535
62803
98011
75871
90108
83195
36590
79808
28714
32202
16728
15886
8274
94102
11636
49252
55611
42345
20946
16338
62546
65706
85880
16204
9724
23864
9270
61762
90651
81709
14171
28
76667
82335
92481
5845
42781
58960
78567
96171
21636
31714
64119
67056
93260
54467
4259
31691
57278
50067
66149
21625
15894
39825
4054
39443
11869
5971
26073
23912
92947
15932
87226
62593
94577
52282
87988
99260
89437
81012
97273
20879
63126
27160
52124
97404
9639
28430
90225
55092
76480
35677
71346
81150
14524
55072
54739
48775
76398
90667
72571
56291
9961
54053
81272
48439
65932
41371
6183
68871
6598
78369
78690
83195
424
50068
29556
95644
55991
55983
35356
98351
21707
88664
90220
39167
87852
78913
90462
31343
41529
59882
70542
11942
66651
92012
9444
68259
50119
11351
76077
1978
83530
56808
19164
33201
33623
26093
76066
20471
74095
77919
79372
78863
15760
11764
70324
10777
48007
88037
64801
85084
22544
17765
85499
92816
39933
11822
3245
36574
80720
74590
47301
71536
42048
60540
48326
80201
14767
29901
85703
18986
93736
90076
18333
27050
46493
33861
96524
95562
72264
47445
30055
23240
3421
16405
64031
7627
99109
78474
47298
71972
42262
94144
85662
73532
85403
64910
62904
22129
46135
33605
96458
92606
13335
39242
2947
31157
90826
77931
36138
60498
96465
27146
12510
70941
61894
88541
26771
12039
76243
25444
44542
16631
41449
78554
36534
46111
90972
98059
71763
7087
53707
56907
67974
87218
13955
92046
98560
37530
26574
70731
38906
34411
43367
413
42472
96049
1366
59694
34155
43265
25823
56103
23463
15378
48208
56092
57284
53841
51919
68570
21995
12420
29372
78216
67033
16430
80236
34148
93043
32418
94974
98814
5478
85002
66394
83068
40842
66944
47023
19262
950
13200
56656
53380
72202
41611
28031
9517
98775
28312
57922
5954
56370
3691
976
25747
18166
70109
38991
70040
39524
90623
61179
69924
7301
39497
48312
91613
39490
53939
2177
54087
45679
40777
82006
68089
57004
48867
44402
1512
39319
12558
50750
24322
19661
60566
53902
14812
68923
30929
31765
36971
59514
93341
83407
57358
98105
60103
37255
24091
2935
56665
32051
39825
31055
59792
51146
754
6931
46237
20209
40512
75399
15174
1312
51805
45362
65691
21988
73235
68933
49951
19261
50995
9498
26149
81904
49642
9688
16724
7319
67376
65357
60096
41281
98513
92599
55171
88542
61792
62299
55304
73546
58835
14035
93391
65646
49210
24375
87097
57304
48040
10079
18475
45409
13190
4084
81634
39163
70071
84070
6760
81964
71476
97676
1297
81313
16894
18727
19246
76791
11907
54665
18161
11328
35610
22746
21359
80559
67599
48652
96463
17748
96297
19528
98020
43781
14596
38172
60437
91071
20395
72169
39263
25785
50028
97072
41202
31317
40825
162
30570
24774
14287
84410
64758
72432
85258
3172
62357
94320
13242
12678
72061
17962
72164
43398
48414
96979
45435
4589
84509
98314
82012
98056
44264
92588
93560
53827
72330
86271
56372
21485
38798
78729
40004
46894
62323
479
18437
23584
1043
42475
93103
58381
51298
56560
18105
44708
78272
88460
75271
16358
59710
47402
48740
75952
21803
33395
19646
34014
82708
33580
3281
24792
92788
93004
98348
94439
49869
62198
24719
57484
88762
76668
42992
95028
14868
23273
34009
22954
25601
77323
66514
11839
81748
90971
50457
79936
89282
88436
20297
70178
98847
27271
39449
90159
25165
79396
20581
48540
61053
18522
5367
30976
74413
17165
1784
31071
70029
48742
86804
35295
83935
6298
67518
62399
91949
68947
96192
10778
56920
98149
91178
31235
10028
72039
87278
10841
89334
62356
92683
10409
42922
48144
60242
85940
50516
34089
18299
35578
73253
79411
18438
74158
49315
54934
40442
87467
48503
58448
28683
38481
79826
96976
70016
96755
48849
97644
49929
76171
23325
99498
44635
64803
91443
78482
82463
86192
70169
61560
78964
47318
96517
29457
33700
68349
94145
67872
28507
92847
60985
35051
89933
77431
85926
37626
21471
49581
34785
87404
24611
81043
39049
69012
59988
19339
97029
30201
23108
42971
60565
50226
92561
51187
43926
62742
16503
16773
69817
90724
65659
68321
24163
94509
9652
30749
44128
7577
64661
18879
26678
85223
92768
36945
76927
19712
17676
65734
7870
96645
26628
44969
21475
55364
75350
30922
18718
26886
53984
55119
36306
43986
52789
63449
40786
52860
10407
18564
43170
55289
78715
20950
84502
5529
79493
73683
62415
96417
47269
19184
32799
17836
83561
48276
69984
26144
15823
24160
2886
56174
18536
18382
79707
16524
92256
9636
11493
83538
40852
74876
73
71370
80187
2798
27524
17138
93234
94120
45611
26667
1093
16398
20242
77646
54141
95010
84748
99943
67445
96925
31360
73501
16521
35805
12169
21156
11803
16778
8302
64750
48374
21990
40131
61566
13638
77879
35317
12566
86962
64496
25710
98393
99887
20067
28378
52097
28912
54500
43890
1841
84059
48606
29686
47504
55831
70132
14800
4115
77691
74319
92398
31701
76347
63072
93150
90180
85334
44786
85660
18788
94337
85553
25021
68268
69408
48004
84051
28042
34764
50209
18095
19593
38317
14241
51108
2747
69566
35646
23903
2750
19311
93368
85079
94016
42291
94302
56344
95689
8560
75211
96374
95013
75703
68984
66878
89832
99543
9331
91328
53637
78144
89124
62609
16881
91754
81788
24496
14112
81056
89088
73242
42249
72692
22963
41955
42219
66624
23725
18183
86358
98338
51204
90755
18529
83801
71962
41860
32781
22140
84819
193
88572
69240
14106
88458
38039
5609
61367
62502
31468
47466
22490
961
15078
79103
29121
34568
24675
54991
11350
70130
99455
40685
87022
27357
46829
63080
43078
40504
7002
49255
90182
22674
44360
1365
7619
39979
82587
39803
90050
91712
1278
39053
75300
38711
97537
2966
66326
17320
11979
44237
7891
51159
53562
51218
77361
34675
71835
73968
46895
49981
73100
23210
86941
10634
38662
93892
21456
11159
70302
99032
13402
62439
35674
2163
76688
1398
9579
24554
29575
88592
99817
28279
31569
913
54951
41718
5795
52719
66922
90710
76558
6639
48772
1965
83125
34633
44968
79421
83819
31497
73063
89950
88526
93246
4984
12409
73110
62142
24827
65103
11132
71420
6826
51340
6806
59044
93121
47667
12049
57853
49802
33365
58733
57081
60877
43961
35615
28850
17887
39191
35740
46908
48965
20182
74386
18008
29736
77198
46997
35699
86891
52373
13346
47343
44980
15493
49752
84708
53319
74149
27189
6449
90505
50066
69918
16517
38827
82039
5078
26330
64531
48790
98035
65190
12954
65768
63708
15473
13171
67942
50554
48472
21137
73662
91154
4688
52805
56870
12058
59654
85554
23550
7705
89856
45464
59974
38729
97272
82057
10361
48001
58409
3710
3844
97363
16478
30677
47852
14693
32145
51479
65515
9011
33468
80568
57173
99452
51465
61834
41291
300
659
94800
91952
85839
46334
21593
24825
62172
55828
93494
45086
37910
31946
76159
20499
73234
2192
36881
17414
52748
73081
96594
902
18272
28138
87232
56799
51199
63764
95292
61845
76643
55604
79937
13120
98991
24538
96844
19590
50719
44041
3355
83696
72862
7620
50305
19047
97571
91278
19947
99564
16747
75769
95097
59838
67043
1134
52974
64419
45420
59943
28743
27998
70707
33415
39207
4340
75964
9518
21456
41257
75790
82580
52073
83089
56927
85114
44281
24464
2631
20486
27750
5540
53089
79064
53849
94279
41514
22178
11885
29366
96261
21807
57867
31475
79933
48624
28603
87035
3420
7980
34178
22110
6436
71486
96470
85379
57425
75307
14273
35469
7886
43384
99643
99774
8382
89376
28585
14571
87583
9295
17806
28171
3127
92543
61657
89074
69573
62629
6486
15160
50267
54853
33742
24631
64663
92382
45409
89674
92174
25355
94558
75987
88488
4840
90952
54301
60368
57100
5153
97917
93989
75532
89582
59211
34632
61586
9328
59423
20911
57146
75647
52452
16283
13691
41754
44394
93048
66870
95118
61801
12825
3429
27392
43781
98928
85833
20831
46859
38259
83835
66089
83126
94384
44015
28370
32630
10581
43647
5571
732
27640
8961
969
42739
65265
45847
80195
67028
7722
59931
97708
67561
35607
97629
60730
31676
18286
20228
48990
96660
98189
48401
51239
28338
38466
24230
33212
13659
46348
66218
49068
5130
5873
65203
8390
49675
61630
36299
57297
44870
78982
22419
63665
14795
87382
57538
4695
14222
50178
77764
78030
40783
58173
17823
24625
11997
9501
95698
13756
58662
74120
7784
17612
50755
77999
45773
42657
65008
38787
91543
57629
25122
61002
77799
60222
39047
88325
43168
12166
30831
4886
75448
94610
52626
27965
63539
60707
13276
88275
14963
49808
68034
5401
9517
13872
35110
62777
77666
93100
51745
7960
37653
68797
91181
27237
58896
4652
32568
12238
19911
13220
19003
34220
30377
56262
27965
58940
94361
39067
21399
67073
25170
26167
90903
76383
60918
8828
565
83404
5237
62058
65464
11715
93465
97640
89958
38715
65480
54339
56236
18596
50079
18779
55944
78869
36677
82357
2446
16418
60599
87478
12145
959
86773
75983
97213
8061
80891
63103
84479
23421
92394
32248
21255
6490
79447
63819
99460
21775
66823
36800
84283
27894
34625
69770
36454
22375
84076
69747
54602
81448
71637
39994
81447
27063
7100
49842
1672
633
87434
25480
69998
14728
95027
4040
37912
99742
58182
94849
24504
50629
39451
55712
24895
12277
21161
50026
79977
40323
46087
10413
18155
70642
37510
97001
17315
40598
53625
96405
13797
49403
37621
29290
4235
37750
58449
81442
8845
67448
60048
97870
99351
48039
668
94993
20002
31042
51286
66663
6901
2400
71152
60966
20614
29972
37017
58181
15692
19363
88613
21668
58266
20442
28618
80879
86012
17314
97569
20519
45542
54688
82028
78475
1477
68054
61421
83578
12361
65241
43286
96221
23807
17619
55495
50172
40868
45586
98187
256
4652
94944
42372
53599
9460
26384
34912
38276
7021
8964
37930
1836
7037
3300
97540
75059
22697
46556
31770
50094
55492
31273
27391
52214
84566
84000
84442
89321
12794
17595
57618
45705
5415
79622
61726
73643
21056
46852
69685
98793
46238
61882
13100
89621
26975
8952
20998
38208
82284
94459
82141
69250
13545
72843
1623
17365
81033
88187
35374
51571
12316
10386
9476
3391
69231
34194
40769
15893
91279
63217
4355
55630
77558
70036
7004
42870
75084
12059
66105
43711
69921
58019
32449
28461
35811
48186
3226
67242
5013
45948
57061
53048
26810
26777
59089
85501
90412
15894
50922
74271
27229
96026
92475
14241
1059
73396
98736
44119
13458
3099
48789
28994
78598
45491
81635
14017
1616
17962
58969
50649
2586
57930
22162
46596
76182
42495
89192
58198
33606
91233
10290
32645
13338
67033
68997
21041
52703
17900
70871
82030
10346
85249
90154
13466
32778
35539
49281
5322
75989
23640
10985
2224
92500
8889
61060
73214
27580
77193
85088
83369
11751
58205
91937
53799
49225
87387
78289
78542
74325
94337
66169
29839
40171
7853
67578
58124
73781
2088
81867
65972
73166
90890
84559
18545
95252
46908
7159
88794
74154
59082
96085
34002
99393
45665
52220
99865
24978
3378
74666
59052
16477
54743
37758
27222
45228
79489
78797
49275
17279
39852
39164
34768
43044
21569
39181
46516
26266
15635
42768
85702
40109
41213
98897
70310
78083
79552
90396
90157
79855
24706
34171
35773
57346
31901
24028
57219
85622
68481
36319
66474
82748
1235
30224
78118
91967
34747
38382
1029
54563
72789
46689
32327
98004
14483
78719
21809
50023
51614
99578
87153
34865
62186
23284
80022
14385
12503
4382
45842
69243
11440
30499
38273
63247
65387
81708
32179
70919
89324
14990
56026
76611
35466
92290
6921
4310
87676
11983
22032
5538
73132
77200
19738
4286
90697
52370
54519
65366
36805
49924
7142
18972
7953
3514
32700
59808
12124
60661
98784
76307
43638
10739
71845
93714
1920
43876
66238
33070
62693
82763
48949
70782
54952
65835
44446
25090
71472
37257
4859
12857
7768
95353
96023
83517
27892
39086
81824
23192
86571
59828
92620
71120
90633
9748
29591
86265
88641
63066
12609
16794
23988
41327
10375
46303
26534
22544
88651
27204
27333
87286
59800
35422
69667
14428
76456
58491
32995
29684
51014
98443
46273
71652
25394
44047
41816
492
37690
3522
34078
76185
95489
57586
68899
55414
75582
88913
17666
93577
24808
52605
1312
71443
82073
3350
83982
93805
63484
7624
9372
60097
32934
61003
16033
86171
98012
15977
86249
12088
17146
76342
92597
70710
57791
97486
79459
80394
75923
8826
51203
41981
49506
52031
49896
37870
52252
6356
49760
98559
32952
85718
93743
68104
6861
71310
23576
60111
55612
60976
74200
69922
42720
26795
10046
34137
2025
36566
39817
68698
47009
88462
38903
29702
15257
97790
19441
44446
74684
7089
65169
95503
77821
61926
19708
49489
30975
79894
96550
63570
79366
28231
86658
86518
18379
85735
75573
49069
28584
3351
73899
88003
54156
72475
99868
55407
95902
5089
43720
2815
41826
88169
60335
56257
18790
14385
87800
31802
51400
10990
83246
36155
9532
5243
76120
10235
38595
3779
53314
39875
62017
31643
13730
91125
62843
47883
36463
79006
83014
20320
12287
84787
23939
97354
43760
23744
69325
49170
56000
2985
28774
34099
84170
15759
21846
76150
63055
51281
51176
55135
25490
72500
79718
76256
57822
57884
13609
39993
29424
14075
80670
65057
75598
22050
41416
85003
16778
85681
5270
15784
87893
5710
11792
7218
19817
60923
37563
10180
6618
43917
54917
188
7919
94847
13789
76850
58079
5327
75077
78128
81952
75709
82274
45763
53232
87486
9163
58189
6858
57652
93221
98190
4731
1008
32907
50204
11702
990
51655
30084
53055
43823
31553
22738
80342
93187
32489
79817
25785
26572
92668
50125
32087
93711
55711
31535
44542
91381
95082
23797
6169
95099
37180
4000
56189
11990
34747
25052
62764
85334
50632
27455
96143
98147
62270
3253
72063
82962
45258
44000
38015
47627
79013
84630
34534
29999
8053
76815
85770
5233
11942
65515
96304
1627
37636
55514
46325
83988
72113
3640
81113
75786
92034
58050
25251
65691
75329
52328
35964
72782
33269
13338
1409
35897
46650
74082
28247
53862
74436
91764
20626
52081
19040
73401
12644
31992
18961
82599
78822
43687
64187
92476
61268
41812
70590
67743
75398
86242
65147
24287
8669
69833
96269
66634
15715
66908
73266
64110
5032
97358
58195
92831
58375
51247
72983
26508
53691
12598
94391
27077
26137
67447
84991
42187
56260
24972
15465
95929
16071
65301
39762
6741
96705
9678
69653
59198
60037
3680
18453
58402
87467
2363
52400
55576
969
76837
69717
67917
15571
54235
65770
27084
47400
58073
21245
28438
97436
41358
14392
31621
61961
454
42364
44880
72923
10492
57166
76983
14256
68293
13307
21443
44831
63429
31238
94831
48325
29859
13704
75760
66061
67671
44803
66762
71801
38487
73972
66774
27392
5372
80521
88659
11686
87848
97633
42472
2011
60148
77894
72184
44523
71709
41545
71344
54034
75094
41858
94015
90878
85363
47717
65205
184
59948
73451
72076
66509
88451
37635
2885
10892
96883
49959
64078
84588
68154
95550
28558
80861
82329
70019
42684
68389
18534
64408
45571
75087
81506
91507
64367
27127
86414
15314
95685
86113
78450
98399
32634
6182
48366
68369
66020
87313
73717
73345
45152
92939
82087
40522
78363
78758
17867
85074
70824
6456
26985
81715
87882
67972
54914
42789
81466
35033
67362
12800
34156
8339
81375
20949
47537
84751
14570
58569
32285
92474
91452
37430
76520
74004
6306
21690
43995
27849
64395
13744
47123
62371
44049
27005
98376
75254
14875
23910
88239
89473
83747
55542
20825
35691
70568
97451
5941
3335
85775
19929
89819
96850
29515
1729
60022
35055
42018
12000
16166
69615
19229
39242
86100
47238
52628
16634
513
98842
52541
73306
63799
31566
50653
58500
72802
50490
2748
82055
53751
35829
60921
49862
72572
70545
47847
32784
29388
84481
93527
82131
41589
2401
20632
60126
55052
27108
44969
77230
42161
83149
25184
29538
46040
3490
70315
2308
590
29543
11510
80772
35179
32052
2415
88496
66866
63401
52694
28811
11369
23954
71668
9296
34883
22629
16752
73994
37180
8241
28117
14902
83034
66401
46193
56701
88102
74518
89473
79717
16560
4362
1927
68371
24550
68374
74122
90158
38805
11494
3952
82014
90642
59544
58796
43016
3100
56718
34898
61544
80581
64285
21022
16569
31925
9272
84876
48710
36408
52637
84671
67487
19725
45483
86836
26208
1230
25342
12417
67374
47348
71200
2355
28478
39607
80228
9629
57533
21543
1344
29752
44290
8434
18145
29545
47202
89739
1860
48892
1241
76967
44443
27736
84108
12627
96831
87922
60317
71904
91875
39361
92368
11680
33902
59956
49550
20002
41342
74526
30224
44668
24694
6260
17261
38044
3652
91205
91717
75288
80461
7352
15859
55189
90717
57005
38046
17857
34615
49568
55950
61074
53958
71915
73800
3316
88666
53307
57670
43612
89804
82455
20588
52598
1993
27367
81349
97526
55631
43124
30847
48260
78305
95990
15398
99636
59766
96650
76089
20690
3662
40048
64452
73715
70919
41694
60346
79060
74260
21625
23420
67299
23222
32598
78932
45664
63205
79858
18913
39624
95312
877
3319
49199
60030
58615
34236
54453
60762
18503
13870
51915
4107
61125
97105
52128
39395
9383
70943
90188
9278
25076
87838
22219
45964
38450
64147
80573
91615
58253
27013
88661
89533
39872
20886
50214
40683
27294
21522
71739
82164
27776
52345
88561
76185
6818
64519
22063
14558
25920
20214
16525
57600
10607
61718
61524
28798
43297
53450
24058
36511
54098
27117
76704
6589
21987
11654
80092
95320
12830
17933
7015
49240
89315
54904
47886
35790
30047
57540
97563
58091
15925
35817
49568
12246
6376
76240
11209
93705
95556
50044
63047
13628
75595
76669
57596
13591
54703
27323
81133
70469
27121
79999
38649
21873
47242
7178
55182
38800
97427
48686
70428
59393
92026
63129
45833
80837
82168
6468
78883
52354
52286
85338
49798
99760
88583
61482
33684
14346
84917
53505
84963
98958
68792
33590
33398
69511
25702
27705
81552
48838
14212
52059
55898
80028
10745
59429
11161
32591
55551
58899
20889
94325
64845
35424
13741
41453
57806
94814
38824
90271
47067
92148
36360
60375
78415
4617
51104
73492
67907
24501
33121
84920
58757
50813
31762
10155
80253
77893
13972
17778
73640
23449
39253
32982
34701
38152
3100
14594
33396
82394
44586
59827
92013
11638
57866
639
81352
21827
2187
59090
61136
98274
95741
79396
87717
96900
47820
42588
59905
47351
9903
10603
39199
72352
6565
53099
20187
64103
9815
32667
2786
53059
6640
12124
9878
27452
69923
66762
37447
36392
56308
36619
62591
4757
35283
75317
88651
88752
82371
59710
96455
54856
51413
29891
86649
19037
49232
35572
14259
24415
18842
20347
92933
54823
61266
75268
35079
3279
19417
47227
48770
29888
24873
13732
63912
51314
75456
95051
81325
31510
7197
91492
91143
13902
22690
59737
12796
10919
35515
7207
475
44867
61916
43324
10803
33895
74496
20489
61228
68196
91786
55258
84123
26897
20905
14889
6025
22758
35050
79250
1454
34417
72274
46935
28559
56466
29204
59064
60916
22711
60874
89207
72219
31867
30928
37010
31322
89287
33036
24440
93892
58860
79831
8622
56935
26512
17981
54924
73385
80283
40025
29081
7998
59491
27432
77052
55130
39942
58878
42007
86356
53944
63233
98415
58577
90054
99883
45992
80293
70267
31846
4831
25065
85554
89244
88641
36020
58277
19809
56218
20555
64907
32760
62229
62504
68130
51638
92022
71997
50347
93318
75052
62730
20302
19704
70869
63785
22171
39137
21137
4672
75693
91632
84895
80591
23730
82088
59946
24680
77051
67018
21020
87477
23523
82167
74552
29736
14067
95532
71260
59771
25487
47787
93920
64396
63378
80599
76840
70786
60531
15903
16552
70086
17799
97126
26942
35843
32020
36886
60165
96179
46183
55307
19257
32416
40257
56239
83754
46638
33245
50215
32664
29730
38142
62296
4803
3555
86225
94560
21708
12740
52507
53382
81652
24898
12272
52931
83030
31883
40565
67781
90330
3200
68321
56804
24664
10042
36550
14907
83331
13984
79303
26518
91290
98618
91238
33457
35631
97144
33058
93333
93250
86352
78623
99034
27702
69433
31003
69652
79877
84712
42521
27512
82738
39693
55152
17683
89325
54948
95205
57646
66022
53737
93715
39396
98222
40500
94466
79818
85040
62457
90575
80269
51819
48340
66322
69040
76741
31035
77624
12281
33092
94528
86188
18176
13556
4717
96160
85891
35415
36424
56637
6219
45039
46003
2897
37863
35296
76809
51285
42296
39645
85682
66998
54810
55188
8085
71964
22989
93403
34203
60292
93096
1828
67640
38295
15220
27778
47908
51170
90168
51210
79673
23147
52978
47519
90886
42494
89750
25141
18684
50055
79855
78971
31898
98559
69054
44702
39673
23018
23797
46695
91923
68601
25397
95728
48179
92375
89483
9497
67589
12931
77678
957
37680
52656
55620
31990
99797
6421
28029
99870
45508
18076
71533
45692
38473
55061
25587
49400
99813
46261
95923
75455
78686
30533
51998
81372
40641
6452
33443
23949
69353
27762
63169
34732
27531
33297
33201
48997
5472
21220
78052
27514
54414
31359
39042
2491
89473
74979
166
20819
95682
48241
46991
49154
38783
99025
74049
60778
5261
20934
44032
39951
73725
19818
80858
86913
29299
77764
71892
78581
43483
40217
11048
77381
36679
33383
46439
91774
6561
31474
13481
49580
31690
16408
49771
80084
24456
83267
14618
57083
76784
69748
86957
51139
51247
89790
83524
50869
6625
21237
51318
8473
19516
65233
10411
86906
86026
32563
6451
27112
67609
94601
64615
81548
45068
49580
33130
49073
32203
6365
91527
1186
12205
30647
21159
96652
22713
96715
43374
68051
46164
58047
65471
80469
48286
68742
305
57116
96697
28321
80463
96909
13256
18432
5500
85693
15643
45631
37535
60471
11762
27033
79108
99548
5419
89251
89107
77905
50418
16808
40020
49438
29078
15368
3274
25684
28629
99624
47444
6213
65236
