16299
6624
14911
17424
14608
18302
65440
19544
61312
66662
93140
29753
29225
20829
6436
25228
57919
17358
65068
50540
39920
77764
86193
47262
73844
74955
87411
3745
62495
33999
41766
71690
27831
45599
71143
88008
90839
46405
89678
68216
79321
39348
26979
11622
85092
47886
59840
19941
80711
84443
51744
13392
73401
42650
86871
76106
23418
96658
44576
55327
72927
90802
62895
72764
90117
67093
625
59072
20368
74419
31500
59434
66846
31226
16043
5613
20009
18260
55119
12443
25482
62834
45834
69679
11664
13118
58651
5865
97492
6642
57914
7279
91455
78124
64543
94987
97416
92438
88511
53433
21073
75578
14655
35926
56040
9566
70335
60238
61397
20437
39794
44446
96384
92598
96851
51214
24677
49394
16857
25777
54837
34015
12840
19331
14674
23203
72818
84171
21588
65150
17239
28594
6839
52029
76087
10132
25744
57357
92227
54485
83370
9143
65364
15714
20457
45368
12350
85104
5801
38647
83193
77248
71167
91951
94891
24103
12964
12873
19681
28747
14463
27560
25089
69830
28561
15527
42237
52279
77434
51124
1328
87661
91088
96629
77142
31590
77476
13712
58572
94672
91034
7221
21815
26159
9792
26856
69644
42071
19410
35762
72506
64855
17546
55845
71483
29626
47809
56000
11456
47893
52148
81923
68018
91546
12057
85196
90956
85630
30621
84846
29645
763
40910
72314
18723
12415
9367
62814
95931
69566
57083
99305
12938
37127
41580
9909
51647
9143
18863
81769
98624
89985
4080
627
72410
38329
33224
57629
89734
83834
80818
21095
55421
38044
76475
49529
19606
34149
89118
50513
18107
91089
71486
33466
24437
10797
2548
58871
10901
44256
34597
58565
33285
36831
70543
83238
88078
74514
52825
49905
4117
84865
35919
96191
23735
22095
19052
16924
55647
44893
21331
61877
800
2179
97301
71693
54758
228
69774
54374
96301
36982
88054
99285
55115
19467
95417
27265
34449
37541
40574
45990
82749
49137
10090
3599
24318
77027
76564
30110
24517
36420
34823
25065
12156
25090
34249
39708
77676
72105
28201
21179
64550
50595
57632
2623
51369
88176
70971
63772
85353
18761
33742
57003
12560
58254
56333
27488
64120
21000
55191
60118
47760
98843
42197
58874
16856
28926
82199
13171
45108
46449
46943
57401
88524
646
21825
34705
48706
28546
48447
99262
9691
21945
63436
19682
34474
85548
72717
85697
27075
30901
40624
11155
40722
78778
53619
99002
4400
28514
36225
98058
68876
42014
57660
1387
24492
16180
45182
78193
61766
29568
37208
40705
63918
87673
26054
20756
65724
87143
67174
81636
44829
57809
22354
11819
53668
31277
33404
1535
50881
8939
56973
89820
80186
4922
36633
77729
93591
63448
9452
80725
20360
83097
41366
6814
12905
38668
11522
79655
42493
83675
82101
16882
88539
94994
99098
64771
60617
23630
7683
13911
51263
43908
87337
80246
78735
53718
37695
64253
46576
30825
6761
90241
72160
25025
21633
70898
79500
88668
56885
54771
36570
3253
49928
98538
38438
75614
77090
30503
2606
67028
79092
44486
18732
89356
74938
10422
42729
226
68946
15108
87157
35069
91340
37921
7322
5039
89444
19839
89553
85803
59964
99387
8756
78425
52588
46727
67222
70572
68807
4064
94257
64326
82688
41367
56518
76038
56759
64365
38842
92663
76602
72381
59476
58863
87167
25283
99970
97689
11949
10422
54944
21400
33291
3892
47263
69889
20597
20731
44151
5353
28352
68964
48744
62810
6948
22261
76409
86974
75473
58875
48497
47387
15931
64350
61048
68690
91664
29691
99736
71119
49442
85084
18699
26419
4257
56683
22296
29308
87725
52057
44265
22996
63224
40805
5928
25334
45969
26746
57849
78821
48737
36701
96800
23789
96646
88257
22835
75648
34409
83016
10806
51386
84102
14627
39279
40012
46362
68589
32747
21848
78062
11797
18360
91966
49789
91593
70898
71488
28609
53262
65241
20867
81922
547
8042
93523
8789
54320
5060
24719
10240
17439
89676
8410
48491
27804
63544
36019
44937
50464
83302
7558
68516
10580
7272
45085
90749
72125
59694
39429
98105
21685
59256
40641
35565
53568
99797
79582
67970
94838
69009
97592
10639
81297
40542
5676
46818
65219
88622
86764
94412
77651
61936
42381
42177
11377
97896
85769
89785
53358
70545
92739
53865
73617
24972
31691
6818
41386
80387
78313
19312
33182
51830
3380
76267
96530
90293
23606
17350
41405
77359
45895
22569
55123
85717
97653
8356
10022
5548
11745
16168
63374
95689
58825
95706
90916
42243
79881
25707
4293
21724
64373
70423
50838
73987
77651
14041
17389
20028
61841
86945
68231
65183
38203
71159
86926
98457
20743
14846
75020
42525
48820
30646
95756
45100
8202
72359
85946
58930
82732
9081
25550
45656
17369
46749
48799
31863
54040
88838
37575
92907
86274
94699
41011
11984
31481
91411
52888
36038
78641
91456
40125
40075
63616
3325
54949
12743
94015
53094
24223
78237
65845
81194
27832
81635
22428
83538
82014
56924
49208
19845
93971
10062
3067
46775
51804
71801
50420
4697
59152
15631
17796
15986
97684
91593
44178
28180
16305
61020
69205
73797
51171
93483
28848
37118
41359
3094
46636
11962
90055
98188
21597
95376
69109
17910
15628
96652
28258
15133
7990
66521
59937
13584
83724
36160
98611
64293
35958
93858
76155
78703
92753
55217
26378
4854
31716
43471
72308
65103
46065
87800
63976
44920
97195
15006
94580
20115
61684
20026
40459
22004
94073
40393
35405
89998
48494
77182
95794
81567
62139
21643
90912
24933
85578
31614
43782
59091
45630
82917
95001
20022
65362
85890
61954
43845
86136
77535
68676
96323
59278
13964
43839
47958
84275
59040
89363
6486
20313
76995
91876
98485
89144
4774
74297
7036
95992
88711
53168
29385
31032
98626
29115
14234
67544
80969
29726
65996
31165
70646
2778
47102
83530
99272
74876
65049
3029
9508
48803
55180
33361
9514
28537
95391
96570
74411
8558
7750
63952
92589
65368
6919
64581
91463
49194
43169
16491
69890
90375
52027
44003
1988
18721
40857
91804
92722
9667
69246
60546
4006
73408
79133
15741
65412
71895
75228
59805
53161
96496
8034
27524
9147
31955
32143
91347
78766
92073
58733
20032
42315
84354
90994
37831
52334
76857
4920
18671
37199
15527
30725
36854
79520
14461
85219
13402
24781
77680
13153
6374
29020
95121
83631
58031
40135
58048
37087
84173
51313
85081
6691
93662
94372
93892
73334
42906
21615
714
30812
16321
61760
67600
9338
76924
34158
18357
38600
3313
68555
44835
41763
94473
12579
24184
40553
95179
785
60246
56794
51184
84949
8243
85825
16044
49163
38497
61912
2444
3961
21896
37638
12198
59801
71741
97368
27910
28099
85326
67290
33302
17427
67610
55819
45265
19757
12848
81878
58018
24537
78739
6281
25209
87190
11733
29218
83442
55509
28350
42491
63622
89894
91710
78837
3237
26942
35146
15737
77506
14975
41909
25955
44446
55244
38666
22132
61272
56249
855
1788
7828
56001
16786
49957
64199
31492
65527
22031
63030
93249
32117
37833
95504
67221
15749
54673
48610
61960
61118
81633
97950
20112
28236
89409
28474
61789
49541
49143
68726
16025
59554
62385
50119
46552
15471
10888
20389
32039
62854
38481
58990
40245
68335
95162
39325
67347
14485
47910
70905
73712
30996
36060
4792
97306
5784
20104
69238
47687
93801
45141
6310
60629
90380
16078
76352
50880
68450
28795
43244
71181
99165
96976
15782
40841
94443
14491
90134
36616
52539
97390
8036
37883
80961
34321
37435
14629
64522
77752
32076
92775
94655
4540
94686
51198
4086
64096
12141
4368
4966
52041
49341
85552
42904
35166
91893
82778
9373
9022
12055
40022
28073
19386
46581
73332
10421
22711
77876
75593
22256
73727
71279
47804
99095
2675
95631
70525
80875
14946
84705
52745
12667
90376
11336
50141
67300
88893
24523
14454
51966
41074
37119
35570
54807
93975
16361
14149
2077
11185
88441
38288
12940
54212
39703
75313
68530
91235
55993
33509
69808
4141
55293
83698
69715
84563
74481
41843
77034
14949
52485
39187
23942
6637
55366
69320
64616
99944
63099
63463
48706
22836
26246
48060
55849
95093
66389
14361
69188
88760
24809
58114
62320
88963
89323
80694
53957
78056
68903
14521
26296
20133
37128
20940
30213
36733
28129
77462
17377
11430
58629
95126
53824
72142
67807
77316
45991
22663
33462
91694
7113
57184
83644
28393
8233
97736
60236
37463
31199
32440
69628
4051
82198
50884
38397
62914
73414
24280
61332
8276
90602
93225
9903
25418
50389
99143
62041
63016
50350
18534
11672
21408
92134
63693
27434
34601
69894
32024
50353
1553
42833
28266
46528
11352
19804
90078
90156
4376
95943
5424
52724
32987
14493
83580
47736
85721
89909
3447
73534
24181
72062
92628
86623
83188
59687
36016
58460
98172
4209
71863
25649
81642
46794
6345
96371
51566
70994
37470
71390
71946
81015
90051
87409
97625
45250
38927
10328
96921
2673
33751
69910
23865
95883
10222
1656
93245
42283
70245
82691
88533
58642
28378
24682
52788
92980
9074
39907
20790
66467
82809
89441
94469
20583
48386
7401
92648
67081
29920
63334
18418
24390
99569
39103
34644
11371
51286
63569
89535
79255
26240
16115
79942
29420
99251
55163
56362
80223
37771
54729
9228
81911
68920
38976
69573
92035
61068
99116
74501
90602
53858
11380
49629
83508
30603
85656
25409
82541
59555
20981
65055
80168
38051
84982
26402
2586
42006
17108
24917
84616
88082
97749
21575
58155
62260
96056
6847
33408
31704
22955
79762
57824
18036
31252
73646
51305
72385
15332
38148
67011
83211
66253
67873
40063
33088
43413
56309
95173
51643
70649
97526
85987
50604
4936
39990
17405
14405
64205
17503
23843
46932
85929
2546
86076
43691
19766
11240
71422
16261
13089
46461
7423
95282
71122
10090
59891
80773
15253
3759
32026
97929
94114
18371
25944
56580
1328
72126
36937
70941
25627
5309
95525
46408
45811
73015
2629
63097
17886
94129
30827
18411
42686
43354
47510
56603
33978
51815
26336
61421
43000
79220
67477
9007
57065
83930
61513
2542
65799
28024
25187
98628
46246
12857
92946
14722
78743
2561
16078
61318
82092
74040
39816
57340
39624
3793
99752
33627
78571
66
26519
33888
7533
13925
98619
93258
72322
58295
6388
92767
43197
88047
67195
20738
12135
38234
10243
95347
48990
26956
77584
97591
50871
80370
66602
52026
41488
41574
79583
90919
13619
52284
46405
94803
46838
63236
47416
72963
715
94687
41828
86770
81943
56692
69942
10674
55124
22547
86762
26343
96969
34061
10535
84099
52529
26825
74882
39489
22859
24466
43433
17304
5009
70342
39662
89651
66471
76507
44087
69359
10347
34840
94198
99223
74944
55591
79284
46243
11143
40968
48870
66480
88529
10362
10734
22908
87637
68038
93132
7444
29858
15902
82947
43497
34281
12575
1956
30924
94885
10650
542
51238
32211
69969
42518
82089
17286
90576
63526
26819
88209
58280
27242
48317
87056
96100
5736
93584
99879
94506
56664
29857
47782
44420
31178
53617
35092
98375
83862
51152
14702
19580
74798
87569
86261
84162
46171
482
6899
28921
36929
19215
83810
80837
36193
49528
19650
58061
39680
53326
37271
32896
76200
17605
22516
52211
2156
86144
54800
86881
81454
68964
40945
87932
27788
36522
85807
10967
50789
45352
59588
74781
46756
82708
20176
98870
11909
3605
25254
1587
17700
79047
3547
86672
33332
86918
79084
16842
94107
13253
43670
73724
47370
67215
61286
96939
94026
7329
96439
55167
21753
21659
45305
1285
43472
89043
84203
77989
71909
17466
97067
2967
23931
56795
55758
18418
5850
73777
18303
68016
45188
14340
39062
78868
51607
59593
52550
49392
66213
67403
28220
66851
29398
42023
36862
33865
59405
43973
71715
87329
21790
15342
68709
87453
93131
90045
77446
88879
70009
89096
99859
53451
55303
35740
63488
27851
49980
52786
28732
21747
98011
85309
8319
59076
1757
84172
44461
67808
99576
92862
57990
33484
19881
78570
87548
61570
97831
77159
65309
46422
20459
46093
66687
9978
27472
51361
22363
82329
84310
87146
65598
99424
42244
19495
53928
37406
25852
47290
43257
96175
41145
13885
61172
94968
21271
53053
375
49296
28952
6951
49739
14528
84250
74926
83435
19202
38574
32928
24926
30676
43478
50384
15330
56510
12676
2348
84509
69066
77958
91400
28067
44418
63289
20522
87574
99224
42707
23124
13369
62845
16190
53804
66498
98373
13039
47046
522
41868
32457
82125
82121
42741
91776
61785
1102
60997
42547
86979
19375
37445
70031
79106
90621
3451
96231
68999
72806
68360
15939
72265
22737
30906
76337
59457
74937
82648
82824
30677
32346
35269
93521
56818
60834
74018
58635
28909
16663
4146
24062
60687
9544
13764
37940
20469
54164
80887
74336
82127
97890
25594
43311
45691
53325
31753
90994
98954
80720
15674
77267
34001
51917
6276
5375
86963
83979
49389
41246
92147
61300
21623
56017
42458
70342
30433
73168
87489
78454
27090
53025
6779
28270
40825
43644
4745
63332
55433
44937
87758
87729
61521
19214
74965
61192
10674
61924
78840
22302
57077
37049
14244
91174
71687
10848
68384
24615
21606
88564
88465
76380
17584
3422
78875
45464
13802
6683
42287
74239
74830
44212
22915
94634
87731
48909
5793
98349
25430
88212
98822
1941
73937
51669
26131
29179
25487
42564
49994
83243
22945
73920
90056
93448
54571
28982
85672
2367
77540
66344
36730
55933
98796
32772
96722
18658
78487
19733
76054
30279
18535
13806
19176
75250
17514
26137
64282
12251
99778
91508
55648
53996
8200
14372
25131
30918
83163
93833
13144
79576
69747
85395
93720
25290
31142
83204
54020
29501
32198
56966
92329
92538
60777
22430
34495
8669
55716
2581
41026
95920
57332
17745
89937
10770
72662
62192
68419
71089
18654
27638
83468
24336
12342
9463
66495
80762
17921
1335
26399
59576
89785
82884
60695
47673
24224
35834
98142
97832
22415
36392
58421
2815
21699
51867
74489
63268
70131
45991
19159
91040
77350
87044
35408
59425
85320
68124
72169
41766
96034
7287
89844
72043
19243
77567
17070
81288
86292
40819
57806
90601
74177
90282
86038
60727
31393
11258
36841
71426
69134
68429
7920
54146
1848
13943
24705
41096
24156
28621
33704
91856
83498
21899
75900
80894
96887
75657
92608
81265
41834
44558
74853
46013
61918
41700
6628
10211
63931
38920
43238
23760
27964
13699
89073
78773
99115
83829
96806
59794
85211
20844
38830
90672
47161
59077
83636
33964
73207
2746
10781
17389
68879
20944
72946
20592
91694
86912
81121
27076
55566
37859
72715
665
1182
333
55078
57032
33473
59363
34040
56391
25268
81452
34130
72814
36491
86527
68766
80313
76124
22181
52000
97011
66259
13981
59492
72611
90326
4711
37279
95292
99586
59066
72113
4591
23693
71654
96639
7213
69998
470
80933
69421
17527
52236
97837
16929
49042
27558
23717
72818
30686
47094
32331
43899
86390
56228
84066
89707
11367
54847
88721
28644
65528
40907
72320
91724
68389
30949
35912
78442
63891
69508
46627
56483
18253
9903
35211
76644
60430
82350
48474
19624
83985
4988
50907
40221
30519
18012
36497
43599
45213
83847
11222
55787
28109
46763
83023
32920
29058
56949
41304
19338
380
99326
96556
14780
2055
4280
85372
26986
98478
42263
45703
91073
15358
90835
69045
1650
67366
40824
95672
43816
33032
47308
78453
6395
37401
33710
48562
66104
23385
27669
53749
86804
16156
835
70125
82930
67616
90228
91878
17714
62506
14894
48664
41826
32704
2394
22846
41136
48475
44375
99841
3066
97853
97482
92863
24849
26099
88224
81961
59037
99102
19435
14910
33162
49998
3924
22400
48282
91058
76940
17275
12611
37655
8756
78335
45963
64795
36886
47413
66393
67672
51548
11401
32127
43801
29804
26976
73705
53320
41628
53519
26055
11160
9021
23487
8197
66538
11339
79928
51796
10487
52683
6229
42435
94053
51677
54170
82154
21816
46324
68669
27668
27540
6040
1256
56571
21746
59020
97840
22584
44956
95130
10359
60688
53804
2444
6580
4488
47887
94269
30331
31846
30833
14576
85370
36535
45149
35094
95648
11193
48468
31827
51178
87174
61465
82826
90918
80239
66533
42439
84048
32652
50120
73314
56297
3977
82750
40654
22163
47491
85504
20142
46953
26951
63456
73812
97666
63317
65584
36241
53078
57160
60381
99186
59152
87039
99665
22979
10107
58087
40679
62559
31913
80068
34550
70834
50323
51810
65131
54976
47978
19029
74177
38172
8428
27178
78009
23029
43349
80522
13484
18579
9214
61206
62261
47386
94858
92285
64277
17296
93103
22241
35579
53554
3064
90632
69248
88001
27347
49993
83891
61956
37548
61490
61179
64322
98682
29197
76736
65945
4651
97963
18609
8733
14712
30702
78182
40055
57671
66032
16814
15215
71218
84958
72668
99814
83891
92010
26006
13556
19044
35451
71541
58003
23633
27047
19416
54797
32771
70408
63186
26872
74751
89872
77185
41536
41966
34016
89987
46691
76690
14525
86243
57522
13295
39229
183
94612
22361
50333
63597
41233
92807
47149
44970
41632
1294
62612
77312
76690
84361
97282
60213
99532
61165
27913
13286
85245
72203
25037
67326
69572
77986
98884
96635
60331
70616
44969
57087
89646
73597
83373
27492
11552
20112
74801
29324
59308
90495
49270
84435
8639
55923
32084
40802
57419
19088
55985
19510
25362
35770
62426
76531
87201
36637
37975
31232
94033
59112
97276
32676
11227
89971
38550
14129
47488
7197
68668
93549
42314
26873
41491
93463
93936
87062
84945
70822
68517
30360
13163
96939
9997
67869
75785
37641
59042
10533
56724
34831
80563
20146
27993
16400
47160
23426
98050
61051
17206
97222
8515
76561
34845
80740
64236
15541
50010
14427
57868
48717
47418
31224
2574
11196
1096
63772
95155
49766
68159
66835
39422
36607
61662
27679
29466
98405
49783
28514
73706
58551
22131
78983
32944
36278
83579
28644
6373
7528
27782
59215
44760
87495
6494
12802
54608
26581
5901
38843
30976
1722
30314
9056
89117
35367
41066
99771
48087
57507
12125
96298
80601
14761
66673
60625
3169
10197
53260
46403
22280
59304
28932
60636
25762
79940
19569
58784
2063
53925
58378
9079
2978
2469
46998
1243
24084
15030
17698
50605
17961
81488
84014
23070
58396
93783
52034
11976
94822
44157
99965
87429
12522
7469
2426
31992
57643
27588
5375
38597
31686
59565
1170
91926
60483
12899
56269
92844
72091
41424
3709
75802
7377
90949
67154
49791
76820
27738
74262
93099
56964
16629
61205
44566
10417
59924
96847
43549
87327
31087
77081
96282
67070
85719
96688
26485
56614
50933
90742
21014
61883
13090
4043
85956
74123
77308
83765
52459
68862
1335
1542
6151
87648
98891
25254
7532
8715
48412
43171
10973
43113
44710
34804
28322
81587
23341
16320
17698
30456
76897
13185
91329
34535
66369
398
36788
17241
97553
65353
8650
19141
10728
61704
88343
72789
60923
43150
45003
25891
42550
52821
15586
12905
90321
84089
36314
13720
45448
76772
3610
46583
70111
99701
93631
51338
64770
80149
20484
73926
31827
62257
42147
53651
59183
55367
97537
38227
66316
20457
65490
70776
94905
18774
73561
99926
32452
868
1126
77745
37238
24151
6608
19353
12944
5740
73718
16281
25874
29418
7540
46009
25284
11347
37352
33274
34677
64893
1655
12865
65637
61469
22716
11483
47363
8988
22895
65859
34904
42878
84794
43053
80189
15595
63799
52192
77391
1955
8959
22109
65204
43382
25943
13570
93307
19365
87443
41124
251
8017
77160
53617
48215
58166
1735
28060
23419
8987
46930
90167
94197
15531
2540
69243
43267
61086
585
17085
35937
26138
18043
32567
92398
58841
7019
78622
1393
54587
65107
62
17574
41595
55560
98965
62659
62827
49662
96303
12771
73483
57377
81045
56277
66645
49052
13386
28454
59124
91286
78006
55216
51988
1404
19781
27398
31509
35395
8835
15974
83458
66039
20672
1766
6747
46975
59740
63164
99715
80468
73464
97555
98477
82345
8742
58638
17792
9749
31412
94603
75499
8926
8561
44459
35927
82843
92130
82519
87818
47248
53230
6305
90252
79239
55500
33691
26709
79557
1343
95919
30489
23884
74785
30983
85704
27392
58261
28159
71407
62474
64555
44582
77978
5452
31078
34504
10866
39480
47507
88194
99348
91417
79782
12341
89532
51511
47342
63488
45741
71242
31726
40581
66544
52887
74181
30453
33897
40136
38744
60337
47434
31844
39753
53974
67079
36084
24163
68062
58514
5372
72578
17134
30619
99322
38199
29048
59545
44276
97019
49061
23998
58226
71465
1609
6760
41028
33703
86207
22022
73877
86222
77846
33024
41011
23636
59896
52339
23398
32566
58520
83328
52398
1981
71748
81082
69857
41717
34052
78927
25090
45436
44792
95761
49081
10838
92416
61363
25844
9316
67592
93810
6002
61554
53939
65814
49733
62907
76290
11217
40006
36943
75859
17789
48071
69031
52114
93974
89023
76289
39980
92418
43995
39487
25714
79043
35556
93076
86394
29849
20125
73806
76940
89339
24269
31738
64622
55496
98274
8973
90421
88753
43069
65315
57758
5666
25101
15893
24433
97181
53413
47863
14413
94671
2756
19167
60512
9994
10108
1629
83632
13290
99658
30294
65271
74564
29796
34935
99596
63298
44783
17411
58730
21606
58896
70808
15067
57748
90844
69047
58715
73314
78625
1280
59793
98667
13771
86520
72286
7094
80015
46804
61733
41517
36264
26240
82856
12357
64149
49822
14896
21642
44120
5663
88438
26173
92057
6120
66761
94005
4228
78498
38776
10474
55526
20273
79547
20028
84286
22435
22590
27619
20600
97422
3013
46482
47088
13609
83792
40026
65739
33058
34902
35029
25592
79233
88924
42944
38737
17601
93197
94727
59340
91386
715
69111
37725
4114
37616
13220
45275
3789
47876
74934
22341
39568
3804
61522
70051
81949
13661
48163
44718
15325
31084
53059
93666
16896
89091
35132
43211
15353
14875
83248
73799
77614
24553
33226
13223
62846
23005
25913
57710
48242
94468
84243
83714
23106
28530
94201
64556
64724
10212
31102
87611
51195
85878
59307
50845
69844
43861
58521
86384
51336
50383
65911
55050
44291
42018
8496
32402
28712
63098
34554
33554
68566
37698
86562
29433
20306
54106
41338
67474
34915
99480
77824
96000
63366
71493
5643
53100
53177
57668
67111
69388
58650
6022
94674
65189
64645
17783
53813
1514
1645
15172
45982
2883
17004
54672
15093
64165
68483
83867
9519
52673
11646
46613
94180
85334
83436
67673
52841
17452
33417
28406
86548
48021
23162
37683
58516
95828
81554
11551
15549
57657
86223
52536
15534
22695
7288
28867
87114
15015
18196
80090
67210
69208
81532
36841
77110
59058
44598
71126
71874
73325
89785
7010
56587
88180
80270
73476
36292
86439
31299
26332
84332
67899
51579
31170
68895
93527
35169
27277
25820
64509
35266
48670
56884
79035
25336
86675
81035
90805
79562
26706
14631
98009
77044
81021
50484
23045
56064
848
63773
4936
11885
16368
81081
74916
3434
82920
80213
58584
32690
6090
97038
39830
52942
27558
34875
76631
55027
16768
16910
18505
66386
42029
60857
75011
80908
5189
26948
56402
25805
85220
97870
26332
87473
30079
84034
96939
63732
16399
5764
81868
66154
21779
28869
84218
82205
24196
71193
15797
82902
37143
49093
71172
62578
16938
3656
57961
96270
66553
941
79512
86124
30608
42385
8801
58705
71391
85945
23970
15177
89039
5005
12750
46053
29035
41616
76835
67283
5090
21761
82002
71597
42314
80325
82488
48644
78134
35612
58974
28104
24636
67826
58951
53155
6420
63209
2519
48904
19771
82257
6472
94782
41744
87666
27458
87880
59080
51093
66567
46909
57351
21684
45528
71498
56809
75201
88783
16160
39262
76169
89508
59872
15734
45574
51319
11964
35377
45629
51778
5016
28628
41837
92238
67828
85615
5117
47328
54642
20674
5479
35719
59726
90893
38791
44831
45347
5572
84301
86643
20376
40093
77526
24421
72372
30170
82391
37446
47648
43345
60519
58511
52164
26034
82371
36609
56771
693
46769
96171
39650
95412
17556
4846
46641
57207
76277
79217
41867
49710
42307
71527
5585
91166
71118
34992
18427
52598
37662
52589
40901
91229
10390
29445
24398
78056
24502
76163
52014
31543
70997
3751
57582
91352
93002
97495
19088
85327
65993
29577
93377
18549
50168
47305
68454
50337
89202
23583
74862
55582
78597
16143
74406
24442
73291
87492
250
10338
15802
5611
27484
49298
2821
83467
79109
47428
84289
15125
1696
83918
94287
55343
33962
47453
15341
67685
39871
20964
12541
83137
53754
62286
50659
54211
19968
68169
67547
846
21495
28870
51569
94630
71101
62893
36243
9477
86610
75088
70617
67735
8688
7008
80079
37834
85362
98224
33513
83236
2537
81040
46082
60271
1552
94096
40934
17353
53269
68631
37627
29135
29143
64104
45695
69039
73231
27032
63188
45441
45846
65686
55046
2132
1201
17862
81930
91033
1162
23334
41373
67322
44927
30105
66740
8408
55054
34574
27393
33757
90441
56252
28645
46282
38327
27772
33778
33847
41247
48389
16112
11464
12234
73402
39429
80202
18174
83383
85253
95091
47847
36206
10156
85331
65008
50382
6479
78578
45644
6908
73652
2356
27032
8013
11183
25695
56502
48235
47304
44786
71516
30136
85184
76891
21698
3405
69063
73042
55480
57094
69467
1018
43878
81434
18518
46114
88568
45908
25928
10857
93322
99721
51516
91587
9259
78429
72796
33956
55617
46489
82177
75770
66167
32476
96119
31698
39159
20518
35470
65522
58559
37990
7398
13307
20310
43772
20346
71041
4987
59948
86833
65587
92610
41627
55441
91468
61014
63476
7326
12974
49947
25989
84269
42017
2604
75753
45010
40343
47734
69844
98991
21322
28873
61099
95076
92573
68230
15381
91875
6310
11980
5540
62029
18860
88476
75016
678
17158
32729
10655
3798
52366
56771
15764
24128
48255
51404
90910
72606
15766
96762
52928
69548
5119
23514
53305
95664
47947
55288
18422
93124
50261
52596
60674
80711
87795
53842
5109
76390
39874
52543
49202
44815
32999
96668
98609
25088
28060
82061
36510
19668
77782
97390
51335
88183
77625
43467
94240
31910
17543
81096
25807
77702
92759
54122
53691
11937
69790
21411
23525
14561
37085
18117
86885
97495
55338
40739
90656
95971
887
57785
53750
34118
84918
87410
42927
35109
64252
90366
45403
57624
57819
8603
24343
36700
35536
32400
37574
844
20687
43024
69660
43668
40466
65114
24385
85343
85600
45228
25993
87720
94434
91341
75243
81217
97394
15656
84989
34401
79051
9423
48971
88874
52731
43763
54147
87041
65205
57141
12392
30908
40930
46288
60495
28749
29909
41740
66114
47005
40704
25113
5736
68586
70965
18419
64354
98768
33050
82080
59026
12409
60041
82416
59184
34822
76521
27447
21611
36103
9078
20331
76212
52874
66737
49278
57468
22298
46285
46695
57108
87495
38013
29254
4718
27622
72558
28484
14037
59062
68729
23368
44876
23082
72229
85136
12180
67831
2597
95965
71752
17515
784
37207
32657
85185
20429
7934
11476
8259
89623
9033
92236
72046
33033
11689
24465
99191
72890
61665
89327
59478
31924
3209
1048
67223
49010
3244
3927
94919
55487
83694
31122
40418
80621
73770
10128
25424
89624
19017
11297
38920
28925
71795
54659
28585
310
53514
80795
81078
59313
92057
6450
12416
6241
93607
96271
2234
23402
26185
2750
1715
31234
5945
29057
72984
28101
8147
25970
71646
43606
49621
91583
61879
79189
81444
80116
75804
70262
16641
49186
73848
11609
21736
28084
37140
44177
23802
26700
38247
76709
41639
92662
23268
23568
9101
95627
74817
65340
52747
88546
7776
14633
95916
32727
97352
15153
22496
7848
5873
63000
76125
97919
39618
23927
86272
45494
39417
2619
53998
66594
14650
19131
71105
1204
79824
15165
9705
14111
12399
50042
39911
72140
49140
79402
62471
66765
35657
2906
49792
55473
48656
39626
75517
58200
97242
55057
23594
83731
9921
24755
44180
13838
24565
45567
76201
7426
76024
3474
41682
20583
23698
31578
12661
22476
39480
33682
11503
53283
69165
82369
30276
84525
5296
54000
73269
35310
58724
37593
55028
10680
86151
75295
2538
49627
55174
59905
75878
85270
48758
2102
75232
15455
37973
59816
68758
47956
6150
18063
60425
65676
82295
60563
52626
70096
73958
86260
75983
99463
12807
58888
70092
66308
50350
3522
4821
25744
5623
58042
46516
54947
70684
12636
79600
26649
65907
62381
32986
35382
46080
26392
2331
82476
69864
79378
63280
87546
94719
51758
5604
39188
55922
33463
5404
33162
70734
91186
49423
34802
99612
21494
40217
95510
60742
10307
77887
89383
22494
30352
23280
74324
34328
28407
62812
12765
34703
31503
56289
76893
34452
37821
45127
77120
17322
63177
40471
58039
60710
12137
95802
48636
63217
8205
75236
85819
2705
55215
43023
83013
89597
91486
61570
72874
81868
72747
34059
59594
63551
52669
63766
30568
51787
9834
2750
68159
61863
29718
38556
73905
52272
20189
71491
34809
91826
80284
84393
4766
65419
55793
68664
27028
10142
58507
45937
2575
7983
40665
46572
2376
84376
15656
95178
91348
73542
81699
58983
14222
63466
62523
44303
54396
66779
82965
12188
2514
81549
7523
66471
55509
86207
87963
27681
45215
19759
85534
36274
92269
54932
76141
20051
28624
15239
15605
6524
52289
73807
67438
44365
26966
82066
29255
44645
63444
56328
33611
1148
51481
24166
34204
77688
44974
58943
61668
51451
68352
6832
25526
44192
84516
34267
12723
55779
86823
53807
25197
8173
9218
36284
94356
95787
98716
35476
70454
22197
196
31937
39537
2835
31371
84624
91196
83307
89394
50335
67825
13680
61669
54050
99190
43603
81734
58476
96306
39519
37840
89888
57372
88636
6698
77162
54090
44404
42727
34576
7752
92872
46852
2278
54419
91658
36558
73433
13180
2889
16362
49727
84458
38100
3738
89709
29723
14148
15424
83998
4583
65921
5669
84306
99484
85989
67566
52726
59155
52961
56394
66422
83913
79661
90848
70588
52663
64680
32930
4015
97838
70068
18946
77417
98905
98514
12827
46978
47487
69273
99163
58768
13429
21702
63588
487
16626
34497
91521
18377
92942
83456
7908
14216
65988
5122
28112
65363
89070
96542
26097
88728
83195
85299
12244
92665
24471
22731
37091
59823
34725
29155
979
68200
68955
71136
75003
76278
57881
25550
58539
43392
63534
61276
39254
57496
75242
13944
16693
28711
72981
63820
37517
42416
2714
18152
47989
89161
40033
30229
72923
96427
36745
15865
64744
11348
65211
10308
8180
52222
85078
84026
41158
50861
63294
73855
58823
5158
31786
34953
55653
79623
20387
79872
51353
35231
82012
54193
77277
90604
43377
45445
15708
49560
36325
6322
10409
31876
45807
18951
27237
23264
21181
45593
54065
83729
10877
68806
73883
76119
74556
82344
4527
73783
42959
25301
65269
38385
90727
42834
97226
71083
89140
49389
89946
55480
59919
65855
3846
17009
57518
59198
87449
64224
54519
3102
99154
71558
59564
86803
73806
6927
22581
5544
52528
2388
70712
11094
45333
18877
22858
88417
94141
58731
26488
96551
26433
9401
24314
56337
5857
54697
36554
75932
51386
14833
2560
6823
94663
2103
18873
22371
6409
56902
47327
13815
41869
84411
88526
17250
41111
47595
54901
83014
34774
9760
45075
14322
10945
13727
64819
86234
56927
15945
38728
87310
44162
4895
86617
1483
58256
72531
94004
66531
39228
76868
5141
85789
24204
69190
6871
91844
74921
68035
62827
96369
96814
95378
42395
26491
64508
98327
44102
61444
31900
31180
30833
1618
83331
35294
5163
61468
80400
2997
17161
74912
72799
58714
28993
11521
25497
77174
21988
76292
48452
94452
45088
67331
51660
30129
66294
55082
4759
82261
62643
29475
35946
77147
92384
44111
70304
56396
30580
73844
36360
53038
91971
48922
29456
65886
59057
43015
18344
16972
38322
7460
29282
78154
68192
76000
4407
1348
42320
54185
9466
8683
66161
87179
29982
2507
16450
88552
86822
87690
13871
8268
11860
32212
56188
113
96643
49381
37763
12333
23886
77922
17740
59836
75239
83463
74664
64279
46355
18914
48258
67840
14693
92936
24024
96826
41560
56753
97264
96357
1611
55767
33046
54612
775
50075
2789
23444
4755
54180
80972
70178
93306
72121
8629
69629
99961
64645
22058
81204
96347
28325
51328
25524
66014
51951
56153
27057
70055
1971
36127
32582
98405
19150
35576
13972
24486
39123
93078
35541
24482
13475
96047
36543
12206
23917
21565
25509
32671
63928
38910
70342
70409
46284
23360
9818
97496
66450
32650
71591
11086
42916
84260
30902
15066
95858
88670
25903
21622
76219
99273
66140
16073
30138
78751
94250
47776
95712
92589
76697
99085
98130
40289
59690
36394
81650
10636
67696
45912
73455
76193
63796
79245
10092
24250
89050
46895
51012
1085
73603
84641
29174
60346
75123
21770
57830
63494
65387
57026
12443
10617
28695
32214
96994
2024
43649
43812
35417
69704
63259
28307
95172
12467
25202
62430
10652
30512
47955
52818
7916
57079
89733
28514
21927
20436
59243
46670
36509
53560
80137
82059
16252
55437
23525
24773
69436
11002
61865
59189
46928
21702
48666
97608
44663
97040
97937
71581
5230
75546
80507
35479
34347
93948
45949
48797
90053
75384
78476
8116
24887
11256
45673
97110
76480
61336
23550
20567
54871
78581
88662
66856
21047
95849
97677
15898
24714
27003
19994
1980
7813
61758
56112
66619
79228
60992
31979
55179
74664
23479
55757
80992
84282
92558
66757
14777
27597
23852
85967
96459
86818
56899
85803
65109
79899
3078
71117
76670
5454
53497
70866
26921
81759
38759
72589
91812
59525
38972
61458
89700
18569
91332
52640
915
96701
7265
36124
98285
78217
11434
38804
77468
43639
94605
60146
21151
73728
45481
94637
13066
95830
35547
69263
92588
98641
48957
95572
78711
25278
90240
34304
53735
44651
6749
38840
46756
10333
37629
53623
35823
26891
53730
69846
81183
67526
11055
52206
74204
90983
21130
61342
35653
101
22266
64964
1480
88770
44328
96851
66595
44470
13654
69692
5374
10332
596
3062
9795
6189
72702
72059
74481
33029
99662
90611
59973
57985
21310
14591
99080
47168
937
83315
36043
34743
85489
75946
24180
2990
12403
28776
73926
46622
72996
40611
86356
62785
19907
44306
58797
29350
56867
27389
95707
66376
51311
59489
20524
61406
76834
35257
63468
20575
73412
19815
63294
33104
68588
68069
4127
25418
50336
13206
30727
75629
41181
19122
57407
58276
96185
990
29951
34939
84663
83011
33010
89834
12876
78993
74757
31110
7146
69137
6932
92678
99640
44636
68805
86941
82818
76097
3527
43401
36671
52948
12862
59615
14953
72932
47008
65440
50486
88248
18174
13384
86789
61663
49106
22823
82727
17877
98896
76749
52740
87987
39127
17101
33590
5825
14431
16144
55144
39158
11371
95458
67904
6673
94724
5578
4224
26703
57563
3837
8912
42173
64655
26540
30792
96592
43406
40329
29820
66861
29395
24041
97304
44269
6683
97905
74290
76295
60629
53642
67312
58386
60032
37759
27172
65168
70208
72777
67124
70791
61065
26467
34853
41576
71282
15165
2094
79660
87090
92887
36755
3518
80364
58496
26535
57968
69986
40943
47067
40104
37060
13203
27509
3926
51369
18513
98189
99567
56383
58442
53890
66391
78037
29842
97252
16293
75113
2773
2565
89327
84471
4227
28998
68820
41261
86123
12475
53089
72034
18159
26375
65792
60157
78330
523
62734
19928
22662
93225
71695
76714
27735
34184
26921
39518
44486
74286
37263
25329
11017
7241
37599
523
1737
99050
60582
73161
57722
12381
95929
64879
65773
8629
1113
95871
60129
6266
14388
18806
58020
6366
92756
22905
56592
52275
75993
23635
69206
42324
10637
95227
47551
67259
57853
22259
88562
6003
59793
46741
89459
60105
5753
52970
44394
46298
26773
47672
31663
55465
42190
99361
74967
86738
1329
95862
67559
23460
74179
54115
34575
56898
60211
84713
91622
72809
48171
57164
41958
64838
2921
55280
4653
77986
81618
43139
91974
29396
16479
10493
8042
74397
39724
63260
68427
23578
33187
55697
20903
99514
76824
63040
8734
79791
42616
35522
94643
28647
71795
66677
56417
32169
76367
86337
54500
81915
53347
53150
54265
32580
45473
30115
45251
88314
66420
26492
40574
62993
23953
93970
45002
41264
9798
99877
7078
70797
91860
26823
51226
37623
6381
67302
18201
10237
73987
48497
16249
9125
41302
7813
22565
72460
11872
83149
96841
70498
44007
18998
63590
31438
3334
46058
84665
80953
93669
16475
31077
63062
10478
35888
46314
34287
14010
79545
68774
97362
5618
65334
35273
75890
13956
38003
18330
66550
20322
62565
35170
83211
38462
48366
5331
78190
93652
47219
62301
78417
93727
30835
73937
53226
72689
62163
65429
68521
14685
99281
82584
61875
49341
4060
14947
36812
67529
71203
11180
10466
21122
99378
74396
34758
10568
41133
32668
76684
24756
60089
78607
50727
41307
58202
73200
88706
28417
28533
19318
72533
44250
26839
19934
34941
22076
53406
56358
97199
42239
8293
86509
6612
42224
6088
22719
1070
56110
31640
57032
62090
91533
65642
38591
62052
36466
64939
96298
3599
96940
31844
91373
46891
81988
78224
70817
87685
88173
83340
66153
78075
73129
22644
70799
42892
38719
29334
79673
27001
55312
88970
91948
87394
67857
14061
72056
93351
73151
49342
84107
89112
16039
73724
93338
95492
58219
14174
36645
73735
60066
4776
74448
61618
56766
73047
65703
73716
82557
87789
85648
36957
87255
11378
906
74506
87991
87356
84606
35654
33359
21882
816
39611
70972
82320
18482
79082
18209
26819
56215
60128
73374
89730
66991
13798
49521
38129
93647
7990
29189
82605
85436
603
19788
22993
55185
58693
85025
45775
19939
12729
67924
20091
80645
62815
53240
41067
87724
42625
56247
3517
5762
62496
26801
21679
20060
97360
73558
15211
84620
64717
69909
73796
33201
35560
78925
75794
65311
99595
79644
25420
44407
85810
1212
81089
46572
59747
42470
78713
4074
51829
84138
29321
91579
53601
16514
16943
78837
93231
6810
83984
42996
99219
24030
44063
63453
34168
50434
65002
67399
89694
92844
44972
11636
44157
4429
49947
22636
85267
59617
30182
63996
60715
22383
58161
57453
93364
55428
98781
50913
96629
6084
56906
94682
2785
56028
20344
82979
580
6817
1059
64496
75408
1818
52466
58399
87541
2049
79925
19286
87124
51489
8263
23244
45572
29429
59858
14848
62634
46007
36006
64940
65744
82937
35063
28098
52036
45315
79818
74212
78446
34794
64547
16898
30623
89205
83429
47625
72039
62882
61979
60226
77904
1868
81304
40244
98483
55056
49188
36689
62414
44244
57514
97788
27484
56238
6576
34059
19241
17027
5620
47933
1344
72813
51834
18096
89151
39849
53455
47059
83229
76505
51994
67034
55056
23670
53843
6424
98766
81859
19838
52866
16485
64109
54964
23922
77747
87470
83533
6264
8084
27252
6578
89236
66904
46673
69804
12596
98070
7515
22533
78369
35166
99858
87709
66625
61104
36030
42594
79593
59787
2708
84293
92514
16640
27368
50353
65847
44220
34359
41234
40543
4850
10142
99846
50924
25504
8089
46886
61869
83215
45887
54824
79910
5944
5777
17945
25023
18626
21194
17017
59880
23920
27701
11895
38875
77370
77912
95958
35047
72338
43119
69346
83444
37528
80832
81384
2630
73899
78727
15071
31693
10615
11288
11177
18179
92291
25463
25843
74456
55782
24465
53657
77086
42004
2989
16302
45014
66111
92630
72187
68521
84170
22704
15247
81721
5023
93705
58210
42620
86910
70268
22849
35453
63196
86772
89224
29240
29850
43030
54296
50771
95886
92878
67832
28444
13040
93640
3075
89806
3436
37746
63675
91907
18932
31825
21390
40973
64176
51346
13062
56025
94401
9803
48136
27406
23533
26690
19651
13817
25317
94000
92445
16211
6328
44431
71855
85228
2407
52541
68390
83833
71966
5259
84873
83134
41820
27392
87003
72615
55089
9989
50270
82152
40127
22306
68724
77010
72307
12881
92160
26468
77322
26492
46790
94540
50445
49775
52625
38258
59173
61332
96734
5610
33354
69785
1896
38678
48004
14415
98423
81163
18997
18649
93722
6700
30815
46950
24216
18641
88828
64196
56773
37299
93455
42886
93854
34351
66292
70227
25270
48023
97053
58518
14252
99950
94199
8574
31369
88992
86420
85770
70006
73893
92159
38452
13396
43986
92562
7196
26406
28758
5411
26017
31791
10897
14888
7838
32450
99564
53099
91726
14513
52673
54780
3177
30705
55870
80380
71906
50938
88306
96921
66605
59513
89797
44066
50932
19627
8283
96085
4839
18759
30353
98812
56912
37246
25782
36519
15796
2534
73931
33405
19357
55841
81908
60255
71351
95089
37880
47586
6055
22033
13745
81800
65441
89943
32724
16727
34867
28684
44253
34358
81921
69908
28377
84381
70187
71994
91707
71095
51131
64572
35371
81288
75681
84077
75624
65269
98233
39923
90898
96608
82929
94049
75225
38493
67043
51311
13950
28831
82595
4112
84314
93803
30263
47257
19946
20665
14752
97416
72304
74511
96087
72919
41361
36601
12244
99319
92010
43067
42891
51957
68475
32297
7170
70064
70551
9908
24379
70080
35282
67927
58589
99453
14369
70577
35174
82944
59421
13610
70179
5471
7333
60750
50651
17441
20194
47625
28648
87776
76477
31204
74664
79817
78235
18671
29766
27272
41720
35490
53631
74166
4185
64100
80786
3401
5448
18556
11958
13465
8273
20885
99496
23693
17250
21845
21349
38708
32967
85582
43623
43202
19719
71185
16431
7511
39047
15242
38124
38293
56372
32093
3348
43999
75092
79633
34062
97319
72456
65653
77817
42747
10150
27480
6082
76942
99269
60279
79284
79261
87598
24476
24831
27060
26688
20196
60389
18700
97817
76690
12236
56126
307
36244
62293
94729
81294
97969
19661
18132
26596
77368
5069
70816
46321
45468
20598
88958
87616
30053
96749
39144
93558
95606
85831
18619
57849
49421
52403
90473
69270
80375
94916
747
44367
88677
46495
81187
53135
68075
18410
86315
78364
74968
13429
33260
90038
41110
10116
80671
66609
33801
50261
77036
36862
78406
22014
23163
95670
81310
38467
27615
77721
19097
59666
25477
12736
84207
65512
7846
11967
22156
7364
45733
44429
24703
9845
25892
39262
52683
30508
87684
88665
78136
14401
70512
86647
15441
60853
64175
7650
12599
76447
29179
67347
19650
69566
72250
70917
56358
35481
21331
5195
34924
87893
11771
10286
78073
33659
19554
78727
69304
10415
66374
10769
45961
5004
71285
78553
12424
14584
39654
82486
13363
32590
73378
34178
92463
62361
62328
51447
42023
12580
95424
97764
48803
38259
24843
30645
31259
60205
49898
77678
68065
88627
56613
45955
10781
34271
59496
32242
41062
6451
1853
88981
86623
47480
92091
60056
56975
72555
6320
97968
23222
5643
70889
71122
4283
73824
850
33209
43718
29719
35803
98269
78656
89149
66018
19155
22385
15088
36809
80866
36151
63555
83607
36538
76012
67591
52040
34580
50265
9531
91357
62867
9041
21990
64707
4870
14853
54977
53268
33868
5821
37997
43451
95173
45136
35049
55377
37586
89849
97485
4477
32315
85732
97476
52478
3611
12231
79866
4032
98244
63739
6476
49646
95766
42116
7349
59768
50008
19782
65205
70182
73929
54618
27034
74532
64444
76040
87025
36015
43838
30760
67192
77726
38439
73874
84999
90965
93054
13168
72165
49415
68051
57604
64265
62391
760
95846
10626
84892
4731
85453
54640
1930
60760
69158
57509
67786
19230
78957
18963
93925
11616
51631
40592
26071
82869
7791
40593
26965
21563
66501
39939
19482
15931
67286
8139
42646
65484
33175
19534
44064
19348
13432
65050
24357
13599
60395
92449
16568
82107
34603
22974
20728
91490
4317
98055
59289
65230
63863
32194
18822
40616
22450
44447
90964
37100
32896
94734
43558
34799
81228
11534
87784
87534
16088
29626
86214
88602
85485
41536
68090
66801
32103
26401
61830
98313
55921
14635
85116
63430
37950
88778
25178
9363
55118
24086
67918
92262
33679
34091
34337
48415
43359
45009
70976
60332
41060
18106
38720
80827
7643
38464
3039
1568
14616
7303
25548
39623
25655
97474
91975
75001
49651
25170
98515
11227
17057
31224
71161
77694
43746
22799
38042
89072
50166
87164
73376
33282
32293
49085
62493
24076
78739
1821
33066
50961
59179
15755
60585
66881
29915
17017
99921
96203
48963
41552
70267
70354
77421
83825
23517
11127
5204
25454
26072
25855
91973
50607
7626
37917
17138
75742
52631
63449
4084
34210
29544
24237
2456
91802
45812
69825
33511
52370
94327
63501
62434
54463
88022
18429
27107
96105
95044
30882
33008
12788
26336
44248
78532
34297
50014
34382
46813
19057
24320
57018
30338
91713
66354
91035
23554
4691
33650
83222
20678
74692
21348
6610
93861
89903
56706
85201
77049
57283
9502
43998
19937
83751
56989
27323
29258
43875
35489
3897
50020
44796
90597
10149
8466
64502
60843
19648
42532
77706
75786
74914
69258
52037
58668
37233
11512
51278
78236
78921
36039
25726
18209
47112
64579
19970
76749
55730
9093
85614
6915
66933
73059
51767
77863
18350
20344
291
75009
53340
50580
87855
17968
88662
10259
8582
89370
94967
10376
38411
77770
65436
21608
88206
60619
29081
25258
32455
64526
68176
7274
25643
49658
49506
95064
33533
99127
88688
47611
84616
97714
59741
8038
94160
50550
80740
73809
8933
74878
65471
5856
30806
82986
61352
11966
45736
59156
57025
75103
93261
39323
26896
5806
60993
89121
87147
67750
89860
71342
55043
18168
67976
94161
52822
8464
28905
22320
32825
73442
5866
59535
2472
72806
80101
34139
87478
15537
66845
99058
74502
39826
39141
93609
98923
63409
61624
62511
84769
40279
89874
74179
81854
14483
2837
3446
18259
2897
90963
2659
31180
74153
39117
28588
72120
50993
5765
57037
36155
42145
11398
25992
74786
51269
42538
74114
41856
66239
55866
41072
71747
8208
60227
95038
95301
28087
59614
24303
80176
39396
12488
68070
48025
37172
95451
32640
99344
54943
27201
77682
54356
29933
33603
36556
59888
85786
4064
61913
83506
43259
23736
59127
84963
65311
34905
59731
54609
22064
70211
19262
36533
21725
7299
68295
33197
81637
13634
49242
49303
31906
84905
76962
32180
58480
47263
36327
70904
6588
72695
6032
88359
54033
55041
6368
81991
39880
93039
59139
13931
17751
62373
5480
87853
87499
84369
49603
28021
14930
31288
70400
39748
32275
55900
63746
18884
34101
26143
55444
91705
75319
38019
8621
92174
8341
56408
32917
27514
21011
7408
20434
2252
68209
11884
41924
19461
65194
51200
74345
42509
99259
35183
29272
99089
36975
49166
51702
52751
43335
79398
96822
85840
78772
72412
91052
40115
95045
81792
92611
19523
11528
3900
68831
10380
48598
92373
42442
87722
25610
33861
19771
94252
46840
45787
76585
50963
11035
66744
84057
64681
97657
32675
36888
50958
87029
43091
43882
16656
31684
41705
57433
56083
42731
92992
13936
97169
85402
91604
56771
14458
33056
78972
15773
80703
8149
3775
3255
33536
84349
80684
56205
73693
57307
86337
61279
29178
41507
77607
85675
71767
23761
67490
11505
72399
24929
51630
2393
81415
24376
49099
26966
91271
59298
31299
91856
44400
93510
8901
79653
92562
9688
14271
30112
76275
77986
76625
27596
51542
99632
26555
25509
81824
41399
28292
64402
88576
96411
92456
90286
7368
44260
54381
26385
14590
68845
50919
23673
4725
89960
20649
98296
50690
23233
93667
17563
8334
29959
5998
56993
87136
16487
72784
22914
41188
40271
60830
91889
36908
11920
14784
77859
90181
2865
48694
85643
26626
88082
16312
13318
42795
38369
49561
51067
55523
81245
49148
77119
46281
87876
96971
92522
20236
18018
9799
76818
2791
39244
79108
83246
4492
86767
76253
90188
74297
49145
38599
61764
76937
40195
12204
30039
53129
15447
55505
89001
82897
77582
83250
3450
91135
14719
17850
98443
47736
33681
82714
36694
81266
22311
8554
87200
56034
34050
30862
12972
53208
73270
84886
62339
12241
49106
40898
72362
34571
74127
23503
37161
94511
731
15893
98273
19272
28714
71767
64542
18290
69742
11614
20082
40739
15299
36297
97781
50089
11300
49426
43856
16436
56236
62942
63575
24519
77078
38276
23834
39316
24879
83186
70285
18997
75290
9339
87163
47922
37710
99251
41310
59491
9954
47937
50431
10849
65973
68542
54782
53537
97509
53690
68356
12835
23288
20037
12357
47088
42799
94471
54319
6992
47545
1294
70825
7782
30670
44132
85234
28527
22802
73034
48423
89377
66434
80770
89283
59701
90399
58587
83442
90643
96416
724
7289
23760
48905
42458
165
68508
80591
94625
68787
9726
61906
77531
70643
83145
56453
3570
23775
39208
32618
61496
49644
94585
73426
48032
31220
38804
91844
11004
18542
55770
94546
76048
59078
94672
98003
77947
42940
97370
14691
87788
90029
93138
52302
28449
68675
98096
55665
85434
93063
82136
28596
60722
49079
29303
48616
79056
87895
12321
26669
67494
94294
77556
6327
96227
22935
17492
78558
10332
40888
60358
64656
95880
64761
68255
50487
30591
64829
65160
33567
49197
93553
50602
94224
29350
67225
59645
40235
19175
77912
17719
60993
1374
103
48427
37203
89554
19756
50234
57697
33964
27732
88026
86159
84530
47405
46967
91523
34199
10053
14980
57933
59704
13704
54190
70135
13685
27559
73493
75541
76549
3326
7176
68188
96139
96951
43398
91336
6393
54877
24548
11207
84966
60481
21260
15926
90579
76352
31394
99626
62789
44101
48860
76660
53577
32992
93725
1739
34097
45009
40055
31406
10798
47961
22958
24320
25742
19292
47713
20079
8430
97874
88248
81093
95304
99894
98329
2439
38110
8197
82355
37148
35965
30852
18986
98715
58276
86692
44381
29945
16373
81780
44699
92676
81272
73879
45203
96419
11646
76032
79765
96527
35774
21720
70832
53240
2219
31090
98037
86383
12270
56245
85298
70097
7685
49344
23063
37553
13008
38007
70227
38079
8765
51338
45070
60004
43232
24875
89684
39651
10588
46341
9346
65835
33964
66135
67246
14422
79879
10534
83112
51655
53209
36176
14570
5679
37483
41378
57951
76596
61408
95395
19210
12044
46778
52007
89682
3091
42921
75211
32845
53845
71674
88326
29427
52039
50794
40165
74176
80841
78377
44165
27241
62642
8982
25600
26962
95162
56860
76401
42660
96355
36436
53597
2347
15707
70477
73972
31988
52638
90953
18591
90045
55782
25772
20049
21162
97437
12598
67681
12191
98991
3811
56909
55041
12678
32008
86141
47170
59113
97610
12554
83266
9022
73025
47995
72714
97776
62155
92712
22417
83483
69709
89330
59358
3864
98765
17814
809
33609
31107
633
3633
67129
64375
38110
5502
86923
78791
66899
52105
76238
48350
67528
97191
36454
53624
48549
86991
12850
56068
44952
25129
41021
27839
54056
46402
57836
79851
81587
96948
59488
34688
61253
41702
89819
64384
76784
82267
572
90720
37692
65268
45990
18200
82054
25312
93282
95202
29817
96342
28712
14948
23960
3262
38343
32526
4337
4578
6236
53702
27871
30385
60144
45606
60288
35465
90653
10741
35442
67117
47956
68878
7326
96975
33745
61477
25376
75703
11337
36806
43035
19445
63002
7533
23758
41387
14446
10364
18377
30080
61118
40414
39667
82380
95653
1770
70786
67668
84667
39046
77192
11265
52123
24383
85360
42266
76395
58237
53023
6892
86201
23082
20240
57080
81513
4089
54705
4668
65403
64149
6978
70010
13892
51453
88807
52743
41087
20500
4265
21660
58111
56279
41656
32195
34068
83192
13563
52501
67812
39659
12410
47163
22821
10975
85346
68707
75993
89577
49816
20962
75911
81517
59102
14230
30770
75955
11986
3232
40859
55142
54251
73792
40576
8838
66615
15232
75819
97589
833
61335
93524
50633
29627
87586
71922
40805
13441
97290
23270
16293
13366
2823
80856
86280
32996
88921
68372
63748
23245
31139
95436
93991
16164
72442
42875
96276
4518
64326
4497
34913
551
7085
92561
7571
61525
75102
37383
29237
41017
40586
94860
81101
45933
42309
81356
48242
83977
91455
67093
83946
93742
2014
68380
74202
98245
92627
51328
73316
26311
63976
39628
51491
95595
88140
72801
2572
71153
31668
80049
10220
9948
37273
90823
87101
9809
58
66294
4503
9130
16484
3404
22412
27581
68903
82082
81908
39617
84176
83347
27411
53746
2441
96358
8157
39122
79394
94830
36553
33521
60605
4210
74540
40398
65018
26155
71736
56885
24803
41216
64626
34100
41122
95898
92228
99309
35800
66902
4384
76402
20122
82906
94882
86778
79727
42847
50719
10580
8122
91817
88842
90104
89028
82490
47310
12972
20149
49627
95194
56364
65576
92568
68980
27158
30965
59291
32292
77523
61226
42177
69804
3759
70803
88142
48086
86278
85441
59183
56168
11582
48658
67219
73015
43476
3501
34689
7297
61626
72734
46401
22337
86985
98291
75858
35327
42348
58621
42771
31502
65848
79333
57343
56964
55823
62985
46313
9606
91784
13360
9539
32142
76795
35527
41810
96871
69201
51626
36623
56535
65278
15741
83831
88692
92729
91749
84015
18031
89473
57670
69070
54443
40380
5048
22727
1787
36724
60499
48250
44756
21585
87108
27131
76271
25751
11716
54903
95431
46817
53612
7456
64739
6875
76647
91605
75877
99683
16984
19623
79637
12616
25752
32403
47960
31191
36116
95283
99456
40198
7646
93175
20898
12265
18335
6906
83133
79211
88040
55002
44157
76594
22778
19310
67030
98560
53819
50950
52331
77124
45079
62925
92299
34462
51564
24149
36180
98108
74583
1456
51276
1028
64616
74261
96897
28959
12128
39787
91340
97787
97870
13473
92926
64122
36123
23610
10383
57385
61728
95370
64696
14866
94115
18759
45591
14266
59201
50556
41265
91126
26997
47354
40670
31056
19083
5359
25283
7664
23432
18614
96993
20340
16982
89136
72084
86280
14459
37610
51478
68505
93289
95371
482
97241
31695
92033
22801
27361
55688
90334
86232
51418
51826
38005
75064
67814
48184
24362
19922
5712
44739
37643
43868
41260
87622
22393
94666
64039
44513
65766
55044
49592
17268
23662
28463
22975
56293
74554
70083
10421
91582
65741
56262
46392
53737
79844
50230
17611
52616
58754
27271
50841
68295
25421
47378
14546
90466
79691
4306
53316
70798
56755
85064
40492
4646
97814
86099
14937
37658
22642
64561
97506
96237
22013
28627
2507
75247
226
50861
37817
7513
62406
78489
81311
3971
75335
62622
2558
92338
83880
93920
31633
2267
51934
72200
